Revision | filePath | changeType | StartLine | EndLine | Nlines | cloneId | classId | Similarity
708 | Revision_708/lisp.c | U | 91 | 97 | 7 | 238106 | 1 | 83
708 | Revision_708/lisp.c | U | 112 | 118 | 7 | 238107 | 1 | 83
708 | Revision_708/lisp.c | U | 127 | 137 | 9 | 238108 | 2 | 70
708 | Revision_708/c.c | U | 2921 | 2930 | 9 | 238109 | 2 | 70
708 | Revision_708/vhdl.c | U | 824 | 833 | 9 | 238110 | 2 | 70
708 | Revision_708/c.c | U | 2867 | 2876 | 9 | 238111 | 2 | 70
708 | Revision_708/basic.c | U | 193 | 201 | 9 | 238112 | 2 | 70
708 | Revision_708/eiffel.c | U | 1253 | 1262 | 9 | 238113 | 2 | 70
708 | Revision_708/asp.c | U | 201 | 209 | 9 | 238114 | 2 | 70
708 | Revision_708/scheme.c | U | 99 | 109 | 9 | 238115 | 2 | 70
708 | Revision_708/vim.c | U | 626 | 634 | 9 | 238116 | 2 | 70
708 | Revision_708/c.c | U | 2897 | 2906 | 9 | 238117 | 2 | 70
708 | Revision_708/c.c | U | 2879 | 2894 | 9 | 238118 | 2 | 70
708 | Revision_708/perl.c | U | 372 | 380 | 9 | 238119 | 2 | 70
708 | Revision_708/verilog.c | U | 329 | 338 | 9 | 238120 | 2 | 70
708 | Revision_708/tcl.c | U | 106 | 114 | 9 | 238121 | 2 | 70
708 | Revision_708/python.c | U | 648 | 656 | 9 | 238122 | 2 | 70
708 | Revision_708/php.c | U | 91 | 98 | 9 | 238123 | 2 | 70
708 | Revision_708/lua.c | U | 123 | 131 | 9 | 238124 | 2 | 70
708 | Revision_708/ruby.c | U | 398 | 406 | 9 | 238125 | 2 | 70
708 | Revision_708/sml.c | U | 202 | 210 | 9 | 238126 | 2 | 70
708 | Revision_708/cobol.c | U | 40 | 48 | 9 | 238127 | 2 | 70
708 | Revision_708/fortran.c | U | 2180 | 2195 | 9 | 238128 | 2 | 70
708 | Revision_708/erlang.c | U | 179 | 187 | 9 | 238129 | 2 | 70
708 | Revision_708/awk.c | U | 71 | 79 | 9 | 238130 | 2 | 70
708 | Revision_708/beta.c | U | 311 | 319 | 9 | 238131 | 2 | 70
708 | Revision_708/sql.c | U | 2101 | 2110 | 9 | 238132 | 2 | 70
708 | Revision_708/pascal.c | U | 257 | 265 | 9 | 238133 | 2 | 70
708 | Revision_708/c.c | U | 2909 | 2918 | 9 | 238134 | 2 | 70
708 | Revision_708/sh.c | U | 103 | 113 | 9 | 238135 | 2 | 70
708 | Revision_708/asm.c | U | 366 | 385 | 9 | 238136 | 2 | 70
708 | Revision_708/make.c | U | 205 | 215 | 9 | 238137 | 2 | 70
708 | Revision_708/flex.c | U | 2230 | 2243 | 9 | 238138 | 2 | 70
708 | Revision_708/tex.c | U | 510 | 523 | 9 | 238139 | 2 | 70
708 | Revision_708/jscript.c | U | 1558 | 1571 | 9 | 238140 | 2 | 70
708 | Revision_708/html.c | U | 40 | 47 | 9 | 238141 | 2 | 70
708 | Revision_708/dosbatch.c | U | 33 | 40 | 9 | 238142 | 2 | 70
708 | Revision_708/ant.c | U | 33 | 40 | 9 | 238143 | 2 | 70
708 | Revision_708/matlab.c | U | 35 | 42 | 9 | 238144 | 2 | 70
708 | Revision_708/slang.c | U | 34 | 41 | 9 | 238145 | 2 | 70
708 | Revision_708/yacc.c | U | 31 | 38 | 9 | 238146 | 2 | 70
708 | Revision_708/rexx.c | U | 30 | 37 | 9 | 238147 | 2 | 70
708 | Revision_708/keyword.c | U | 107 | 116 | 9 | 238148 | 2 | 70
708 | Revision_708/c.c | U | 2251 | 2256 | 9 | 238149 | 2 | 70
708 | Revision_708/fortran.c | U | 414 | 426 | 9 | 238150 | 2 | 70
708 | Revision_708/options.c | U | 533 | 538 | 9 | 238151 | 2 | 70
708 | Revision_708/options.c | U | 626 | 632 | 9 | 238152 | 2 | 70
708 | Revision_708/vhdl.c | U | 342 | 351 | 9 | 238153 | 2 | 70
708 | Revision_708/tex.c | U | 169 | 180 | 9 | 238154 | 2 | 70
708 | Revision_708/flex.c | U | 221 | 235 | 9 | 238155 | 2 | 70
708 | Revision_708/eiffel.c | U | 618 | 630 | 9 | 238156 | 2 | 70
708 | Revision_708/jscript.c | U | 192 | 205 | 9 | 238157 | 2 | 70
708 | Revision_708/sql.c | U | 404 | 416 | 9 | 238158 | 2 | 70
708 | Revision_708/c.c | U | 2280 | 2288 | 9 | 238159 | 2 | 70
708 | Revision_708/asp.c | U | 71 | 90 | 15 | 238160 | 3 | 100
708 | Revision_708/asp.c | U | 94 | 113 | 15 | 238161 | 3 | 100
708 | Revision_708/asp.c | U | 117 | 133 | 14 | 238162 | 4 | 100
708 | Revision_708/asp.c | U | 175 | 190 | 14 | 238163 | 4 | 100
708 | Revision_708/asp.c | U | 156 | 171 | 14 | 238164 | 4 | 100
708 | Revision_708/asp.c | U | 137 | 152 | 14 | 238165 | 4 | 100
708 | Revision_708/args.c | U | 85 | 92 | 8 | 238166 | 5 | 100
708 | Revision_708/args.c | U | 160 | 167 | 8 | 238167 | 5 | 100
708 | Revision_708/args.c | U | 182 | 190 | 9 | 238168 | 6 | 75
708 | Revision_708/args.c | U | 203 | 211 | 9 | 238169 | 6 | 75
708 | Revision_708/args.c | U | 193 | 200 | 9 | 238170 | 6 | 75
708 | Revision_708/args.c | U | 266 | 272 | 7 | 238171 | 7 | 83
708 | Revision_708/options.c | U | 579 | 584 | 7 | 238172 | 7 | 83
708 | Revision_708/c.c | U | 536 | 542 | 5 | 238173 | 8 | 71
708 | Revision_708/vstring.c | U | 67 | 74 | 5 | 238174 | 8 | 71
708 | Revision_708/fortran.c | U | 888 | 892 | 5 | 238175 | 8 | 71
708 | Revision_708/tex.c | U | 183 | 187 | 5 | 238176 | 8 | 71
708 | Revision_708/jscript.c | U | 208 | 212 | 5 | 238177 | 8 | 71
708 | Revision_708/flex.c | U | 238 | 242 | 5 | 238178 | 8 | 71
708 | Revision_708/vhdl.c | U | 354 | 361 | 5 | 238179 | 8 | 71
708 | Revision_708/sql.c | U | 419 | 423 | 5 | 238180 | 8 | 71
708 | Revision_708/vhdl.c | U | 620 | 624 | 5 | 238181 | 8 | 71
708 | Revision_708/vhdl.c | U | 356 | 360 | 5 | 238182 | 8 | 71
708 | Revision_708/vhdl.c | U | 611 | 615 | 5 | 238183 | 8 | 71
708 | Revision_708/vstring.c | U | 69 | 73 | 5 | 238184 | 8 | 71
708 | Revision_708/jscript.c | U | 1007 | 1016 | 5 | 238185 | 8 | 71
708 | Revision_708/flex.c | U | 1283 | 1292 | 5 | 238186 | 8 | 71
708 | Revision_708/fortran.c | U | 1060 | 1064 | 5 | 238187 | 8 | 71
708 | Revision_708/eiffel.c | U | 633 | 639 | 5 | 238188 | 8 | 71
708 | Revision_708/fortran.c | U | 440 | 445 | 5 | 238189 | 8 | 71
708 | Revision_708/fortran.c | U | 438 | 446 | 5 | 238190 | 8 | 71
708 | Revision_708/options.c | U | 674 | 678 | 5 | 238191 | 8 | 71
708 | Revision_708/c.c | U | 2218 | 2222 | 5 | 238192 | 8 | 71
708 | Revision_708/vhdl.c | U | 730 | 735 | 5 | 238193 | 8 | 71
708 | Revision_708/vhdl.c | U | 749 | 754 | 5 | 238194 | 8 | 71
708 | Revision_708/sql.c | U | 1672 | 1676 | 5 | 238195 | 8 | 71
708 | Revision_708/sql.c | U | 1933 | 1937 | 5 | 238196 | 8 | 71
708 | Revision_708/jscript.c | U | 994 | 1004 | 5 | 238197 | 8 | 71
708 | Revision_708/flex.c | U | 1270 | 1280 | 5 | 238198 | 8 | 71
708 | Revision_708/options.c | U | 1221 | 1225 | 5 | 238199 | 8 | 71
708 | Revision_708/strlist.c | U | 150 | 154 | 5 | 238200 | 8 | 71
708 | Revision_708/sql.c | U | 569 | 573 | 5 | 238201 | 8 | 71
708 | Revision_708/vhdl.c | U | 457 | 461 | 5 | 238202 | 8 | 71
708 | Revision_708/eiffel.c | U | 687 | 691 | 5 | 238203 | 8 | 71
708 | Revision_708/c.c | U | 2491 | 2498 | 5 | 238204 | 8 | 71
708 | Revision_708/sql.c | U | 893 | 902 | 5 | 238205 | 8 | 71
708 | Revision_708/jscript.c | U | 909 | 918 | 5 | 238206 | 8 | 71
708 | Revision_708/eiffel.c | U | 425 | 430 | 5 | 238207 | 8 | 71
708 | Revision_708/fortran.c | U | 813 | 818 | 5 | 238208 | 8 | 71
708 | Revision_708/options.c | U | 352 | 357 | 5 | 238209 | 8 | 71
708 | Revision_708/fortran.c | U | 990 | 994 | 5 | 238210 | 8 | 71
708 | Revision_708/routines.c | U | 453 | 459 | 5 | 238211 | 8 | 71
708 | Revision_708/sql.c | U | 905 | 915 | 5 | 238212 | 8 | 71
708 | Revision_708/jscript.c | U | 891 | 907 | 5 | 238213 | 8 | 71
708 | Revision_708/jscript.c | U | 920 | 925 | 5 | 238214 | 8 | 71
708 | Revision_708/eiffel.c | U | 417 | 423 | 5 | 238215 | 8 | 71
708 | Revision_708/fortran.c | U | 805 | 811 | 5 | 238216 | 8 | 71
708 | Revision_708/sql.c | U | 1683 | 1692 | 5 | 238217 | 8 | 71
708 | Revision_708/c.c | U | 545 | 552 | 6 | 238218 | 9 | 80
708 | Revision_708/c.c | U | 555 | 562 | 6 | 238219 | 9 | 80
708 | Revision_708/c.c | U | 664 | 680 | 18 | 238220 | 10 | 70
708 | Revision_708/c.c | U | 683 | 699 | 18 | 238221 | 10 | 70
708 | Revision_708/c.c | U | 1168 | 1186 | 18 | 238222 | 10 | 70
708 | Revision_708/fortran.c | U | 1854 | 1870 | 18 | 238223 | 10 | 70
708 | Revision_708/c.c | U | 1245 | 1259 | 18 | 238224 | 10 | 70
708 | Revision_708/fortran.c | U | 1118 | 1133 | 18 | 238225 | 10 | 70
708 | Revision_708/fortran.c | U | 1095 | 1115 | 18 | 238226 | 10 | 70
708 | Revision_708/eiffel.c | U | 1145 | 1164 | 18 | 238227 | 10 | 70
708 | Revision_708/c.c | U | 686 | 697 | 18 | 238228 | 10 | 70
708 | Revision_708/fortran.c | U | 1098 | 1113 | 18 | 238229 | 10 | 70
708 | Revision_708/c.c | U | 1171 | 1184 | 18 | 238230 | 10 | 70
708 | Revision_708/Test/local.c | U | 9 | 22 | 18 | 238231 | 10 | 70
708 | Revision_708/fortran.c | U | 1771 | 1799 | 18 | 238232 | 10 | 70
708 | Revision_708/flex.c | U | 1904 | 1927 | 18 | 238233 | 10 | 70
708 | Revision_708/jscript.c | U | 1473 | 1496 | 18 | 238234 | 10 | 70
708 | Revision_708/fortran.c | U | 1857 | 1868 | 18 | 238235 | 10 | 70
708 | Revision_708/fortran.c | U | 1571 | 1608 | 18 | 238236 | 10 | 70
708 | Revision_708/eiffel.c | U | 1142 | 1167 | 18 | 238237 | 10 | 70
708 | Revision_708/fortran.c | U | 1254 | 1275 | 18 | 238238 | 10 | 70
708 | Revision_708/get.c | U | 406 | 413 | 18 | 238239 | 10 | 70
708 | Revision_708/fortran.c | U | 1251 | 1276 | 18 | 238240 | 10 | 70
708 | Revision_708/eiffel.c | U | 1221 | 1226 | 18 | 238241 | 10 | 70
708 | Revision_708/eiffel.c | U | 941 | 981 | 18 | 238242 | 10 | 70
708 | Revision_708/fortran.c | U | 1774 | 1797 | 18 | 238243 | 10 | 70
708 | Revision_708/eiffel.c | U | 1147 | 1163 | 18 | 238244 | 10 | 70
708 | Revision_708/c.c | U | 717 | 739 | 21 | 238245 | 11 | 70
708 | Revision_708/fortran.c | U | 1285 | 1295 | 21 | 238246 | 11 | 70
708 | Revision_708/c.c | U | 749 | 755 | 8 | 238247 | 12 | 71
708 | Revision_708/options.c | U | 472 | 479 | 8 | 238248 | 12 | 71
708 | Revision_708/c.c | U | 790 | 794 | 8 | 238249 | 13 | 70
708 | Revision_708/tex.c | U | 439 | 443 | 8 | 238250 | 13 | 70
708 | Revision_708/sql.c | U | 1118 | 1125 | 8 | 238251 | 13 | 70
708 | Revision_708/c.c | U | 2171 | 2175 | 8 | 238252 | 13 | 70
708 | Revision_708/flex.c | U | 1854 | 1858 | 8 | 238253 | 13 | 70
708 | Revision_708/jscript.c | U | 1423 | 1427 | 8 | 238254 | 13 | 70
708 | Revision_708/sql.c | U | 1034 | 1040 | 8 | 238255 | 13 | 70
708 | Revision_708/fortran.c | U | 1899 | 1903 | 8 | 238256 | 13 | 70
708 | Revision_708/sql.c | U | 1720 | 1726 | 8 | 238257 | 13 | 70
708 | Revision_708/sql.c | U | 1749 | 1755 | 8 | 238258 | 13 | 70
708 | Revision_708/readtags.c | U | 144 | 148 | 8 | 238259 | 13 | 70
708 | Revision_708/flex.c | U | 1342 | 1352 | 8 | 238260 | 13 | 70
708 | Revision_708/fortran.c | U | 1326 | 1330 | 8 | 238261 | 13 | 70
708 | Revision_708/eiffel.c | U | 1008 | 1012 | 8 | 238262 | 13 | 70
708 | Revision_708/eiffel.c | U | 1068 | 1072 | 8 | 238263 | 13 | 70
708 | Revision_708/sql.c | U | 1439 | 1444 | 8 | 238264 | 13 | 70
708 | Revision_708/c.c | U | 1790 | 1794 | 8 | 238265 | 13 | 70
708 | Revision_708/c.c | U | 1781 | 1785 | 8 | 238266 | 13 | 70
708 | Revision_708/c.c | U | 2241 | 2248 | 8 | 238267 | 13 | 70
708 | Revision_708/vstring.c | U | 35 | 40 | 8 | 238268 | 13 | 70
708 | Revision_708/fortran.c | U | 1707 | 1711 | 8 | 238269 | 13 | 70
708 | Revision_708/sql.c | U | 878 | 885 | 8 | 238270 | 13 | 70
708 | Revision_708/sql.c | U | 965 | 985 | 8 | 238271 | 13 | 70
708 | Revision_708/ruby.c | U | 214 | 218 | 8 | 238272 | 13 | 70
708 | Revision_708/jscript.c | U | 1084 | 1090 | 8 | 238273 | 13 | 70
708 | Revision_708/flex.c | U | 944 | 955 | 8 | 238274 | 13 | 70
708 | Revision_708/flex.c | U | 2016 | 2024 | 8 | 238275 | 13 | 70
708 | Revision_708/eiffel.c | U | 1086 | 1090 | 8 | 238276 | 13 | 70
708 | Revision_708/sql.c | U | 1331 | 1339 | 8 | 238277 | 13 | 70
708 | Revision_708/fortran.c | U | 1194 | 1198 | 8 | 238278 | 13 | 70
708 | Revision_708/flex.c | U | 2114 | 2120 | 8 | 238279 | 13 | 70
708 | Revision_708/sql.c | U | 1431 | 1437 | 8 | 238280 | 13 | 70
708 | Revision_708/flex.c | U | 1967 | 1973 | 8 | 238281 | 13 | 70
708 | Revision_708/vhdl.c | U | 706 | 714 | 8 | 238282 | 13 | 70
708 | Revision_708/jscript.c | U | 696 | 707 | 8 | 238283 | 13 | 70
708 | Revision_708/flex.c | U | 2142 | 2149 | 8 | 238284 | 13 | 70
708 | Revision_708/eiffel.c | U | 987 | 991 | 8 | 238285 | 13 | 70
708 | Revision_708/options.c | U | 1042 | 1046 | 8 | 238286 | 13 | 70
708 | Revision_708/readtags.c | U | 452 | 456 | 8 | 238287 | 13 | 70
708 | Revision_708/keyword.c | U | 185 | 189 | 8 | 238288 | 13 | 70
708 | Revision_708/fortran.c | U | 1535 | 1540 | 8 | 238289 | 13 | 70
708 | Revision_708/fortran.c | U | 1323 | 1331 | 8 | 238290 | 13 | 70
708 | Revision_708/c.c | U | 2785 | 2790 | 8 | 238291 | 13 | 70
708 | Revision_708/eiffel.c | U | 1050 | 1057 | 8 | 238292 | 13 | 70
708 | Revision_708/fortran.c | U | 1528 | 1533 | 8 | 238293 | 13 | 70
708 | Revision_708/sql.c | U | 845 | 859 | 8 | 238294 | 13 | 70
708 | Revision_708/sql.c | U | 768 | 780 | 8 | 238295 | 13 | 70
708 | Revision_708/flex.c | U | 2133 | 2139 | 8 | 238296 | 13 | 70
708 | Revision_708/jscript.c | U | 839 | 846 | 8 | 238297 | 13 | 70
708 | Revision_708/sql.c | U | 1500 | 1508 | 8 | 238298 | 13 | 70
708 | Revision_708/flex.c | U | 2112 | 2121 | 8 | 238299 | 13 | 70
708 | Revision_708/vim.c | U | 400 | 408 | 8 | 238300 | 13 | 70
708 | Revision_708/flex.c | U | 2186 | 2193 | 8 | 238301 | 13 | 70
708 | Revision_708/eiffel.c | U | 1123 | 1132 | 8 | 238302 | 13 | 70
708 | Revision_708/sql.c | U | 2072 | 2079 | 8 | 238303 | 13 | 70
708 | Revision_708/fortran.c | U | 1308 | 1314 | 8 | 238304 | 13 | 70
708 | Revision_708/fortran.c | U | 1367 | 1373 | 8 | 238305 | 13 | 70
708 | Revision_708/ruby.c | U | 195 | 200 | 8 | 238306 | 13 | 70
708 | Revision_708/vhdl.c | U | 635 | 640 | 8 | 238307 | 13 | 70
708 | Revision_708/sql.c | U | 1615 | 1622 | 8 | 238308 | 13 | 70
708 | Revision_708/jscript.c | U | 1324 | 1339 | 8 | 238309 | 13 | 70
708 | Revision_708/flex.c | U | 1755 | 1770 | 8 | 238310 | 13 | 70
708 | Revision_708/flex.c | U | 2103 | 2122 | 8 | 238311 | 13 | 70
708 | Revision_708/sql.c | U | 876 | 888 | 8 | 238312 | 13 | 70
708 | Revision_708/flex.c | U | 2183 | 2194 | 8 | 238313 | 13 | 70
708 | Revision_708/sql.c | U | 1511 | 1521 | 8 | 238314 | 13 | 70
708 | Revision_708/eiffel.c | U | 1120 | 1133 | 8 | 238315 | 13 | 70
708 | Revision_708/vhdl.c | U | 704 | 715 | 8 | 238316 | 13 | 70
708 | Revision_708/c.c | U | 2069 | 2075 | 8 | 238317 | 13 | 70
708 | Revision_708/get.c | U | 594 | 598 | 8 | 238318 | 13 | 70
708 | Revision_708/sql.c | U | 2070 | 2080 | 8 | 238319 | 13 | 70
708 | Revision_708/eiffel.c | U | 912 | 920 | 8 | 238320 | 13 | 70
708 | Revision_708/vhdl.c | U | 656 | 668 | 8 | 238321 | 13 | 70
708 | Revision_708/fortran.c | U | 1401 | 1409 | 8 | 238322 | 13 | 70
708 | Revision_708/sql.c | U | 1998 | 2026 | 8 | 238323 | 13 | 70
708 | Revision_708/flex.c | U | 1952 | 1977 | 8 | 238324 | 13 | 70
708 | Revision_708/sql.c | U | 843 | 860 | 8 | 238325 | 13 | 70
708 | Revision_708/flex.c | U | 895 | 921 | 8 | 238326 | 13 | 70
708 | Revision_708/flex.c | U | 2124 | 2140 | 8 | 238327 | 13 | 70
708 | Revision_708/flex.c | U | 837 | 868 | 8 | 238328 | 13 | 70
708 | Revision_708/jscript.c | U | 585 | 620 | 8 | 238329 | 13 | 70
708 | Revision_708/jscript.c | U | 567 | 581 | 8 | 238330 | 13 | 70
708 | Revision_708/flex.c | U | 1961 | 1975 | 8 | 238331 | 13 | 70
708 | Revision_708/flex.c | U | 819 | 833 | 8 | 238332 | 13 | 70
708 | Revision_708/c.c | U | 2197 | 2204 | 8 | 238333 | 13 | 70
708 | Revision_708/fortran.c | U | 1473 | 1482 | 8 | 238334 | 13 | 70
708 | Revision_708/fortran.c | U | 1434 | 1442 | 8 | 238335 | 13 | 70
708 | Revision_708/c.c | U | 1992 | 1996 | 8 | 238336 | 13 | 70
708 | Revision_708/readtags.c | U | 363 | 367 | 8 | 238337 | 13 | 70
708 | Revision_708/eiffel.c | U | 1039 | 1047 | 8 | 238338 | 13 | 70
708 | Revision_708/sql.c | U | 1249 | 1272 | 8 | 238339 | 13 | 70
708 | Revision_708/jscript.c | U | 837 | 847 | 8 | 238340 | 13 | 70
708 | Revision_708/sql.c | U | 1142 | 1165 | 8 | 238341 | 13 | 70
708 | Revision_708/sql.c | U | 1109 | 1126 | 8 | 238342 | 13 | 70
708 | Revision_708/vhdl.c | U | 617 | 625 | 8 | 238343 | 13 | 70
708 | Revision_708/jscript.c | U | 647 | 673 | 8 | 238344 | 13 | 70
708 | Revision_708/vhdl.c | U | 727 | 740 | 8 | 238345 | 13 | 70
708 | Revision_708/vhdl.c | U | 746 | 759 | 8 | 238346 | 13 | 70
708 | Revision_708/fortran.c | U | 1696 | 1705 | 8 | 238347 | 13 | 70
708 | Revision_708/jscript.c | U | 675 | 708 | 8 | 238348 | 13 | 70
708 | Revision_708/eiffel.c | U | 1117 | 1134 | 8 | 238349 | 13 | 70
708 | Revision_708/flex.c | U | 1964 | 1974 | 8 | 238350 | 13 | 70
708 | Revision_708/jscript.c | U | 986 | 1005 | 8 | 238351 | 13 | 70
708 | Revision_708/flex.c | U | 1262 | 1281 | 8 | 238352 | 13 | 70
708 | Revision_708/flex.c | U | 1193 | 1221 | 8 | 238353 | 13 | 70
708 | Revision_708/sql.c | U | 1568 | 1578 | 8 | 238354 | 13 | 70
708 | Revision_708/eiffel.c | U | 894 | 901 | 8 | 238355 | 13 | 70
708 | Revision_708/fortran.c | U | 620 | 624 | 8 | 238356 | 13 | 70
708 | Revision_708/fortran.c | U | 729 | 733 | 8 | 238357 | 13 | 70
708 | Revision_708/fortran.c | U | 1067 | 1073 | 8 | 238358 | 13 | 70
708 | Revision_708/fortran.c | U | 1741 | 1747 | 8 | 238359 | 13 | 70
708 | Revision_708/fortran.c | U | 1520 | 1526 | 8 | 238360 | 13 | 70
708 | Revision_708/vhdl.c | U | 586 | 600 | 8 | 238361 | 13 | 70
708 | Revision_708/sql.c | U | 1732 | 1758 | 8 | 238362 | 13 | 70
708 | Revision_708/sql.c | U | 1761 | 1782 | 8 | 238363 | 13 | 70
708 | Revision_708/perl.c | U | 187 | 191 | 8 | 238364 | 13 | 70
708 | Revision_708/pascal.c | U | 134 | 138 | 8 | 238365 | 13 | 70
708 | Revision_708/sql.c | U | 1800 | 1821 | 8 | 238366 | 13 | 70
708 | Revision_708/sql.c | U | 1824 | 1845 | 8 | 238367 | 13 | 70
708 | Revision_708/sql.c | U | 1701 | 1729 | 8 | 238368 | 13 | 70
708 | Revision_708/sql.c | U | 1848 | 1888 | 8 | 238369 | 13 | 70
708 | Revision_708/vhdl.c | U | 647 | 670 | 8 | 238370 | 13 | 70
708 | Revision_708/sql.c | U | 1585 | 1624 | 8 | 238371 | 13 | 70
708 | Revision_708/sql.c | U | 1409 | 1447 | 8 | 238372 | 13 | 70
708 | Revision_708/jscript.c | U | 983 | 1017 | 8 | 238373 | 13 | 70
708 | Revision_708/flex.c | U | 1259 | 1293 | 8 | 238374 | 13 | 70
708 | Revision_708/c.c | U | 800 | 821 | 44 | 238375 | 14 | 72
708 | Revision_708/c.c | U | 824 | 844 | 44 | 238376 | 14 | 72
708 | Revision_708/c.c | U | 932 | 951 | 44 | 238377 | 14 | 72
708 | Revision_708/c.c | U | 865 | 885 | 44 | 238378 | 14 | 72
708 | Revision_708/c.c | U | 847 | 863 | 44 | 238379 | 14 | 72
708 | Revision_708/c.c | U | 888 | 899 | 12 | 238380 | 15 | 90
708 | Revision_708/c.c | U | 902 | 913 | 12 | 238381 | 15 | 90
708 | Revision_708/c.c | U | 1053 | 1058 | 6 | 238382 | 16 | 80
708 | Revision_708/jscript.c | U | 1299 | 1304 | 6 | 238383 | 16 | 80
708 | Revision_708/flex.c | U | 1733 | 1738 | 6 | 238384 | 16 | 80
708 | Revision_708/c.c | U | 1308 | 1314 | 7 | 238385 | 17 | 71
708 | Revision_708/make.c | U | 63 | 69 | 7 | 238386 | 17 | 71
708 | Revision_708/fortran.c | U | 502 | 510 | 7 | 238387 | 17 | 71
708 | Revision_708/make.c | U | 53 | 60 | 7 | 238388 | 17 | 71
708 | Revision_708/c.c | U | 1381 | 1388 | 7 | 238389 | 18 | 80
708 | Revision_708/c.c | U | 1390 | 1397 | 7 | 238390 | 18 | 80
708 | Revision_708/c.c | U | 1411 | 1418 | 7 | 238391 | 19 | 71
708 | Revision_708/c.c | U | 2209 | 2216 | 7 | 238392 | 19 | 71
708 | Revision_708/fortran.c | U | 626 | 632 | 7 | 238393 | 19 | 71
708 | Revision_708/c.c | U | 1421 | 1428 | 7 | 238394 | 19 | 71
708 | Revision_708/sql.c | U | 619 | 626 | 7 | 238395 | 19 | 71
708 | Revision_708/flex.c | U | 487 | 494 | 7 | 238396 | 19 | 71
708 | Revision_708/jscript.c | U | 418 | 425 | 7 | 238397 | 19 | 71
708 | Revision_708/c.c | U | 1459 | 1464 | 6 | 238398 | 20 | 80
708 | Revision_708/c.c | U | 1802 | 1807 | 6 | 238399 | 20 | 80
708 | Revision_708/c.c | U | 1485 | 1494 | 9 | 238400 | 21 | 71
708 | Revision_708/eiffel.c | U | 559 | 567 | 9 | 238401 | 21 | 71
708 | Revision_708/c.c | U | 1488 | 1492 | 5 | 238402 | 22 | 75
708 | Revision_708/readtags.c | U | 502 | 506 | 5 | 238403 | 22 | 75
708 | Revision_708/flex.c | U | 1772 | 1789 | 5 | 238404 | 22 | 75
708 | Revision_708/jscript.c | U | 1341 | 1358 | 5 | 238405 | 22 | 75
708 | Revision_708/readtags.c | U | 681 | 685 | 5 | 238406 | 22 | 75
708 | Revision_708/c.c | U | 1502 | 1515 | 10 | 238407 | 23 | 75
708 | Revision_708/make.c | U | 77 | 87 | 10 | 238408 | 23 | 75
708 | Revision_708/verilog.c | U | 199 | 212 | 10 | 238409 | 23 | 75
708 | Revision_708/fortran.c | U | 854 | 865 | 10 | 238410 | 23 | 75
708 | Revision_708/jscript.c | U | 342 | 353 | 10 | 238411 | 23 | 75
708 | Revision_708/vhdl.c | U | 391 | 402 | 10 | 238412 | 23 | 75
708 | Revision_708/flex.c | U | 407 | 418 | 10 | 238413 | 23 | 75
708 | Revision_708/tex.c | U | 264 | 276 | 10 | 238414 | 23 | 75
708 | Revision_708/eiffel.c | U | 592 | 604 | 10 | 238415 | 23 | 75
708 | Revision_708/eiffel.c | U | 577 | 589 | 10 | 238416 | 23 | 75
708 | Revision_708/sql.c | U | 500 | 511 | 10 | 238417 | 23 | 75
708 | Revision_708/c.c | U | 1619 | 1625 | 8 | 238418 | 24 | 71
708 | Revision_708/jscript.c | U | 456 | 464 | 8 | 238419 | 24 | 71
708 | Revision_708/tex.c | U | 362 | 369 | 8 | 238420 | 24 | 71
708 | Revision_708/eiffel.c | U | 607 | 615 | 8 | 238421 | 24 | 71
708 | Revision_708/flex.c | U | 707 | 716 | 8 | 238422 | 24 | 71
708 | Revision_708/c.c | U | 2504 | 2508 | 5 | 238423 | 25 | 100
708 | Revision_708/c.c | U | 2511 | 2515 | 5 | 238424 | 25 | 100
708 | Revision_708/c.c | U | 2734 | 2739 | 6 | 238425 | 26 | 80
708 | Revision_708/sql.c | U | 1129 | 1134 | 6 | 238426 | 26 | 80
708 | Revision_708/c.c | U | 2825 | 2834 | 9 | 238427 | 27 | 71
708 | Revision_708/vhdl.c | U | 573 | 583 | 9 | 238428 | 27 | 71
708 | Revision_708/verilog.c | U | 108 | 118 | 9 | 238429 | 27 | 71
708 | Revision_708/asm.c | U | 120 | 128 | 9 | 238430 | 27 | 71
708 | Revision_708/jscript.c | U | 180 | 189 | 9 | 238431 | 27 | 71
708 | Revision_708/tex.c | U | 157 | 166 | 9 | 238432 | 27 | 71
708 | Revision_708/sql.c | U | 392 | 401 | 9 | 238433 | 27 | 71
708 | Revision_708/flex.c | U | 209 | 218 | 9 | 238434 | 27 | 71
708 | Revision_708/eiffel.c | U | 218 | 227 | 9 | 238435 | 27 | 71
708 | Revision_708/fortran.c | U | 398 | 407 | 9 | 238436 | 27 | 71
708 | Revision_708/eiffel.c | U | 290 | 304 | 10 | 238437 | 28 | 70
708 | Revision_708/sql.c | U | 430 | 444 | 10 | 238438 | 28 | 70
708 | Revision_708/flex.c | U | 249 | 263 | 10 | 238439 | 28 | 70
708 | Revision_708/vhdl.c | U | 536 | 548 | 10 | 238440 | 28 | 70
708 | Revision_708/beta.c | U | 71 | 80 | 10 | 238441 | 28 | 70
708 | Revision_708/tex.c | U | 194 | 208 | 10 | 238442 | 28 | 70
708 | Revision_708/jscript.c | U | 219 | 233 | 10 | 238443 | 28 | 70
708 | Revision_708/sml.c | U | 75 | 81 | 10 | 238444 | 28 | 70
708 | Revision_708/parse.c | U | 43 | 54 | 10 | 238445 | 28 | 70
708 | Revision_708/eiffel.c | U | 292 | 302 | 10 | 238446 | 28 | 70
708 | Revision_708/eiffel.c | U | 370 | 379 | 8 | 238447 | 29 | 100
708 | Revision_708/read.c | U | 453 | 460 | 8 | 238448 | 29 | 100
708 | Revision_708/eiffel.c | U | 385 | 406 | 20 | 238449 | 30 | 70
708 | Revision_708/fortran.c | U | 768 | 794 | 20 | 238450 | 30 | 70
708 | Revision_708/eiffel.c | U | 409 | 437 | 24 | 238451 | 31 | 95
708 | Revision_708/fortran.c | U | 797 | 825 | 24 | 238452 | 31 | 95
708 | Revision_708/eiffel.c | U | 550 | 554 | 5 | 238453 | 32 | 75
708 | Revision_708/verilog.c | U | 238 | 242 | 5 | 238454 | 32 | 75
708 | Revision_708/fortran.c | U | 786 | 790 | 5 | 238455 | 32 | 75
708 | Revision_708/fortran.c | U | 969 | 973 | 5 | 238456 | 32 | 75
708 | Revision_708/verilog.c | U | 142 | 146 | 5 | 238457 | 32 | 75
708 | Revision_708/eiffel.c | U | 701 | 708 | 7 | 238458 | 33 | 71
708 | Revision_708/sql.c | U | 582 | 587 | 7 | 238459 | 33 | 71
708 | Revision_708/eiffel.c | U | 752 | 759 | 9 | 238460 | 34 | 77
708 | Revision_708/jscript.c | U | 441 | 450 | 9 | 238461 | 34 | 77
708 | Revision_708/vhdl.c | U | 467 | 476 | 9 | 238462 | 34 | 77
708 | Revision_708/tex.c | U | 330 | 339 | 9 | 238463 | 34 | 77
708 | Revision_708/flex.c | U | 692 | 701 | 9 | 238464 | 34 | 77
708 | Revision_708/eiffel.c | U | 761 | 766 | 6 | 238465 | 35 | 100
708 | Revision_708/fortran.c | U | 1027 | 1032 | 6 | 238466 | 35 | 100
708 | Revision_708/eiffel.c | U | 1049 | 1074 | 23 | 238467 | 36 | 70
708 | Revision_708/sql.c | U | 1484 | 1522 | 23 | 238468 | 36 | 70
708 | Revision_708/flex.c | U | 2003 | 2056 | 23 | 238469 | 36 | 70
708 | Revision_708/flex.c | U | 1941 | 1984 | 23 | 238470 | 36 | 70
708 | Revision_708/flex.c | U | 2173 | 2200 | 23 | 238471 | 36 | 70
708 | Revision_708/eiffel.c | U | 1237 | 1248 | 8 | 238472 | 37 | 71
708 | Revision_708/tex.c | U | 497 | 506 | 8 | 238473 | 37 | 71
708 | Revision_708/vhdl.c | U | 813 | 821 | 8 | 238474 | 37 | 71
708 | Revision_708/sql.c | U | 2090 | 2098 | 8 | 238475 | 37 | 71
708 | Revision_708/basic.c | U | 135 | 140 | 6 | 238476 | 38 | 80
708 | Revision_708/basic.c | U | 147 | 152 | 6 | 238477 | 38 | 80
708 | Revision_708/verilog.c | U | 187 | 193 | 8 | 238478 | 39 | 75
708 | Revision_708/make.c | U | 97 | 105 | 8 | 238479 | 39 | 75
708 | Revision_708/verilog.c | U | 286 | 290 | 5 | 238480 | 40 | 75
708 | Revision_708/make.c | U | 44 | 48 | 5 | 238481 | 40 | 75
708 | Revision_708/jscript.c | U | 236 | 257 | 15 | 238482 | 41 | 75
708 | Revision_708/sql.c | U | 447 | 468 | 15 | 238483 | 41 | 75
708 | Revision_708/vhdl.c | U | 551 | 570 | 15 | 238484 | 41 | 75
708 | Revision_708/tex.c | U | 211 | 232 | 15 | 238485 | 41 | 75
708 | Revision_708/flex.c | U | 266 | 299 | 15 | 238486 | 41 | 75
708 | Revision_708/jscript.c | U | 260 | 284 | 19 | 238487 | 42 | 73
708 | Revision_708/jscript.c | U | 287 | 311 | 19 | 238488 | 42 | 73
708 | Revision_708/flex.c | U | 329 | 349 | 19 | 238489 | 42 | 73
708 | Revision_708/flex.c | U | 352 | 376 | 19 | 238490 | 42 | 73
708 | Revision_708/jscript.c | U | 1390 | 1430 | 19 | 238491 | 42 | 73
708 | Revision_708/flex.c | U | 302 | 326 | 19 | 238492 | 42 | 73
708 | Revision_708/flex.c | U | 1821 | 1861 | 19 | 238493 | 42 | 73
708 | Revision_708/jscript.c | U | 267 | 271 | 5 | 238494 | 43 | 75
708 | Revision_708/tex.c | U | 408 | 412 | 5 | 238495 | 43 | 75
708 | Revision_708/tex.c | U | 431 | 435 | 5 | 238496 | 43 | 75
708 | Revision_708/flex.c | U | 309 | 313 | 5 | 238497 | 43 | 75
708 | Revision_708/flex.c | U | 359 | 363 | 5 | 238498 | 43 | 75
708 | Revision_708/flex.c | U | 1842 | 1846 | 5 | 238499 | 43 | 75
708 | Revision_708/jscript.c | U | 294 | 298 | 5 | 238500 | 43 | 75
708 | Revision_708/jscript.c | U | 1411 | 1415 | 5 | 238501 | 43 | 75
708 | Revision_708/flex.c | U | 336 | 340 | 5 | 238502 | 43 | 75
708 | Revision_708/jscript.c | U | 318 | 336 | 16 | 238503 | 44 | 78
708 | Revision_708/vhdl.c | U | 368 | 386 | 16 | 238504 | 44 | 78
708 | Revision_708/tex.c | U | 239 | 257 | 16 | 238505 | 44 | 78
708 | Revision_708/flex.c | U | 383 | 401 | 16 | 238506 | 44 | 78
708 | Revision_708/sql.c | U | 475 | 495 | 16 | 238507 | 44 | 78
708 | Revision_708/jscript.c | U | 356 | 453 | 115 | 238508 | 45 | 75
708 | Revision_708/sql.c | U | 514 | 660 | 115 | 238509 | 45 | 75
708 | Revision_708/tex.c | U | 279 | 359 | 115 | 238510 | 45 | 75
708 | Revision_708/jscript.c | U | 365 | 369 | 5 | 238511 | 46 | 71
708 | Revision_708/flex.c | U | 614 | 618 | 5 | 238512 | 46 | 71
708 | Revision_708/flex.c | U | 430 | 434 | 5 | 238513 | 46 | 71
708 | Revision_708/flex.c | U | 662 | 666 | 5 | 238514 | 46 | 71
708 | Revision_708/flex.c | U | 503 | 507 | 5 | 238515 | 46 | 71
708 | Revision_708/vhdl.c | U | 414 | 418 | 5 | 238516 | 46 | 71
708 | Revision_708/tex.c | U | 288 | 292 | 5 | 238517 | 46 | 71
708 | Revision_708/sql.c | U | 523 | 536 | 5 | 238518 | 46 | 71
708 | Revision_708/flex.c | U | 523 | 529 | 5 | 238519 | 46 | 71
708 | Revision_708/flex.c | U | 660 | 667 | 5 | 238520 | 46 | 71
708 | Revision_708/flex.c | U | 612 | 619 | 5 | 238521 | 46 | 71
708 | Revision_708/flex.c | U | 476 | 481 | 5 | 238522 | 46 | 71
708 | Revision_708/flex.c | U | 590 | 596 | 5 | 238523 | 46 | 71
708 | Revision_708/flex.c | U | 536 | 542 | 5 | 238524 | 46 | 71
708 | Revision_708/flex.c | U | 638 | 644 | 5 | 238525 | 46 | 71
708 | Revision_708/flex.c | U | 627 | 633 | 5 | 238526 | 46 | 71
708 | Revision_708/flex.c | U | 651 | 658 | 5 | 238527 | 46 | 71
708 | Revision_708/flex.c | U | 603 | 610 | 5 | 238528 | 46 | 71
708 | Revision_708/flex.c | U | 549 | 556 | 5 | 238529 | 46 | 71
708 | Revision_708/jscript.c | U | 405 | 435 | 25 | 238530 | 47 | 70
708 | Revision_708/flex.c | U | 483 | 508 | 25 | 238531 | 47 | 70
708 | Revision_708/sql.c | U | 606 | 636 | 25 | 238532 | 47 | 70
708 | Revision_708/jscript.c | U | 471 | 501 | 17 | 238533 | 48 | 83
708 | Revision_708/jscript.c | U | 504 | 533 | 17 | 238534 | 48 | 83
708 | Revision_708/vhdl.c | U | 514 | 532 | 17 | 238535 | 48 | 83
708 | Revision_708/sql.c | U | 746 | 764 | 17 | 238536 | 48 | 83
708 | Revision_708/flex.c | U | 723 | 753 | 17 | 238537 | 48 | 83
708 | Revision_708/flex.c | U | 756 | 785 | 17 | 238538 | 48 | 83
708 | Revision_708/jscript.c | U | 536 | 543 | 7 | 238539 | 49 | 80
708 | Revision_708/sql.c | U | 679 | 686 | 7 | 238540 | 49 | 80
708 | Revision_708/flex.c | U | 788 | 795 | 7 | 238541 | 49 | 80
708 | Revision_708/jscript.c | U | 546 | 553 | 7 | 238542 | 49 | 80
708 | Revision_708/flex.c | U | 798 | 805 | 7 | 238543 | 49 | 80
708 | Revision_708/jscript.c | U | 560 | 582 | 13 | 238544 | 50 | 100
708 | Revision_708/flex.c | U | 812 | 834 | 13 | 238545 | 50 | 100
708 | Revision_708/jscript.c | U | 623 | 709 | 30 | 238546 | 51 | 90
708 | Revision_708/flex.c | U | 871 | 957 | 30 | 238547 | 51 | 90
708 | Revision_708/jscript.c | U | 712 | 819 | 30 | 238548 | 52 | 100
708 | Revision_708/flex.c | U | 960 | 1067 | 30 | 238549 | 52 | 100
708 | Revision_708/jscript.c | U | 963 | 1024 | 33 | 238550 | 53 | 100
708 | Revision_708/flex.c | U | 1239 | 1300 | 33 | 238551 | 53 | 100
708 | Revision_708/jscript.c | U | 1027 | 1457 | 198 | 238552 | 54 | 77
708 | Revision_708/flex.c | U | 1419 | 1888 | 198 | 238553 | 54 | 77
708 | Revision_708/jscript.c | U | 1072 | 1081 | 6 | 238554 | 55 | 75
708 | Revision_708/options.c | U | 1683 | 1687 | 6 | 238555 | 55 | 75
708 | Revision_708/jscript.c | U | 1152 | 1178 | 12 | 238556 | 56 | 72
708 | Revision_708/jscript.c | U | 1180 | 1202 | 12 | 238557 | 56 | 72
708 | Revision_708/jscript.c | U | 1460 | 1507 | 29 | 238558 | 57 | 92
708 | Revision_708/flex.c | U | 1891 | 1938 | 29 | 238559 | 57 | 92
708 | Revision_708/jscript.c | U | 1512 | 1527 | 16 | 238560 | 58 | 75
708 | Revision_708/flex.c | U | 2155 | 2168 | 16 | 238561 | 58 | 75
708 | Revision_708/jscript.c | U | 1518 | 1521 | 8 | 238562 | 59 | 71
708 | Revision_708/Test/local.c | U | 14 | 20 | 8 | 238563 | 59 | 71
708 | Revision_708/flex.c | U | 2159 | 2162 | 8 | 238564 | 59 | 71
708 | Revision_708/vhdl.c | U | 499 | 506 | 8 | 238565 | 59 | 71
708 | Revision_708/jscript.c | U | 1531 | 1535 | 5 | 238566 | 60 | 75
708 | Revision_708/flex.c | U | 2203 | 2207 | 5 | 238567 | 60 | 75
708 | Revision_708/tex.c | U | 490 | 494 | 5 | 238568 | 60 | 75
708 | Revision_708/make.c | U | 191 | 195 | 5 | 238569 | 60 | 75
708 | Revision_708/sql.c | U | 2083 | 2087 | 5 | 238570 | 60 | 75
708 | Revision_708/jscript.c | U | 1538 | 1554 | 14 | 238571 | 61 | 100
708 | Revision_708/flex.c | U | 2210 | 2226 | 14 | 238572 | 61 | 100
708 | Revision_708/vim.c | U | 97 | 101 | 5 | 238573 | 62 | 100
708 | Revision_708/vim.c | U | 103 | 107 | 5 | 238574 | 62 | 100
708 | Revision_708/vim.c | U | 244 | 267 | 17 | 238575 | 63 | 76
708 | Revision_708/vim.c | U | 294 | 312 | 17 | 238576 | 63 | 76
708 | Revision_708/python.c | U | 88 | 101 | 11 | 238577 | 64 | 77
708 | Revision_708/python.c | U | 131 | 142 | 11 | 238578 | 64 | 77
708 | Revision_708/python.c | U | 184 | 187 | 5 | 238579 | 65 | 75
708 | Revision_708/get.c | U | 649 | 653 | 5 | 238580 | 65 | 75
708 | Revision_708/python.c | U | 196 | 200 | 5 | 238581 | 66 | 75
708 | Revision_708/python.c | U | 218 | 222 | 5 | 238582 | 66 | 75
708 | Revision_708/erlang.c | U | 58 | 62 | 5 | 238583 | 66 | 75
708 | Revision_708/sml.c | U | 84 | 88 | 5 | 238584 | 66 | 75
708 | Revision_708/options.c | U | 963 | 968 | 5 | 238585 | 66 | 75
708 | Revision_708/python.c | U | 226 | 235 | 9 | 238586 | 67 | 75
708 | Revision_708/erlang.c | U | 66 | 75 | 9 | 238587 | 67 | 75
708 | Revision_708/tcl.c | U | 44 | 54 | 9 | 238588 | 67 | 75
708 | Revision_708/python.c | U | 475 | 479 | 7 | 238589 | 68 | 80
708 | Revision_708/python.c | U | 480 | 485 | 7 | 238590 | 68 | 80
708 | Revision_708/python.c | U | 575 | 579 | 5 | 238591 | 69 | 75
708 | Revision_708/pascal.c | U | 176 | 182 | 5 | 238592 | 69 | 75
708 | Revision_708/pascal.c | U | 150 | 154 | 5 | 238593 | 69 | 75
708 | Revision_708/pascal.c | U | 184 | 190 | 5 | 238594 | 69 | 75
708 | Revision_708/python.c | U | 581 | 590 | 8 | 238595 | 70 | 83
708 | Revision_708/python.c | U | 592 | 600 | 8 | 238596 | 70 | 83
708 | Revision_708/perl.c | U | 208 | 214 | 7 | 238597 | 71 | 83
708 | Revision_708/perl.c | U | 254 | 259 | 7 | 238598 | 71 | 83
708 | Revision_708/perl.c | U | 339 | 346 | 7 | 238599 | 72 | 71
708 | Revision_708/main.c | U | 260 | 267 | 7 | 238600 | 72 | 71
708 | Revision_708/perl.c | U | 353 | 359 | 7 | 238601 | 72 | 71
708 | Revision_708/erlang.c | U | 97 | 105 | 7 | 238602 | 72 | 71
708 | Revision_708/main.c | U | 179 | 185 | 7 | 238603 | 72 | 71
708 | Revision_708/erlang.c | U | 108 | 113 | 7 | 238604 | 72 | 71
708 | Revision_708/erlang.c | U | 116 | 121 | 7 | 238605 | 72 | 71
708 | Revision_708/sort.c | U | 118 | 123 | 5 | 238606 | 73 | 100
708 | Revision_708/sort.c | U | 126 | 131 | 5 | 238607 | 73 | 100
708 | Revision_708/strlist.c | U | 32 | 38 | 8 | 238608 | 74 | 71
708 | Revision_708/vstring.c | U | 77 | 87 | 8 | 238609 | 74 | 71
708 | Revision_708/strlist.c | U | 191 | 196 | 7 | 238610 | 75 | 83
708 | Revision_708/strlist.c | U | 200 | 206 | 7 | 238611 | 75 | 83
708 | Revision_708/get.c | U | 305 | 314 | 10 | 238612 | 76 | 70
708 | Revision_708/read.c | U | 220 | 231 | 10 | 238613 | 76 | 70
708 | Revision_708/parse.c | U | 586 | 600 | 10 | 238614 | 76 | 70
708 | Revision_708/get.c | U | 467 | 478 | 10 | 238615 | 77 | 87
708 | Revision_708/get.c | U | 484 | 495 | 10 | 238616 | 77 | 87
708 | Revision_708/get.c | U | 541 | 546 | 6 | 238617 | 78 | 80
708 | Revision_708/read.c | U | 424 | 428 | 6 | 238618 | 78 | 80
708 | Revision_708/keyword.c | U | 196 | 203 | 8 | 238619 | 79 | 71
708 | Revision_708/asm.c | U | 131 | 139 | 8 | 238620 | 79 | 71
708 | Revision_708/main.c | U | 126 | 139 | 6 | 238621 | 80 | 80
708 | Revision_708/options.c | U | 397 | 402 | 6 | 238622 | 80 | 80
708 | Revision_708/routines.c | U | 237 | 244 | 6 | 238623 | 81 | 80
708 | Revision_708/routines.c | U | 247 | 254 | 6 | 238624 | 81 | 80
708 | Revision_708/routines.c | U | 288 | 295 | 8 | 238625 | 82 | 83
708 | Revision_708/routines.c | U | 298 | 305 | 8 | 238626 | 82 | 83
708 | Revision_708/readtags.c | U | 116 | 123 | 8 | 238627 | 82 | 83
708 | Revision_708/readtags.c | U | 106 | 113 | 8 | 238628 | 82 | 83
708 | Revision_708/routines.c | U | 322 | 326 | 5 | 238629 | 83 | 75
708 | Revision_708/vstring.c | U | 125 | 129 | 5 | 238630 | 83 | 75
708 | Revision_708/vstring.c | U | 118 | 122 | 5 | 238631 | 83 | 75
708 | Revision_708/routines.c | U | 329 | 335 | 6 | 238632 | 84 | 100
708 | Revision_708/routines.c | U | 338 | 344 | 6 | 238633 | 84 | 100
708 | Revision_708/routines.c | U | 349 | 356 | 8 | 238634 | 85 | 100
708 | Revision_708/routines.c | U | 361 | 368 | 8 | 238635 | 85 | 100
708 | Revision_708/flex.c | U | 288 | 296 | 11 | 238636 | 86 | 70
708 | Revision_708/vhdl.c | U | 553 | 569 | 11 | 238637 | 86 | 70
708 | Revision_708/flex.c | U | 587 | 622 | 35 | 238638 | 87 | 74
708 | Revision_708/flex.c | U | 624 | 671 | 35 | 238639 | 87 | 74
708 | Revision_708/flex.c | U | 923 | 956 | 17 | 238640 | 88 | 75
708 | Revision_708/flex.c | U | 1943 | 1978 | 17 | 238641 | 88 | 75
708 | Revision_708/flex.c | U | 1485 | 1520 | 34 | 238642 | 89 | 71
708 | Revision_708/vhdl.c | U | 768 | 801 | 34 | 238643 | 89 | 71
708 | Revision_708/fortran.c | U | 2114 | 2138 | 34 | 238644 | 89 | 71
708 | Revision_708/flex.c | U | 1582 | 1608 | 12 | 238645 | 90 | 72
708 | Revision_708/flex.c | U | 1610 | 1632 | 12 | 238646 | 90 | 72
708 | Revision_708/sh.c | U | 89 | 94 | 6 | 238647 | 91 | 80
708 | Revision_708/asm.c | U | 347 | 352 | 6 | 238648 | 91 | 80
708 | Revision_708/vhdl.c | U | 493 | 533 | 32 | 238649 | 92 | 72
708 | Revision_708/sql.c | U | 716 | 765 | 32 | 238650 | 92 | 72
708 | Revision_708/vhdl.c | U | 724 | 741 | 15 | 238651 | 93 | 100
708 | Revision_708/vhdl.c | U | 743 | 760 | 15 | 238652 | 93 | 100
708 | Revision_708/beta.c | U | 134 | 141 | 6 | 238653 | 94 | 75
708 | Revision_708/beta.c | U | 204 | 212 | 6 | 238654 | 94 | 75
708 | Revision_708/beta.c | U | 152 | 156 | 5 | 238655 | 95 | 75
708 | Revision_708/beta.c | U | 158 | 162 | 5 | 238656 | 95 | 75
708 | Revision_708/beta.c | U | 277 | 281 | 5 | 238657 | 95 | 75
708 | Revision_708/beta.c | U | 271 | 275 | 5 | 238658 | 95 | 75
708 | Revision_708/beta.c | U | 165 | 169 | 5 | 238659 | 95 | 75
708 | Revision_708/sql.c | U | 722 | 737 | 17 | 238660 | 96 | 75
708 | Revision_708/fortran.c | U | 1288 | 1294 | 17 | 238661 | 96 | 75
708 | Revision_708/sql.c | U | 1546 | 1582 | 24 | 238662 | 97 | 78
708 | Revision_708/sql.c | U | 1952 | 1995 | 24 | 238663 | 97 | 78
708 | Revision_708/sql.c | U | 1916 | 1941 | 17 | 238664 | 98 | 84
708 | Revision_708/sql.c | U | 1965 | 1989 | 17 | 238665 | 98 | 84
708 | Revision_708/parse.c | U | 96 | 106 | 11 | 238666 | 99 | 88
708 | Revision_708/parse.c | U | 109 | 120 | 11 | 238667 | 99 | 88
708 | Revision_708/parse.c | U | 299 | 303 | 5 | 238668 | 100 | 75
708 | Revision_708/parse.c | U | 556 | 560 | 5 | 238669 | 100 | 75
708 | Revision_708/parse.c | U | 575 | 579 | 5 | 238670 | 100 | 75
708 | Revision_708/readtags.c | U | 541 | 547 | 6 | 238671 | 101 | 100
708 | Revision_708/readtags.c | U | 549 | 555 | 6 | 238672 | 101 | 100
708 | Revision_708/readtags.c | U | 584 | 588 | 6 | 238673 | 102 | 75
708 | Revision_708/readtags.c | U | 639 | 645 | 6 | 238674 | 102 | 75
708 | Revision_708/readtags.c | U | 718 | 726 | 8 | 238675 | 103 | 83
708 | Revision_708/readtags.c | U | 773 | 781 | 8 | 238676 | 103 | 83
708 | Revision_708/readtags.c | U | 729 | 737 | 8 | 238677 | 103 | 83
708 | Revision_708/readtags.c | U | 740 | 745 | 6 | 238678 | 104 | 80
708 | Revision_708/readtags.c | U | 765 | 770 | 6 | 238679 | 104 | 80
708 | Revision_708/readtags.c | U | 757 | 762 | 6 | 238680 | 104 | 80
708 | Revision_708/fortran.c | U | 1363 | 1376 | 11 | 238681 | 105 | 72
708 | Revision_708/fortran.c | U | 1617 | 1625 | 11 | 238682 | 105 | 72
708 | Revision_708/fortran.c | U | 1714 | 1729 | 20 | 238683 | 106 | 84
708 | Revision_708/fortran.c | U | 1930 | 1946 | 20 | 238684 | 106 | 84
708 | Revision_708/fortran.c | U | 1895 | 1913 | 16 | 238685 | 107 | 73
708 | Revision_708/fortran.c | U | 1965 | 1981 | 16 | 238686 | 107 | 73
708 | Revision_708/fortran.c | U | 2041 | 2061 | 16 | 238687 | 107 | 73
708 | Revision_708/tex.c | U | 401 | 418 | 16 | 238688 | 108 | 83
708 | Revision_708/tex.c | U | 426 | 444 | 16 | 238689 | 108 | 83
708 | Revision_708/asm.c | U | 243 | 256 | 11 | 238690 | 109 | 77
708 | Revision_708/asm.c | U | 261 | 271 | 11 | 238691 | 109 | 77
708 | Revision_708/scheme.c | U | 70 | 78 | 8 | 238692 | 110 | 71
708 | Revision_708/scheme.c | U | 85 | 93 | 8 | 238693 | 110 | 71
708 | Revision_708/options.c | U | 369 | 375 | 6 | 238694 | 111 | 100
708 | Revision_708/options.c | U | 378 | 384 | 6 | 238695 | 111 | 100
708 | Revision_708/options.c | U | 543 | 549 | 7 | 238696 | 112 | 100
708 | Revision_708/options.c | U | 570 | 576 | 7 | 238697 | 112 | 100
708 | Revision_708/options.c | U | 561 | 567 | 7 | 238698 | 112 | 100
708 | Revision_708/options.c | U | 552 | 558 | 7 | 238699 | 112 | 100
708 | Revision_708/options.c | U | 982 | 986 | 5 | 238700 | 113 | 75
708 | Revision_708/options.c | U | 1008 | 1012 | 5 | 238701 | 113 | 75
708 | Revision_708/options.c | U | 1102 | 1106 | 5 | 238702 | 114 | 100
708 | Revision_708/options.c | U | 1108 | 1112 | 5 | 238703 | 114 | 100
708 | Revision_708/options.c | U | 1154 | 1166 | 12 | 238704 | 115 | 100
708 | Revision_708/options.c | U | 1171 | 1183 | 12 | 238705 | 115 | 100
708 | Revision_708/options.c | U | 1425 | 1442 | 15 | 238706 | 116 | 91
708 | Revision_708/options.c | U | 1463 | 1480 | 15 | 238707 | 116 | 91
