Revision | filePath | changeType | StartLine | EndLine | Nlines | cloneId | classId | globalCloneId | Similarity
105 | Revision_105/lisp.c | U | 91 | 97 | 7 | 24494 | 1 | 1 | 83
105 | Revision_105/lisp.c | U | 112 | 118 | 7 | 24495 | 1 | 2 | 83
105 | Revision_105/lisp.c | U | 127 | 137 | 9 | 24496 | 2 | 3 | 70
105 | Revision_105/eiffel.c | U | 1215 | 1224 | 9 | 24497 | 2 | 9 | 70
105 | Revision_105/vim.c | U | 131 | 139 | 9 | 24498 | 2 | 20 | 70
105 | Revision_105/python.c | U | 108 | 116 | 9 | 24499 | 2 | 13 | 70
105 | Revision_105/pascal.c | U | 246 | 254 | 9 | 24500 | 2 | 14 | 70
105 | Revision_105/asm.c | U | 96 | 104 | 9 | 24501 | 2 | 6 | 70
105 | Revision_105/c.c | U | 2327 | 2336 | 9 | 24502 | 2 | 12 | 70
105 | Revision_105/asp.c | U | 161 | 169 | 9 | 24503 | 2 | 4 | 70
105 | Revision_105/lua.c | U | 123 | 131 | 9 | 24504 | 2 | 243 | 70
105 | Revision_105/tcl.c | U | 73 | 81 | 9 | 24505 | 2 | 18 | 70
105 | Revision_105/ruby.c | U | 131 | 139 | 9 | 24506 | 2 | 19 | 70
105 | Revision_105/php.c | U | 98 | 106 | 9 | 24507 | 2 | 22 | 70
105 | Revision_105/perl.c | U | 108 | 116 | 9 | 24508 | 2 | 7 | 70
105 | Revision_105/sh.c | U | 98 | 108 | 9 | 24509 | 2 | 17 | 70
105 | Revision_105/scheme.c | U | 99 | 109 | 9 | 24510 | 2 | 16 | 70
105 | Revision_105/beta.c | U | 313 | 321 | 9 | 24511 | 2 | 5 | 70
105 | Revision_105/c.c | U | 2297 | 2306 | 9 | 24512 | 2 | 15 | 70
105 | Revision_105/cobol.c | U | 72 | 80 | 9 | 24513 | 2 | 11 | 70
105 | Revision_105/fortran.c | U | 1667 | 1682 | 9 | 24514 | 2 | 21 | 70
105 | Revision_105/awk.c | U | 71 | 79 | 9 | 24515 | 2 | 10 | 70
105 | Revision_105/c.c | U | 2309 | 2324 | 9 | 24516 | 2 | 8 | 70
105 | Revision_105/make.c | U | 91 | 101 | 9 | 24517 | 2 | 25 | 70
105 | Revision_105/yacc.c | U | 31 | 38 | 9 | 24518 | 2 | 23 | 70
105 | Revision_105/slang.c | U | 34 | 41 | 9 | 24519 | 2 | 24 | 70
105 | Revision_105/rexx.c | U | 30 | 37 | 9 | 24520 | 2 | 26 | 70
105 | Revision_105/keyword.c | U | 107 | 116 | 9 | 24521 | 2 | 27 | 70
105 | Revision_105/options.c | U | 613 | 619 | 9 | 24522 | 2 | 29 | 70
105 | Revision_105/c.c | U | 1795 | 1800 | 9 | 24523 | 2 | 28 | 70
105 | Revision_105/c.c | U | 1820 | 1828 | 9 | 24524 | 2 | 31 | 70
105 | Revision_105/options.c | U | 520 | 525 | 9 | 24525 | 2 | 30 | 70
105 | Revision_105/options.c | U | 1156 | 1166 | 9 | 24526 | 2 | 32 | 70
105 | Revision_105/asp.c | U | 69 | 88 | 15 | 24527 | 3 | 33 | 100
105 | Revision_105/asp.c | U | 92 | 111 | 15 | 24528 | 3 | 34 | 100
105 | Revision_105/asp.c | U | 115 | 131 | 13 | 24529 | 4 | 35 | 72
105 | Revision_105/python.c | U | 63 | 78 | 13 | 24530 | 4 | 37 | 72
105 | Revision_105/python.c | U | 80 | 95 | 13 | 24531 | 4 | 38 | 72
105 | Revision_105/ruby.c | U | 77 | 92 | 13 | 24532 | 4 | 42 | 72
105 | Revision_105/ruby.c | U | 94 | 118 | 13 | 24533 | 4 | 41 | 72
105 | Revision_105/asp.c | U | 135 | 150 | 13 | 24534 | 4 | 36 | 72
105 | Revision_105/php.c | U | 78 | 91 | 13 | 24535 | 4 | 40 | 72
105 | Revision_105/tcl.c | U | 55 | 67 | 13 | 24536 | 4 | 39 | 72
105 | Revision_105/args.c | U | 85 | 92 | 8 | 24537 | 5 | 43 | 100
105 | Revision_105/args.c | U | 159 | 166 | 8 | 24538 | 5 | 44 | 100
105 | Revision_105/args.c | U | 181 | 189 | 9 | 24539 | 6 | 45 | 75
105 | Revision_105/args.c | U | 192 | 199 | 9 | 24540 | 6 | 46 | 75
105 | Revision_105/args.c | U | 202 | 210 | 9 | 24541 | 6 | 47 | 75
105 | Revision_105/args.c | U | 265 | 271 | 6 | 24542 | 7 | 48 | 80
105 | Revision_105/options.c | U | 566 | 571 | 6 | 24543 | 7 | 49 | 80
105 | Revision_105/fortran.c | U | 781 | 786 | 6 | 24544 | 7 | 50 | 80
105 | Revision_105/c.c | U | 403 | 409 | 7 | 24545 | 8 | 51 | 80
105 | Revision_105/vstring.c | U | 67 | 74 | 7 | 24546 | 8 | 52 | 80
105 | Revision_105/c.c | U | 412 | 419 | 6 | 24547 | 9 | 53 | 80
105 | Revision_105/c.c | U | 422 | 429 | 6 | 24548 | 9 | 54 | 80
105 | Revision_105/c.c | U | 531 | 547 | 16 | 24549 | 10 | 55 | 70
105 | Revision_105/c.c | U | 992 | 1005 | 16 | 24550 | 10 | 56 | 70
105 | Revision_105/fortran.c | U | 1393 | 1409 | 16 | 24551 | 10 | 59 | 70
105 | Revision_105/c.c | U | 925 | 942 | 16 | 24552 | 10 | 57 | 70
105 | Revision_105/c.c | U | 550 | 566 | 16 | 24553 | 10 | 60 | 70
105 | Revision_105/fortran.c | U | 931 | 949 | 16 | 24554 | 10 | 58 | 70
105 | Revision_105/fortran.c | U | 934 | 947 | 16 | 24555 | 10 | 62 | 70
105 | Revision_105/c.c | U | 553 | 564 | 16 | 24556 | 10 | 63 | 70
105 | Revision_105/c.c | U | 928 | 940 | 16 | 24557 | 10 | 64 | 70
105 | Revision_105/c.c | U | 2115 | 2134 | 16 | 24558 | 10 | 61 | 70
105 | Revision_105/fortran.c | U | 1464 | 1478 | 16 | 24559 | 10 | 66 | 70
105 | Revision_105/fortran.c | U | 1396 | 1407 | 16 | 24560 | 10 | 65 | 70
105 | Revision_105/c.c | U | 2117 | 2131 | 16 | 24561 | 10 | 69 | 70
105 | Revision_105/eiffel.c | U | 903 | 945 | 16 | 24562 | 10 | 248 | 70
105 | Revision_105/c.c | U | 534 | 545 | 16 | 24563 | 10 | 71 | 70
105 | Revision_105/c.c | U | 583 | 603 | 20 | 24564 | 11 | 72 | 73
105 | Revision_105/c.c | U | 678 | 686 | 20 | 24565 | 11 | 73 | 73
105 | Revision_105/c.c | U | 613 | 619 | 8 | 24566 | 12 | 74 | 71
105 | Revision_105/options.c | U | 463 | 470 | 8 | 24567 | 12 | 75 | 71
105 | Revision_105/c.c | U | 642 | 646 | 5 | 24568 | 13 | 76 | 75
105 | Revision_105/fortran.c | U | 1305 | 1310 | 5 | 24569 | 13 | 78 | 75
105 | Revision_105/fortran.c | U | 1161 | 1165 | 5 | 24570 | 13 | 79 | 75
105 | Revision_105/eiffel.c | U | 663 | 667 | 5 | 24571 | 13 | 249 | 75
105 | Revision_105/c.c | U | 1723 | 1727 | 5 | 24572 | 13 | 80 | 75
105 | Revision_105/c.c | U | 2166 | 2170 | 5 | 24573 | 13 | 86 | 75
105 | Revision_105/fortran.c | U | 1116 | 1120 | 5 | 24574 | 13 | 81 | 75
105 | Revision_105/fortran.c | U | 1125 | 1129 | 5 | 24575 | 13 | 85 | 75
105 | Revision_105/eiffel.c | U | 872 | 876 | 5 | 24576 | 13 | 82 | 75
105 | Revision_105/fortran.c | U | 1236 | 1240 | 5 | 24577 | 13 | 83 | 75
105 | Revision_105/eiffel.c | U | 961 | 965 | 5 | 24578 | 13 | 82 | 75
105 | Revision_105/fortran.c | U | 1144 | 1149 | 5 | 24579 | 13 | 84 | 75
105 | Revision_105/eiffel.c | U | 1012 | 1016 | 5 | 24580 | 13 | 245 | 75
105 | Revision_105/eiffel.c | U | 650 | 654 | 5 | 24581 | 13 | 250 | 75
105 | Revision_105/readtags.c | U | 119 | 123 | 5 | 24582 | 13 | 87 | 75
105 | Revision_105/c.c | U | 1749 | 1754 | 5 | 24583 | 13 | 88 | 75
105 | Revision_105/c.c | U | 2158 | 2163 | 5 | 24584 | 13 | 96 | 75
105 | Revision_105/eiffel.c | U | 846 | 851 | 5 | 24585 | 13 | 151 | 75
105 | Revision_105/fortran.c | U | 467 | 471 | 5 | 24586 | 13 | 95 | 75
105 | Revision_105/eiffel.c | U | 1043 | 1047 | 5 | 24587 | 13 | 92 | 75
105 | Revision_105/c.c | U | 2229 | 2234 | 5 | 24588 | 13 | 94 | 75
105 | Revision_105/eiffel.c | U | 1030 | 1034 | 5 | 24589 | 13 | 151 | 75
105 | Revision_105/options.c | U | 797 | 801 | 5 | 24590 | 13 | 89 | 75
105 | Revision_105/keyword.c | U | 185 | 189 | 5 | 24591 | 13 | 91 | 75
105 | Revision_105/c.c | U | 1766 | 1770 | 5 | 24592 | 13 | 125 | 75
105 | Revision_105/strlist.c | U | 134 | 138 | 5 | 24593 | 13 | 126 | 75
105 | Revision_105/c.c | U | 1785 | 1792 | 5 | 24594 | 13 | 244 | 75
105 | Revision_105/vstring.c | U | 35 | 40 | 5 | 24595 | 13 | 98 | 75
105 | Revision_105/options.c | U | 507 | 511 | 5 | 24596 | 13 | 97 | 75
105 | Revision_105/eiffel.c | U | 1060 | 1069 | 5 | 24597 | 13 | 101 | 75
105 | Revision_105/options.c | U | 661 | 665 | 5 | 24598 | 13 | 127 | 75
105 | Revision_105/fortran.c | U | 857 | 861 | 5 | 24599 | 13 | 128 | 75
105 | Revision_105/options.c | U | 909 | 913 | 5 | 24600 | 13 | 129 | 75
105 | Revision_105/c.c | U | 675 | 688 | 27 | 24601 | 14 | 102 | 78
105 | Revision_105/c.c | U | 723 | 739 | 27 | 24602 | 14 | 103 | 78
105 | Revision_105/c.c | U | 691 | 698 | 8 | 24603 | 15 | 104 | 85
105 | Revision_105/c.c | U | 701 | 708 | 8 | 24604 | 15 | 105 | 85
105 | Revision_105/c.c | U | 1051 | 1059 | 7 | 24605 | 16 | 106 | 83
105 | Revision_105/fortran.c | U | 375 | 383 | 7 | 24606 | 16 | 107 | 83
105 | Revision_105/c.c | U | 1097 | 1104 | 7 | 24607 | 17 | 108 | 80
105 | Revision_105/c.c | U | 1106 | 1113 | 7 | 24608 | 17 | 109 | 80
105 | Revision_105/c.c | U | 1127 | 1134 | 7 | 24609 | 18 | 110 | 83
105 | Revision_105/fortran.c | U | 500 | 506 | 7 | 24610 | 18 | 112 | 83
105 | Revision_105/c.c | U | 1137 | 1144 | 7 | 24611 | 18 | 111 | 83
105 | Revision_105/c.c | U | 1185 | 1200 | 11 | 24612 | 19 | 113 | 72
105 | Revision_105/eiffel.c | U | 562 | 574 | 11 | 24613 | 19 | 114 | 72
105 | Revision_105/fortran.c | U | 710 | 721 | 11 | 24614 | 19 | 116 | 72
105 | Revision_105/c.c | U | 1203 | 1216 | 11 | 24615 | 19 | 115 | 72
105 | Revision_105/eiffel.c | U | 577 | 589 | 11 | 24616 | 19 | 117 | 72
105 | Revision_105/c.c | U | 1486 | 1490 | 5 | 24617 | 20 | 118 | 75
105 | Revision_105/eiffel.c | U | 409 | 413 | 5 | 24618 | 20 | 119 | 75
105 | Revision_105/fortran.c | U | 667 | 671 | 5 | 24619 | 20 | 120 | 75
105 | Revision_105/c.c | U | 1615 | 1619 | 5 | 24620 | 21 | 121 | 75
105 | Revision_105/get.c | U | 558 | 562 | 5 | 24621 | 21 | 122 | 75
105 | Revision_105/c.c | U | 2267 | 2276 | 9 | 24622 | 22 | 130 | 85
105 | Revision_105/eiffel.c | U | 213 | 222 | 9 | 24623 | 22 | 131 | 85
105 | Revision_105/fortran.c | U | 310 | 319 | 9 | 24624 | 22 | 132 | 85
105 | Revision_105/eiffel.c | U | 277 | 291 | 9 | 24625 | 23 | 133 | 71
105 | Revision_105/beta.c | U | 70 | 81 | 9 | 24626 | 23 | 134 | 71
105 | Revision_105/parse.c | U | 46 | 57 | 9 | 24627 | 23 | 135 | 71
105 | Revision_105/eiffel.c | U | 279 | 289 | 9 | 24628 | 23 | 136 | 71
105 | Revision_105/eiffel.c | U | 372 | 397 | 23 | 24629 | 24 | 139 | 75
105 | Revision_105/fortran.c | U | 625 | 655 | 23 | 24630 | 24 | 140 | 75
105 | Revision_105/eiffel.c | U | 400 | 425 | 20 | 24631 | 25 | 141 | 94
105 | Revision_105/fortran.c | U | 658 | 683 | 20 | 24632 | 25 | 142 | 94
105 | Revision_105/eiffel.c | U | 537 | 541 | 5 | 24633 | 26 | 143 | 75
105 | Revision_105/fortran.c | U | 836 | 840 | 5 | 24634 | 26 | 145 | 75
105 | Revision_105/fortran.c | U | 647 | 651 | 5 | 24635 | 26 | 144 | 75
105 | Revision_105/eiffel.c | U | 592 | 602 | 9 | 24636 | 27 | 146 | 100
105 | Revision_105/fortran.c | U | 748 | 758 | 9 | 24637 | 27 | 147 | 100
105 | Revision_105/eiffel.c | U | 710 | 717 | 8 | 24638 | 28 | 148 | 100
105 | Revision_105/fortran.c | U | 878 | 885 | 8 | 24639 | 28 | 149 | 100
105 | Revision_105/eiffel.c | U | 834 | 852 | 14 | 24640 | 29 | 251 | 72
105 | Revision_105/eiffel.c | U | 856 | 878 | 14 | 24641 | 29 | 252 | 72
105 | Revision_105/eiffel.c | U | 1006 | 1019 | 14 | 24642 | 29 | 253 | 72
105 | Revision_105/eiffel.c | U | 1057 | 1070 | 9 | 24643 | 30 | 156 | 71
105 | Revision_105/fortran.c | U | 1528 | 1535 | 9 | 24644 | 30 | 153 | 71
105 | Revision_105/eiffel.c | U | 1169 | 1181 | 10 | 24645 | 31 | 157 | 100
105 | Revision_105/fortran.c | U | 724 | 735 | 10 | 24646 | 31 | 158 | 100
105 | Revision_105/vim.c | U | 83 | 98 | 16 | 24647 | 32 | 159 | 76
105 | Revision_105/vim.c | U | 106 | 125 | 16 | 24648 | 32 | 160 | 76
105 | Revision_105/python.c | U | 41 | 105 | 56 | 24649 | 33 | 161 | 85
105 | Revision_105/ruby.c | U | 43 | 128 | 56 | 24650 | 33 | 162 | 85
105 | Revision_105/perl.c | U | 56 | 60 | 5 | 24651 | 34 | 163 | 75
105 | Revision_105/pascal.c | U | 132 | 136 | 5 | 24652 | 34 | 164 | 75
105 | Revision_105/strlist.c | U | 32 | 38 | 8 | 24653 | 35 | 165 | 71
105 | Revision_105/vstring.c | U | 77 | 87 | 8 | 24654 | 35 | 166 | 71
105 | Revision_105/strlist.c | U | 147 | 154 | 8 | 24655 | 36 | 167 | 85
105 | Revision_105/strlist.c | U | 158 | 165 | 8 | 24656 | 36 | 168 | 85
105 | Revision_105/strlist.c | U | 169 | 176 | 8 | 24657 | 36 | 169 | 85
105 | Revision_105/pascal.c | U | 172 | 178 | 6 | 24658 | 37 | 170 | 100
105 | Revision_105/pascal.c | U | 180 | 186 | 6 | 24659 | 37 | 171 | 100
105 | Revision_105/awk.c | U | 47 | 65 | 17 | 24660 | 38 | 172 | 73
105 | Revision_105/php.c | U | 55 | 75 | 17 | 24661 | 38 | 173 | 73
105 | Revision_105/get.c | U | 300 | 312 | 10 | 24662 | 39 | 174 | 70
105 | Revision_105/read.c | U | 213 | 224 | 10 | 24663 | 39 | 176 | 70
105 | Revision_105/parse.c | U | 559 | 573 | 10 | 24664 | 39 | 175 | 70
105 | Revision_105/get.c | U | 441 | 452 | 10 | 24665 | 40 | 177 | 72
105 | Revision_105/get.c | U | 458 | 469 | 10 | 24666 | 40 | 178 | 72
105 | Revision_105/get.c | U | 475 | 491 | 10 | 24667 | 40 | 179 | 72
105 | Revision_105/get.c | U | 505 | 510 | 6 | 24668 | 41 | 180 | 80
105 | Revision_105/read.c | U | 413 | 417 | 6 | 24669 | 41 | 181 | 80
105 | Revision_105/routines.c | U | 221 | 228 | 6 | 24670 | 42 | 254 | 80
105 | Revision_105/routines.c | U | 231 | 238 | 6 | 24671 | 42 | 255 | 80
105 | Revision_105/routines.c | U | 266 | 273 | 8 | 24672 | 43 | 256 | 83
105 | Revision_105/readtags.c | U | 496 | 503 | 8 | 24673 | 43 | 123 | 83
105 | Revision_105/routines.c | U | 278 | 285 | 8 | 24674 | 43 | 257 | 83
105 | Revision_105/readtags.c | U | 508 | 515 | 8 | 24675 | 43 | 238 | 83
105 | Revision_105/routines.c | U | 303 | 307 | 5 | 24676 | 44 | 258 | 75
105 | Revision_105/vstring.c | U | 116 | 120 | 5 | 24677 | 44 | 188 | 75
105 | Revision_105/vstring.c | U | 109 | 113 | 5 | 24678 | 44 | 189 | 75
105 | Revision_105/routines.c | U | 310 | 316 | 6 | 24679 | 45 | 259 | 100
105 | Revision_105/routines.c | U | 319 | 325 | 6 | 24680 | 45 | 260 | 100
105 | Revision_105/routines.c | U | 330 | 337 | 8 | 24681 | 46 | 261 | 100
105 | Revision_105/routines.c | U | 342 | 349 | 8 | 24682 | 46 | 262 | 100
105 | Revision_105/routines.c | U | 389 | 397 | 7 | 24683 | 47 | 263 | 83
105 | Revision_105/routines.c | U | 415 | 423 | 7 | 24684 | 47 | 265 | 83
105 | Revision_105/routines.c | U | 400 | 412 | 7 | 24685 | 47 | 264 | 83
105 | Revision_105/routines.c | U | 451 | 463 | 7 | 24686 | 47 | 266 | 83
105 | Revision_105/routines.c | U | 487 | 500 | 5 | 24687 | 48 | 267 | 75
105 | Revision_105/routines.c | U | 561 | 584 | 5 | 24688 | 48 | 268 | 75
105 | Revision_105/beta.c | U | 135 | 142 | 6 | 24689 | 49 | 201 | 75
105 | Revision_105/beta.c | U | 207 | 215 | 6 | 24690 | 49 | 202 | 75
105 | Revision_105/beta.c | U | 153 | 157 | 5 | 24691 | 50 | 203 | 75
105 | Revision_105/beta.c | U | 166 | 170 | 5 | 24692 | 50 | 204 | 75
105 | Revision_105/beta.c | U | 274 | 278 | 5 | 24693 | 50 | 205 | 75
105 | Revision_105/beta.c | U | 280 | 284 | 5 | 24694 | 50 | 207 | 75
105 | Revision_105/beta.c | U | 159 | 163 | 5 | 24695 | 50 | 206 | 75
105 | Revision_105/parse.c | U | 98 | 108 | 11 | 24696 | 51 | 208 | 88
105 | Revision_105/parse.c | U | 111 | 122 | 11 | 24697 | 51 | 209 | 88
105 | Revision_105/readtags.c | U | 459 | 463 | 5 | 24698 | 52 | 90 | 75
105 | Revision_105/readtags.c | U | 649 | 653 | 5 | 24699 | 52 | 99 | 75
105 | Revision_105/readtags.c | U | 522 | 528 | 6 | 24700 | 53 | 239 | 100
105 | Revision_105/readtags.c | U | 530 | 536 | 6 | 24701 | 53 | 240 | 100
105 | Revision_105/readtags.c | U | 565 | 569 | 6 | 24702 | 54 | 123 | 75
105 | Revision_105/readtags.c | U | 620 | 626 | 6 | 24703 | 54 | 124 | 75
105 | Revision_105/readtags.c | U | 685 | 693 | 8 | 24704 | 55 | 210 | 83
105 | Revision_105/readtags.c | U | 729 | 737 | 8 | 24705 | 55 | 211 | 83
105 | Revision_105/readtags.c | U | 696 | 701 | 6 | 24706 | 56 | 212 | 80
105 | Revision_105/readtags.c | U | 713 | 718 | 6 | 24707 | 56 | 241 | 80
105 | Revision_105/readtags.c | U | 721 | 726 | 6 | 24708 | 56 | 242 | 80
105 | Revision_105/fortran.c | U | 1015 | 1023 | 8 | 24709 | 57 | 214 | 83
105 | Revision_105/fortran.c | U | 1026 | 1035 | 8 | 24710 | 57 | 215 | 83
105 | Revision_105/fortran.c | U | 1107 | 1122 | 16 | 24711 | 58 | 216 | 92
105 | Revision_105/fortran.c | U | 1228 | 1242 | 16 | 24712 | 58 | 217 | 92
105 | Revision_105/fortran.c | U | 1363 | 1382 | 28 | 24713 | 59 | 218 | 73
105 | Revision_105/fortran.c | U | 1608 | 1624 | 28 | 24714 | 59 | 219 | 73
105 | Revision_105/fortran.c | U | 1432 | 1447 | 15 | 24715 | 60 | 220 | 78
105 | Revision_105/fortran.c | U | 1497 | 1511 | 15 | 24716 | 60 | 221 | 78
105 | Revision_105/scheme.c | U | 70 | 78 | 8 | 24717 | 61 | 222 | 71
105 | Revision_105/scheme.c | U | 85 | 93 | 8 | 24718 | 61 | 223 | 71
105 | Revision_105/options.c | U | 357 | 363 | 6 | 24719 | 62 | 224 | 100
105 | Revision_105/options.c | U | 366 | 372 | 6 | 24720 | 62 | 225 | 100
105 | Revision_105/options.c | U | 530 | 536 | 7 | 24721 | 63 | 226 | 100
105 | Revision_105/options.c | U | 539 | 545 | 7 | 24722 | 63 | 227 | 100
105 | Revision_105/options.c | U | 557 | 563 | 7 | 24723 | 63 | 228 | 100
105 | Revision_105/options.c | U | 548 | 554 | 7 | 24724 | 63 | 229 | 100
105 | Revision_105/options.c | U | 739 | 743 | 5 | 24725 | 64 | 230 | 75
105 | Revision_105/options.c | U | 765 | 769 | 5 | 24726 | 64 | 231 | 75
105 | Revision_105/options.c | U | 857 | 861 | 5 | 24727 | 65 | 232 | 100
105 | Revision_105/options.c | U | 863 | 867 | 5 | 24728 | 65 | 233 | 100
105 | Revision_105/options.c | U | 995 | 1000 | 6 | 24729 | 66 | 234 | 80
105 | Revision_105/options.c | U | 1133 | 1138 | 6 | 24730 | 66 | 235 | 80
105 | Revision_105/options.c | U | 1273 | 1290 | 15 | 24731 | 67 | 236 | 91
105 | Revision_105/options.c | U | 1315 | 1332 | 15 | 24732 | 67 | 237 | 91
