Revision | filePath | changeType | StartLine | EndLine | Nlines | cloneId | classId | globalCloneId | Similarity
108 | Revision_108/lisp.c | U | 91 | 97 | 7 | 25211 | 1 | 1 | 83
108 | Revision_108/lisp.c | U | 112 | 118 | 7 | 25212 | 1 | 2 | 83
108 | Revision_108/lisp.c | U | 127 | 137 | 9 | 25213 | 2 | 3 | 70
108 | Revision_108/perl.c | U | 108 | 116 | 9 | 25214 | 2 | 7 | 70
108 | Revision_108/cobol.c | U | 72 | 80 | 9 | 25215 | 2 | 11 | 70
108 | Revision_108/c.c | U | 2309 | 2324 | 9 | 25216 | 2 | 8 | 70
108 | Revision_108/scheme.c | U | 99 | 109 | 9 | 25217 | 2 | 16 | 70
108 | Revision_108/asm.c | U | 96 | 104 | 9 | 25218 | 2 | 6 | 70
108 | Revision_108/c.c | U | 2327 | 2336 | 9 | 25219 | 2 | 12 | 70
108 | Revision_108/asp.c | U | 161 | 169 | 9 | 25220 | 2 | 4 | 70
108 | Revision_108/php.c | U | 98 | 106 | 9 | 25221 | 2 | 22 | 70
108 | Revision_108/sh.c | U | 98 | 108 | 9 | 25222 | 2 | 17 | 70
108 | Revision_108/fortran.c | U | 1667 | 1682 | 9 | 25223 | 2 | 21 | 70
108 | Revision_108/c.c | U | 2297 | 2306 | 9 | 25224 | 2 | 15 | 70
108 | Revision_108/ruby.c | U | 131 | 139 | 9 | 25225 | 2 | 19 | 70
108 | Revision_108/python.c | U | 108 | 116 | 9 | 25226 | 2 | 13 | 70
108 | Revision_108/vim.c | U | 131 | 139 | 9 | 25227 | 2 | 20 | 70
108 | Revision_108/eiffel.c | U | 1215 | 1224 | 9 | 25228 | 2 | 9 | 70
108 | Revision_108/lua.c | U | 123 | 131 | 9 | 25229 | 2 | 243 | 70
108 | Revision_108/pascal.c | U | 246 | 254 | 9 | 25230 | 2 | 14 | 70
108 | Revision_108/tcl.c | U | 73 | 81 | 9 | 25231 | 2 | 18 | 70
108 | Revision_108/awk.c | U | 71 | 79 | 9 | 25232 | 2 | 10 | 70
108 | Revision_108/beta.c | U | 313 | 321 | 9 | 25233 | 2 | 5 | 70
108 | Revision_108/rexx.c | U | 30 | 37 | 9 | 25234 | 2 | 26 | 70
108 | Revision_108/make.c | U | 91 | 101 | 9 | 25235 | 2 | 25 | 70
108 | Revision_108/slang.c | U | 34 | 41 | 9 | 25236 | 2 | 24 | 70
108 | Revision_108/yacc.c | U | 31 | 38 | 9 | 25237 | 2 | 23 | 70
108 | Revision_108/keyword.c | U | 107 | 116 | 9 | 25238 | 2 | 27 | 70
108 | Revision_108/c.c | U | 1795 | 1800 | 9 | 25239 | 2 | 28 | 70
108 | Revision_108/options.c | U | 613 | 619 | 9 | 25240 | 2 | 29 | 70
108 | Revision_108/options.c | U | 520 | 525 | 9 | 25241 | 2 | 30 | 70
108 | Revision_108/c.c | U | 1820 | 1828 | 9 | 25242 | 2 | 31 | 70
108 | Revision_108/options.c | U | 1156 | 1166 | 9 | 25243 | 2 | 32 | 70
108 | Revision_108/asp.c | U | 69 | 88 | 15 | 25244 | 3 | 33 | 100
108 | Revision_108/asp.c | U | 92 | 111 | 15 | 25245 | 3 | 34 | 100
108 | Revision_108/asp.c | U | 115 | 131 | 13 | 25246 | 4 | 35 | 72
108 | Revision_108/tcl.c | U | 55 | 67 | 13 | 25247 | 4 | 39 | 72
108 | Revision_108/php.c | U | 78 | 91 | 13 | 25248 | 4 | 40 | 72
108 | Revision_108/python.c | U | 63 | 78 | 13 | 25249 | 4 | 37 | 72
108 | Revision_108/asp.c | U | 135 | 150 | 13 | 25250 | 4 | 36 | 72
108 | Revision_108/ruby.c | U | 94 | 118 | 13 | 25251 | 4 | 41 | 72
108 | Revision_108/ruby.c | U | 77 | 92 | 13 | 25252 | 4 | 42 | 72
108 | Revision_108/python.c | U | 80 | 95 | 13 | 25253 | 4 | 38 | 72
108 | Revision_108/args.c | U | 85 | 92 | 8 | 25254 | 5 | 43 | 100
108 | Revision_108/args.c | U | 159 | 166 | 8 | 25255 | 5 | 44 | 100
108 | Revision_108/args.c | U | 181 | 189 | 9 | 25256 | 6 | 45 | 75
108 | Revision_108/args.c | U | 192 | 199 | 9 | 25257 | 6 | 46 | 75
108 | Revision_108/args.c | U | 202 | 210 | 9 | 25258 | 6 | 47 | 75
108 | Revision_108/args.c | U | 265 | 271 | 6 | 25259 | 7 | 48 | 80
108 | Revision_108/options.c | U | 566 | 571 | 6 | 25260 | 7 | 49 | 80
108 | Revision_108/fortran.c | U | 781 | 786 | 6 | 25261 | 7 | 50 | 80
108 | Revision_108/c.c | U | 403 | 409 | 7 | 25262 | 8 | 51 | 80
108 | Revision_108/vstring.c | U | 67 | 74 | 7 | 25263 | 8 | 52 | 80
108 | Revision_108/c.c | U | 412 | 419 | 6 | 25264 | 9 | 53 | 80
108 | Revision_108/c.c | U | 422 | 429 | 6 | 25265 | 9 | 54 | 80
108 | Revision_108/c.c | U | 531 | 547 | 16 | 25266 | 10 | 55 | 70
108 | Revision_108/fortran.c | U | 1393 | 1409 | 16 | 25267 | 10 | 59 | 70
108 | Revision_108/c.c | U | 550 | 566 | 16 | 25268 | 10 | 57 | 70
108 | Revision_108/fortran.c | U | 931 | 949 | 16 | 25269 | 10 | 58 | 70
108 | Revision_108/c.c | U | 992 | 1005 | 16 | 25270 | 10 | 56 | 70
108 | Revision_108/c.c | U | 925 | 942 | 16 | 25271 | 10 | 60 | 70
108 | Revision_108/fortran.c | U | 1464 | 1478 | 16 | 25272 | 10 | 66 | 70
108 | Revision_108/c.c | U | 2115 | 2134 | 16 | 25273 | 10 | 61 | 70
108 | Revision_108/fortran.c | U | 934 | 947 | 16 | 25274 | 10 | 62 | 70
108 | Revision_108/c.c | U | 928 | 940 | 16 | 25275 | 10 | 63 | 70
108 | Revision_108/c.c | U | 553 | 564 | 16 | 25276 | 10 | 64 | 70
108 | Revision_108/fortran.c | U | 1396 | 1407 | 16 | 25277 | 10 | 65 | 70
108 | Revision_108/eiffel.c | U | 903 | 945 | 16 | 25278 | 10 | 248 | 70
108 | Revision_108/c.c | U | 2117 | 2131 | 16 | 25279 | 10 | 69 | 70
108 | Revision_108/c.c | U | 534 | 545 | 16 | 25280 | 10 | 71 | 70
108 | Revision_108/c.c | U | 583 | 603 | 20 | 25281 | 11 | 72 | 73
108 | Revision_108/c.c | U | 678 | 686 | 20 | 25282 | 11 | 73 | 73
108 | Revision_108/c.c | U | 613 | 619 | 8 | 25283 | 12 | 74 | 71
108 | Revision_108/options.c | U | 463 | 470 | 8 | 25284 | 12 | 75 | 71
108 | Revision_108/c.c | U | 642 | 646 | 5 | 25285 | 13 | 76 | 75
108 | Revision_108/eiffel.c | U | 663 | 667 | 5 | 25286 | 13 | 249 | 75
108 | Revision_108/fortran.c | U | 1161 | 1165 | 5 | 25287 | 13 | 79 | 75
108 | Revision_108/c.c | U | 1723 | 1727 | 5 | 25288 | 13 | 80 | 75
108 | Revision_108/fortran.c | U | 1305 | 1310 | 5 | 25289 | 13 | 78 | 75
108 | Revision_108/eiffel.c | U | 650 | 654 | 5 | 25290 | 13 | 250 | 75
108 | Revision_108/fortran.c | U | 1116 | 1120 | 5 | 25291 | 13 | 81 | 75
108 | Revision_108/fortran.c | U | 1236 | 1240 | 5 | 25292 | 13 | 83 | 75
108 | Revision_108/fortran.c | U | 1125 | 1129 | 5 | 25293 | 13 | 85 | 75
108 | Revision_108/fortran.c | U | 1144 | 1149 | 5 | 25294 | 13 | 84 | 75
108 | Revision_108/c.c | U | 2166 | 2170 | 5 | 25295 | 13 | 86 | 75
108 | Revision_108/eiffel.c | U | 961 | 965 | 5 | 25296 | 13 | 82 | 75
108 | Revision_108/eiffel.c | U | 1012 | 1016 | 5 | 25297 | 13 | 82 | 75
108 | Revision_108/eiffel.c | U | 872 | 876 | 5 | 25298 | 13 | 245 | 75
108 | Revision_108/c.c | U | 1749 | 1754 | 5 | 25299 | 13 | 88 | 75
108 | Revision_108/readtags.c | U | 119 | 123 | 5 | 25300 | 13 | 87 | 75
108 | Revision_108/c.c | U | 1766 | 1770 | 5 | 25301 | 13 | 125 | 75
108 | Revision_108/strlist.c | U | 134 | 138 | 5 | 25302 | 13 | 126 | 75
108 | Revision_108/eiffel.c | U | 846 | 851 | 5 | 25303 | 13 | 151 | 75
108 | Revision_108/c.c | U | 2229 | 2234 | 5 | 25304 | 13 | 94 | 75
108 | Revision_108/eiffel.c | U | 1030 | 1034 | 5 | 25305 | 13 | 151 | 75
108 | Revision_108/fortran.c | U | 467 | 471 | 5 | 25306 | 13 | 95 | 75
108 | Revision_108/eiffel.c | U | 1043 | 1047 | 5 | 25307 | 13 | 92 | 75
108 | Revision_108/c.c | U | 2158 | 2163 | 5 | 25308 | 13 | 96 | 75
108 | Revision_108/keyword.c | U | 185 | 189 | 5 | 25309 | 13 | 91 | 75
108 | Revision_108/options.c | U | 797 | 801 | 5 | 25310 | 13 | 89 | 75
108 | Revision_108/vstring.c | U | 35 | 40 | 5 | 25311 | 13 | 98 | 75
108 | Revision_108/c.c | U | 1785 | 1792 | 5 | 25312 | 13 | 244 | 75
108 | Revision_108/options.c | U | 507 | 511 | 5 | 25313 | 13 | 97 | 75
108 | Revision_108/options.c | U | 661 | 665 | 5 | 25314 | 13 | 127 | 75
108 | Revision_108/fortran.c | U | 857 | 861 | 5 | 25315 | 13 | 128 | 75
108 | Revision_108/eiffel.c | U | 1060 | 1069 | 5 | 25316 | 13 | 101 | 75
108 | Revision_108/options.c | U | 909 | 913 | 5 | 25317 | 13 | 129 | 75
108 | Revision_108/c.c | U | 675 | 688 | 27 | 25318 | 14 | 102 | 78
108 | Revision_108/c.c | U | 723 | 739 | 27 | 25319 | 14 | 103 | 78
108 | Revision_108/c.c | U | 691 | 698 | 8 | 25320 | 15 | 104 | 85
108 | Revision_108/c.c | U | 701 | 708 | 8 | 25321 | 15 | 105 | 85
108 | Revision_108/c.c | U | 1051 | 1059 | 7 | 25322 | 16 | 106 | 83
108 | Revision_108/fortran.c | U | 375 | 383 | 7 | 25323 | 16 | 107 | 83
108 | Revision_108/c.c | U | 1097 | 1104 | 7 | 25324 | 17 | 108 | 80
108 | Revision_108/c.c | U | 1106 | 1113 | 7 | 25325 | 17 | 109 | 80
108 | Revision_108/c.c | U | 1127 | 1134 | 7 | 25326 | 18 | 110 | 83
108 | Revision_108/fortran.c | U | 500 | 506 | 7 | 25327 | 18 | 112 | 83
108 | Revision_108/c.c | U | 1137 | 1144 | 7 | 25328 | 18 | 111 | 83
108 | Revision_108/c.c | U | 1185 | 1200 | 11 | 25329 | 19 | 113 | 72
108 | Revision_108/fortran.c | U | 710 | 721 | 11 | 25330 | 19 | 116 | 72
108 | Revision_108/eiffel.c | U | 562 | 574 | 11 | 25331 | 19 | 114 | 72
108 | Revision_108/c.c | U | 1203 | 1216 | 11 | 25332 | 19 | 115 | 72
108 | Revision_108/eiffel.c | U | 577 | 589 | 11 | 25333 | 19 | 117 | 72
108 | Revision_108/c.c | U | 1486 | 1490 | 5 | 25334 | 20 | 118 | 75
108 | Revision_108/eiffel.c | U | 409 | 413 | 5 | 25335 | 20 | 119 | 75
108 | Revision_108/fortran.c | U | 667 | 671 | 5 | 25336 | 20 | 120 | 75
108 | Revision_108/c.c | U | 1615 | 1619 | 5 | 25337 | 21 | 121 | 75
108 | Revision_108/get.c | U | 558 | 562 | 5 | 25338 | 21 | 122 | 75
108 | Revision_108/c.c | U | 2267 | 2276 | 9 | 25339 | 22 | 130 | 85
108 | Revision_108/fortran.c | U | 310 | 319 | 9 | 25340 | 22 | 132 | 85
108 | Revision_108/eiffel.c | U | 213 | 222 | 9 | 25341 | 22 | 131 | 85
108 | Revision_108/eiffel.c | U | 277 | 291 | 9 | 25342 | 23 | 133 | 71
108 | Revision_108/beta.c | U | 70 | 81 | 9 | 25343 | 23 | 134 | 71
108 | Revision_108/parse.c | U | 46 | 57 | 9 | 25344 | 23 | 135 | 71
108 | Revision_108/eiffel.c | U | 279 | 289 | 9 | 25345 | 23 | 136 | 71
108 | Revision_108/eiffel.c | U | 372 | 397 | 23 | 25346 | 24 | 139 | 75
108 | Revision_108/fortran.c | U | 625 | 655 | 23 | 25347 | 24 | 140 | 75
108 | Revision_108/eiffel.c | U | 400 | 425 | 20 | 25348 | 25 | 141 | 94
108 | Revision_108/fortran.c | U | 658 | 683 | 20 | 25349 | 25 | 142 | 94
108 | Revision_108/eiffel.c | U | 537 | 541 | 5 | 25350 | 26 | 143 | 75
108 | Revision_108/fortran.c | U | 836 | 840 | 5 | 25351 | 26 | 145 | 75
108 | Revision_108/fortran.c | U | 647 | 651 | 5 | 25352 | 26 | 144 | 75
108 | Revision_108/eiffel.c | U | 592 | 602 | 9 | 25353 | 27 | 146 | 100
108 | Revision_108/fortran.c | U | 748 | 758 | 9 | 25354 | 27 | 147 | 100
108 | Revision_108/eiffel.c | U | 710 | 717 | 8 | 25355 | 28 | 148 | 100
108 | Revision_108/fortran.c | U | 878 | 885 | 8 | 25356 | 28 | 149 | 100
108 | Revision_108/eiffel.c | U | 834 | 852 | 14 | 25357 | 29 | 251 | 72
108 | Revision_108/eiffel.c | U | 856 | 878 | 14 | 25358 | 29 | 252 | 72
108 | Revision_108/eiffel.c | U | 1006 | 1019 | 14 | 25359 | 29 | 253 | 72
108 | Revision_108/eiffel.c | U | 1057 | 1070 | 9 | 25360 | 30 | 156 | 71
108 | Revision_108/fortran.c | U | 1528 | 1535 | 9 | 25361 | 30 | 153 | 71
108 | Revision_108/eiffel.c | U | 1169 | 1181 | 10 | 25362 | 31 | 157 | 100
108 | Revision_108/fortran.c | U | 724 | 735 | 10 | 25363 | 31 | 158 | 100
108 | Revision_108/vim.c | U | 83 | 98 | 16 | 25364 | 32 | 159 | 76
108 | Revision_108/vim.c | U | 106 | 125 | 16 | 25365 | 32 | 160 | 76
108 | Revision_108/python.c | U | 41 | 105 | 56 | 25366 | 33 | 161 | 85
108 | Revision_108/ruby.c | U | 43 | 128 | 56 | 25367 | 33 | 162 | 85
108 | Revision_108/perl.c | U | 56 | 60 | 5 | 25368 | 34 | 163 | 75
108 | Revision_108/pascal.c | U | 132 | 136 | 5 | 25369 | 34 | 164 | 75
108 | Revision_108/strlist.c | U | 32 | 38 | 8 | 25370 | 35 | 165 | 71
108 | Revision_108/vstring.c | U | 77 | 87 | 8 | 25371 | 35 | 166 | 71
108 | Revision_108/strlist.c | U | 147 | 154 | 8 | 25372 | 36 | 167 | 85
108 | Revision_108/strlist.c | U | 158 | 165 | 8 | 25373 | 36 | 168 | 85
108 | Revision_108/strlist.c | U | 169 | 176 | 8 | 25374 | 36 | 169 | 85
108 | Revision_108/pascal.c | U | 172 | 178 | 6 | 25375 | 37 | 170 | 100
108 | Revision_108/pascal.c | U | 180 | 186 | 6 | 25376 | 37 | 171 | 100
108 | Revision_108/awk.c | U | 47 | 65 | 17 | 25377 | 38 | 172 | 73
108 | Revision_108/php.c | U | 55 | 75 | 17 | 25378 | 38 | 173 | 73
108 | Revision_108/get.c | U | 300 | 312 | 10 | 25379 | 39 | 174 | 70
108 | Revision_108/read.c | U | 213 | 224 | 10 | 25380 | 39 | 176 | 70
108 | Revision_108/parse.c | U | 559 | 573 | 10 | 25381 | 39 | 175 | 70
108 | Revision_108/get.c | U | 441 | 452 | 10 | 25382 | 40 | 177 | 72
108 | Revision_108/get.c | U | 458 | 469 | 10 | 25383 | 40 | 178 | 72
108 | Revision_108/get.c | U | 475 | 491 | 10 | 25384 | 40 | 179 | 72
108 | Revision_108/get.c | U | 505 | 510 | 6 | 25385 | 41 | 180 | 80
108 | Revision_108/read.c | U | 413 | 417 | 6 | 25386 | 41 | 181 | 80
108 | Revision_108/routines.c | U | 210 | 217 | 6 | 25387 | 42 | 254 | 80
108 | Revision_108/routines.c | U | 220 | 227 | 6 | 25388 | 42 | 255 | 80
108 | Revision_108/routines.c | U | 255 | 262 | 8 | 25389 | 43 | 256 | 83
108 | Revision_108/routines.c | U | 267 | 274 | 8 | 25390 | 43 | 257 | 83
108 | Revision_108/readtags.c | U | 496 | 503 | 8 | 25391 | 43 | 123 | 83
108 | Revision_108/readtags.c | U | 508 | 515 | 8 | 25392 | 43 | 238 | 83
108 | Revision_108/routines.c | U | 292 | 296 | 5 | 25393 | 44 | 258 | 75
108 | Revision_108/vstring.c | U | 116 | 120 | 5 | 25394 | 44 | 188 | 75
108 | Revision_108/vstring.c | U | 109 | 113 | 5 | 25395 | 44 | 189 | 75
108 | Revision_108/routines.c | U | 299 | 305 | 6 | 25396 | 45 | 259 | 100
108 | Revision_108/routines.c | U | 308 | 314 | 6 | 25397 | 45 | 260 | 100
108 | Revision_108/routines.c | U | 319 | 326 | 8 | 25398 | 46 | 261 | 100
108 | Revision_108/routines.c | U | 331 | 338 | 8 | 25399 | 46 | 262 | 100
108 | Revision_108/routines.c | U | 378 | 386 | 7 | 25400 | 47 | 263 | 83
108 | Revision_108/routines.c | U | 404 | 412 | 7 | 25401 | 47 | 265 | 83
108 | Revision_108/routines.c | U | 440 | 452 | 7 | 25402 | 47 | 264 | 83
108 | Revision_108/routines.c | U | 389 | 401 | 7 | 25403 | 47 | 266 | 83
108 | Revision_108/routines.c | U | 476 | 489 | 5 | 25404 | 48 | 267 | 75
108 | Revision_108/routines.c | U | 550 | 573 | 5 | 25405 | 48 | 268 | 75
108 | Revision_108/beta.c | U | 135 | 142 | 6 | 25406 | 49 | 201 | 75
108 | Revision_108/beta.c | U | 207 | 215 | 6 | 25407 | 49 | 202 | 75
108 | Revision_108/beta.c | U | 153 | 157 | 5 | 25408 | 50 | 203 | 75
108 | Revision_108/beta.c | U | 166 | 170 | 5 | 25409 | 50 | 204 | 75
108 | Revision_108/beta.c | U | 159 | 163 | 5 | 25410 | 50 | 206 | 75
108 | Revision_108/beta.c | U | 280 | 284 | 5 | 25411 | 50 | 205 | 75
108 | Revision_108/beta.c | U | 274 | 278 | 5 | 25412 | 50 | 207 | 75
108 | Revision_108/parse.c | U | 98 | 108 | 11 | 25413 | 51 | 208 | 88
108 | Revision_108/parse.c | U | 111 | 122 | 11 | 25414 | 51 | 209 | 88
108 | Revision_108/readtags.c | U | 459 | 463 | 5 | 25415 | 52 | 90 | 75
108 | Revision_108/readtags.c | U | 649 | 653 | 5 | 25416 | 52 | 99 | 75
108 | Revision_108/readtags.c | U | 522 | 528 | 6 | 25417 | 53 | 239 | 100
108 | Revision_108/readtags.c | U | 530 | 536 | 6 | 25418 | 53 | 240 | 100
108 | Revision_108/readtags.c | U | 565 | 569 | 6 | 25419 | 54 | 123 | 75
108 | Revision_108/readtags.c | U | 620 | 626 | 6 | 25420 | 54 | 124 | 75
108 | Revision_108/readtags.c | U | 685 | 693 | 8 | 25421 | 55 | 210 | 83
108 | Revision_108/readtags.c | U | 729 | 737 | 8 | 25422 | 55 | 211 | 83
108 | Revision_108/readtags.c | U | 696 | 701 | 6 | 25423 | 56 | 212 | 80
108 | Revision_108/readtags.c | U | 721 | 726 | 6 | 25424 | 56 | 241 | 80
108 | Revision_108/readtags.c | U | 713 | 718 | 6 | 25425 | 56 | 242 | 80
108 | Revision_108/fortran.c | U | 1015 | 1023 | 8 | 25426 | 57 | 214 | 83
108 | Revision_108/fortran.c | U | 1026 | 1035 | 8 | 25427 | 57 | 215 | 83
108 | Revision_108/fortran.c | U | 1107 | 1122 | 16 | 25428 | 58 | 216 | 92
108 | Revision_108/fortran.c | U | 1228 | 1242 | 16 | 25429 | 58 | 217 | 92
108 | Revision_108/fortran.c | U | 1363 | 1382 | 28 | 25430 | 59 | 218 | 73
108 | Revision_108/fortran.c | U | 1608 | 1624 | 28 | 25431 | 59 | 219 | 73
108 | Revision_108/fortran.c | U | 1432 | 1447 | 15 | 25432 | 60 | 220 | 78
108 | Revision_108/fortran.c | U | 1497 | 1511 | 15 | 25433 | 60 | 221 | 78
108 | Revision_108/scheme.c | U | 70 | 78 | 8 | 25434 | 61 | 222 | 71
108 | Revision_108/scheme.c | U | 85 | 93 | 8 | 25435 | 61 | 223 | 71
108 | Revision_108/options.c | U | 357 | 363 | 6 | 25436 | 62 | 224 | 100
108 | Revision_108/options.c | U | 366 | 372 | 6 | 25437 | 62 | 225 | 100
108 | Revision_108/options.c | U | 530 | 536 | 7 | 25438 | 63 | 226 | 100
108 | Revision_108/options.c | U | 557 | 563 | 7 | 25439 | 63 | 227 | 100
108 | Revision_108/options.c | U | 548 | 554 | 7 | 25440 | 63 | 228 | 100
108 | Revision_108/options.c | U | 539 | 545 | 7 | 25441 | 63 | 229 | 100
108 | Revision_108/options.c | U | 739 | 743 | 5 | 25442 | 64 | 230 | 75
108 | Revision_108/options.c | U | 765 | 769 | 5 | 25443 | 64 | 231 | 75
108 | Revision_108/options.c | U | 857 | 861 | 5 | 25444 | 65 | 232 | 100
108 | Revision_108/options.c | U | 863 | 867 | 5 | 25445 | 65 | 233 | 100
108 | Revision_108/options.c | U | 995 | 1000 | 6 | 25446 | 66 | 234 | 80
108 | Revision_108/options.c | U | 1133 | 1138 | 6 | 25447 | 66 | 235 | 80
108 | Revision_108/options.c | U | 1273 | 1290 | 15 | 25448 | 67 | 236 | 91
108 | Revision_108/options.c | U | 1315 | 1332 | 15 | 25449 | 67 | 237 | 91
