Revision | filePath | changeType | StartLine | EndLine | Nlines | cloneId | classId | globalCloneId | Similarity
128 | Revision_128/lisp.c | U | 91 | 97 | 7 | 29975 | 1 | 1 | 83
128 | Revision_128/lisp.c | U | 112 | 118 | 7 | 29976 | 1 | 2 | 83
128 | Revision_128/lisp.c | U | 127 | 137 | 9 | 29977 | 2 | 3 | 70
128 | Revision_128/c.c | U | 2309 | 2324 | 9 | 29978 | 2 | 8 | 70
128 | Revision_128/asp.c | U | 161 | 169 | 9 | 29979 | 2 | 4 | 70
128 | Revision_128/scheme.c | U | 99 | 109 | 9 | 29980 | 2 | 16 | 70
128 | Revision_128/beta.c | U | 312 | 320 | 9 | 29981 | 2 | 5 | 70
128 | Revision_128/ruby.c | U | 131 | 139 | 9 | 29982 | 2 | 19 | 70
128 | Revision_128/c.c | U | 2297 | 2306 | 9 | 29983 | 2 | 12 | 70
128 | Revision_128/python.c | U | 108 | 116 | 9 | 29984 | 2 | 13 | 70
128 | Revision_128/php.c | U | 98 | 106 | 9 | 29985 | 2 | 22 | 70
128 | Revision_128/vim.c | U | 131 | 139 | 9 | 29986 | 2 | 20 | 70
128 | Revision_128/c.c | U | 2327 | 2336 | 9 | 29987 | 2 | 15 | 70
128 | Revision_128/asm.c | U | 131 | 140 | 9 | 29988 | 2 | 270 | 70
128 | Revision_128/sh.c | U | 98 | 108 | 9 | 29989 | 2 | 17 | 70
128 | Revision_128/perl.c | U | 108 | 116 | 9 | 29990 | 2 | 7 | 70
128 | Revision_128/cobol.c | U | 72 | 80 | 9 | 29991 | 2 | 11 | 70
128 | Revision_128/tcl.c | U | 73 | 81 | 9 | 29992 | 2 | 18 | 70
128 | Revision_128/eiffel.c | U | 1221 | 1230 | 9 | 29993 | 2 | 9 | 70
128 | Revision_128/awk.c | U | 71 | 79 | 9 | 29994 | 2 | 10 | 70
128 | Revision_128/lua.c | U | 123 | 131 | 9 | 29995 | 2 | 243 | 70
128 | Revision_128/fortran.c | U | 1667 | 1682 | 9 | 29996 | 2 | 21 | 70
128 | Revision_128/pascal.c | U | 246 | 254 | 9 | 29997 | 2 | 14 | 70
128 | Revision_128/make.c | U | 91 | 101 | 9 | 29998 | 2 | 25 | 70
128 | Revision_128/yacc.c | U | 31 | 38 | 9 | 29999 | 2 | 23 | 70
128 | Revision_128/slang.c | U | 34 | 41 | 9 | 30000 | 2 | 24 | 70
128 | Revision_128/rexx.c | U | 30 | 37 | 9 | 30001 | 2 | 26 | 70
128 | Revision_128/keyword.c | U | 107 | 116 | 9 | 30002 | 2 | 27 | 70
128 | Revision_128/options.c | U | 613 | 619 | 9 | 30003 | 2 | 29 | 70
128 | Revision_128/c.c | U | 1795 | 1800 | 9 | 30004 | 2 | 28 | 70
128 | Revision_128/c.c | U | 1820 | 1828 | 9 | 30005 | 2 | 31 | 70
128 | Revision_128/options.c | U | 520 | 525 | 9 | 30006 | 2 | 30 | 70
128 | Revision_128/options.c | U | 1156 | 1166 | 9 | 30007 | 2 | 32 | 70
128 | Revision_128/asp.c | U | 69 | 88 | 15 | 30008 | 3 | 33 | 100
128 | Revision_128/asp.c | U | 92 | 111 | 15 | 30009 | 3 | 34 | 100
128 | Revision_128/asp.c | U | 115 | 131 | 13 | 30010 | 4 | 35 | 72
128 | Revision_128/python.c | U | 63 | 78 | 13 | 30011 | 4 | 37 | 72
128 | Revision_128/python.c | U | 80 | 95 | 13 | 30012 | 4 | 38 | 72
128 | Revision_128/ruby.c | U | 77 | 92 | 13 | 30013 | 4 | 42 | 72
128 | Revision_128/ruby.c | U | 94 | 118 | 13 | 30014 | 4 | 41 | 72
128 | Revision_128/asp.c | U | 135 | 150 | 13 | 30015 | 4 | 36 | 72
128 | Revision_128/tcl.c | U | 55 | 67 | 13 | 30016 | 4 | 39 | 72
128 | Revision_128/php.c | U | 78 | 91 | 13 | 30017 | 4 | 40 | 72
128 | Revision_128/args.c | U | 85 | 92 | 8 | 30018 | 5 | 43 | 100
128 | Revision_128/args.c | U | 159 | 166 | 8 | 30019 | 5 | 44 | 100
128 | Revision_128/args.c | U | 181 | 189 | 9 | 30020 | 6 | 45 | 75
128 | Revision_128/args.c | U | 192 | 199 | 9 | 30021 | 6 | 46 | 75
128 | Revision_128/args.c | U | 202 | 210 | 9 | 30022 | 6 | 47 | 75
128 | Revision_128/args.c | U | 265 | 271 | 6 | 30023 | 7 | 48 | 80
128 | Revision_128/options.c | U | 566 | 571 | 6 | 30024 | 7 | 49 | 80
128 | Revision_128/fortran.c | U | 781 | 786 | 6 | 30025 | 7 | 50 | 80
128 | Revision_128/c.c | U | 403 | 409 | 7 | 30026 | 8 | 51 | 80
128 | Revision_128/vstring.c | U | 67 | 74 | 7 | 30027 | 8 | 52 | 80
128 | Revision_128/c.c | U | 412 | 419 | 6 | 30028 | 9 | 53 | 80
128 | Revision_128/c.c | U | 422 | 429 | 6 | 30029 | 9 | 54 | 80
128 | Revision_128/c.c | U | 531 | 547 | 16 | 30030 | 10 | 55 | 70
128 | Revision_128/c.c | U | 925 | 942 | 16 | 30031 | 10 | 57 | 70
128 | Revision_128/c.c | U | 992 | 1005 | 16 | 30032 | 10 | 56 | 70
128 | Revision_128/fortran.c | U | 931 | 949 | 16 | 30033 | 10 | 58 | 70
128 | Revision_128/c.c | U | 550 | 566 | 16 | 30034 | 10 | 60 | 70
128 | Revision_128/fortran.c | U | 1393 | 1409 | 16 | 30035 | 10 | 59 | 70
128 | Revision_128/fortran.c | U | 1396 | 1407 | 16 | 30036 | 10 | 65 | 70
128 | Revision_128/fortran.c | U | 934 | 947 | 16 | 30037 | 10 | 62 | 70
128 | Revision_128/c.c | U | 553 | 564 | 16 | 30038 | 10 | 63 | 70
128 | Revision_128/c.c | U | 2115 | 2134 | 16 | 30039 | 10 | 61 | 70
128 | Revision_128/c.c | U | 928 | 940 | 16 | 30040 | 10 | 64 | 70
128 | Revision_128/fortran.c | U | 1464 | 1478 | 16 | 30041 | 10 | 66 | 70
128 | Revision_128/c.c | U | 2117 | 2131 | 16 | 30042 | 10 | 69 | 70
128 | Revision_128/eiffel.c | U | 905 | 947 | 16 | 30043 | 10 | 248 | 70
128 | Revision_128/c.c | U | 534 | 545 | 16 | 30044 | 10 | 71 | 70
128 | Revision_128/c.c | U | 583 | 603 | 20 | 30045 | 11 | 72 | 73
128 | Revision_128/c.c | U | 678 | 686 | 20 | 30046 | 11 | 73 | 73
128 | Revision_128/c.c | U | 613 | 619 | 8 | 30047 | 12 | 74 | 71
128 | Revision_128/options.c | U | 463 | 470 | 8 | 30048 | 12 | 75 | 71
128 | Revision_128/c.c | U | 642 | 646 | 5 | 30049 | 13 | 76 | 75
128 | Revision_128/c.c | U | 1723 | 1727 | 5 | 30050 | 13 | 80 | 75
128 | Revision_128/fortran.c | U | 1161 | 1165 | 5 | 30051 | 13 | 79 | 75
128 | Revision_128/fortran.c | U | 1305 | 1310 | 5 | 30052 | 13 | 78 | 75
128 | Revision_128/eiffel.c | U | 673 | 677 | 5 | 30053 | 13 | 249 | 75
128 | Revision_128/c.c | U | 1749 | 1754 | 5 | 30054 | 13 | 88 | 75
128 | Revision_128/readtags.c | U | 119 | 123 | 5 | 30055 | 13 | 87 | 75
128 | Revision_128/fortran.c | U | 1125 | 1129 | 5 | 30056 | 13 | 85 | 75
128 | Revision_128/fortran.c | U | 1144 | 1149 | 5 | 30057 | 13 | 84 | 75
128 | Revision_128/eiffel.c | U | 963 | 967 | 5 | 30058 | 13 | 269 | 75
128 | Revision_128/fortran.c | U | 1236 | 1240 | 5 | 30059 | 13 | 81 | 75
128 | Revision_128/fortran.c | U | 1116 | 1120 | 5 | 30060 | 13 | 83 | 75
128 | Revision_128/eiffel.c | U | 1014 | 1018 | 5 | 30061 | 13 | 269 | 75
128 | Revision_128/eiffel.c | U | 874 | 878 | 5 | 30062 | 13 | 269 | 75
128 | Revision_128/c.c | U | 2166 | 2170 | 5 | 30063 | 13 | 86 | 75
128 | Revision_128/eiffel.c | U | 660 | 664 | 5 | 30064 | 13 | 250 | 75
128 | Revision_128/vstring.c | U | 35 | 40 | 5 | 30065 | 13 | 98 | 75
128 | Revision_128/c.c | U | 1785 | 1792 | 5 | 30066 | 13 | 244 | 75
128 | Revision_128/options.c | U | 507 | 511 | 5 | 30067 | 13 | 97 | 75
128 | Revision_128/fortran.c | U | 467 | 471 | 5 | 30068 | 13 | 95 | 75
128 | Revision_128/c.c | U | 2229 | 2234 | 5 | 30069 | 13 | 94 | 75
128 | Revision_128/eiffel.c | U | 848 | 853 | 5 | 30070 | 13 | 151 | 75
128 | Revision_128/eiffel.c | U | 1033 | 1037 | 5 | 30071 | 13 | 151 | 75
128 | Revision_128/keyword.c | U | 185 | 189 | 5 | 30072 | 13 | 91 | 75
128 | Revision_128/options.c | U | 797 | 801 | 5 | 30073 | 13 | 89 | 75
128 | Revision_128/c.c | U | 2158 | 2163 | 5 | 30074 | 13 | 96 | 75
128 | Revision_128/strlist.c | U | 134 | 138 | 5 | 30075 | 13 | 126 | 75
128 | Revision_128/c.c | U | 1766 | 1770 | 5 | 30076 | 13 | 125 | 75
128 | Revision_128/eiffel.c | U | 1068 | 1077 | 5 | 30077 | 13 | 101 | 75
128 | Revision_128/fortran.c | U | 857 | 861 | 5 | 30078 | 13 | 128 | 75
128 | Revision_128/options.c | U | 661 | 665 | 5 | 30079 | 13 | 127 | 75
128 | Revision_128/options.c | U | 909 | 913 | 5 | 30080 | 13 | 129 | 75
128 | Revision_128/c.c | U | 675 | 688 | 27 | 30081 | 14 | 102 | 78
128 | Revision_128/c.c | U | 723 | 739 | 27 | 30082 | 14 | 103 | 78
128 | Revision_128/c.c | U | 691 | 698 | 8 | 30083 | 15 | 104 | 85
128 | Revision_128/c.c | U | 701 | 708 | 8 | 30084 | 15 | 105 | 85
128 | Revision_128/c.c | U | 1051 | 1059 | 7 | 30085 | 16 | 106 | 83
128 | Revision_128/fortran.c | U | 375 | 383 | 7 | 30086 | 16 | 107 | 83
128 | Revision_128/c.c | U | 1097 | 1104 | 7 | 30087 | 17 | 108 | 80
128 | Revision_128/c.c | U | 1106 | 1113 | 7 | 30088 | 17 | 109 | 80
128 | Revision_128/c.c | U | 1127 | 1134 | 7 | 30089 | 18 | 110 | 83
128 | Revision_128/c.c | U | 1137 | 1144 | 7 | 30090 | 18 | 111 | 83
128 | Revision_128/fortran.c | U | 500 | 506 | 7 | 30091 | 18 | 112 | 83
128 | Revision_128/c.c | U | 1185 | 1200 | 11 | 30092 | 19 | 113 | 72
128 | Revision_128/eiffel.c | U | 572 | 584 | 11 | 30093 | 19 | 114 | 72
128 | Revision_128/c.c | U | 1203 | 1216 | 11 | 30094 | 19 | 115 | 72
128 | Revision_128/fortran.c | U | 710 | 721 | 11 | 30095 | 19 | 116 | 72
128 | Revision_128/eiffel.c | U | 587 | 599 | 11 | 30096 | 19 | 117 | 72
128 | Revision_128/c.c | U | 1486 | 1490 | 5 | 30097 | 20 | 118 | 75
128 | Revision_128/fortran.c | U | 667 | 671 | 5 | 30098 | 20 | 120 | 75
128 | Revision_128/eiffel.c | U | 419 | 423 | 5 | 30099 | 20 | 119 | 75
128 | Revision_128/c.c | U | 1615 | 1619 | 5 | 30100 | 21 | 121 | 75
128 | Revision_128/get.c | U | 558 | 562 | 5 | 30101 | 21 | 122 | 75
128 | Revision_128/c.c | U | 2267 | 2276 | 9 | 30102 | 22 | 130 | 85
128 | Revision_128/eiffel.c | U | 215 | 224 | 9 | 30103 | 22 | 131 | 85
128 | Revision_128/fortran.c | U | 310 | 319 | 9 | 30104 | 22 | 132 | 85
128 | Revision_128/eiffel.c | U | 287 | 301 | 9 | 30105 | 23 | 133 | 71
128 | Revision_128/beta.c | U | 70 | 81 | 9 | 30106 | 23 | 134 | 71
128 | Revision_128/parse.c | U | 46 | 57 | 9 | 30107 | 23 | 135 | 71
128 | Revision_128/eiffel.c | U | 289 | 299 | 9 | 30108 | 23 | 136 | 71
128 | Revision_128/eiffel.c | U | 382 | 407 | 23 | 30109 | 24 | 139 | 75
128 | Revision_128/fortran.c | U | 625 | 655 | 23 | 30110 | 24 | 140 | 75
128 | Revision_128/eiffel.c | U | 410 | 435 | 20 | 30111 | 25 | 141 | 94
128 | Revision_128/fortran.c | U | 658 | 683 | 20 | 30112 | 25 | 142 | 94
128 | Revision_128/eiffel.c | U | 547 | 551 | 5 | 30113 | 26 | 143 | 75
128 | Revision_128/fortran.c | U | 647 | 651 | 5 | 30114 | 26 | 144 | 75
128 | Revision_128/fortran.c | U | 836 | 840 | 5 | 30115 | 26 | 145 | 75
128 | Revision_128/eiffel.c | U | 602 | 612 | 9 | 30116 | 27 | 146 | 100
128 | Revision_128/fortran.c | U | 748 | 758 | 9 | 30117 | 27 | 147 | 100
128 | Revision_128/eiffel.c | U | 720 | 727 | 8 | 30118 | 28 | 148 | 100
128 | Revision_128/fortran.c | U | 878 | 885 | 8 | 30119 | 28 | 149 | 100
128 | Revision_128/eiffel.c | U | 836 | 854 | 14 | 30120 | 29 | 251 | 72
128 | Revision_128/eiffel.c | U | 858 | 880 | 14 | 30121 | 29 | 252 | 72
128 | Revision_128/eiffel.c | U | 1008 | 1021 | 14 | 30122 | 29 | 253 | 72
128 | Revision_128/eiffel.c | U | 1065 | 1078 | 9 | 30123 | 30 | 156 | 71
128 | Revision_128/fortran.c | U | 1528 | 1535 | 9 | 30124 | 30 | 153 | 71
128 | Revision_128/eiffel.c | U | 1175 | 1187 | 10 | 30125 | 31 | 157 | 100
128 | Revision_128/fortran.c | U | 724 | 735 | 10 | 30126 | 31 | 158 | 100
128 | Revision_128/vim.c | U | 83 | 98 | 16 | 30127 | 32 | 159 | 76
128 | Revision_128/vim.c | U | 106 | 125 | 16 | 30128 | 32 | 160 | 76
128 | Revision_128/python.c | U | 41 | 105 | 56 | 30129 | 33 | 161 | 85
128 | Revision_128/ruby.c | U | 43 | 128 | 56 | 30130 | 33 | 162 | 85
128 | Revision_128/perl.c | U | 56 | 60 | 5 | 30131 | 34 | 163 | 75
128 | Revision_128/pascal.c | U | 132 | 136 | 5 | 30132 | 34 | 164 | 75
128 | Revision_128/strlist.c | U | 32 | 38 | 8 | 30133 | 35 | 165 | 71
128 | Revision_128/vstring.c | U | 77 | 87 | 8 | 30134 | 35 | 166 | 71
128 | Revision_128/strlist.c | U | 147 | 154 | 8 | 30135 | 36 | 167 | 85
128 | Revision_128/strlist.c | U | 169 | 176 | 8 | 30136 | 36 | 168 | 85
128 | Revision_128/strlist.c | U | 158 | 165 | 8 | 30137 | 36 | 169 | 85
128 | Revision_128/pascal.c | U | 172 | 178 | 6 | 30138 | 37 | 170 | 100
128 | Revision_128/pascal.c | U | 180 | 186 | 6 | 30139 | 37 | 171 | 100
128 | Revision_128/awk.c | U | 47 | 65 | 17 | 30140 | 38 | 172 | 73
128 | Revision_128/php.c | U | 55 | 75 | 17 | 30141 | 38 | 173 | 73
128 | Revision_128/get.c | U | 300 | 312 | 10 | 30142 | 39 | 174 | 70
128 | Revision_128/parse.c | U | 559 | 573 | 10 | 30143 | 39 | 175 | 70
128 | Revision_128/read.c | U | 213 | 224 | 10 | 30144 | 39 | 176 | 70
128 | Revision_128/get.c | U | 441 | 452 | 10 | 30145 | 40 | 177 | 72
128 | Revision_128/get.c | U | 458 | 469 | 10 | 30146 | 40 | 178 | 72
128 | Revision_128/get.c | U | 475 | 491 | 10 | 30147 | 40 | 179 | 72
128 | Revision_128/get.c | U | 505 | 510 | 6 | 30148 | 41 | 180 | 80
128 | Revision_128/read.c | U | 413 | 417 | 6 | 30149 | 41 | 181 | 80
128 | Revision_128/routines.c | U | 210 | 217 | 6 | 30150 | 42 | 254 | 80
128 | Revision_128/routines.c | U | 220 | 227 | 6 | 30151 | 42 | 255 | 80
128 | Revision_128/routines.c | U | 255 | 262 | 8 | 30152 | 43 | 256 | 83
128 | Revision_128/readtags.c | U | 508 | 515 | 8 | 30153 | 43 | 123 | 83
128 | Revision_128/readtags.c | U | 496 | 503 | 8 | 30154 | 43 | 238 | 83
128 | Revision_128/routines.c | U | 267 | 274 | 8 | 30155 | 43 | 257 | 83
128 | Revision_128/routines.c | U | 292 | 296 | 5 | 30156 | 44 | 258 | 75
128 | Revision_128/vstring.c | U | 116 | 120 | 5 | 30157 | 44 | 188 | 75
128 | Revision_128/vstring.c | U | 109 | 113 | 5 | 30158 | 44 | 189 | 75
128 | Revision_128/routines.c | U | 299 | 305 | 6 | 30159 | 45 | 259 | 100
128 | Revision_128/routines.c | U | 308 | 314 | 6 | 30160 | 45 | 260 | 100
128 | Revision_128/routines.c | U | 319 | 326 | 8 | 30161 | 46 | 261 | 100
128 | Revision_128/routines.c | U | 331 | 338 | 8 | 30162 | 46 | 262 | 100
128 | Revision_128/routines.c | U | 378 | 386 | 7 | 30163 | 47 | 263 | 83
128 | Revision_128/routines.c | U | 389 | 401 | 7 | 30164 | 47 | 264 | 83
128 | Revision_128/routines.c | U | 404 | 412 | 7 | 30165 | 47 | 265 | 83
128 | Revision_128/routines.c | U | 440 | 452 | 7 | 30166 | 47 | 266 | 83
128 | Revision_128/routines.c | U | 476 | 489 | 5 | 30167 | 48 | 267 | 75
128 | Revision_128/routines.c | U | 550 | 573 | 5 | 30168 | 48 | 268 | 75
128 | Revision_128/beta.c | U | 135 | 142 | 6 | 30169 | 49 | 201 | 75
128 | Revision_128/beta.c | U | 206 | 214 | 6 | 30170 | 49 | 202 | 75
128 | Revision_128/beta.c | U | 153 | 157 | 5 | 30171 | 50 | 203 | 75
128 | Revision_128/beta.c | U | 279 | 283 | 5 | 30172 | 50 | 205 | 75
128 | Revision_128/beta.c | U | 166 | 170 | 5 | 30173 | 50 | 204 | 75
128 | Revision_128/beta.c | U | 159 | 163 | 5 | 30174 | 50 | 206 | 75
128 | Revision_128/beta.c | U | 273 | 277 | 5 | 30175 | 50 | 207 | 75
128 | Revision_128/parse.c | U | 98 | 108 | 11 | 30176 | 51 | 208 | 88
128 | Revision_128/parse.c | U | 111 | 122 | 11 | 30177 | 51 | 209 | 88
128 | Revision_128/readtags.c | U | 459 | 463 | 5 | 30178 | 52 | 90 | 75
128 | Revision_128/readtags.c | U | 649 | 653 | 5 | 30179 | 52 | 99 | 75
128 | Revision_128/readtags.c | U | 522 | 528 | 6 | 30180 | 53 | 239 | 100
128 | Revision_128/readtags.c | U | 530 | 536 | 6 | 30181 | 53 | 240 | 100
128 | Revision_128/readtags.c | U | 565 | 569 | 6 | 30182 | 54 | 123 | 75
128 | Revision_128/readtags.c | U | 620 | 626 | 6 | 30183 | 54 | 124 | 75
128 | Revision_128/readtags.c | U | 685 | 693 | 8 | 30184 | 55 | 210 | 83
128 | Revision_128/readtags.c | U | 729 | 737 | 8 | 30185 | 55 | 211 | 83
128 | Revision_128/readtags.c | U | 696 | 701 | 6 | 30186 | 56 | 212 | 80
128 | Revision_128/readtags.c | U | 713 | 718 | 6 | 30187 | 56 | 241 | 80
128 | Revision_128/readtags.c | U | 721 | 726 | 6 | 30188 | 56 | 242 | 80
128 | Revision_128/fortran.c | U | 1015 | 1023 | 8 | 30189 | 57 | 214 | 83
128 | Revision_128/fortran.c | U | 1026 | 1035 | 8 | 30190 | 57 | 215 | 83
128 | Revision_128/fortran.c | U | 1107 | 1122 | 16 | 30191 | 58 | 216 | 92
128 | Revision_128/fortran.c | U | 1228 | 1242 | 16 | 30192 | 58 | 217 | 92
128 | Revision_128/fortran.c | U | 1363 | 1382 | 28 | 30193 | 59 | 218 | 73
128 | Revision_128/fortran.c | U | 1608 | 1624 | 28 | 30194 | 59 | 219 | 73
128 | Revision_128/fortran.c | U | 1432 | 1447 | 15 | 30195 | 60 | 220 | 78
128 | Revision_128/fortran.c | U | 1497 | 1511 | 15 | 30196 | 60 | 221 | 78
128 | Revision_128/scheme.c | U | 70 | 78 | 8 | 30197 | 61 | 222 | 71
128 | Revision_128/scheme.c | U | 85 | 93 | 8 | 30198 | 61 | 223 | 71
128 | Revision_128/options.c | U | 357 | 363 | 6 | 30199 | 62 | 224 | 100
128 | Revision_128/options.c | U | 366 | 372 | 6 | 30200 | 62 | 225 | 100
128 | Revision_128/options.c | U | 530 | 536 | 7 | 30201 | 63 | 226 | 100
128 | Revision_128/options.c | U | 539 | 545 | 7 | 30202 | 63 | 227 | 100
128 | Revision_128/options.c | U | 548 | 554 | 7 | 30203 | 63 | 228 | 100
128 | Revision_128/options.c | U | 557 | 563 | 7 | 30204 | 63 | 229 | 100
128 | Revision_128/options.c | U | 739 | 743 | 5 | 30205 | 64 | 230 | 75
128 | Revision_128/options.c | U | 765 | 769 | 5 | 30206 | 64 | 231 | 75
128 | Revision_128/options.c | U | 857 | 861 | 5 | 30207 | 65 | 232 | 100
128 | Revision_128/options.c | U | 863 | 867 | 5 | 30208 | 65 | 233 | 100
128 | Revision_128/options.c | U | 995 | 1000 | 6 | 30209 | 66 | 234 | 80
128 | Revision_128/options.c | U | 1133 | 1138 | 6 | 30210 | 66 | 235 | 80
128 | Revision_128/options.c | U | 1273 | 1290 | 15 | 30211 | 67 | 236 | 91
128 | Revision_128/options.c | U | 1315 | 1332 | 15 | 30212 | 67 | 237 | 91
