Revision | filePath | changeType | StartLine | EndLine | Nlines | cloneId | classId | globalCloneId | Similarity
136 | Revision_136/lisp.c | U | 91 | 97 | 7 | 31879 | 1 | 1 | 83
136 | Revision_136/lisp.c | U | 112 | 118 | 7 | 31880 | 1 | 2 | 83
136 | Revision_136/lisp.c | U | 127 | 137 | 9 | 31881 | 2 | 3 | 70
136 | Revision_136/pascal.c | U | 246 | 254 | 9 | 31882 | 2 | 14 | 70
136 | Revision_136/awk.c | U | 71 | 79 | 9 | 31883 | 2 | 10 | 70
136 | Revision_136/c.c | U | 2297 | 2306 | 9 | 31884 | 2 | 12 | 70
136 | Revision_136/sh.c | U | 98 | 108 | 9 | 31885 | 2 | 17 | 70
136 | Revision_136/tcl.c | U | 73 | 81 | 9 | 31886 | 2 | 18 | 70
136 | Revision_136/beta.c | U | 312 | 320 | 9 | 31887 | 2 | 5 | 70
136 | Revision_136/c.c | U | 2309 | 2324 | 9 | 31888 | 2 | 8 | 70
136 | Revision_136/cobol.c | U | 72 | 80 | 9 | 31889 | 2 | 11 | 70
136 | Revision_136/lua.c | U | 123 | 131 | 9 | 31890 | 2 | 243 | 70
136 | Revision_136/c.c | U | 2327 | 2336 | 9 | 31891 | 2 | 15 | 70
136 | Revision_136/perl.c | U | 109 | 117 | 9 | 31892 | 2 | 7 | 70
136 | Revision_136/asp.c | U | 161 | 169 | 9 | 31893 | 2 | 4 | 70
136 | Revision_136/ruby.c | U | 131 | 139 | 9 | 31894 | 2 | 19 | 70
136 | Revision_136/asm.c | U | 131 | 140 | 9 | 31895 | 2 | 270 | 70
136 | Revision_136/php.c | U | 98 | 106 | 9 | 31896 | 2 | 22 | 70
136 | Revision_136/python.c | U | 108 | 116 | 9 | 31897 | 2 | 13 | 70
136 | Revision_136/vim.c | U | 131 | 139 | 9 | 31898 | 2 | 20 | 70
136 | Revision_136/scheme.c | U | 99 | 109 | 9 | 31899 | 2 | 16 | 70
136 | Revision_136/eiffel.c | U | 1222 | 1231 | 9 | 31900 | 2 | 9 | 70
136 | Revision_136/fortran.c | U | 1667 | 1682 | 9 | 31901 | 2 | 21 | 70
136 | Revision_136/rexx.c | U | 30 | 37 | 9 | 31902 | 2 | 26 | 70
136 | Revision_136/make.c | U | 91 | 101 | 9 | 31903 | 2 | 25 | 70
136 | Revision_136/yacc.c | U | 31 | 38 | 9 | 31904 | 2 | 23 | 70
136 | Revision_136/slang.c | U | 34 | 41 | 9 | 31905 | 2 | 24 | 70
136 | Revision_136/keyword.c | U | 107 | 116 | 9 | 31906 | 2 | 27 | 70
136 | Revision_136/options.c | U | 613 | 619 | 9 | 31907 | 2 | 29 | 70
136 | Revision_136/c.c | U | 1795 | 1800 | 9 | 31908 | 2 | 28 | 70
136 | Revision_136/c.c | U | 1820 | 1828 | 9 | 31909 | 2 | 31 | 70
136 | Revision_136/options.c | U | 520 | 525 | 9 | 31910 | 2 | 30 | 70
136 | Revision_136/options.c | U | 1156 | 1166 | 9 | 31911 | 2 | 32 | 70
136 | Revision_136/asp.c | U | 69 | 88 | 15 | 31912 | 3 | 33 | 100
136 | Revision_136/asp.c | U | 92 | 111 | 15 | 31913 | 3 | 34 | 100
136 | Revision_136/asp.c | U | 115 | 131 | 13 | 31914 | 4 | 35 | 72
136 | Revision_136/python.c | U | 63 | 78 | 13 | 31915 | 4 | 37 | 72
136 | Revision_136/python.c | U | 80 | 95 | 13 | 31916 | 4 | 38 | 72
136 | Revision_136/asp.c | U | 135 | 150 | 13 | 31917 | 4 | 36 | 72
136 | Revision_136/tcl.c | U | 55 | 67 | 13 | 31918 | 4 | 39 | 72
136 | Revision_136/php.c | U | 78 | 91 | 13 | 31919 | 4 | 40 | 72
136 | Revision_136/ruby.c | U | 94 | 118 | 13 | 31920 | 4 | 41 | 72
136 | Revision_136/ruby.c | U | 77 | 92 | 13 | 31921 | 4 | 42 | 72
136 | Revision_136/args.c | U | 85 | 92 | 8 | 31922 | 5 | 43 | 100
136 | Revision_136/args.c | U | 159 | 166 | 8 | 31923 | 5 | 44 | 100
136 | Revision_136/args.c | U | 181 | 189 | 9 | 31924 | 6 | 45 | 75
136 | Revision_136/args.c | U | 202 | 210 | 9 | 31925 | 6 | 46 | 75
136 | Revision_136/args.c | U | 192 | 199 | 9 | 31926 | 6 | 47 | 75
136 | Revision_136/args.c | U | 265 | 271 | 6 | 31927 | 7 | 48 | 80
136 | Revision_136/options.c | U | 566 | 571 | 6 | 31928 | 7 | 49 | 80
136 | Revision_136/fortran.c | U | 781 | 786 | 6 | 31929 | 7 | 50 | 80
136 | Revision_136/c.c | U | 403 | 409 | 7 | 31930 | 8 | 51 | 80
136 | Revision_136/vstring.c | U | 67 | 74 | 7 | 31931 | 8 | 52 | 80
136 | Revision_136/c.c | U | 412 | 419 | 6 | 31932 | 9 | 53 | 80
136 | Revision_136/c.c | U | 422 | 429 | 6 | 31933 | 9 | 54 | 80
136 | Revision_136/c.c | U | 531 | 547 | 16 | 31934 | 10 | 55 | 70
136 | Revision_136/c.c | U | 925 | 942 | 16 | 31935 | 10 | 57 | 70
136 | Revision_136/c.c | U | 550 | 566 | 16 | 31936 | 10 | 60 | 70
136 | Revision_136/fortran.c | U | 1393 | 1409 | 16 | 31937 | 10 | 59 | 70
136 | Revision_136/fortran.c | U | 931 | 949 | 16 | 31938 | 10 | 58 | 70
136 | Revision_136/c.c | U | 992 | 1005 | 16 | 31939 | 10 | 56 | 70
136 | Revision_136/fortran.c | U | 1396 | 1407 | 16 | 31940 | 10 | 65 | 70
136 | Revision_136/fortran.c | U | 1464 | 1478 | 16 | 31941 | 10 | 66 | 70
136 | Revision_136/c.c | U | 2115 | 2134 | 16 | 31942 | 10 | 61 | 70
136 | Revision_136/fortran.c | U | 934 | 947 | 16 | 31943 | 10 | 62 | 70
136 | Revision_136/c.c | U | 553 | 564 | 16 | 31944 | 10 | 63 | 70
136 | Revision_136/c.c | U | 928 | 940 | 16 | 31945 | 10 | 64 | 70
136 | Revision_136/eiffel.c | U | 905 | 947 | 16 | 31946 | 10 | 248 | 70
136 | Revision_136/c.c | U | 2117 | 2131 | 16 | 31947 | 10 | 69 | 70
136 | Revision_136/c.c | U | 534 | 545 | 16 | 31948 | 10 | 71 | 70
136 | Revision_136/c.c | U | 583 | 603 | 20 | 31949 | 11 | 72 | 73
136 | Revision_136/c.c | U | 678 | 686 | 20 | 31950 | 11 | 73 | 73
136 | Revision_136/c.c | U | 613 | 619 | 8 | 31951 | 12 | 74 | 71
136 | Revision_136/options.c | U | 463 | 470 | 8 | 31952 | 12 | 75 | 71
136 | Revision_136/c.c | U | 642 | 646 | 5 | 31953 | 13 | 76 | 75
136 | Revision_136/eiffel.c | U | 673 | 677 | 5 | 31954 | 13 | 249 | 75
136 | Revision_136/c.c | U | 1723 | 1727 | 5 | 31955 | 13 | 80 | 75
136 | Revision_136/fortran.c | U | 1161 | 1165 | 5 | 31956 | 13 | 79 | 75
136 | Revision_136/fortran.c | U | 1305 | 1310 | 5 | 31957 | 13 | 78 | 75
136 | Revision_136/eiffel.c | U | 660 | 664 | 5 | 31958 | 13 | 250 | 75
136 | Revision_136/readtags.c | U | 119 | 123 | 5 | 31959 | 13 | 87 | 75
136 | Revision_136/c.c | U | 1749 | 1754 | 5 | 31960 | 13 | 88 | 75
136 | Revision_136/eiffel.c | U | 1014 | 1018 | 5 | 31961 | 13 | 269 | 75
136 | Revision_136/fortran.c | U | 1144 | 1149 | 5 | 31962 | 13 | 84 | 75
136 | Revision_136/eiffel.c | U | 874 | 878 | 5 | 31963 | 13 | 269 | 75
136 | Revision_136/eiffel.c | U | 963 | 967 | 5 | 31964 | 13 | 269 | 75
136 | Revision_136/c.c | U | 2166 | 2170 | 5 | 31965 | 13 | 86 | 75
136 | Revision_136/fortran.c | U | 1236 | 1240 | 5 | 31966 | 13 | 81 | 75
136 | Revision_136/fortran.c | U | 1125 | 1129 | 5 | 31967 | 13 | 85 | 75
136 | Revision_136/fortran.c | U | 1116 | 1120 | 5 | 31968 | 13 | 83 | 75
136 | Revision_136/strlist.c | U | 134 | 138 | 5 | 31969 | 13 | 126 | 75
136 | Revision_136/c.c | U | 1766 | 1770 | 5 | 31970 | 13 | 125 | 75
136 | Revision_136/vstring.c | U | 35 | 40 | 5 | 31971 | 13 | 98 | 75
136 | Revision_136/c.c | U | 1785 | 1792 | 5 | 31972 | 13 | 244 | 75
136 | Revision_136/options.c | U | 507 | 511 | 5 | 31973 | 13 | 97 | 75
136 | Revision_136/c.c | U | 2229 | 2234 | 5 | 31974 | 13 | 94 | 75
136 | Revision_136/eiffel.c | U | 1033 | 1037 | 5 | 31975 | 13 | 151 | 75
136 | Revision_136/fortran.c | U | 467 | 471 | 5 | 31976 | 13 | 95 | 75
136 | Revision_136/eiffel.c | U | 848 | 853 | 5 | 31977 | 13 | 151 | 75
136 | Revision_136/keyword.c | U | 185 | 189 | 5 | 31978 | 13 | 91 | 75
136 | Revision_136/options.c | U | 797 | 801 | 5 | 31979 | 13 | 89 | 75
136 | Revision_136/c.c | U | 2158 | 2163 | 5 | 31980 | 13 | 96 | 75
136 | Revision_136/fortran.c | U | 857 | 861 | 5 | 31981 | 13 | 128 | 75
136 | Revision_136/options.c | U | 661 | 665 | 5 | 31982 | 13 | 127 | 75
136 | Revision_136/eiffel.c | U | 1069 | 1078 | 5 | 31983 | 13 | 101 | 75
136 | Revision_136/options.c | U | 909 | 913 | 5 | 31984 | 13 | 129 | 75
136 | Revision_136/c.c | U | 675 | 688 | 27 | 31985 | 14 | 102 | 78
136 | Revision_136/c.c | U | 723 | 739 | 27 | 31986 | 14 | 103 | 78
136 | Revision_136/c.c | U | 691 | 698 | 8 | 31987 | 15 | 104 | 85
136 | Revision_136/c.c | U | 701 | 708 | 8 | 31988 | 15 | 105 | 85
136 | Revision_136/c.c | U | 1051 | 1059 | 7 | 31989 | 16 | 106 | 83
136 | Revision_136/fortran.c | U | 375 | 383 | 7 | 31990 | 16 | 107 | 83
136 | Revision_136/c.c | U | 1097 | 1104 | 7 | 31991 | 17 | 108 | 80
136 | Revision_136/c.c | U | 1106 | 1113 | 7 | 31992 | 17 | 109 | 80
136 | Revision_136/c.c | U | 1127 | 1134 | 7 | 31993 | 18 | 110 | 83
136 | Revision_136/fortran.c | U | 500 | 506 | 7 | 31994 | 18 | 112 | 83
136 | Revision_136/c.c | U | 1137 | 1144 | 7 | 31995 | 18 | 111 | 83
136 | Revision_136/c.c | U | 1185 | 1200 | 11 | 31996 | 19 | 113 | 72
136 | Revision_136/fortran.c | U | 710 | 721 | 11 | 31997 | 19 | 116 | 72
136 | Revision_136/c.c | U | 1203 | 1216 | 11 | 31998 | 19 | 115 | 72
136 | Revision_136/eiffel.c | U | 572 | 584 | 11 | 31999 | 19 | 114 | 72
136 | Revision_136/eiffel.c | U | 587 | 599 | 11 | 32000 | 19 | 117 | 72
136 | Revision_136/c.c | U | 1486 | 1490 | 5 | 32001 | 20 | 118 | 75
136 | Revision_136/eiffel.c | U | 419 | 423 | 5 | 32002 | 20 | 119 | 75
136 | Revision_136/fortran.c | U | 667 | 671 | 5 | 32003 | 20 | 120 | 75
136 | Revision_136/c.c | U | 1615 | 1619 | 5 | 32004 | 21 | 121 | 75
136 | Revision_136/get.c | U | 578 | 582 | 5 | 32005 | 21 | 122 | 75
136 | Revision_136/c.c | U | 2267 | 2276 | 9 | 32006 | 22 | 130 | 85
136 | Revision_136/fortran.c | U | 310 | 319 | 9 | 32007 | 22 | 132 | 85
136 | Revision_136/eiffel.c | U | 215 | 224 | 9 | 32008 | 22 | 131 | 85
136 | Revision_136/eiffel.c | U | 287 | 301 | 9 | 32009 | 23 | 133 | 71
136 | Revision_136/beta.c | U | 70 | 81 | 9 | 32010 | 23 | 134 | 71
136 | Revision_136/parse.c | U | 46 | 57 | 9 | 32011 | 23 | 135 | 71
136 | Revision_136/eiffel.c | U | 289 | 299 | 9 | 32012 | 23 | 136 | 71
136 | Revision_136/eiffel.c | U | 382 | 407 | 23 | 32013 | 24 | 139 | 75
136 | Revision_136/fortran.c | U | 625 | 655 | 23 | 32014 | 24 | 140 | 75
136 | Revision_136/eiffel.c | U | 410 | 435 | 20 | 32015 | 25 | 141 | 94
136 | Revision_136/fortran.c | U | 658 | 683 | 20 | 32016 | 25 | 142 | 94
136 | Revision_136/eiffel.c | U | 547 | 551 | 5 | 32017 | 26 | 143 | 75
136 | Revision_136/fortran.c | U | 647 | 651 | 5 | 32018 | 26 | 144 | 75
136 | Revision_136/fortran.c | U | 836 | 840 | 5 | 32019 | 26 | 145 | 75
136 | Revision_136/eiffel.c | U | 602 | 612 | 9 | 32020 | 27 | 146 | 100
136 | Revision_136/fortran.c | U | 748 | 758 | 9 | 32021 | 27 | 147 | 100
136 | Revision_136/eiffel.c | U | 720 | 727 | 8 | 32022 | 28 | 148 | 100
136 | Revision_136/fortran.c | U | 878 | 885 | 8 | 32023 | 28 | 149 | 100
136 | Revision_136/eiffel.c | U | 836 | 854 | 14 | 32024 | 29 | 251 | 72
136 | Revision_136/eiffel.c | U | 858 | 880 | 14 | 32025 | 29 | 252 | 72
136 | Revision_136/eiffel.c | U | 1008 | 1021 | 14 | 32026 | 29 | 253 | 72
136 | Revision_136/eiffel.c | U | 1066 | 1079 | 9 | 32027 | 30 | 156 | 71
136 | Revision_136/fortran.c | U | 1528 | 1535 | 9 | 32028 | 30 | 153 | 71
136 | Revision_136/eiffel.c | U | 1176 | 1188 | 10 | 32029 | 31 | 157 | 100
136 | Revision_136/fortran.c | U | 724 | 735 | 10 | 32030 | 31 | 158 | 100
136 | Revision_136/vim.c | U | 83 | 98 | 16 | 32031 | 32 | 159 | 76
136 | Revision_136/vim.c | U | 106 | 125 | 16 | 32032 | 32 | 160 | 76
136 | Revision_136/python.c | U | 41 | 105 | 56 | 32033 | 33 | 161 | 85
136 | Revision_136/ruby.c | U | 43 | 128 | 56 | 32034 | 33 | 162 | 85
136 | Revision_136/perl.c | U | 56 | 60 | 5 | 32035 | 34 | 163 | 75
136 | Revision_136/pascal.c | U | 132 | 136 | 5 | 32036 | 34 | 164 | 75
136 | Revision_136/strlist.c | U | 32 | 38 | 8 | 32037 | 35 | 165 | 71
136 | Revision_136/vstring.c | U | 77 | 87 | 8 | 32038 | 35 | 166 | 71
136 | Revision_136/strlist.c | U | 147 | 154 | 8 | 32039 | 36 | 167 | 85
136 | Revision_136/strlist.c | U | 169 | 176 | 8 | 32040 | 36 | 168 | 85
136 | Revision_136/strlist.c | U | 158 | 165 | 8 | 32041 | 36 | 169 | 85
136 | Revision_136/pascal.c | U | 172 | 178 | 6 | 32042 | 37 | 170 | 100
136 | Revision_136/pascal.c | U | 180 | 186 | 6 | 32043 | 37 | 171 | 100
136 | Revision_136/awk.c | U | 47 | 65 | 17 | 32044 | 38 | 172 | 73
136 | Revision_136/php.c | U | 55 | 75 | 17 | 32045 | 38 | 173 | 73
136 | Revision_136/get.c | U | 297 | 309 | 10 | 32046 | 39 | 174 | 70
136 | Revision_136/parse.c | U | 559 | 573 | 10 | 32047 | 39 | 175 | 70
136 | Revision_136/read.c | U | 213 | 224 | 10 | 32048 | 39 | 176 | 70
136 | Revision_136/get.c | U | 461 | 472 | 11 | 32049 | 40 | 177 | 72
136 | Revision_136/get.c | U | 495 | 511 | 11 | 32050 | 40 | 179 | 72
136 | Revision_136/get.c | U | 478 | 489 | 11 | 32051 | 40 | 178 | 72
136 | Revision_136/get.c | U | 525 | 530 | 6 | 32052 | 41 | 180 | 80
136 | Revision_136/read.c | U | 413 | 417 | 6 | 32053 | 41 | 181 | 80
136 | Revision_136/routines.c | U | 210 | 217 | 6 | 32054 | 42 | 254 | 80
136 | Revision_136/routines.c | U | 220 | 227 | 6 | 32055 | 42 | 255 | 80
136 | Revision_136/routines.c | U | 255 | 262 | 8 | 32056 | 43 | 256 | 83
136 | Revision_136/readtags.c | U | 508 | 515 | 8 | 32057 | 43 | 123 | 83
136 | Revision_136/routines.c | U | 267 | 274 | 8 | 32058 | 43 | 257 | 83
136 | Revision_136/readtags.c | U | 496 | 503 | 8 | 32059 | 43 | 238 | 83
136 | Revision_136/routines.c | U | 292 | 296 | 5 | 32060 | 44 | 258 | 75
136 | Revision_136/vstring.c | M | 123 | 127 | 5 | 32061 | 44 | 188 | 75
136 | Revision_136/vstring.c | M | 116 | 120 | 5 | 32062 | 44 | 189 | 75
136 | Revision_136/routines.c | U | 299 | 305 | 6 | 32063 | 45 | 259 | 100
136 | Revision_136/routines.c | U | 308 | 314 | 6 | 32064 | 45 | 260 | 100
136 | Revision_136/routines.c | U | 319 | 326 | 8 | 32065 | 46 | 261 | 100
136 | Revision_136/routines.c | U | 331 | 338 | 8 | 32066 | 46 | 262 | 100
136 | Revision_136/routines.c | U | 378 | 386 | 7 | 32067 | 47 | 263 | 83
136 | Revision_136/routines.c | U | 440 | 452 | 7 | 32068 | 47 | 264 | 83
136 | Revision_136/routines.c | U | 404 | 412 | 7 | 32069 | 47 | 265 | 83
136 | Revision_136/routines.c | U | 389 | 401 | 7 | 32070 | 47 | 266 | 83
136 | Revision_136/routines.c | U | 476 | 489 | 5 | 32071 | 48 | 267 | 75
136 | Revision_136/routines.c | U | 550 | 573 | 5 | 32072 | 48 | 268 | 75
136 | Revision_136/beta.c | U | 135 | 142 | 6 | 32073 | 49 | 201 | 75
136 | Revision_136/beta.c | U | 206 | 214 | 6 | 32074 | 49 | 202 | 75
136 | Revision_136/beta.c | U | 153 | 157 | 5 | 32075 | 50 | 203 | 75
136 | Revision_136/beta.c | U | 166 | 170 | 5 | 32076 | 50 | 204 | 75
136 | Revision_136/beta.c | U | 279 | 283 | 5 | 32077 | 50 | 205 | 75
136 | Revision_136/beta.c | U | 273 | 277 | 5 | 32078 | 50 | 207 | 75
136 | Revision_136/beta.c | U | 159 | 163 | 5 | 32079 | 50 | 206 | 75
136 | Revision_136/parse.c | U | 98 | 108 | 11 | 32080 | 51 | 208 | 88
136 | Revision_136/parse.c | U | 111 | 122 | 11 | 32081 | 51 | 209 | 88
136 | Revision_136/readtags.c | U | 459 | 463 | 5 | 32082 | 52 | 90 | 75
136 | Revision_136/readtags.c | U | 649 | 653 | 5 | 32083 | 52 | 99 | 75
136 | Revision_136/readtags.c | U | 522 | 528 | 6 | 32084 | 53 | 239 | 100
136 | Revision_136/readtags.c | U | 530 | 536 | 6 | 32085 | 53 | 240 | 100
136 | Revision_136/readtags.c | U | 565 | 569 | 6 | 32086 | 54 | 123 | 75
136 | Revision_136/readtags.c | U | 620 | 626 | 6 | 32087 | 54 | 124 | 75
136 | Revision_136/readtags.c | U | 685 | 693 | 8 | 32088 | 55 | 210 | 83
136 | Revision_136/readtags.c | U | 729 | 737 | 8 | 32089 | 55 | 211 | 83
136 | Revision_136/readtags.c | U | 696 | 701 | 6 | 32090 | 56 | 212 | 80
136 | Revision_136/readtags.c | U | 721 | 726 | 6 | 32091 | 56 | 241 | 80
136 | Revision_136/readtags.c | U | 713 | 718 | 6 | 32092 | 56 | 242 | 80
136 | Revision_136/fortran.c | U | 1015 | 1023 | 8 | 32093 | 57 | 214 | 83
136 | Revision_136/fortran.c | U | 1026 | 1035 | 8 | 32094 | 57 | 215 | 83
136 | Revision_136/fortran.c | U | 1107 | 1122 | 16 | 32095 | 58 | 216 | 92
136 | Revision_136/fortran.c | U | 1228 | 1242 | 16 | 32096 | 58 | 217 | 92
136 | Revision_136/fortran.c | U | 1363 | 1382 | 28 | 32097 | 59 | 218 | 73
136 | Revision_136/fortran.c | U | 1608 | 1624 | 28 | 32098 | 59 | 219 | 73
136 | Revision_136/fortran.c | U | 1432 | 1447 | 15 | 32099 | 60 | 220 | 78
136 | Revision_136/fortran.c | U | 1497 | 1511 | 15 | 32100 | 60 | 221 | 78
136 | Revision_136/scheme.c | U | 70 | 78 | 8 | 32101 | 61 | 222 | 71
136 | Revision_136/scheme.c | U | 85 | 93 | 8 | 32102 | 61 | 223 | 71
136 | Revision_136/options.c | U | 357 | 363 | 6 | 32103 | 62 | 224 | 100
136 | Revision_136/options.c | U | 366 | 372 | 6 | 32104 | 62 | 225 | 100
136 | Revision_136/options.c | U | 530 | 536 | 7 | 32105 | 63 | 226 | 100
136 | Revision_136/options.c | U | 548 | 554 | 7 | 32106 | 63 | 227 | 100
136 | Revision_136/options.c | U | 557 | 563 | 7 | 32107 | 63 | 228 | 100
136 | Revision_136/options.c | U | 539 | 545 | 7 | 32108 | 63 | 229 | 100
136 | Revision_136/options.c | U | 739 | 743 | 5 | 32109 | 64 | 230 | 75
136 | Revision_136/options.c | U | 765 | 769 | 5 | 32110 | 64 | 231 | 75
136 | Revision_136/options.c | U | 857 | 861 | 5 | 32111 | 65 | 232 | 100
136 | Revision_136/options.c | U | 863 | 867 | 5 | 32112 | 65 | 233 | 100
136 | Revision_136/options.c | U | 995 | 1000 | 6 | 32113 | 66 | 234 | 80
136 | Revision_136/options.c | U | 1133 | 1138 | 6 | 32114 | 66 | 235 | 80
136 | Revision_136/options.c | U | 1273 | 1290 | 15 | 32115 | 67 | 236 | 91
136 | Revision_136/options.c | U | 1315 | 1332 | 15 | 32116 | 67 | 237 | 91
