Revision | filePath | changeType | StartLine | EndLine | Nlines | cloneId | classId | globalCloneId | Similarity
159 | Revision_159/lisp.c | U | 91 | 97 | 7 | 37296 | 1 | 1 | 83
159 | Revision_159/lisp.c | U | 112 | 118 | 7 | 37297 | 1 | 2 | 83
159 | Revision_159/lisp.c | U | 127 | 137 | 9 | 37298 | 2 | 3 | 70
159 | Revision_159/vim.c | U | 131 | 139 | 9 | 37299 | 2 | 20 | 70
159 | Revision_159/tcl.c | U | 73 | 81 | 9 | 37300 | 2 | 18 | 70
159 | Revision_159/php.c | U | 98 | 106 | 9 | 37301 | 2 | 22 | 70
159 | Revision_159/python.c | U | 108 | 116 | 9 | 37302 | 2 | 13 | 70
159 | Revision_159/beta.c | U | 312 | 320 | 9 | 37303 | 2 | 5 | 70
159 | Revision_159/ruby.c | U | 166 | 174 | 9 | 37304 | 2 | 19 | 70
159 | Revision_159/pascal.c | U | 246 | 254 | 9 | 37305 | 2 | 14 | 70
159 | Revision_159/perl.c | U | 109 | 117 | 9 | 37306 | 2 | 7 | 70
159 | Revision_159/sh.c | U | 98 | 108 | 9 | 37307 | 2 | 17 | 70
159 | Revision_159/scheme.c | U | 99 | 109 | 9 | 37308 | 2 | 16 | 70
159 | Revision_159/asm.c | U | 259 | 277 | 9 | 37309 | 2 | 274 | 70
159 | Revision_159/c.c | U | 2331 | 2340 | 9 | 37310 | 2 | 12 | 70
159 | Revision_159/c.c | U | 2313 | 2328 | 9 | 37311 | 2 | 8 | 70
159 | Revision_159/c.c | U | 2301 | 2310 | 9 | 37312 | 2 | 15 | 70
159 | Revision_159/asp.c | U | 161 | 169 | 9 | 37313 | 2 | 4 | 70
159 | Revision_159/eiffel.c | U | 1222 | 1231 | 9 | 37314 | 2 | 9 | 70
159 | Revision_159/cobol.c | U | 72 | 80 | 9 | 37315 | 2 | 11 | 70
159 | Revision_159/fortran.c | U | 1667 | 1682 | 9 | 37316 | 2 | 21 | 70
159 | Revision_159/awk.c | U | 71 | 79 | 9 | 37317 | 2 | 10 | 70
159 | Revision_159/lua.c | U | 123 | 131 | 9 | 37318 | 2 | 243 | 70
159 | Revision_159/make.c | U | 91 | 101 | 9 | 37319 | 2 | 25 | 70
159 | Revision_159/yacc.c | U | 31 | 38 | 9 | 37320 | 2 | 23 | 70
159 | Revision_159/slang.c | U | 34 | 41 | 9 | 37321 | 2 | 24 | 70
159 | Revision_159/rexx.c | U | 30 | 37 | 9 | 37322 | 2 | 26 | 70
159 | Revision_159/keyword.c | U | 107 | 116 | 9 | 37323 | 2 | 27 | 70
159 | Revision_159/c.c | U | 1799 | 1804 | 9 | 37324 | 2 | 28 | 70
159 | Revision_159/options.c | U | 613 | 619 | 9 | 37325 | 2 | 29 | 70
159 | Revision_159/options.c | U | 520 | 525 | 9 | 37326 | 2 | 30 | 70
159 | Revision_159/c.c | U | 1824 | 1832 | 9 | 37327 | 2 | 31 | 70
159 | Revision_159/options.c | U | 1161 | 1171 | 9 | 37328 | 2 | 32 | 70
159 | Revision_159/asp.c | U | 69 | 88 | 15 | 37329 | 3 | 33 | 100
159 | Revision_159/asp.c | U | 92 | 111 | 15 | 37330 | 3 | 34 | 100
159 | Revision_159/asp.c | U | 115 | 131 | 13 | 37331 | 4 | 35 | 72
159 | Revision_159/python.c | U | 63 | 78 | 13 | 37332 | 4 | 37 | 72
159 | Revision_159/python.c | U | 80 | 95 | 13 | 37333 | 4 | 38 | 72
159 | Revision_159/php.c | U | 78 | 91 | 13 | 37334 | 4 | 40 | 72
159 | Revision_159/tcl.c | U | 55 | 67 | 13 | 37335 | 4 | 39 | 72
159 | Revision_159/asp.c | U | 135 | 150 | 13 | 37336 | 4 | 36 | 72
159 | Revision_159/ruby.c | U | 96 | 111 | 13 | 37337 | 4 | 42 | 72
159 | Revision_159/ruby.c | U | 79 | 94 | 13 | 37338 | 4 | 42 | 72
159 | Revision_159/args.c | U | 85 | 92 | 8 | 37339 | 5 | 43 | 100
159 | Revision_159/args.c | U | 159 | 166 | 8 | 37340 | 5 | 44 | 100
159 | Revision_159/args.c | U | 181 | 189 | 9 | 37341 | 6 | 45 | 75
159 | Revision_159/args.c | U | 192 | 199 | 9 | 37342 | 6 | 46 | 75
159 | Revision_159/args.c | U | 202 | 210 | 9 | 37343 | 6 | 47 | 75
159 | Revision_159/args.c | U | 265 | 271 | 6 | 37344 | 7 | 48 | 80
159 | Revision_159/options.c | U | 566 | 571 | 6 | 37345 | 7 | 49 | 80
159 | Revision_159/fortran.c | U | 781 | 786 | 6 | 37346 | 7 | 50 | 80
159 | Revision_159/c.c | U | 403 | 409 | 7 | 37347 | 8 | 51 | 80
159 | Revision_159/vstring.c | U | 67 | 74 | 7 | 37348 | 8 | 52 | 80
159 | Revision_159/c.c | U | 412 | 419 | 6 | 37349 | 9 | 53 | 80
159 | Revision_159/c.c | U | 422 | 429 | 6 | 37350 | 9 | 54 | 80
159 | Revision_159/c.c | U | 531 | 547 | 16 | 37351 | 10 | 55 | 70
159 | Revision_159/fortran.c | U | 1393 | 1409 | 16 | 37352 | 10 | 59 | 70
159 | Revision_159/c.c | U | 550 | 566 | 16 | 37353 | 10 | 57 | 70
159 | Revision_159/c.c | U | 925 | 942 | 16 | 37354 | 10 | 60 | 70
159 | Revision_159/fortran.c | U | 931 | 949 | 16 | 37355 | 10 | 58 | 70
159 | Revision_159/c.c | U | 992 | 1005 | 16 | 37356 | 10 | 56 | 70
159 | Revision_159/fortran.c | U | 1464 | 1478 | 16 | 37357 | 10 | 66 | 70
159 | Revision_159/fortran.c | U | 1396 | 1407 | 16 | 37358 | 10 | 65 | 70
159 | Revision_159/c.c | U | 2119 | 2138 | 16 | 37359 | 10 | 61 | 70
159 | Revision_159/c.c | U | 553 | 564 | 16 | 37360 | 10 | 63 | 70
159 | Revision_159/fortran.c | U | 934 | 947 | 16 | 37361 | 10 | 62 | 70
159 | Revision_159/c.c | U | 928 | 940 | 16 | 37362 | 10 | 64 | 70
159 | Revision_159/eiffel.c | U | 905 | 947 | 16 | 37363 | 10 | 248 | 70
159 | Revision_159/c.c | U | 2121 | 2135 | 16 | 37364 | 10 | 69 | 70
159 | Revision_159/c.c | U | 534 | 545 | 16 | 37365 | 10 | 71 | 70
159 | Revision_159/c.c | U | 583 | 603 | 20 | 37366 | 11 | 72 | 73
159 | Revision_159/c.c | U | 678 | 686 | 20 | 37367 | 11 | 73 | 73
159 | Revision_159/c.c | U | 613 | 619 | 8 | 37368 | 12 | 74 | 71
159 | Revision_159/options.c | U | 463 | 470 | 8 | 37369 | 12 | 75 | 71
159 | Revision_159/c.c | U | 642 | 646 | 5 | 37370 | 13 | 76 | 75
159 | Revision_159/c.c | U | 1727 | 1731 | 5 | 37371 | 13 | 80 | 75
159 | Revision_159/eiffel.c | U | 673 | 677 | 5 | 37372 | 13 | 249 | 75
159 | Revision_159/fortran.c | U | 1305 | 1310 | 5 | 37373 | 13 | 78 | 75
159 | Revision_159/fortran.c | U | 1161 | 1165 | 5 | 37374 | 13 | 79 | 75
159 | Revision_159/readtags.c | U | 119 | 123 | 5 | 37375 | 13 | 87 | 75
159 | Revision_159/c.c | U | 1753 | 1758 | 5 | 37376 | 13 | 88 | 75
159 | Revision_159/eiffel.c | U | 660 | 664 | 5 | 37377 | 13 | 250 | 75
159 | Revision_159/eiffel.c | U | 874 | 878 | 5 | 37378 | 13 | 269 | 75
159 | Revision_159/fortran.c | U | 1144 | 1149 | 5 | 37379 | 13 | 84 | 75
159 | Revision_159/eiffel.c | U | 963 | 967 | 5 | 37380 | 13 | 269 | 75
159 | Revision_159/fortran.c | U | 1236 | 1240 | 5 | 37381 | 13 | 81 | 75
159 | Revision_159/eiffel.c | U | 1014 | 1018 | 5 | 37382 | 13 | 269 | 75
159 | Revision_159/c.c | U | 2170 | 2174 | 5 | 37383 | 13 | 86 | 75
159 | Revision_159/fortran.c | U | 1116 | 1120 | 5 | 37384 | 13 | 83 | 75
159 | Revision_159/fortran.c | U | 1125 | 1129 | 5 | 37385 | 13 | 85 | 75
159 | Revision_159/c.c | U | 1789 | 1796 | 5 | 37386 | 13 | 244 | 75
159 | Revision_159/vstring.c | U | 35 | 40 | 5 | 37387 | 13 | 98 | 75
159 | Revision_159/options.c | U | 507 | 511 | 5 | 37388 | 13 | 97 | 75
159 | Revision_159/c.c | U | 1770 | 1774 | 5 | 37389 | 13 | 125 | 75
159 | Revision_159/strlist.c | U | 134 | 138 | 5 | 37390 | 13 | 126 | 75
159 | Revision_159/eiffel.c | U | 1033 | 1037 | 5 | 37391 | 13 | 151 | 75
159 | Revision_159/ruby.c | U | 135 | 139 | 5 | 37392 | 13 | 19 | 75
159 | Revision_159/fortran.c | U | 467 | 471 | 5 | 37393 | 13 | 95 | 75
159 | Revision_159/c.c | U | 2233 | 2238 | 5 | 37394 | 13 | 94 | 75
159 | Revision_159/keyword.c | U | 185 | 189 | 5 | 37395 | 13 | 91 | 75
159 | Revision_159/options.c | U | 797 | 801 | 5 | 37396 | 13 | 89 | 75
159 | Revision_159/eiffel.c | U | 848 | 853 | 5 | 37397 | 13 | 151 | 75
159 | Revision_159/c.c | U | 2162 | 2167 | 5 | 37398 | 13 | 96 | 75
159 | Revision_159/options.c | U | 661 | 665 | 5 | 37399 | 13 | 127 | 75
159 | Revision_159/fortran.c | U | 857 | 861 | 5 | 37400 | 13 | 128 | 75
159 | Revision_159/eiffel.c | U | 1069 | 1078 | 5 | 37401 | 13 | 101 | 75
159 | Revision_159/options.c | U | 909 | 913 | 5 | 37402 | 13 | 129 | 75
159 | Revision_159/c.c | U | 675 | 688 | 27 | 37403 | 14 | 102 | 78
159 | Revision_159/c.c | U | 723 | 739 | 27 | 37404 | 14 | 103 | 78
159 | Revision_159/c.c | U | 691 | 698 | 8 | 37405 | 15 | 104 | 85
159 | Revision_159/c.c | U | 701 | 708 | 8 | 37406 | 15 | 105 | 85
159 | Revision_159/c.c | U | 1051 | 1059 | 7 | 37407 | 16 | 106 | 83
159 | Revision_159/fortran.c | U | 375 | 383 | 7 | 37408 | 16 | 107 | 83
159 | Revision_159/c.c | U | 1097 | 1104 | 7 | 37409 | 17 | 108 | 80
159 | Revision_159/c.c | U | 1106 | 1113 | 7 | 37410 | 17 | 109 | 80
159 | Revision_159/c.c | U | 1127 | 1134 | 7 | 37411 | 18 | 110 | 83
159 | Revision_159/c.c | U | 1137 | 1144 | 7 | 37412 | 18 | 111 | 83
159 | Revision_159/fortran.c | U | 500 | 506 | 7 | 37413 | 18 | 112 | 83
159 | Revision_159/c.c | U | 1185 | 1200 | 11 | 37414 | 19 | 113 | 72
159 | Revision_159/c.c | U | 1203 | 1216 | 11 | 37415 | 19 | 115 | 72
159 | Revision_159/fortran.c | U | 710 | 721 | 11 | 37416 | 19 | 116 | 72
159 | Revision_159/eiffel.c | U | 572 | 584 | 11 | 37417 | 19 | 114 | 72
159 | Revision_159/eiffel.c | U | 587 | 599 | 11 | 37418 | 19 | 117 | 72
159 | Revision_159/c.c | U | 1490 | 1494 | 5 | 37419 | 20 | 118 | 75
159 | Revision_159/eiffel.c | U | 419 | 423 | 5 | 37420 | 20 | 119 | 75
159 | Revision_159/fortran.c | U | 667 | 671 | 5 | 37421 | 20 | 120 | 75
159 | Revision_159/c.c | U | 1619 | 1623 | 5 | 37422 | 21 | 121 | 75
159 | Revision_159/get.c | U | 578 | 582 | 5 | 37423 | 21 | 122 | 75
159 | Revision_159/c.c | U | 2271 | 2280 | 9 | 37424 | 22 | 130 | 85
159 | Revision_159/fortran.c | U | 310 | 319 | 9 | 37425 | 22 | 132 | 85
159 | Revision_159/eiffel.c | U | 215 | 224 | 9 | 37426 | 22 | 131 | 85
159 | Revision_159/eiffel.c | U | 287 | 301 | 9 | 37427 | 23 | 133 | 71
159 | Revision_159/beta.c | U | 70 | 81 | 9 | 37428 | 23 | 134 | 71
159 | Revision_159/parse.c | U | 46 | 57 | 9 | 37429 | 23 | 135 | 71
159 | Revision_159/eiffel.c | U | 289 | 299 | 9 | 37430 | 23 | 136 | 71
159 | Revision_159/eiffel.c | U | 382 | 407 | 23 | 37431 | 24 | 139 | 75
159 | Revision_159/fortran.c | U | 625 | 655 | 23 | 37432 | 24 | 140 | 75
159 | Revision_159/eiffel.c | U | 410 | 435 | 20 | 37433 | 25 | 141 | 94
159 | Revision_159/fortran.c | U | 658 | 683 | 20 | 37434 | 25 | 142 | 94
159 | Revision_159/eiffel.c | U | 547 | 551 | 5 | 37435 | 26 | 143 | 75
159 | Revision_159/fortran.c | U | 647 | 651 | 5 | 37436 | 26 | 144 | 75
159 | Revision_159/fortran.c | U | 836 | 840 | 5 | 37437 | 26 | 145 | 75
159 | Revision_159/eiffel.c | U | 602 | 612 | 9 | 37438 | 27 | 146 | 100
159 | Revision_159/fortran.c | U | 748 | 758 | 9 | 37439 | 27 | 147 | 100
159 | Revision_159/eiffel.c | U | 720 | 727 | 8 | 37440 | 28 | 148 | 100
159 | Revision_159/fortran.c | U | 878 | 885 | 8 | 37441 | 28 | 149 | 100
159 | Revision_159/eiffel.c | U | 836 | 854 | 14 | 37442 | 29 | 251 | 72
159 | Revision_159/eiffel.c | U | 858 | 880 | 14 | 37443 | 29 | 252 | 72
159 | Revision_159/eiffel.c | U | 1008 | 1021 | 14 | 37444 | 29 | 253 | 72
159 | Revision_159/eiffel.c | U | 1066 | 1079 | 9 | 37445 | 30 | 156 | 71
159 | Revision_159/fortran.c | U | 1528 | 1535 | 9 | 37446 | 30 | 153 | 71
159 | Revision_159/eiffel.c | U | 1176 | 1188 | 10 | 37447 | 31 | 157 | 100
159 | Revision_159/fortran.c | U | 724 | 735 | 10 | 37448 | 31 | 158 | 100
159 | Revision_159/vim.c | U | 83 | 98 | 16 | 37449 | 32 | 159 | 76
159 | Revision_159/vim.c | U | 106 | 125 | 16 | 37450 | 32 | 160 | 76
159 | Revision_159/python.c | U | 97 | 101 | 5 | 37451 | 33 | 276 | 100
159 | Revision_159/ruby.c | U | 155 | 159 | 5 | 37452 | 33 | 277 | 100
159 | Revision_159/perl.c | U | 56 | 60 | 5 | 37453 | 34 | 163 | 75
159 | Revision_159/pascal.c | U | 132 | 136 | 5 | 37454 | 34 | 164 | 75
159 | Revision_159/strlist.c | U | 32 | 38 | 8 | 37455 | 35 | 165 | 71
159 | Revision_159/vstring.c | U | 77 | 87 | 8 | 37456 | 35 | 166 | 71
159 | Revision_159/strlist.c | U | 147 | 154 | 8 | 37457 | 36 | 167 | 85
159 | Revision_159/strlist.c | U | 158 | 165 | 8 | 37458 | 36 | 168 | 85
159 | Revision_159/strlist.c | U | 169 | 176 | 8 | 37459 | 36 | 169 | 85
159 | Revision_159/pascal.c | U | 172 | 178 | 6 | 37460 | 37 | 170 | 100
159 | Revision_159/pascal.c | U | 180 | 186 | 6 | 37461 | 37 | 171 | 100
159 | Revision_159/awk.c | U | 47 | 65 | 17 | 37462 | 38 | 172 | 73
159 | Revision_159/php.c | U | 55 | 75 | 17 | 37463 | 38 | 173 | 73
159 | Revision_159/get.c | U | 297 | 309 | 10 | 37464 | 39 | 174 | 70
159 | Revision_159/read.c | U | 213 | 224 | 10 | 37465 | 39 | 176 | 70
159 | Revision_159/parse.c | U | 563 | 577 | 10 | 37466 | 39 | 175 | 70
159 | Revision_159/get.c | U | 461 | 472 | 11 | 37467 | 40 | 177 | 72
159 | Revision_159/get.c | U | 495 | 511 | 11 | 37468 | 40 | 179 | 72
159 | Revision_159/get.c | U | 478 | 489 | 11 | 37469 | 40 | 178 | 72
159 | Revision_159/get.c | U | 525 | 530 | 6 | 37470 | 41 | 180 | 80
159 | Revision_159/read.c | U | 414 | 418 | 6 | 37471 | 41 | 181 | 80
159 | Revision_159/routines.c | U | 218 | 225 | 6 | 37472 | 42 | 254 | 80
159 | Revision_159/routines.c | U | 228 | 235 | 6 | 37473 | 42 | 255 | 80
159 | Revision_159/routines.c | U | 263 | 270 | 8 | 37474 | 43 | 256 | 83
159 | Revision_159/routines.c | U | 275 | 282 | 8 | 37475 | 43 | 257 | 83
159 | Revision_159/readtags.c | U | 508 | 515 | 8 | 37476 | 43 | 123 | 83
159 | Revision_159/readtags.c | U | 496 | 503 | 8 | 37477 | 43 | 238 | 83
159 | Revision_159/routines.c | U | 300 | 304 | 5 | 37478 | 44 | 258 | 75
159 | Revision_159/vstring.c | U | 125 | 129 | 5 | 37479 | 44 | 188 | 75
159 | Revision_159/vstring.c | U | 118 | 122 | 5 | 37480 | 44 | 189 | 75
159 | Revision_159/routines.c | U | 307 | 313 | 6 | 37481 | 45 | 259 | 100
159 | Revision_159/routines.c | U | 316 | 322 | 6 | 37482 | 45 | 260 | 100
159 | Revision_159/routines.c | U | 327 | 334 | 8 | 37483 | 46 | 261 | 100
159 | Revision_159/routines.c | U | 339 | 346 | 8 | 37484 | 46 | 262 | 100
159 | Revision_159/routines.c | U | 456 | 469 | 5 | 37485 | 47 | 267 | 75
159 | Revision_159/routines.c | U | 530 | 553 | 5 | 37486 | 47 | 268 | 75
159 | Revision_159/beta.c | U | 135 | 142 | 6 | 37487 | 48 | 201 | 75
159 | Revision_159/beta.c | U | 206 | 214 | 6 | 37488 | 48 | 202 | 75
159 | Revision_159/beta.c | U | 153 | 157 | 5 | 37489 | 49 | 203 | 75
159 | Revision_159/beta.c | U | 159 | 163 | 5 | 37490 | 49 | 204 | 75
159 | Revision_159/beta.c | U | 279 | 283 | 5 | 37491 | 49 | 205 | 75
159 | Revision_159/beta.c | U | 273 | 277 | 5 | 37492 | 49 | 207 | 75
159 | Revision_159/beta.c | U | 166 | 170 | 5 | 37493 | 49 | 206 | 75
159 | Revision_159/parse.c | U | 98 | 108 | 11 | 37494 | 50 | 208 | 88
159 | Revision_159/parse.c | U | 111 | 122 | 11 | 37495 | 50 | 209 | 88
159 | Revision_159/readtags.c | U | 459 | 463 | 5 | 37496 | 51 | 90 | 75
159 | Revision_159/readtags.c | U | 649 | 653 | 5 | 37497 | 51 | 99 | 75
159 | Revision_159/readtags.c | U | 522 | 528 | 6 | 37498 | 52 | 239 | 100
159 | Revision_159/readtags.c | U | 530 | 536 | 6 | 37499 | 52 | 240 | 100
159 | Revision_159/readtags.c | U | 565 | 569 | 6 | 37500 | 53 | 123 | 75
159 | Revision_159/readtags.c | U | 620 | 626 | 6 | 37501 | 53 | 124 | 75
159 | Revision_159/readtags.c | U | 685 | 693 | 8 | 37502 | 54 | 210 | 83
159 | Revision_159/readtags.c | U | 729 | 737 | 8 | 37503 | 54 | 211 | 83
159 | Revision_159/readtags.c | U | 696 | 701 | 6 | 37504 | 55 | 212 | 80
159 | Revision_159/readtags.c | U | 721 | 726 | 6 | 37505 | 55 | 241 | 80
159 | Revision_159/readtags.c | U | 713 | 718 | 6 | 37506 | 55 | 242 | 80
159 | Revision_159/fortran.c | U | 1015 | 1023 | 8 | 37507 | 56 | 214 | 83
159 | Revision_159/fortran.c | U | 1026 | 1035 | 8 | 37508 | 56 | 215 | 83
159 | Revision_159/fortran.c | U | 1107 | 1122 | 16 | 37509 | 57 | 216 | 92
159 | Revision_159/fortran.c | U | 1228 | 1242 | 16 | 37510 | 57 | 217 | 92
159 | Revision_159/fortran.c | U | 1363 | 1382 | 28 | 37511 | 58 | 218 | 73
159 | Revision_159/fortran.c | U | 1608 | 1624 | 28 | 37512 | 58 | 219 | 73
159 | Revision_159/fortran.c | U | 1432 | 1447 | 15 | 37513 | 59 | 220 | 78
159 | Revision_159/fortran.c | U | 1497 | 1511 | 15 | 37514 | 59 | 221 | 78
159 | Revision_159/scheme.c | U | 70 | 78 | 8 | 37515 | 60 | 222 | 71
159 | Revision_159/scheme.c | U | 85 | 93 | 8 | 37516 | 60 | 223 | 71
159 | Revision_159/options.c | U | 357 | 363 | 6 | 37517 | 61 | 224 | 100
159 | Revision_159/options.c | U | 366 | 372 | 6 | 37518 | 61 | 225 | 100
159 | Revision_159/options.c | U | 530 | 536 | 7 | 37519 | 62 | 226 | 100
159 | Revision_159/options.c | U | 548 | 554 | 7 | 37520 | 62 | 227 | 100
159 | Revision_159/options.c | U | 557 | 563 | 7 | 37521 | 62 | 228 | 100
159 | Revision_159/options.c | U | 539 | 545 | 7 | 37522 | 62 | 229 | 100
159 | Revision_159/options.c | U | 739 | 743 | 5 | 37523 | 63 | 230 | 75
159 | Revision_159/options.c | U | 765 | 769 | 5 | 37524 | 63 | 231 | 75
159 | Revision_159/options.c | U | 857 | 861 | 5 | 37525 | 64 | 232 | 100
159 | Revision_159/options.c | U | 863 | 867 | 5 | 37526 | 64 | 233 | 100
159 | Revision_159/options.c | U | 995 | 1000 | 6 | 37527 | 65 | 234 | 80
159 | Revision_159/options.c | U | 1137 | 1142 | 6 | 37528 | 65 | 235 | 80
159 | Revision_159/options.c | U | 1278 | 1295 | 15 | 37529 | 66 | 236 | 91
159 | Revision_159/options.c | U | 1320 | 1337 | 15 | 37530 | 66 | 237 | 91
