Revision | filePath | changeType | StartLine | EndLine | Nlines | cloneId | classId | globalCloneId | Similarity
179 | Revision_179/lisp.c | U | 91 | 97 | 7 | 42009 | 1 | 1 | 83
179 | Revision_179/lisp.c | U | 112 | 118 | 7 | 42010 | 1 | 2 | 83
179 | Revision_179/lisp.c | U | 127 | 137 | 9 | 42011 | 2 | 3 | 70
179 | Revision_179/awk.c | U | 71 | 79 | 9 | 42012 | 2 | 10 | 70
179 | Revision_179/asm.c | U | 260 | 278 | 9 | 42013 | 2 | 274 | 70
179 | Revision_179/ruby.c | U | 166 | 174 | 9 | 42014 | 2 | 19 | 70
179 | Revision_179/lua.c | U | 123 | 131 | 9 | 42015 | 2 | 243 | 70
179 | Revision_179/vim.c | U | 131 | 139 | 9 | 42016 | 2 | 20 | 70
179 | Revision_179/beta.c | U | 313 | 321 | 9 | 42017 | 2 | 5 | 70
179 | Revision_179/sh.c | U | 98 | 108 | 9 | 42018 | 2 | 17 | 70
179 | Revision_179/scheme.c | U | 99 | 109 | 9 | 42019 | 2 | 16 | 70
179 | Revision_179/php.c | U | 98 | 106 | 9 | 42020 | 2 | 22 | 70
179 | Revision_179/c.c | U | 2315 | 2330 | 9 | 42021 | 2 | 8 | 70
179 | Revision_179/c.c | U | 2333 | 2342 | 9 | 42022 | 2 | 12 | 70
179 | Revision_179/eiffel.c | U | 1222 | 1231 | 9 | 42023 | 2 | 9 | 70
179 | Revision_179/c.c | U | 2303 | 2312 | 9 | 42024 | 2 | 15 | 70
179 | Revision_179/fortran.c | U | 1673 | 1688 | 9 | 42025 | 2 | 21 | 70
179 | Revision_179/asp.c | U | 161 | 169 | 9 | 42026 | 2 | 4 | 70
179 | Revision_179/verilog.c | U | 160 | 168 | 9 | 42027 | 2 | 283 | 70
179 | Revision_179/python.c | U | 212 | 220 | 9 | 42028 | 2 | 13 | 70
179 | Revision_179/perl.c | U | 109 | 117 | 9 | 42029 | 2 | 7 | 70
179 | Revision_179/tcl.c | U | 73 | 81 | 9 | 42030 | 2 | 18 | 70
179 | Revision_179/cobol.c | U | 72 | 80 | 9 | 42031 | 2 | 11 | 70
179 | Revision_179/pascal.c | U | 246 | 254 | 9 | 42032 | 2 | 14 | 70
179 | Revision_179/rexx.c | U | 30 | 37 | 9 | 42033 | 2 | 26 | 70
179 | Revision_179/make.c | U | 91 | 101 | 9 | 42034 | 2 | 25 | 70
179 | Revision_179/slang.c | U | 34 | 41 | 9 | 42035 | 2 | 24 | 70
179 | Revision_179/yacc.c | U | 31 | 38 | 9 | 42036 | 2 | 23 | 70
179 | Revision_179/keyword.c | U | 107 | 116 | 9 | 42037 | 2 | 27 | 70
179 | Revision_179/c.c | U | 1801 | 1806 | 9 | 42038 | 2 | 28 | 70
179 | Revision_179/options.c | U | 613 | 619 | 9 | 42039 | 2 | 29 | 70
179 | Revision_179/options.c | U | 520 | 525 | 9 | 42040 | 2 | 30 | 70
179 | Revision_179/c.c | U | 1826 | 1834 | 9 | 42041 | 2 | 31 | 70
179 | Revision_179/options.c | U | 1194 | 1204 | 9 | 42042 | 2 | 32 | 70
179 | Revision_179/asp.c | U | 69 | 88 | 15 | 42043 | 3 | 33 | 100
179 | Revision_179/asp.c | U | 92 | 111 | 15 | 42044 | 3 | 34 | 100
179 | Revision_179/asp.c | U | 115 | 131 | 13 | 42045 | 4 | 35 | 72
179 | Revision_179/tcl.c | U | 55 | 67 | 13 | 42046 | 4 | 39 | 72
179 | Revision_179/php.c | U | 78 | 91 | 13 | 42047 | 4 | 40 | 72
179 | Revision_179/asp.c | U | 135 | 150 | 13 | 42048 | 4 | 36 | 72
179 | Revision_179/ruby.c | U | 79 | 94 | 13 | 42049 | 4 | 42 | 72
179 | Revision_179/ruby.c | U | 96 | 111 | 13 | 42050 | 4 | 42 | 72
179 | Revision_179/args.c | U | 85 | 92 | 8 | 42051 | 5 | 43 | 100
179 | Revision_179/args.c | U | 159 | 166 | 8 | 42052 | 5 | 44 | 100
179 | Revision_179/args.c | U | 181 | 189 | 9 | 42053 | 6 | 45 | 75
179 | Revision_179/args.c | U | 202 | 210 | 9 | 42054 | 6 | 46 | 75
179 | Revision_179/args.c | U | 192 | 199 | 9 | 42055 | 6 | 47 | 75
179 | Revision_179/args.c | U | 265 | 271 | 6 | 42056 | 7 | 48 | 80
179 | Revision_179/options.c | U | 566 | 571 | 6 | 42057 | 7 | 49 | 80
179 | Revision_179/fortran.c | U | 781 | 786 | 6 | 42058 | 7 | 50 | 80
179 | Revision_179/c.c | U | 403 | 409 | 7 | 42059 | 8 | 51 | 80
179 | Revision_179/vstring.c | U | 67 | 74 | 7 | 42060 | 8 | 52 | 80
179 | Revision_179/c.c | U | 412 | 419 | 6 | 42061 | 9 | 53 | 80
179 | Revision_179/c.c | U | 422 | 429 | 6 | 42062 | 9 | 54 | 80
179 | Revision_179/c.c | U | 531 | 547 | 15 | 42063 | 10 | 55 | 71
179 | Revision_179/c.c | U | 992 | 1005 | 15 | 42064 | 10 | 56 | 71
179 | Revision_179/c.c | U | 550 | 566 | 15 | 42065 | 10 | 57 | 71
179 | Revision_179/fortran.c | U | 1393 | 1409 | 15 | 42066 | 10 | 59 | 71
179 | Revision_179/c.c | U | 925 | 942 | 15 | 42067 | 10 | 60 | 71
179 | Revision_179/fortran.c | U | 931 | 949 | 15 | 42068 | 10 | 58 | 71
179 | Revision_179/c.c | U | 928 | 940 | 15 | 42069 | 10 | 63 | 71
179 | Revision_179/c.c | U | 553 | 564 | 15 | 42070 | 10 | 64 | 71
179 | Revision_179/fortran.c | U | 934 | 947 | 15 | 42071 | 10 | 62 | 71
179 | Revision_179/c.c | U | 2121 | 2140 | 15 | 42072 | 10 | 61 | 71
179 | Revision_179/fortran.c | U | 1396 | 1407 | 15 | 42073 | 10 | 65 | 71
179 | Revision_179/c.c | U | 2123 | 2137 | 15 | 42074 | 10 | 69 | 71
179 | Revision_179/eiffel.c | U | 905 | 947 | 15 | 42075 | 10 | 248 | 71
179 | Revision_179/c.c | U | 534 | 545 | 15 | 42076 | 10 | 71 | 71
179 | Revision_179/c.c | U | 583 | 603 | 20 | 42077 | 11 | 72 | 73
179 | Revision_179/c.c | U | 678 | 686 | 20 | 42078 | 11 | 73 | 73
179 | Revision_179/c.c | U | 613 | 619 | 8 | 42079 | 12 | 74 | 71
179 | Revision_179/options.c | U | 463 | 470 | 8 | 42080 | 12 | 75 | 71
179 | Revision_179/c.c | U | 642 | 646 | 5 | 42081 | 13 | 76 | 75
179 | Revision_179/fortran.c | U | 1161 | 1165 | 5 | 42082 | 13 | 79 | 75
179 | Revision_179/eiffel.c | U | 673 | 677 | 5 | 42083 | 13 | 249 | 75
179 | Revision_179/fortran.c | U | 1305 | 1310 | 5 | 42084 | 13 | 78 | 75
179 | Revision_179/c.c | U | 1729 | 1733 | 5 | 42085 | 13 | 80 | 75
179 | Revision_179/fortran.c | U | 1144 | 1149 | 5 | 42086 | 13 | 84 | 75
179 | Revision_179/c.c | U | 2172 | 2176 | 5 | 42087 | 13 | 86 | 75
179 | Revision_179/eiffel.c | U | 1014 | 1018 | 5 | 42088 | 13 | 269 | 75
179 | Revision_179/eiffel.c | U | 963 | 967 | 5 | 42089 | 13 | 269 | 75
179 | Revision_179/eiffel.c | U | 874 | 878 | 5 | 42090 | 13 | 269 | 75
179 | Revision_179/fortran.c | U | 1125 | 1129 | 5 | 42091 | 13 | 85 | 75
179 | Revision_179/fortran.c | U | 1116 | 1120 | 5 | 42092 | 13 | 81 | 75
179 | Revision_179/fortran.c | U | 1236 | 1240 | 5 | 42093 | 13 | 83 | 75
179 | Revision_179/eiffel.c | U | 660 | 664 | 5 | 42094 | 13 | 250 | 75
179 | Revision_179/c.c | U | 1755 | 1760 | 5 | 42095 | 13 | 88 | 75
179 | Revision_179/readtags.c | U | 146 | 150 | 5 | 42096 | 13 | 87 | 75
179 | Revision_179/c.c | U | 2164 | 2169 | 5 | 42097 | 13 | 96 | 75
179 | Revision_179/c.c | U | 2235 | 2240 | 5 | 42098 | 13 | 94 | 75
179 | Revision_179/ruby.c | U | 135 | 139 | 5 | 42099 | 13 | 19 | 75
179 | Revision_179/eiffel.c | U | 1033 | 1037 | 5 | 42100 | 13 | 151 | 75
179 | Revision_179/fortran.c | U | 467 | 471 | 5 | 42101 | 13 | 95 | 75
179 | Revision_179/eiffel.c | U | 848 | 853 | 5 | 42102 | 13 | 151 | 75
179 | Revision_179/keyword.c | U | 185 | 189 | 5 | 42103 | 13 | 91 | 75
179 | Revision_179/options.c | U | 815 | 819 | 5 | 42104 | 13 | 89 | 75
179 | Revision_179/c.c | U | 1772 | 1776 | 5 | 42105 | 13 | 125 | 75
179 | Revision_179/strlist.c | U | 134 | 138 | 5 | 42106 | 13 | 126 | 75
179 | Revision_179/c.c | U | 1791 | 1798 | 5 | 42107 | 13 | 244 | 75
179 | Revision_179/options.c | U | 507 | 511 | 5 | 42108 | 13 | 97 | 75
179 | Revision_179/vstring.c | U | 35 | 40 | 5 | 42109 | 13 | 98 | 75
179 | Revision_179/eiffel.c | U | 1069 | 1078 | 5 | 42110 | 13 | 101 | 75
179 | Revision_179/options.c | U | 661 | 665 | 5 | 42111 | 13 | 127 | 75
179 | Revision_179/fortran.c | U | 857 | 861 | 5 | 42112 | 13 | 128 | 75
179 | Revision_179/options.c | U | 942 | 946 | 5 | 42113 | 13 | 129 | 75
179 | Revision_179/c.c | U | 675 | 688 | 27 | 42114 | 14 | 102 | 78
179 | Revision_179/c.c | U | 723 | 739 | 27 | 42115 | 14 | 103 | 78
179 | Revision_179/c.c | U | 691 | 698 | 8 | 42116 | 15 | 104 | 85
179 | Revision_179/c.c | U | 701 | 708 | 8 | 42117 | 15 | 105 | 85
179 | Revision_179/c.c | U | 1051 | 1059 | 7 | 42118 | 16 | 106 | 83
179 | Revision_179/fortran.c | U | 375 | 383 | 7 | 42119 | 16 | 107 | 83
179 | Revision_179/c.c | U | 1097 | 1104 | 7 | 42120 | 17 | 108 | 80
179 | Revision_179/c.c | U | 1106 | 1113 | 7 | 42121 | 17 | 109 | 80
179 | Revision_179/c.c | U | 1127 | 1134 | 7 | 42122 | 18 | 110 | 83
179 | Revision_179/c.c | U | 1137 | 1144 | 7 | 42123 | 18 | 111 | 83
179 | Revision_179/fortran.c | U | 500 | 506 | 7 | 42124 | 18 | 112 | 83
179 | Revision_179/c.c | U | 1185 | 1200 | 11 | 42125 | 19 | 113 | 72
179 | Revision_179/fortran.c | U | 710 | 721 | 11 | 42126 | 19 | 116 | 72
179 | Revision_179/c.c | U | 1203 | 1216 | 11 | 42127 | 19 | 115 | 72
179 | Revision_179/eiffel.c | U | 572 | 584 | 11 | 42128 | 19 | 114 | 72
179 | Revision_179/eiffel.c | U | 587 | 599 | 11 | 42129 | 19 | 117 | 72
179 | Revision_179/c.c | U | 1492 | 1496 | 5 | 42130 | 20 | 118 | 75
179 | Revision_179/eiffel.c | U | 419 | 423 | 5 | 42131 | 20 | 119 | 75
179 | Revision_179/fortran.c | U | 667 | 671 | 5 | 42132 | 20 | 120 | 75
179 | Revision_179/c.c | U | 1621 | 1625 | 5 | 42133 | 21 | 121 | 75
179 | Revision_179/get.c | U | 578 | 582 | 5 | 42134 | 21 | 122 | 75
179 | Revision_179/c.c | U | 2273 | 2282 | 9 | 42135 | 22 | 130 | 85
179 | Revision_179/eiffel.c | U | 215 | 224 | 9 | 42136 | 22 | 131 | 85
179 | Revision_179/fortran.c | U | 310 | 319 | 9 | 42137 | 22 | 132 | 85
179 | Revision_179/eiffel.c | U | 287 | 301 | 9 | 42138 | 23 | 133 | 71
179 | Revision_179/beta.c | U | 71 | 82 | 9 | 42139 | 23 | 134 | 71
179 | Revision_179/parse.c | U | 46 | 57 | 9 | 42140 | 23 | 135 | 71
179 | Revision_179/eiffel.c | U | 289 | 299 | 9 | 42141 | 23 | 136 | 71
179 | Revision_179/eiffel.c | U | 382 | 407 | 23 | 42142 | 24 | 139 | 75
179 | Revision_179/fortran.c | U | 625 | 655 | 23 | 42143 | 24 | 140 | 75
179 | Revision_179/eiffel.c | U | 410 | 435 | 20 | 42144 | 25 | 141 | 94
179 | Revision_179/fortran.c | U | 658 | 683 | 20 | 42145 | 25 | 142 | 94
179 | Revision_179/eiffel.c | U | 547 | 551 | 5 | 42146 | 26 | 143 | 75
179 | Revision_179/fortran.c | U | 836 | 840 | 5 | 42147 | 26 | 145 | 75
179 | Revision_179/fortran.c | U | 647 | 651 | 5 | 42148 | 26 | 144 | 75
179 | Revision_179/eiffel.c | U | 602 | 612 | 9 | 42149 | 27 | 146 | 100
179 | Revision_179/fortran.c | U | 748 | 758 | 9 | 42150 | 27 | 147 | 100
179 | Revision_179/eiffel.c | U | 720 | 727 | 8 | 42151 | 28 | 148 | 100
179 | Revision_179/fortran.c | U | 878 | 885 | 8 | 42152 | 28 | 149 | 100
179 | Revision_179/eiffel.c | U | 836 | 854 | 14 | 42153 | 29 | 251 | 72
179 | Revision_179/eiffel.c | U | 858 | 880 | 14 | 42154 | 29 | 252 | 72
179 | Revision_179/eiffel.c | U | 1008 | 1021 | 14 | 42155 | 29 | 253 | 72
179 | Revision_179/eiffel.c | U | 1066 | 1079 | 9 | 42156 | 30 | 156 | 71
179 | Revision_179/fortran.c | U | 1534 | 1541 | 9 | 42157 | 30 | 153 | 71
179 | Revision_179/eiffel.c | U | 1176 | 1188 | 10 | 42158 | 31 | 157 | 100
179 | Revision_179/fortran.c | U | 724 | 735 | 10 | 42159 | 31 | 158 | 100
179 | Revision_179/verilog.c | U | 147 | 153 | 7 | 42160 | 32 | 284 | 83
179 | Revision_179/lua.c | U | 81 | 88 | 7 | 42161 | 32 | 285 | 83
179 | Revision_179/vim.c | U | 83 | 98 | 16 | 42162 | 33 | 159 | 76
179 | Revision_179/vim.c | U | 106 | 125 | 16 | 42163 | 33 | 160 | 76
179 | Revision_179/python.c | U | 105 | 109 | 5 | 42164 | 34 | 278 | 75
179 | Revision_179/asm.c | U | 248 | 252 | 5 | 42165 | 34 | 279 | 75
179 | Revision_179/options.c | U | 738 | 743 | 5 | 42166 | 34 | 280 | 75
179 | Revision_179/perl.c | U | 56 | 60 | 5 | 42167 | 35 | 163 | 75
179 | Revision_179/pascal.c | U | 132 | 136 | 5 | 42168 | 35 | 164 | 75
179 | Revision_179/sort.c | U | 123 | 128 | 5 | 42169 | 36 | 281 | 100
179 | Revision_179/sort.c | U | 131 | 136 | 5 | 42170 | 36 | 282 | 100
179 | Revision_179/strlist.c | U | 32 | 38 | 8 | 42171 | 37 | 165 | 71
179 | Revision_179/vstring.c | U | 77 | 87 | 8 | 42172 | 37 | 166 | 71
179 | Revision_179/strlist.c | U | 147 | 154 | 8 | 42173 | 38 | 167 | 85
179 | Revision_179/strlist.c | U | 158 | 165 | 8 | 42174 | 38 | 168 | 85
179 | Revision_179/strlist.c | U | 169 | 176 | 8 | 42175 | 38 | 169 | 85
179 | Revision_179/pascal.c | U | 172 | 178 | 6 | 42176 | 39 | 170 | 100
179 | Revision_179/pascal.c | U | 180 | 186 | 6 | 42177 | 39 | 171 | 100
179 | Revision_179/awk.c | U | 47 | 65 | 17 | 42178 | 40 | 172 | 73
179 | Revision_179/php.c | U | 55 | 75 | 17 | 42179 | 40 | 173 | 73
179 | Revision_179/get.c | U | 297 | 309 | 10 | 42180 | 41 | 174 | 70
179 | Revision_179/read.c | U | 214 | 225 | 10 | 42181 | 41 | 176 | 70
179 | Revision_179/parse.c | U | 563 | 577 | 10 | 42182 | 41 | 175 | 70
179 | Revision_179/get.c | U | 461 | 472 | 11 | 42183 | 42 | 177 | 72
179 | Revision_179/get.c | U | 495 | 511 | 11 | 42184 | 42 | 179 | 72
179 | Revision_179/get.c | U | 478 | 489 | 11 | 42185 | 42 | 178 | 72
179 | Revision_179/get.c | U | 525 | 530 | 6 | 42186 | 43 | 180 | 80
179 | Revision_179/read.c | U | 415 | 419 | 6 | 42187 | 43 | 181 | 80
179 | Revision_179/routines.c | U | 221 | 228 | 6 | 42188 | 44 | 254 | 80
179 | Revision_179/routines.c | U | 231 | 238 | 6 | 42189 | 44 | 255 | 80
179 | Revision_179/routines.c | U | 272 | 279 | 8 | 42190 | 45 | 256 | 83
179 | Revision_179/readtags.c | U | 108 | 115 | 8 | 42191 | 45 | 123 | 83
179 | Revision_179/readtags.c | U | 118 | 125 | 8 | 42192 | 45 | 238 | 83
179 | Revision_179/routines.c | U | 282 | 289 | 8 | 42193 | 45 | 257 | 83
179 | Revision_179/routines.c | U | 306 | 310 | 5 | 42194 | 46 | 258 | 75
179 | Revision_179/vstring.c | U | 125 | 129 | 5 | 42195 | 46 | 188 | 75
179 | Revision_179/vstring.c | U | 118 | 122 | 5 | 42196 | 46 | 189 | 75
179 | Revision_179/routines.c | U | 313 | 319 | 6 | 42197 | 47 | 259 | 100
179 | Revision_179/routines.c | U | 322 | 328 | 6 | 42198 | 47 | 260 | 100
179 | Revision_179/routines.c | U | 333 | 340 | 8 | 42199 | 48 | 261 | 100
179 | Revision_179/routines.c | U | 345 | 352 | 8 | 42200 | 48 | 262 | 100
179 | Revision_179/routines.c | U | 469 | 482 | 5 | 42201 | 49 | 267 | 75
179 | Revision_179/routines.c | U | 543 | 566 | 5 | 42202 | 49 | 268 | 75
179 | Revision_179/beta.c | U | 136 | 143 | 6 | 42203 | 50 | 201 | 75
179 | Revision_179/beta.c | U | 207 | 215 | 6 | 42204 | 50 | 202 | 75
179 | Revision_179/beta.c | U | 154 | 158 | 5 | 42205 | 51 | 203 | 75
179 | Revision_179/beta.c | U | 160 | 164 | 5 | 42206 | 51 | 204 | 75
179 | Revision_179/beta.c | U | 280 | 284 | 5 | 42207 | 51 | 205 | 75
179 | Revision_179/beta.c | U | 167 | 171 | 5 | 42208 | 51 | 206 | 75
179 | Revision_179/beta.c | U | 274 | 278 | 5 | 42209 | 51 | 207 | 75
179 | Revision_179/parse.c | U | 98 | 108 | 11 | 42210 | 52 | 208 | 88
179 | Revision_179/parse.c | U | 111 | 122 | 11 | 42211 | 52 | 209 | 88
179 | Revision_179/readtags.c | U | 486 | 490 | 5 | 42212 | 53 | 90 | 75
179 | Revision_179/readtags.c | U | 663 | 667 | 5 | 42213 | 53 | 99 | 75
179 | Revision_179/readtags.c | U | 525 | 531 | 6 | 42214 | 54 | 239 | 100
179 | Revision_179/readtags.c | U | 533 | 539 | 6 | 42215 | 54 | 240 | 100
179 | Revision_179/readtags.c | U | 568 | 572 | 6 | 42216 | 55 | 123 | 75
179 | Revision_179/readtags.c | U | 623 | 629 | 6 | 42217 | 55 | 124 | 75
179 | Revision_179/readtags.c | U | 700 | 708 | 8 | 42218 | 56 | 210 | 83
179 | Revision_179/readtags.c | U | 744 | 752 | 8 | 42219 | 56 | 211 | 83
179 | Revision_179/readtags.c | U | 711 | 716 | 6 | 42220 | 57 | 212 | 80
179 | Revision_179/readtags.c | U | 736 | 741 | 6 | 42221 | 57 | 241 | 80
179 | Revision_179/readtags.c | U | 728 | 733 | 6 | 42222 | 57 | 242 | 80
179 | Revision_179/fortran.c | U | 1015 | 1023 | 8 | 42223 | 58 | 214 | 83
179 | Revision_179/fortran.c | U | 1026 | 1035 | 8 | 42224 | 58 | 215 | 83
179 | Revision_179/fortran.c | U | 1107 | 1122 | 16 | 42225 | 59 | 216 | 92
179 | Revision_179/fortran.c | U | 1228 | 1242 | 16 | 42226 | 59 | 217 | 92
179 | Revision_179/fortran.c | U | 1363 | 1382 | 28 | 42227 | 60 | 218 | 73
179 | Revision_179/fortran.c | U | 1614 | 1630 | 28 | 42228 | 60 | 219 | 73
179 | Revision_179/fortran.c | U | 1432 | 1447 | 15 | 42229 | 61 | 220 | 78
179 | Revision_179/fortran.c | U | 1503 | 1517 | 15 | 42230 | 61 | 221 | 78
179 | Revision_179/scheme.c | U | 70 | 78 | 8 | 42231 | 62 | 222 | 71
179 | Revision_179/scheme.c | U | 85 | 93 | 8 | 42232 | 62 | 223 | 71
179 | Revision_179/options.c | U | 357 | 363 | 6 | 42233 | 63 | 224 | 100
179 | Revision_179/options.c | U | 366 | 372 | 6 | 42234 | 63 | 225 | 100
179 | Revision_179/options.c | U | 530 | 536 | 7 | 42235 | 64 | 226 | 100
179 | Revision_179/options.c | U | 548 | 554 | 7 | 42236 | 64 | 227 | 100
179 | Revision_179/options.c | U | 539 | 545 | 7 | 42237 | 64 | 228 | 100
179 | Revision_179/options.c | U | 557 | 563 | 7 | 42238 | 64 | 229 | 100
179 | Revision_179/options.c | U | 757 | 761 | 5 | 42239 | 65 | 230 | 75
179 | Revision_179/options.c | U | 783 | 787 | 5 | 42240 | 65 | 231 | 75
179 | Revision_179/options.c | U | 875 | 879 | 5 | 42241 | 66 | 232 | 100
179 | Revision_179/options.c | U | 881 | 885 | 5 | 42242 | 66 | 233 | 100
179 | Revision_179/options.c | U | 1028 | 1033 | 6 | 42243 | 67 | 234 | 80
179 | Revision_179/options.c | U | 1170 | 1175 | 6 | 42244 | 67 | 235 | 80
179 | Revision_179/options.c | U | 1311 | 1328 | 15 | 42245 | 68 | 236 | 91
179 | Revision_179/options.c | U | 1349 | 1366 | 15 | 42246 | 68 | 237 | 91
