Revision | filePath | changeType | StartLine | EndLine | Nlines | cloneId | classId | globalCloneId | Similarity
192 | Revision_192/lisp.c | U | 91 | 97 | 7 | 45109 | 1 | 1 | 83
192 | Revision_192/lisp.c | U | 112 | 118 | 7 | 45110 | 1 | 2 | 83
192 | Revision_192/lisp.c | U | 127 | 137 | 9 | 45111 | 2 | 3 | 70
192 | Revision_192/fortran.c | U | 1674 | 1689 | 9 | 45112 | 2 | 21 | 70
192 | Revision_192/eiffel.c | U | 1222 | 1231 | 9 | 45113 | 2 | 9 | 70
192 | Revision_192/asm.c | U | 260 | 278 | 9 | 45114 | 2 | 274 | 70
192 | Revision_192/vim.c | U | 131 | 139 | 9 | 45115 | 2 | 20 | 70
192 | Revision_192/ruby.c | U | 166 | 174 | 9 | 45116 | 2 | 19 | 70
192 | Revision_192/lua.c | U | 123 | 131 | 9 | 45117 | 2 | 243 | 70
192 | Revision_192/c.c | U | 2303 | 2312 | 9 | 45118 | 2 | 12 | 70
192 | Revision_192/scheme.c | U | 99 | 109 | 9 | 45119 | 2 | 16 | 70
192 | Revision_192/awk.c | U | 71 | 79 | 9 | 45120 | 2 | 10 | 70
192 | Revision_192/asp.c | U | 161 | 169 | 9 | 45121 | 2 | 4 | 70
192 | Revision_192/c.c | U | 2315 | 2330 | 9 | 45122 | 2 | 8 | 70
192 | Revision_192/python.c | U | 212 | 220 | 9 | 45123 | 2 | 13 | 70
192 | Revision_192/c.c | U | 2333 | 2342 | 9 | 45124 | 2 | 15 | 70
192 | Revision_192/pascal.c | U | 246 | 254 | 9 | 45125 | 2 | 14 | 70
192 | Revision_192/perl.c | U | 109 | 117 | 9 | 45126 | 2 | 7 | 70
192 | Revision_192/verilog.c | U | 160 | 168 | 9 | 45127 | 2 | 283 | 70
192 | Revision_192/tcl.c | U | 73 | 81 | 9 | 45128 | 2 | 18 | 70
192 | Revision_192/cobol.c | U | 72 | 80 | 9 | 45129 | 2 | 11 | 70
192 | Revision_192/sh.c | U | 98 | 108 | 9 | 45130 | 2 | 17 | 70
192 | Revision_192/beta.c | U | 313 | 321 | 9 | 45131 | 2 | 5 | 70
192 | Revision_192/php.c | U | 98 | 106 | 9 | 45132 | 2 | 22 | 70
192 | Revision_192/make.c | U | 91 | 101 | 9 | 45133 | 2 | 25 | 70
192 | Revision_192/slang.c | U | 34 | 41 | 9 | 45134 | 2 | 24 | 70
192 | Revision_192/yacc.c | U | 31 | 38 | 9 | 45135 | 2 | 23 | 70
192 | Revision_192/rexx.c | U | 30 | 37 | 9 | 45136 | 2 | 26 | 70
192 | Revision_192/keyword.c | U | 107 | 116 | 9 | 45137 | 2 | 27 | 70
192 | Revision_192/c.c | U | 1801 | 1806 | 9 | 45138 | 2 | 28 | 70
192 | Revision_192/options.c | U | 600 | 606 | 9 | 45139 | 2 | 29 | 70
192 | Revision_192/options.c | U | 507 | 512 | 9 | 45140 | 2 | 30 | 70
192 | Revision_192/c.c | U | 1826 | 1834 | 9 | 45141 | 2 | 31 | 70
192 | Revision_192/options.c | U | 1181 | 1191 | 9 | 45142 | 2 | 32 | 70
192 | Revision_192/asp.c | U | 69 | 88 | 15 | 45143 | 3 | 33 | 100
192 | Revision_192/asp.c | U | 92 | 111 | 15 | 45144 | 3 | 34 | 100
192 | Revision_192/asp.c | U | 115 | 131 | 13 | 45145 | 4 | 35 | 72
192 | Revision_192/asp.c | U | 135 | 150 | 13 | 45146 | 4 | 36 | 72
192 | Revision_192/ruby.c | U | 79 | 94 | 13 | 45147 | 4 | 42 | 72
192 | Revision_192/ruby.c | U | 96 | 111 | 13 | 45148 | 4 | 42 | 72
192 | Revision_192/php.c | U | 78 | 91 | 13 | 45149 | 4 | 40 | 72
192 | Revision_192/tcl.c | U | 55 | 67 | 13 | 45150 | 4 | 39 | 72
192 | Revision_192/args.c | U | 85 | 92 | 8 | 45151 | 5 | 43 | 100
192 | Revision_192/args.c | U | 159 | 166 | 8 | 45152 | 5 | 44 | 100
192 | Revision_192/args.c | U | 181 | 189 | 9 | 45153 | 6 | 45 | 75
192 | Revision_192/args.c | U | 202 | 210 | 9 | 45154 | 6 | 46 | 75
192 | Revision_192/args.c | U | 192 | 199 | 9 | 45155 | 6 | 47 | 75
192 | Revision_192/args.c | U | 265 | 271 | 6 | 45156 | 7 | 48 | 80
192 | Revision_192/options.c | U | 553 | 558 | 6 | 45157 | 7 | 49 | 80
192 | Revision_192/fortran.c | U | 781 | 786 | 6 | 45158 | 7 | 50 | 80
192 | Revision_192/c.c | U | 403 | 409 | 7 | 45159 | 8 | 51 | 80
192 | Revision_192/vstring.c | U | 67 | 74 | 7 | 45160 | 8 | 52 | 80
192 | Revision_192/c.c | U | 412 | 419 | 6 | 45161 | 9 | 53 | 80
192 | Revision_192/c.c | U | 422 | 429 | 6 | 45162 | 9 | 54 | 80
192 | Revision_192/c.c | U | 531 | 547 | 16 | 45163 | 10 | 55 | 71
192 | Revision_192/c.c | U | 550 | 566 | 16 | 45164 | 10 | 57 | 71
192 | Revision_192/fortran.c | U | 1393 | 1409 | 16 | 45165 | 10 | 59 | 71
192 | Revision_192/fortran.c | U | 931 | 949 | 16 | 45166 | 10 | 58 | 71
192 | Revision_192/c.c | U | 925 | 942 | 16 | 45167 | 10 | 60 | 71
192 | Revision_192/c.c | U | 992 | 1005 | 16 | 45168 | 10 | 56 | 71
192 | Revision_192/c.c | U | 2121 | 2140 | 16 | 45169 | 10 | 61 | 71
192 | Revision_192/fortran.c | U | 1396 | 1407 | 16 | 45170 | 10 | 65 | 71
192 | Revision_192/c.c | U | 928 | 940 | 16 | 45171 | 10 | 63 | 71
192 | Revision_192/c.c | U | 553 | 564 | 16 | 45172 | 10 | 64 | 71
192 | Revision_192/fortran.c | U | 934 | 947 | 16 | 45173 | 10 | 62 | 71
192 | Revision_192/eiffel.c | U | 905 | 947 | 16 | 45174 | 10 | 248 | 71
192 | Revision_192/c.c | U | 2123 | 2137 | 16 | 45175 | 10 | 69 | 71
192 | Revision_192/c.c | U | 534 | 545 | 16 | 45176 | 10 | 71 | 71
192 | Revision_192/c.c | U | 583 | 603 | 20 | 45177 | 11 | 72 | 73
192 | Revision_192/c.c | U | 678 | 686 | 20 | 45178 | 11 | 73 | 73
192 | Revision_192/c.c | U | 613 | 619 | 8 | 45179 | 12 | 74 | 71
192 | Revision_192/options.c | U | 450 | 457 | 8 | 45180 | 12 | 75 | 71
192 | Revision_192/c.c | U | 642 | 646 | 5 | 45181 | 13 | 76 | 75
192 | Revision_192/fortran.c | U | 1436 | 1440 | 5 | 45182 | 13 | 79 | 75
192 | Revision_192/c.c | U | 1729 | 1733 | 5 | 45183 | 13 | 80 | 75
192 | Revision_192/fortran.c | U | 1305 | 1310 | 5 | 45184 | 13 | 78 | 75
192 | Revision_192/eiffel.c | U | 673 | 677 | 5 | 45185 | 13 | 249 | 75
192 | Revision_192/fortran.c | U | 1161 | 1165 | 5 | 45186 | 13 | 286 | 75
192 | Revision_192/eiffel.c | U | 963 | 967 | 5 | 45187 | 13 | 269 | 75
192 | Revision_192/eiffel.c | U | 1014 | 1018 | 5 | 45188 | 13 | 269 | 75
192 | Revision_192/fortran.c | U | 1116 | 1120 | 5 | 45189 | 13 | 81 | 75
192 | Revision_192/fortran.c | U | 1125 | 1129 | 5 | 45190 | 13 | 85 | 75
192 | Revision_192/eiffel.c | U | 874 | 878 | 5 | 45191 | 13 | 269 | 75
192 | Revision_192/fortran.c | U | 1144 | 1149 | 5 | 45192 | 13 | 84 | 75
192 | Revision_192/c.c | U | 2172 | 2176 | 5 | 45193 | 13 | 86 | 75
192 | Revision_192/fortran.c | U | 1236 | 1240 | 5 | 45194 | 13 | 83 | 75
192 | Revision_192/c.c | U | 1755 | 1760 | 5 | 45195 | 13 | 88 | 75
192 | Revision_192/readtags.c | U | 146 | 150 | 5 | 45196 | 13 | 87 | 75
192 | Revision_192/eiffel.c | U | 660 | 664 | 5 | 45197 | 13 | 250 | 75
192 | Revision_192/options.c | U | 802 | 806 | 5 | 45198 | 13 | 89 | 75
192 | Revision_192/keyword.c | U | 185 | 189 | 5 | 45199 | 13 | 91 | 75
192 | Revision_192/ruby.c | U | 135 | 139 | 5 | 45200 | 13 | 19 | 75
192 | Revision_192/fortran.c | U | 467 | 471 | 5 | 45201 | 13 | 95 | 75
192 | Revision_192/eiffel.c | U | 848 | 853 | 5 | 45202 | 13 | 151 | 75
192 | Revision_192/c.c | U | 2235 | 2240 | 5 | 45203 | 13 | 94 | 75
192 | Revision_192/eiffel.c | U | 1033 | 1037 | 5 | 45204 | 13 | 151 | 75
192 | Revision_192/c.c | U | 2164 | 2169 | 5 | 45205 | 13 | 96 | 75
192 | Revision_192/c.c | U | 1791 | 1798 | 5 | 45206 | 13 | 244 | 75
192 | Revision_192/vstring.c | U | 35 | 40 | 5 | 45207 | 13 | 98 | 75
192 | Revision_192/options.c | U | 494 | 498 | 5 | 45208 | 13 | 97 | 75
192 | Revision_192/strlist.c | U | 134 | 138 | 5 | 45209 | 13 | 126 | 75
192 | Revision_192/c.c | U | 1772 | 1776 | 5 | 45210 | 13 | 125 | 75
192 | Revision_192/eiffel.c | U | 1069 | 1078 | 5 | 45211 | 13 | 101 | 75
192 | Revision_192/fortran.c | U | 857 | 861 | 5 | 45212 | 13 | 128 | 75
192 | Revision_192/options.c | U | 648 | 652 | 5 | 45213 | 13 | 127 | 75
192 | Revision_192/options.c | U | 929 | 933 | 5 | 45214 | 13 | 129 | 75
192 | Revision_192/c.c | U | 675 | 688 | 27 | 45215 | 14 | 102 | 78
192 | Revision_192/c.c | U | 723 | 739 | 27 | 45216 | 14 | 103 | 78
192 | Revision_192/c.c | U | 691 | 698 | 8 | 45217 | 15 | 104 | 85
192 | Revision_192/c.c | U | 701 | 708 | 8 | 45218 | 15 | 105 | 85
192 | Revision_192/c.c | U | 1051 | 1059 | 7 | 45219 | 16 | 106 | 83
192 | Revision_192/fortran.c | U | 375 | 383 | 7 | 45220 | 16 | 107 | 83
192 | Revision_192/c.c | U | 1097 | 1104 | 7 | 45221 | 17 | 108 | 80
192 | Revision_192/c.c | U | 1106 | 1113 | 7 | 45222 | 17 | 109 | 80
192 | Revision_192/c.c | U | 1127 | 1134 | 7 | 45223 | 18 | 110 | 83
192 | Revision_192/c.c | U | 1137 | 1144 | 7 | 45224 | 18 | 111 | 83
192 | Revision_192/fortran.c | U | 500 | 506 | 7 | 45225 | 18 | 112 | 83
192 | Revision_192/c.c | U | 1185 | 1200 | 11 | 45226 | 19 | 113 | 72
192 | Revision_192/fortran.c | U | 710 | 721 | 11 | 45227 | 19 | 116 | 72
192 | Revision_192/eiffel.c | U | 572 | 584 | 11 | 45228 | 19 | 114 | 72
192 | Revision_192/c.c | U | 1203 | 1216 | 11 | 45229 | 19 | 115 | 72
192 | Revision_192/eiffel.c | U | 587 | 599 | 11 | 45230 | 19 | 117 | 72
192 | Revision_192/c.c | U | 1492 | 1496 | 5 | 45231 | 20 | 118 | 75
192 | Revision_192/fortran.c | U | 667 | 671 | 5 | 45232 | 20 | 120 | 75
192 | Revision_192/eiffel.c | U | 419 | 423 | 5 | 45233 | 20 | 119 | 75
192 | Revision_192/c.c | U | 1621 | 1625 | 5 | 45234 | 21 | 121 | 75
192 | Revision_192/get.c | U | 578 | 582 | 5 | 45235 | 21 | 122 | 75
192 | Revision_192/c.c | U | 2273 | 2282 | 9 | 45236 | 22 | 130 | 85
192 | Revision_192/eiffel.c | U | 215 | 224 | 9 | 45237 | 22 | 131 | 85
192 | Revision_192/fortran.c | U | 310 | 319 | 9 | 45238 | 22 | 132 | 85
192 | Revision_192/eiffel.c | U | 287 | 301 | 9 | 45239 | 23 | 133 | 71
192 | Revision_192/beta.c | U | 71 | 82 | 9 | 45240 | 23 | 134 | 71
192 | Revision_192/parse.c | U | 46 | 57 | 9 | 45241 | 23 | 135 | 71
192 | Revision_192/eiffel.c | U | 289 | 299 | 9 | 45242 | 23 | 136 | 71
192 | Revision_192/eiffel.c | U | 382 | 407 | 23 | 45243 | 24 | 139 | 75
192 | Revision_192/fortran.c | U | 625 | 655 | 23 | 45244 | 24 | 140 | 75
192 | Revision_192/eiffel.c | U | 410 | 435 | 20 | 45245 | 25 | 141 | 94
192 | Revision_192/fortran.c | U | 658 | 683 | 20 | 45246 | 25 | 142 | 94
192 | Revision_192/eiffel.c | U | 547 | 551 | 5 | 45247 | 26 | 143 | 75
192 | Revision_192/fortran.c | U | 647 | 651 | 5 | 45248 | 26 | 144 | 75
192 | Revision_192/fortran.c | U | 836 | 840 | 5 | 45249 | 26 | 145 | 75
192 | Revision_192/eiffel.c | U | 602 | 612 | 9 | 45250 | 27 | 146 | 100
192 | Revision_192/fortran.c | U | 748 | 758 | 9 | 45251 | 27 | 147 | 100
192 | Revision_192/eiffel.c | U | 720 | 727 | 8 | 45252 | 28 | 148 | 100
192 | Revision_192/fortran.c | U | 878 | 885 | 8 | 45253 | 28 | 149 | 100
192 | Revision_192/eiffel.c | U | 836 | 854 | 14 | 45254 | 29 | 251 | 72
192 | Revision_192/eiffel.c | U | 858 | 880 | 14 | 45255 | 29 | 252 | 72
192 | Revision_192/eiffel.c | U | 1008 | 1021 | 14 | 45256 | 29 | 253 | 72
192 | Revision_192/eiffel.c | U | 1066 | 1079 | 9 | 45257 | 30 | 156 | 71
192 | Revision_192/fortran.c | U | 1535 | 1542 | 9 | 45258 | 30 | 153 | 71
192 | Revision_192/eiffel.c | U | 1176 | 1188 | 10 | 45259 | 31 | 157 | 100
192 | Revision_192/fortran.c | U | 724 | 735 | 10 | 45260 | 31 | 158 | 100
192 | Revision_192/verilog.c | U | 147 | 153 | 7 | 45261 | 32 | 284 | 83
192 | Revision_192/lua.c | U | 81 | 88 | 7 | 45262 | 32 | 285 | 83
192 | Revision_192/vim.c | U | 83 | 98 | 16 | 45263 | 33 | 159 | 76
192 | Revision_192/vim.c | U | 106 | 125 | 16 | 45264 | 33 | 160 | 76
192 | Revision_192/python.c | U | 105 | 109 | 5 | 45265 | 34 | 278 | 75
192 | Revision_192/asm.c | U | 248 | 252 | 5 | 45266 | 34 | 279 | 75
192 | Revision_192/options.c | U | 725 | 730 | 5 | 45267 | 34 | 280 | 75
192 | Revision_192/perl.c | U | 56 | 60 | 5 | 45268 | 35 | 163 | 75
192 | Revision_192/pascal.c | U | 132 | 136 | 5 | 45269 | 35 | 164 | 75
192 | Revision_192/sort.c | U | 123 | 128 | 5 | 45270 | 36 | 281 | 100
192 | Revision_192/sort.c | U | 131 | 136 | 5 | 45271 | 36 | 282 | 100
192 | Revision_192/strlist.c | U | 32 | 38 | 8 | 45272 | 37 | 165 | 71
192 | Revision_192/vstring.c | U | 77 | 87 | 8 | 45273 | 37 | 166 | 71
192 | Revision_192/strlist.c | U | 147 | 154 | 8 | 45274 | 38 | 167 | 85
192 | Revision_192/strlist.c | U | 158 | 165 | 8 | 45275 | 38 | 168 | 85
192 | Revision_192/strlist.c | U | 169 | 176 | 8 | 45276 | 38 | 169 | 85
192 | Revision_192/pascal.c | U | 172 | 178 | 6 | 45277 | 39 | 170 | 100
192 | Revision_192/pascal.c | U | 180 | 186 | 6 | 45278 | 39 | 171 | 100
192 | Revision_192/awk.c | U | 47 | 65 | 17 | 45279 | 40 | 172 | 73
192 | Revision_192/php.c | U | 55 | 75 | 17 | 45280 | 40 | 173 | 73
192 | Revision_192/get.c | U | 297 | 309 | 10 | 45281 | 41 | 174 | 70
192 | Revision_192/read.c | U | 214 | 225 | 10 | 45282 | 41 | 176 | 70
192 | Revision_192/parse.c | U | 563 | 577 | 10 | 45283 | 41 | 175 | 70
192 | Revision_192/get.c | U | 461 | 472 | 11 | 45284 | 42 | 177 | 72
192 | Revision_192/get.c | U | 495 | 511 | 11 | 45285 | 42 | 179 | 72
192 | Revision_192/get.c | U | 478 | 489 | 11 | 45286 | 42 | 178 | 72
192 | Revision_192/get.c | U | 525 | 530 | 6 | 45287 | 43 | 180 | 80
192 | Revision_192/read.c | U | 415 | 419 | 6 | 45288 | 43 | 181 | 80
192 | Revision_192/routines.c | U | 221 | 228 | 6 | 45289 | 44 | 254 | 80
192 | Revision_192/routines.c | U | 231 | 238 | 6 | 45290 | 44 | 255 | 80
192 | Revision_192/routines.c | U | 272 | 279 | 8 | 45291 | 45 | 256 | 83
192 | Revision_192/readtags.c | U | 108 | 115 | 8 | 45292 | 45 | 123 | 83
192 | Revision_192/readtags.c | U | 118 | 125 | 8 | 45293 | 45 | 238 | 83
192 | Revision_192/routines.c | U | 282 | 289 | 8 | 45294 | 45 | 257 | 83
192 | Revision_192/routines.c | U | 306 | 310 | 5 | 45295 | 46 | 258 | 75
192 | Revision_192/vstring.c | U | 125 | 129 | 5 | 45296 | 46 | 188 | 75
192 | Revision_192/vstring.c | U | 118 | 122 | 5 | 45297 | 46 | 189 | 75
192 | Revision_192/routines.c | U | 313 | 319 | 6 | 45298 | 47 | 259 | 100
192 | Revision_192/routines.c | U | 322 | 328 | 6 | 45299 | 47 | 260 | 100
192 | Revision_192/routines.c | U | 333 | 340 | 8 | 45300 | 48 | 261 | 100
192 | Revision_192/routines.c | U | 345 | 352 | 8 | 45301 | 48 | 262 | 100
192 | Revision_192/routines.c | U | 469 | 482 | 5 | 45302 | 49 | 267 | 75
192 | Revision_192/routines.c | U | 543 | 566 | 5 | 45303 | 49 | 268 | 75
192 | Revision_192/beta.c | U | 136 | 143 | 6 | 45304 | 50 | 201 | 75
192 | Revision_192/beta.c | U | 207 | 215 | 6 | 45305 | 50 | 202 | 75
192 | Revision_192/beta.c | U | 154 | 158 | 5 | 45306 | 51 | 203 | 75
192 | Revision_192/beta.c | U | 160 | 164 | 5 | 45307 | 51 | 204 | 75
192 | Revision_192/beta.c | U | 167 | 171 | 5 | 45308 | 51 | 206 | 75
192 | Revision_192/beta.c | U | 274 | 278 | 5 | 45309 | 51 | 205 | 75
192 | Revision_192/beta.c | U | 280 | 284 | 5 | 45310 | 51 | 207 | 75
192 | Revision_192/parse.c | U | 98 | 108 | 11 | 45311 | 52 | 208 | 88
192 | Revision_192/parse.c | U | 111 | 122 | 11 | 45312 | 52 | 209 | 88
192 | Revision_192/readtags.c | U | 502 | 506 | 5 | 45313 | 53 | 90 | 75
192 | Revision_192/readtags.c | U | 679 | 683 | 5 | 45314 | 53 | 99 | 75
192 | Revision_192/readtags.c | U | 541 | 547 | 6 | 45315 | 54 | 239 | 100
192 | Revision_192/readtags.c | U | 549 | 555 | 6 | 45316 | 54 | 240 | 100
192 | Revision_192/readtags.c | U | 584 | 588 | 6 | 45317 | 55 | 123 | 75
192 | Revision_192/readtags.c | U | 639 | 645 | 6 | 45318 | 55 | 124 | 75
192 | Revision_192/readtags.c | U | 716 | 724 | 8 | 45319 | 56 | 210 | 83
192 | Revision_192/readtags.c | U | 771 | 779 | 8 | 45320 | 56 | 211 | 83
192 | Revision_192/readtags.c | U | 727 | 735 | 8 | 45321 | 56 | 212 | 83
192 | Revision_192/readtags.c | U | 738 | 743 | 6 | 45322 | 57 | 241 | 80
192 | Revision_192/readtags.c | U | 763 | 768 | 6 | 45323 | 57 | 242 | 80
192 | Revision_192/readtags.c | U | 755 | 760 | 6 | 45324 | 57 | 287 | 80
192 | Revision_192/fortran.c | U | 1015 | 1023 | 8 | 45325 | 58 | 214 | 83
192 | Revision_192/fortran.c | U | 1026 | 1035 | 8 | 45326 | 58 | 215 | 83
192 | Revision_192/fortran.c | U | 1107 | 1122 | 16 | 45327 | 59 | 216 | 92
192 | Revision_192/fortran.c | U | 1228 | 1242 | 16 | 45328 | 59 | 217 | 92
192 | Revision_192/fortran.c | U | 1363 | 1382 | 28 | 45329 | 60 | 218 | 73
192 | Revision_192/fortran.c | U | 1615 | 1631 | 28 | 45330 | 60 | 219 | 73
192 | Revision_192/fortran.c | U | 1432 | 1448 | 16 | 45331 | 61 | 220 | 85
192 | Revision_192/fortran.c | U | 1504 | 1518 | 16 | 45332 | 61 | 221 | 85
192 | Revision_192/scheme.c | U | 70 | 78 | 8 | 45333 | 62 | 222 | 71
192 | Revision_192/scheme.c | U | 85 | 93 | 8 | 45334 | 62 | 223 | 71
192 | Revision_192/options.c | U | 357 | 363 | 6 | 45335 | 63 | 224 | 100
192 | Revision_192/options.c | U | 366 | 372 | 6 | 45336 | 63 | 225 | 100
192 | Revision_192/options.c | U | 517 | 523 | 7 | 45337 | 64 | 226 | 100
192 | Revision_192/options.c | U | 535 | 541 | 7 | 45338 | 64 | 227 | 100
192 | Revision_192/options.c | U | 544 | 550 | 7 | 45339 | 64 | 228 | 100
192 | Revision_192/options.c | U | 526 | 532 | 7 | 45340 | 64 | 229 | 100
192 | Revision_192/options.c | U | 744 | 748 | 5 | 45341 | 65 | 230 | 75
192 | Revision_192/options.c | U | 770 | 774 | 5 | 45342 | 65 | 231 | 75
192 | Revision_192/options.c | U | 862 | 866 | 5 | 45343 | 66 | 232 | 100
192 | Revision_192/options.c | U | 868 | 872 | 5 | 45344 | 66 | 233 | 100
192 | Revision_192/options.c | U | 1015 | 1020 | 6 | 45345 | 67 | 234 | 80
192 | Revision_192/options.c | U | 1157 | 1162 | 6 | 45346 | 67 | 235 | 80
192 | Revision_192/options.c | U | 1298 | 1315 | 15 | 45347 | 68 | 236 | 91
192 | Revision_192/options.c | U | 1336 | 1353 | 15 | 45348 | 68 | 237 | 91
