Revision | filePath | changeType | StartLine | EndLine | Nlines | cloneId | classId | globalCloneId | Similarity
196 | Revision_196/lisp.c | U | 91 | 97 | 7 | 46069 | 1 | 1 | 83
196 | Revision_196/lisp.c | U | 112 | 118 | 7 | 46070 | 1 | 2 | 83
196 | Revision_196/lisp.c | U | 127 | 137 | 9 | 46071 | 2 | 3 | 70
196 | Revision_196/fortran.c | U | 1674 | 1689 | 9 | 46072 | 2 | 21 | 70
196 | Revision_196/eiffel.c | U | 1222 | 1231 | 9 | 46073 | 2 | 9 | 70
196 | Revision_196/asm.c | U | 260 | 278 | 9 | 46074 | 2 | 274 | 70
196 | Revision_196/vim.c | U | 131 | 139 | 9 | 46075 | 2 | 20 | 70
196 | Revision_196/lua.c | U | 123 | 131 | 9 | 46076 | 2 | 243 | 70
196 | Revision_196/c.c | U | 2303 | 2312 | 9 | 46077 | 2 | 12 | 70
196 | Revision_196/ruby.c | U | 166 | 174 | 9 | 46078 | 2 | 19 | 70
196 | Revision_196/scheme.c | U | 99 | 109 | 9 | 46079 | 2 | 16 | 70
196 | Revision_196/php.c | U | 98 | 106 | 9 | 46080 | 2 | 22 | 70
196 | Revision_196/asp.c | U | 161 | 169 | 9 | 46081 | 2 | 4 | 70
196 | Revision_196/c.c | U | 2315 | 2330 | 9 | 46082 | 2 | 8 | 70
196 | Revision_196/python.c | U | 212 | 220 | 9 | 46083 | 2 | 13 | 70
196 | Revision_196/c.c | U | 2333 | 2342 | 9 | 46084 | 2 | 15 | 70
196 | Revision_196/pascal.c | U | 246 | 254 | 9 | 46085 | 2 | 14 | 70
196 | Revision_196/perl.c | U | 109 | 117 | 9 | 46086 | 2 | 7 | 70
196 | Revision_196/verilog.c | U | 160 | 168 | 9 | 46087 | 2 | 283 | 70
196 | Revision_196/tcl.c | U | 73 | 81 | 9 | 46088 | 2 | 18 | 70
196 | Revision_196/cobol.c | U | 72 | 80 | 9 | 46089 | 2 | 11 | 70
196 | Revision_196/sh.c | U | 98 | 108 | 9 | 46090 | 2 | 17 | 70
196 | Revision_196/beta.c | U | 313 | 321 | 9 | 46091 | 2 | 5 | 70
196 | Revision_196/awk.c | U | 71 | 79 | 9 | 46092 | 2 | 10 | 70
196 | Revision_196/make.c | U | 91 | 101 | 9 | 46093 | 2 | 25 | 70
196 | Revision_196/yacc.c | U | 31 | 38 | 9 | 46094 | 2 | 23 | 70
196 | Revision_196/slang.c | U | 34 | 41 | 9 | 46095 | 2 | 24 | 70
196 | Revision_196/rexx.c | U | 30 | 37 | 9 | 46096 | 2 | 26 | 70
196 | Revision_196/keyword.c | U | 107 | 116 | 9 | 46097 | 2 | 27 | 70
196 | Revision_196/options.c | U | 600 | 606 | 9 | 46098 | 2 | 29 | 70
196 | Revision_196/c.c | U | 1801 | 1806 | 9 | 46099 | 2 | 28 | 70
196 | Revision_196/c.c | U | 1826 | 1834 | 9 | 46100 | 2 | 31 | 70
196 | Revision_196/options.c | U | 507 | 512 | 9 | 46101 | 2 | 30 | 70
196 | Revision_196/options.c | U | 1181 | 1191 | 9 | 46102 | 2 | 32 | 70
196 | Revision_196/asp.c | U | 69 | 88 | 15 | 46103 | 3 | 33 | 100
196 | Revision_196/asp.c | U | 92 | 111 | 15 | 46104 | 3 | 34 | 100
196 | Revision_196/asp.c | U | 115 | 131 | 13 | 46105 | 4 | 35 | 72
196 | Revision_196/asp.c | U | 135 | 150 | 13 | 46106 | 4 | 36 | 72
196 | Revision_196/ruby.c | U | 79 | 94 | 13 | 46107 | 4 | 42 | 72
196 | Revision_196/ruby.c | U | 96 | 111 | 13 | 46108 | 4 | 42 | 72
196 | Revision_196/php.c | U | 78 | 91 | 13 | 46109 | 4 | 40 | 72
196 | Revision_196/tcl.c | U | 55 | 67 | 13 | 46110 | 4 | 39 | 72
196 | Revision_196/args.c | U | 85 | 92 | 8 | 46111 | 5 | 43 | 100
196 | Revision_196/args.c | U | 159 | 166 | 8 | 46112 | 5 | 44 | 100
196 | Revision_196/args.c | U | 181 | 189 | 9 | 46113 | 6 | 45 | 75
196 | Revision_196/args.c | U | 202 | 210 | 9 | 46114 | 6 | 46 | 75
196 | Revision_196/args.c | U | 192 | 199 | 9 | 46115 | 6 | 47 | 75
196 | Revision_196/args.c | U | 265 | 271 | 6 | 46116 | 7 | 48 | 80
196 | Revision_196/options.c | U | 553 | 558 | 6 | 46117 | 7 | 49 | 80
196 | Revision_196/fortran.c | U | 781 | 786 | 6 | 46118 | 7 | 50 | 80
196 | Revision_196/c.c | U | 403 | 409 | 7 | 46119 | 8 | 51 | 80
196 | Revision_196/vstring.c | U | 67 | 74 | 7 | 46120 | 8 | 52 | 80
196 | Revision_196/c.c | U | 412 | 419 | 6 | 46121 | 9 | 53 | 80
196 | Revision_196/c.c | U | 422 | 429 | 6 | 46122 | 9 | 54 | 80
196 | Revision_196/c.c | U | 531 | 547 | 16 | 46123 | 10 | 55 | 71
196 | Revision_196/c.c | U | 550 | 566 | 16 | 46124 | 10 | 57 | 71
196 | Revision_196/fortran.c | U | 1393 | 1409 | 16 | 46125 | 10 | 59 | 71
196 | Revision_196/fortran.c | U | 931 | 949 | 16 | 46126 | 10 | 58 | 71
196 | Revision_196/c.c | U | 925 | 942 | 16 | 46127 | 10 | 60 | 71
196 | Revision_196/c.c | U | 992 | 1005 | 16 | 46128 | 10 | 56 | 71
196 | Revision_196/c.c | U | 2121 | 2140 | 16 | 46129 | 10 | 61 | 71
196 | Revision_196/fortran.c | U | 1396 | 1407 | 16 | 46130 | 10 | 65 | 71
196 | Revision_196/c.c | U | 928 | 940 | 16 | 46131 | 10 | 63 | 71
196 | Revision_196/c.c | U | 553 | 564 | 16 | 46132 | 10 | 64 | 71
196 | Revision_196/fortran.c | U | 934 | 947 | 16 | 46133 | 10 | 62 | 71
196 | Revision_196/eiffel.c | U | 905 | 947 | 16 | 46134 | 10 | 248 | 71
196 | Revision_196/c.c | U | 2123 | 2137 | 16 | 46135 | 10 | 69 | 71
196 | Revision_196/c.c | U | 534 | 545 | 16 | 46136 | 10 | 71 | 71
196 | Revision_196/c.c | U | 583 | 603 | 20 | 46137 | 11 | 72 | 73
196 | Revision_196/c.c | U | 678 | 686 | 20 | 46138 | 11 | 73 | 73
196 | Revision_196/c.c | U | 613 | 619 | 8 | 46139 | 12 | 74 | 71
196 | Revision_196/options.c | U | 450 | 457 | 8 | 46140 | 12 | 75 | 71
196 | Revision_196/c.c | U | 642 | 646 | 5 | 46141 | 13 | 76 | 75
196 | Revision_196/fortran.c | U | 1436 | 1440 | 5 | 46142 | 13 | 79 | 75
196 | Revision_196/c.c | U | 1729 | 1733 | 5 | 46143 | 13 | 80 | 75
196 | Revision_196/fortran.c | U | 1305 | 1310 | 5 | 46144 | 13 | 78 | 75
196 | Revision_196/eiffel.c | U | 673 | 677 | 5 | 46145 | 13 | 249 | 75
196 | Revision_196/fortran.c | U | 1161 | 1165 | 5 | 46146 | 13 | 286 | 75
196 | Revision_196/fortran.c | U | 1236 | 1240 | 5 | 46147 | 13 | 81 | 75
196 | Revision_196/fortran.c | U | 1125 | 1129 | 5 | 46148 | 13 | 85 | 75
196 | Revision_196/c.c | U | 2172 | 2176 | 5 | 46149 | 13 | 86 | 75
196 | Revision_196/fortran.c | U | 1116 | 1120 | 5 | 46150 | 13 | 83 | 75
196 | Revision_196/fortran.c | U | 1144 | 1149 | 5 | 46151 | 13 | 84 | 75
196 | Revision_196/eiffel.c | U | 1014 | 1018 | 5 | 46152 | 13 | 269 | 75
196 | Revision_196/eiffel.c | U | 874 | 878 | 5 | 46153 | 13 | 269 | 75
196 | Revision_196/eiffel.c | U | 963 | 967 | 5 | 46154 | 13 | 269 | 75
196 | Revision_196/c.c | U | 1755 | 1760 | 5 | 46155 | 13 | 88 | 75
196 | Revision_196/readtags.c | U | 146 | 150 | 5 | 46156 | 13 | 87 | 75
196 | Revision_196/eiffel.c | U | 660 | 664 | 5 | 46157 | 13 | 250 | 75
196 | Revision_196/eiffel.c | U | 848 | 853 | 5 | 46158 | 13 | 151 | 75
196 | Revision_196/fortran.c | U | 467 | 471 | 5 | 46159 | 13 | 95 | 75
196 | Revision_196/c.c | U | 2235 | 2240 | 5 | 46160 | 13 | 94 | 75
196 | Revision_196/ruby.c | U | 135 | 139 | 5 | 46161 | 13 | 19 | 75
196 | Revision_196/eiffel.c | U | 1033 | 1037 | 5 | 46162 | 13 | 151 | 75
196 | Revision_196/c.c | U | 2164 | 2169 | 5 | 46163 | 13 | 96 | 75
196 | Revision_196/keyword.c | U | 185 | 189 | 5 | 46164 | 13 | 91 | 75
196 | Revision_196/options.c | U | 802 | 806 | 5 | 46165 | 13 | 89 | 75
196 | Revision_196/options.c | U | 494 | 498 | 5 | 46166 | 13 | 97 | 75
196 | Revision_196/c.c | U | 1791 | 1798 | 5 | 46167 | 13 | 244 | 75
196 | Revision_196/vstring.c | U | 35 | 40 | 5 | 46168 | 13 | 98 | 75
196 | Revision_196/c.c | U | 1772 | 1776 | 5 | 46169 | 13 | 125 | 75
196 | Revision_196/strlist.c | U | 134 | 138 | 5 | 46170 | 13 | 126 | 75
196 | Revision_196/eiffel.c | U | 1069 | 1078 | 5 | 46171 | 13 | 101 | 75
196 | Revision_196/options.c | U | 648 | 652 | 5 | 46172 | 13 | 127 | 75
196 | Revision_196/fortran.c | U | 857 | 861 | 5 | 46173 | 13 | 128 | 75
196 | Revision_196/options.c | U | 929 | 933 | 5 | 46174 | 13 | 129 | 75
196 | Revision_196/c.c | U | 675 | 688 | 27 | 46175 | 14 | 102 | 78
196 | Revision_196/c.c | U | 723 | 739 | 27 | 46176 | 14 | 103 | 78
196 | Revision_196/c.c | U | 691 | 698 | 8 | 46177 | 15 | 104 | 85
196 | Revision_196/c.c | U | 701 | 708 | 8 | 46178 | 15 | 105 | 85
196 | Revision_196/c.c | U | 1051 | 1059 | 7 | 46179 | 16 | 106 | 83
196 | Revision_196/fortran.c | U | 375 | 383 | 7 | 46180 | 16 | 107 | 83
196 | Revision_196/c.c | U | 1097 | 1104 | 7 | 46181 | 17 | 108 | 80
196 | Revision_196/c.c | U | 1106 | 1113 | 7 | 46182 | 17 | 109 | 80
196 | Revision_196/c.c | U | 1127 | 1134 | 7 | 46183 | 18 | 110 | 83
196 | Revision_196/c.c | U | 1137 | 1144 | 7 | 46184 | 18 | 111 | 83
196 | Revision_196/fortran.c | U | 500 | 506 | 7 | 46185 | 18 | 112 | 83
196 | Revision_196/c.c | U | 1185 | 1200 | 11 | 46186 | 19 | 113 | 72
196 | Revision_196/fortran.c | U | 710 | 721 | 11 | 46187 | 19 | 116 | 72
196 | Revision_196/eiffel.c | U | 572 | 584 | 11 | 46188 | 19 | 114 | 72
196 | Revision_196/c.c | U | 1203 | 1216 | 11 | 46189 | 19 | 115 | 72
196 | Revision_196/eiffel.c | U | 587 | 599 | 11 | 46190 | 19 | 117 | 72
196 | Revision_196/c.c | U | 1492 | 1496 | 5 | 46191 | 20 | 118 | 75
196 | Revision_196/eiffel.c | U | 419 | 423 | 5 | 46192 | 20 | 119 | 75
196 | Revision_196/fortran.c | U | 667 | 671 | 5 | 46193 | 20 | 120 | 75
196 | Revision_196/c.c | U | 1621 | 1625 | 5 | 46194 | 21 | 121 | 75
196 | Revision_196/get.c | U | 578 | 582 | 5 | 46195 | 21 | 122 | 75
196 | Revision_196/c.c | U | 2273 | 2282 | 9 | 46196 | 22 | 130 | 85
196 | Revision_196/eiffel.c | U | 215 | 224 | 9 | 46197 | 22 | 131 | 85
196 | Revision_196/fortran.c | U | 310 | 319 | 9 | 46198 | 22 | 132 | 85
196 | Revision_196/eiffel.c | U | 287 | 301 | 9 | 46199 | 23 | 133 | 71
196 | Revision_196/beta.c | U | 71 | 82 | 9 | 46200 | 23 | 134 | 71
196 | Revision_196/parse.c | U | 46 | 57 | 9 | 46201 | 23 | 135 | 71
196 | Revision_196/eiffel.c | U | 289 | 299 | 9 | 46202 | 23 | 136 | 71
196 | Revision_196/eiffel.c | U | 382 | 407 | 23 | 46203 | 24 | 139 | 75
196 | Revision_196/fortran.c | U | 625 | 655 | 23 | 46204 | 24 | 140 | 75
196 | Revision_196/eiffel.c | U | 410 | 435 | 20 | 46205 | 25 | 141 | 94
196 | Revision_196/fortran.c | U | 658 | 683 | 20 | 46206 | 25 | 142 | 94
196 | Revision_196/eiffel.c | U | 547 | 551 | 5 | 46207 | 26 | 143 | 75
196 | Revision_196/fortran.c | U | 647 | 651 | 5 | 46208 | 26 | 144 | 75
196 | Revision_196/fortran.c | U | 836 | 840 | 5 | 46209 | 26 | 145 | 75
196 | Revision_196/eiffel.c | U | 602 | 612 | 9 | 46210 | 27 | 146 | 100
196 | Revision_196/fortran.c | U | 748 | 758 | 9 | 46211 | 27 | 147 | 100
196 | Revision_196/eiffel.c | U | 720 | 727 | 8 | 46212 | 28 | 148 | 100
196 | Revision_196/fortran.c | U | 878 | 885 | 8 | 46213 | 28 | 149 | 100
196 | Revision_196/eiffel.c | U | 836 | 854 | 14 | 46214 | 29 | 251 | 72
196 | Revision_196/eiffel.c | U | 858 | 880 | 14 | 46215 | 29 | 252 | 72
196 | Revision_196/eiffel.c | U | 1008 | 1021 | 14 | 46216 | 29 | 253 | 72
196 | Revision_196/eiffel.c | U | 1066 | 1079 | 9 | 46217 | 30 | 156 | 71
196 | Revision_196/fortran.c | U | 1535 | 1542 | 9 | 46218 | 30 | 153 | 71
196 | Revision_196/eiffel.c | U | 1176 | 1188 | 10 | 46219 | 31 | 157 | 100
196 | Revision_196/fortran.c | U | 724 | 735 | 10 | 46220 | 31 | 158 | 100
196 | Revision_196/verilog.c | U | 147 | 153 | 7 | 46221 | 32 | 284 | 83
196 | Revision_196/lua.c | U | 81 | 88 | 7 | 46222 | 32 | 285 | 83
196 | Revision_196/vim.c | U | 83 | 98 | 16 | 46223 | 33 | 159 | 76
196 | Revision_196/vim.c | U | 106 | 125 | 16 | 46224 | 33 | 160 | 76
196 | Revision_196/python.c | U | 105 | 109 | 5 | 46225 | 34 | 278 | 75
196 | Revision_196/asm.c | U | 248 | 252 | 5 | 46226 | 34 | 279 | 75
196 | Revision_196/options.c | U | 725 | 730 | 5 | 46227 | 34 | 280 | 75
196 | Revision_196/perl.c | U | 56 | 60 | 5 | 46228 | 35 | 163 | 75
196 | Revision_196/pascal.c | U | 132 | 136 | 5 | 46229 | 35 | 164 | 75
196 | Revision_196/sort.c | U | 123 | 128 | 5 | 46230 | 36 | 281 | 100
196 | Revision_196/sort.c | U | 131 | 136 | 5 | 46231 | 36 | 282 | 100
196 | Revision_196/strlist.c | U | 32 | 38 | 8 | 46232 | 37 | 165 | 71
196 | Revision_196/vstring.c | U | 77 | 87 | 8 | 46233 | 37 | 166 | 71
196 | Revision_196/strlist.c | U | 147 | 154 | 8 | 46234 | 38 | 167 | 85
196 | Revision_196/strlist.c | U | 158 | 165 | 8 | 46235 | 38 | 168 | 85
196 | Revision_196/strlist.c | U | 169 | 176 | 8 | 46236 | 38 | 169 | 85
196 | Revision_196/pascal.c | U | 172 | 178 | 6 | 46237 | 39 | 170 | 100
196 | Revision_196/pascal.c | U | 180 | 186 | 6 | 46238 | 39 | 171 | 100
196 | Revision_196/awk.c | U | 47 | 65 | 17 | 46239 | 40 | 172 | 73
196 | Revision_196/php.c | U | 55 | 75 | 17 | 46240 | 40 | 173 | 73
196 | Revision_196/get.c | U | 297 | 309 | 10 | 46241 | 41 | 174 | 70
196 | Revision_196/parse.c | U | 563 | 577 | 10 | 46242 | 41 | 175 | 70
196 | Revision_196/read.c | U | 214 | 225 | 10 | 46243 | 41 | 176 | 70
196 | Revision_196/get.c | U | 461 | 472 | 10 | 46244 | 42 | 177 | 72
196 | Revision_196/get.c | U | 478 | 489 | 10 | 46245 | 42 | 178 | 72
196 | Revision_196/get.c | U | 495 | 511 | 10 | 46246 | 42 | 179 | 72
196 | Revision_196/get.c | U | 525 | 530 | 6 | 46247 | 43 | 180 | 80
196 | Revision_196/read.c | U | 415 | 419 | 6 | 46248 | 43 | 181 | 80
196 | Revision_196/routines.c | U | 221 | 228 | 6 | 46249 | 44 | 254 | 80
196 | Revision_196/routines.c | U | 231 | 238 | 6 | 46250 | 44 | 255 | 80
196 | Revision_196/routines.c | U | 272 | 279 | 8 | 46251 | 45 | 256 | 83
196 | Revision_196/routines.c | U | 282 | 289 | 8 | 46252 | 45 | 257 | 83
196 | Revision_196/readtags.c | U | 108 | 115 | 8 | 46253 | 45 | 123 | 83
196 | Revision_196/readtags.c | U | 118 | 125 | 8 | 46254 | 45 | 238 | 83
196 | Revision_196/routines.c | U | 306 | 310 | 5 | 46255 | 46 | 258 | 75
196 | Revision_196/vstring.c | U | 125 | 129 | 5 | 46256 | 46 | 188 | 75
196 | Revision_196/vstring.c | U | 118 | 122 | 5 | 46257 | 46 | 189 | 75
196 | Revision_196/routines.c | U | 313 | 319 | 6 | 46258 | 47 | 259 | 100
196 | Revision_196/routines.c | U | 322 | 328 | 6 | 46259 | 47 | 260 | 100
196 | Revision_196/routines.c | U | 333 | 340 | 8 | 46260 | 48 | 261 | 100
196 | Revision_196/routines.c | U | 345 | 352 | 8 | 46261 | 48 | 262 | 100
196 | Revision_196/routines.c | U | 469 | 482 | 5 | 46262 | 49 | 267 | 75
196 | Revision_196/routines.c | U | 543 | 566 | 5 | 46263 | 49 | 268 | 75
196 | Revision_196/beta.c | U | 136 | 143 | 6 | 46264 | 50 | 201 | 75
196 | Revision_196/beta.c | U | 207 | 215 | 6 | 46265 | 50 | 202 | 75
196 | Revision_196/beta.c | U | 154 | 158 | 5 | 46266 | 51 | 203 | 75
196 | Revision_196/beta.c | U | 274 | 278 | 5 | 46267 | 51 | 205 | 75
196 | Revision_196/beta.c | U | 160 | 164 | 5 | 46268 | 51 | 204 | 75
196 | Revision_196/beta.c | U | 280 | 284 | 5 | 46269 | 51 | 207 | 75
196 | Revision_196/beta.c | U | 167 | 171 | 5 | 46270 | 51 | 206 | 75
196 | Revision_196/parse.c | U | 98 | 108 | 11 | 46271 | 52 | 208 | 88
196 | Revision_196/parse.c | U | 111 | 122 | 11 | 46272 | 52 | 209 | 88
196 | Revision_196/readtags.c | U | 502 | 506 | 5 | 46273 | 53 | 90 | 75
196 | Revision_196/readtags.c | U | 679 | 683 | 5 | 46274 | 53 | 99 | 75
196 | Revision_196/readtags.c | U | 541 | 547 | 6 | 46275 | 54 | 239 | 100
196 | Revision_196/readtags.c | U | 549 | 555 | 6 | 46276 | 54 | 240 | 100
196 | Revision_196/readtags.c | U | 584 | 588 | 6 | 46277 | 55 | 123 | 75
196 | Revision_196/readtags.c | U | 639 | 645 | 6 | 46278 | 55 | 124 | 75
196 | Revision_196/readtags.c | U | 716 | 724 | 8 | 46279 | 56 | 210 | 83
196 | Revision_196/readtags.c | U | 771 | 779 | 8 | 46280 | 56 | 211 | 83
196 | Revision_196/readtags.c | U | 727 | 735 | 8 | 46281 | 56 | 212 | 83
196 | Revision_196/readtags.c | U | 738 | 743 | 6 | 46282 | 57 | 241 | 80
196 | Revision_196/readtags.c | U | 755 | 760 | 6 | 46283 | 57 | 242 | 80
196 | Revision_196/readtags.c | U | 763 | 768 | 6 | 46284 | 57 | 287 | 80
196 | Revision_196/fortran.c | U | 1015 | 1023 | 8 | 46285 | 58 | 214 | 83
196 | Revision_196/fortran.c | U | 1026 | 1035 | 8 | 46286 | 58 | 215 | 83
196 | Revision_196/fortran.c | U | 1107 | 1122 | 16 | 46287 | 59 | 216 | 92
196 | Revision_196/fortran.c | U | 1228 | 1242 | 16 | 46288 | 59 | 217 | 92
196 | Revision_196/fortran.c | U | 1363 | 1382 | 28 | 46289 | 60 | 218 | 73
196 | Revision_196/fortran.c | U | 1615 | 1631 | 28 | 46290 | 60 | 219 | 73
196 | Revision_196/fortran.c | U | 1432 | 1448 | 16 | 46291 | 61 | 220 | 85
196 | Revision_196/fortran.c | U | 1504 | 1518 | 16 | 46292 | 61 | 221 | 85
196 | Revision_196/scheme.c | U | 70 | 78 | 8 | 46293 | 62 | 222 | 71
196 | Revision_196/scheme.c | U | 85 | 93 | 8 | 46294 | 62 | 223 | 71
196 | Revision_196/options.c | U | 357 | 363 | 6 | 46295 | 63 | 224 | 100
196 | Revision_196/options.c | U | 366 | 372 | 6 | 46296 | 63 | 225 | 100
196 | Revision_196/options.c | U | 517 | 523 | 7 | 46297 | 64 | 226 | 100
196 | Revision_196/options.c | U | 544 | 550 | 7 | 46298 | 64 | 227 | 100
196 | Revision_196/options.c | U | 535 | 541 | 7 | 46299 | 64 | 228 | 100
196 | Revision_196/options.c | U | 526 | 532 | 7 | 46300 | 64 | 229 | 100
196 | Revision_196/options.c | U | 744 | 748 | 5 | 46301 | 65 | 230 | 75
196 | Revision_196/options.c | U | 770 | 774 | 5 | 46302 | 65 | 231 | 75
196 | Revision_196/options.c | U | 862 | 866 | 5 | 46303 | 66 | 232 | 100
196 | Revision_196/options.c | U | 868 | 872 | 5 | 46304 | 66 | 233 | 100
196 | Revision_196/options.c | U | 1015 | 1020 | 6 | 46305 | 67 | 234 | 80
196 | Revision_196/options.c | U | 1157 | 1162 | 6 | 46306 | 67 | 235 | 80
196 | Revision_196/options.c | U | 1298 | 1315 | 15 | 46307 | 68 | 236 | 91
196 | Revision_196/options.c | U | 1336 | 1353 | 15 | 46308 | 68 | 237 | 91
