Revision | filePath | changeType | StartLine | EndLine | Nlines | cloneId | classId | globalCloneId | Similarity
199 | Revision_199/lisp.c | U | 91 | 97 | 7 | 46789 | 1 | 1 | 83
199 | Revision_199/lisp.c | U | 112 | 118 | 7 | 46790 | 1 | 2 | 83
199 | Revision_199/lisp.c | U | 127 | 137 | 9 | 46791 | 2 | 3 | 70
199 | Revision_199/tcl.c | U | 73 | 81 | 9 | 46792 | 2 | 18 | 70
199 | Revision_199/asm.c | A | 324 | 345 | 9 | 46793 | 2 | 274 | 70
199 | Revision_199/fortran.c | U | 1674 | 1689 | 9 | 46794 | 2 | 21 | 70
199 | Revision_199/c.c | U | 2303 | 2312 | 9 | 46795 | 2 | 12 | 70
199 | Revision_199/c.c | U | 2315 | 2330 | 9 | 46796 | 2 | 8 | 70
199 | Revision_199/c.c | U | 2333 | 2342 | 9 | 46797 | 2 | 15 | 70
199 | Revision_199/eiffel.c | U | 1222 | 1231 | 9 | 46798 | 2 | 9 | 70
199 | Revision_199/asp.c | U | 161 | 169 | 9 | 46799 | 2 | 4 | 70
199 | Revision_199/cobol.c | U | 72 | 80 | 9 | 46800 | 2 | 11 | 70
199 | Revision_199/sh.c | U | 98 | 108 | 9 | 46801 | 2 | 17 | 70
199 | Revision_199/lua.c | U | 123 | 131 | 9 | 46802 | 2 | 243 | 70
199 | Revision_199/perl.c | U | 109 | 117 | 9 | 46803 | 2 | 7 | 70
199 | Revision_199/ruby.c | U | 166 | 174 | 9 | 46804 | 2 | 19 | 70
199 | Revision_199/pascal.c | U | 246 | 254 | 9 | 46805 | 2 | 14 | 70
199 | Revision_199/awk.c | U | 71 | 79 | 9 | 46806 | 2 | 10 | 70
199 | Revision_199/python.c | U | 212 | 220 | 9 | 46807 | 2 | 13 | 70
199 | Revision_199/vim.c | U | 131 | 139 | 9 | 46808 | 2 | 20 | 70
199 | Revision_199/verilog.c | U | 160 | 168 | 9 | 46809 | 2 | 283 | 70
199 | Revision_199/scheme.c | U | 99 | 109 | 9 | 46810 | 2 | 16 | 70
199 | Revision_199/php.c | U | 98 | 106 | 9 | 46811 | 2 | 22 | 70
199 | Revision_199/beta.c | U | 313 | 321 | 9 | 46812 | 2 | 5 | 70
199 | Revision_199/rexx.c | U | 30 | 37 | 9 | 46813 | 2 | 26 | 70
199 | Revision_199/make.c | U | 91 | 101 | 9 | 46814 | 2 | 25 | 70
199 | Revision_199/yacc.c | U | 31 | 38 | 9 | 46815 | 2 | 23 | 70
199 | Revision_199/slang.c | U | 34 | 41 | 9 | 46816 | 2 | 24 | 70
199 | Revision_199/keyword.c | U | 107 | 116 | 9 | 46817 | 2 | 27 | 70
199 | Revision_199/c.c | U | 1801 | 1806 | 9 | 46818 | 2 | 28 | 70
199 | Revision_199/options.c | U | 600 | 606 | 9 | 46819 | 2 | 29 | 70
199 | Revision_199/options.c | U | 507 | 512 | 9 | 46820 | 2 | 30 | 70
199 | Revision_199/c.c | U | 1826 | 1834 | 9 | 46821 | 2 | 31 | 70
199 | Revision_199/options.c | U | 1181 | 1191 | 9 | 46822 | 2 | 32 | 70
199 | Revision_199/asp.c | U | 69 | 88 | 15 | 46823 | 3 | 33 | 100
199 | Revision_199/asp.c | U | 92 | 111 | 15 | 46824 | 3 | 34 | 100
199 | Revision_199/asp.c | U | 115 | 131 | 13 | 46825 | 4 | 35 | 72
199 | Revision_199/php.c | U | 78 | 91 | 13 | 46826 | 4 | 40 | 72
199 | Revision_199/tcl.c | U | 55 | 67 | 13 | 46827 | 4 | 39 | 72
199 | Revision_199/ruby.c | U | 96 | 111 | 13 | 46828 | 4 | 42 | 72
199 | Revision_199/ruby.c | U | 79 | 94 | 13 | 46829 | 4 | 42 | 72
199 | Revision_199/asp.c | U | 135 | 150 | 13 | 46830 | 4 | 36 | 72
199 | Revision_199/args.c | U | 85 | 92 | 8 | 46831 | 5 | 43 | 100
199 | Revision_199/args.c | U | 159 | 166 | 8 | 46832 | 5 | 44 | 100
199 | Revision_199/args.c | U | 181 | 189 | 9 | 46833 | 6 | 45 | 75
199 | Revision_199/args.c | U | 202 | 210 | 9 | 46834 | 6 | 46 | 75
199 | Revision_199/args.c | U | 192 | 199 | 9 | 46835 | 6 | 47 | 75
199 | Revision_199/args.c | U | 265 | 271 | 6 | 46836 | 7 | 48 | 80
199 | Revision_199/options.c | U | 553 | 558 | 6 | 46837 | 7 | 49 | 80
199 | Revision_199/fortran.c | U | 781 | 786 | 6 | 46838 | 7 | 50 | 80
199 | Revision_199/c.c | U | 403 | 409 | 7 | 46839 | 8 | 51 | 80
199 | Revision_199/vstring.c | U | 67 | 74 | 7 | 46840 | 8 | 52 | 80
199 | Revision_199/c.c | U | 412 | 419 | 6 | 46841 | 9 | 53 | 80
199 | Revision_199/c.c | U | 422 | 429 | 6 | 46842 | 9 | 54 | 80
199 | Revision_199/c.c | U | 531 | 547 | 16 | 46843 | 10 | 55 | 71
199 | Revision_199/c.c | U | 550 | 566 | 16 | 46844 | 10 | 57 | 71
199 | Revision_199/c.c | U | 925 | 942 | 16 | 46845 | 10 | 60 | 71
199 | Revision_199/fortran.c | U | 931 | 949 | 16 | 46846 | 10 | 58 | 71
199 | Revision_199/fortran.c | U | 1393 | 1409 | 16 | 46847 | 10 | 59 | 71
199 | Revision_199/c.c | U | 992 | 1005 | 16 | 46848 | 10 | 56 | 71
199 | Revision_199/fortran.c | U | 1396 | 1407 | 16 | 46849 | 10 | 65 | 71
199 | Revision_199/c.c | U | 2121 | 2140 | 16 | 46850 | 10 | 61 | 71
199 | Revision_199/c.c | U | 553 | 564 | 16 | 46851 | 10 | 63 | 71
199 | Revision_199/c.c | U | 928 | 940 | 16 | 46852 | 10 | 64 | 71
199 | Revision_199/fortran.c | U | 934 | 947 | 16 | 46853 | 10 | 62 | 71
199 | Revision_199/eiffel.c | U | 905 | 947 | 16 | 46854 | 10 | 248 | 71
199 | Revision_199/c.c | U | 2123 | 2137 | 16 | 46855 | 10 | 69 | 71
199 | Revision_199/c.c | U | 534 | 545 | 16 | 46856 | 10 | 71 | 71
199 | Revision_199/c.c | U | 583 | 603 | 20 | 46857 | 11 | 72 | 73
199 | Revision_199/c.c | U | 678 | 686 | 20 | 46858 | 11 | 73 | 73
199 | Revision_199/c.c | U | 613 | 619 | 8 | 46859 | 12 | 74 | 71
199 | Revision_199/options.c | U | 450 | 457 | 8 | 46860 | 12 | 75 | 71
199 | Revision_199/c.c | U | 642 | 646 | 5 | 46861 | 13 | 76 | 75
199 | Revision_199/fortran.c | U | 1305 | 1310 | 5 | 46862 | 13 | 78 | 75
199 | Revision_199/fortran.c | U | 1436 | 1440 | 5 | 46863 | 13 | 79 | 75
199 | Revision_199/fortran.c | U | 1161 | 1165 | 5 | 46864 | 13 | 286 | 75
199 | Revision_199/eiffel.c | U | 673 | 677 | 5 | 46865 | 13 | 249 | 75
199 | Revision_199/c.c | U | 1729 | 1733 | 5 | 46866 | 13 | 80 | 75
199 | Revision_199/fortran.c | U | 1116 | 1120 | 5 | 46867 | 13 | 81 | 75
199 | Revision_199/c.c | U | 2172 | 2176 | 5 | 46868 | 13 | 86 | 75
199 | Revision_199/fortran.c | U | 1236 | 1240 | 5 | 46869 | 13 | 83 | 75
199 | Revision_199/eiffel.c | U | 874 | 878 | 5 | 46870 | 13 | 269 | 75
199 | Revision_199/fortran.c | U | 1125 | 1129 | 5 | 46871 | 13 | 85 | 75
199 | Revision_199/fortran.c | U | 1144 | 1149 | 5 | 46872 | 13 | 84 | 75
199 | Revision_199/eiffel.c | U | 1014 | 1018 | 5 | 46873 | 13 | 269 | 75
199 | Revision_199/eiffel.c | U | 963 | 967 | 5 | 46874 | 13 | 269 | 75
199 | Revision_199/eiffel.c | U | 660 | 664 | 5 | 46875 | 13 | 250 | 75
199 | Revision_199/c.c | U | 1755 | 1760 | 5 | 46876 | 13 | 88 | 75
199 | Revision_199/readtags.c | U | 146 | 150 | 5 | 46877 | 13 | 87 | 75
199 | Revision_199/c.c | U | 2164 | 2169 | 5 | 46878 | 13 | 96 | 75
199 | Revision_199/c.c | U | 2235 | 2240 | 5 | 46879 | 13 | 94 | 75
199 | Revision_199/eiffel.c | U | 1033 | 1037 | 5 | 46880 | 13 | 151 | 75
199 | Revision_199/ruby.c | U | 135 | 139 | 5 | 46881 | 13 | 19 | 75
199 | Revision_199/fortran.c | U | 467 | 471 | 5 | 46882 | 13 | 95 | 75
199 | Revision_199/eiffel.c | U | 848 | 853 | 5 | 46883 | 13 | 151 | 75
199 | Revision_199/keyword.c | U | 185 | 189 | 5 | 46884 | 13 | 91 | 75
199 | Revision_199/options.c | U | 802 | 806 | 5 | 46885 | 13 | 89 | 75
199 | Revision_199/strlist.c | U | 134 | 138 | 5 | 46886 | 13 | 126 | 75
199 | Revision_199/c.c | U | 1772 | 1776 | 5 | 46887 | 13 | 125 | 75
199 | Revision_199/vstring.c | U | 35 | 40 | 5 | 46888 | 13 | 98 | 75
199 | Revision_199/options.c | U | 494 | 498 | 5 | 46889 | 13 | 97 | 75
199 | Revision_199/c.c | U | 1791 | 1798 | 5 | 46890 | 13 | 244 | 75
199 | Revision_199/eiffel.c | U | 1069 | 1078 | 5 | 46891 | 13 | 101 | 75
199 | Revision_199/fortran.c | U | 857 | 861 | 5 | 46892 | 13 | 128 | 75
199 | Revision_199/options.c | U | 648 | 652 | 5 | 46893 | 13 | 127 | 75
199 | Revision_199/options.c | U | 929 | 933 | 5 | 46894 | 13 | 129 | 75
199 | Revision_199/c.c | U | 675 | 688 | 27 | 46895 | 14 | 102 | 78
199 | Revision_199/c.c | U | 723 | 739 | 27 | 46896 | 14 | 103 | 78
199 | Revision_199/c.c | U | 691 | 698 | 8 | 46897 | 15 | 104 | 85
199 | Revision_199/c.c | U | 701 | 708 | 8 | 46898 | 15 | 105 | 85
199 | Revision_199/c.c | U | 1051 | 1059 | 7 | 46899 | 16 | 106 | 83
199 | Revision_199/fortran.c | U | 375 | 383 | 7 | 46900 | 16 | 107 | 83
199 | Revision_199/c.c | U | 1097 | 1104 | 7 | 46901 | 17 | 108 | 80
199 | Revision_199/c.c | U | 1106 | 1113 | 7 | 46902 | 17 | 109 | 80
199 | Revision_199/c.c | U | 1127 | 1134 | 7 | 46903 | 18 | 110 | 83
199 | Revision_199/c.c | U | 1137 | 1144 | 7 | 46904 | 18 | 111 | 83
199 | Revision_199/fortran.c | U | 500 | 506 | 7 | 46905 | 18 | 112 | 83
199 | Revision_199/c.c | U | 1185 | 1200 | 11 | 46906 | 19 | 113 | 72
199 | Revision_199/c.c | U | 1203 | 1216 | 11 | 46907 | 19 | 115 | 72
199 | Revision_199/fortran.c | U | 710 | 721 | 11 | 46908 | 19 | 116 | 72
199 | Revision_199/eiffel.c | U | 572 | 584 | 11 | 46909 | 19 | 114 | 72
199 | Revision_199/eiffel.c | U | 587 | 599 | 11 | 46910 | 19 | 117 | 72
199 | Revision_199/c.c | U | 1492 | 1496 | 5 | 46911 | 20 | 118 | 75
199 | Revision_199/eiffel.c | U | 419 | 423 | 5 | 46912 | 20 | 119 | 75
199 | Revision_199/fortran.c | U | 667 | 671 | 5 | 46913 | 20 | 120 | 75
199 | Revision_199/c.c | U | 1621 | 1625 | 5 | 46914 | 21 | 121 | 75
199 | Revision_199/get.c | U | 578 | 582 | 5 | 46915 | 21 | 122 | 75
199 | Revision_199/c.c | U | 2273 | 2282 | 9 | 46916 | 22 | 130 | 85
199 | Revision_199/fortran.c | U | 310 | 319 | 9 | 46917 | 22 | 132 | 85
199 | Revision_199/eiffel.c | U | 215 | 224 | 9 | 46918 | 22 | 131 | 85
199 | Revision_199/eiffel.c | U | 287 | 301 | 9 | 46919 | 23 | 133 | 71
199 | Revision_199/beta.c | U | 71 | 82 | 9 | 46920 | 23 | 134 | 71
199 | Revision_199/parse.c | U | 46 | 57 | 9 | 46921 | 23 | 135 | 71
199 | Revision_199/eiffel.c | U | 289 | 299 | 9 | 46922 | 23 | 136 | 71
199 | Revision_199/eiffel.c | U | 382 | 407 | 23 | 46923 | 24 | 139 | 75
199 | Revision_199/fortran.c | U | 625 | 655 | 23 | 46924 | 24 | 140 | 75
199 | Revision_199/eiffel.c | U | 410 | 435 | 20 | 46925 | 25 | 141 | 94
199 | Revision_199/fortran.c | U | 658 | 683 | 20 | 46926 | 25 | 142 | 94
199 | Revision_199/eiffel.c | U | 547 | 551 | 5 | 46927 | 26 | 143 | 75
199 | Revision_199/fortran.c | U | 647 | 651 | 5 | 46928 | 26 | 144 | 75
199 | Revision_199/fortran.c | U | 836 | 840 | 5 | 46929 | 26 | 145 | 75
199 | Revision_199/eiffel.c | U | 602 | 612 | 9 | 46930 | 27 | 146 | 100
199 | Revision_199/fortran.c | U | 748 | 758 | 9 | 46931 | 27 | 147 | 100
199 | Revision_199/eiffel.c | U | 720 | 727 | 8 | 46932 | 28 | 148 | 100
199 | Revision_199/fortran.c | U | 878 | 885 | 8 | 46933 | 28 | 149 | 100
199 | Revision_199/eiffel.c | U | 836 | 854 | 14 | 46934 | 29 | 251 | 72
199 | Revision_199/eiffel.c | U | 858 | 880 | 14 | 46935 | 29 | 252 | 72
199 | Revision_199/eiffel.c | U | 1008 | 1021 | 14 | 46936 | 29 | 253 | 72
199 | Revision_199/eiffel.c | U | 1066 | 1079 | 9 | 46937 | 30 | 156 | 71
199 | Revision_199/fortran.c | U | 1535 | 1542 | 9 | 46938 | 30 | 153 | 71
199 | Revision_199/eiffel.c | U | 1176 | 1188 | 10 | 46939 | 31 | 157 | 100
199 | Revision_199/fortran.c | U | 724 | 735 | 10 | 46940 | 31 | 158 | 100
199 | Revision_199/verilog.c | U | 147 | 153 | 7 | 46941 | 32 | 284 | 83
199 | Revision_199/lua.c | U | 81 | 88 | 7 | 46942 | 32 | 285 | 83
199 | Revision_199/vim.c | U | 83 | 98 | 16 | 46943 | 33 | 159 | 76
199 | Revision_199/vim.c | U | 106 | 125 | 16 | 46944 | 33 | 160 | 76
199 | Revision_199/python.c | U | 105 | 109 | 5 | 46945 | 34 | 278 | 75
199 | Revision_199/options.c | U | 725 | 730 | 5 | 46946 | 34 | 280 | 75
199 | Revision_199/perl.c | U | 56 | 60 | 5 | 46947 | 35 | 163 | 75
199 | Revision_199/pascal.c | U | 132 | 136 | 5 | 46948 | 35 | 164 | 75
199 | Revision_199/sort.c | U | 123 | 128 | 5 | 46949 | 36 | 281 | 100
199 | Revision_199/sort.c | U | 131 | 136 | 5 | 46950 | 36 | 282 | 100
199 | Revision_199/strlist.c | U | 32 | 38 | 8 | 46951 | 37 | 165 | 71
199 | Revision_199/vstring.c | U | 77 | 87 | 8 | 46952 | 37 | 166 | 71
199 | Revision_199/strlist.c | U | 147 | 154 | 8 | 46953 | 38 | 167 | 85
199 | Revision_199/strlist.c | U | 169 | 176 | 8 | 46954 | 38 | 168 | 85
199 | Revision_199/strlist.c | U | 158 | 165 | 8 | 46955 | 38 | 169 | 85
199 | Revision_199/pascal.c | U | 172 | 178 | 6 | 46956 | 39 | 170 | 100
199 | Revision_199/pascal.c | U | 180 | 186 | 6 | 46957 | 39 | 171 | 100
199 | Revision_199/awk.c | U | 47 | 65 | 17 | 46958 | 40 | 172 | 73
199 | Revision_199/php.c | U | 55 | 75 | 17 | 46959 | 40 | 173 | 73
199 | Revision_199/get.c | U | 297 | 309 | 10 | 46960 | 41 | 174 | 70
199 | Revision_199/parse.c | U | 563 | 577 | 10 | 46961 | 41 | 175 | 70
199 | Revision_199/read.c | U | 214 | 225 | 10 | 46962 | 41 | 176 | 70
199 | Revision_199/get.c | U | 461 | 472 | 10 | 46963 | 42 | 177 | 72
199 | Revision_199/get.c | U | 478 | 489 | 10 | 46964 | 42 | 178 | 72
199 | Revision_199/get.c | U | 495 | 511 | 10 | 46965 | 42 | 179 | 72
199 | Revision_199/get.c | U | 525 | 530 | 6 | 46966 | 43 | 180 | 80
199 | Revision_199/read.c | U | 415 | 419 | 6 | 46967 | 43 | 181 | 80
199 | Revision_199/routines.c | U | 221 | 228 | 6 | 46968 | 44 | 254 | 80
199 | Revision_199/routines.c | U | 231 | 238 | 6 | 46969 | 44 | 255 | 80
199 | Revision_199/routines.c | U | 272 | 279 | 8 | 46970 | 45 | 256 | 83
199 | Revision_199/readtags.c | U | 108 | 115 | 8 | 46971 | 45 | 123 | 83
199 | Revision_199/readtags.c | U | 118 | 125 | 8 | 46972 | 45 | 238 | 83
199 | Revision_199/routines.c | U | 282 | 289 | 8 | 46973 | 45 | 257 | 83
199 | Revision_199/routines.c | U | 306 | 310 | 5 | 46974 | 46 | 258 | 75
199 | Revision_199/vstring.c | U | 125 | 129 | 5 | 46975 | 46 | 188 | 75
199 | Revision_199/vstring.c | U | 118 | 122 | 5 | 46976 | 46 | 189 | 75
199 | Revision_199/routines.c | U | 313 | 319 | 6 | 46977 | 47 | 259 | 100
199 | Revision_199/routines.c | U | 322 | 328 | 6 | 46978 | 47 | 260 | 100
199 | Revision_199/routines.c | U | 333 | 340 | 8 | 46979 | 48 | 261 | 100
199 | Revision_199/routines.c | U | 345 | 352 | 8 | 46980 | 48 | 262 | 100
199 | Revision_199/routines.c | U | 469 | 482 | 5 | 46981 | 49 | 267 | 75
199 | Revision_199/routines.c | U | 543 | 566 | 5 | 46982 | 49 | 268 | 75
199 | Revision_199/beta.c | U | 136 | 143 | 6 | 46983 | 50 | 201 | 75
199 | Revision_199/beta.c | U | 207 | 215 | 6 | 46984 | 50 | 202 | 75
199 | Revision_199/beta.c | U | 154 | 158 | 5 | 46985 | 51 | 203 | 75
199 | Revision_199/beta.c | U | 280 | 284 | 5 | 46986 | 51 | 205 | 75
199 | Revision_199/beta.c | U | 160 | 164 | 5 | 46987 | 51 | 204 | 75
199 | Revision_199/beta.c | U | 167 | 171 | 5 | 46988 | 51 | 206 | 75
199 | Revision_199/beta.c | U | 274 | 278 | 5 | 46989 | 51 | 207 | 75
199 | Revision_199/parse.c | U | 98 | 108 | 11 | 46990 | 52 | 208 | 88
199 | Revision_199/parse.c | U | 111 | 122 | 11 | 46991 | 52 | 209 | 88
199 | Revision_199/readtags.c | U | 502 | 506 | 5 | 46992 | 53 | 90 | 75
199 | Revision_199/readtags.c | U | 679 | 683 | 5 | 46993 | 53 | 99 | 75
199 | Revision_199/readtags.c | U | 541 | 547 | 6 | 46994 | 54 | 239 | 100
199 | Revision_199/readtags.c | U | 549 | 555 | 6 | 46995 | 54 | 240 | 100
199 | Revision_199/readtags.c | U | 584 | 588 | 6 | 46996 | 55 | 123 | 75
199 | Revision_199/readtags.c | U | 639 | 645 | 6 | 46997 | 55 | 124 | 75
199 | Revision_199/readtags.c | U | 716 | 724 | 8 | 46998 | 56 | 210 | 83
199 | Revision_199/readtags.c | U | 771 | 779 | 8 | 46999 | 56 | 211 | 83
199 | Revision_199/readtags.c | U | 727 | 735 | 8 | 47000 | 56 | 212 | 83
199 | Revision_199/readtags.c | U | 738 | 743 | 6 | 47001 | 57 | 241 | 80
199 | Revision_199/readtags.c | U | 755 | 760 | 6 | 47002 | 57 | 242 | 80
199 | Revision_199/readtags.c | U | 763 | 768 | 6 | 47003 | 57 | 287 | 80
199 | Revision_199/fortran.c | U | 1015 | 1023 | 8 | 47004 | 58 | 214 | 83
199 | Revision_199/fortran.c | U | 1026 | 1035 | 8 | 47005 | 58 | 215 | 83
199 | Revision_199/fortran.c | U | 1107 | 1122 | 16 | 47006 | 59 | 216 | 92
199 | Revision_199/fortran.c | U | 1228 | 1242 | 16 | 47007 | 59 | 217 | 92
199 | Revision_199/fortran.c | U | 1363 | 1382 | 28 | 47008 | 60 | 218 | 73
199 | Revision_199/fortran.c | U | 1615 | 1631 | 28 | 47009 | 60 | 219 | 73
199 | Revision_199/fortran.c | U | 1432 | 1448 | 16 | 47010 | 61 | 220 | 85
199 | Revision_199/fortran.c | U | 1504 | 1518 | 16 | 47011 | 61 | 221 | 85
199 | Revision_199/scheme.c | U | 70 | 78 | 8 | 47012 | 62 | 222 | 71
199 | Revision_199/scheme.c | U | 85 | 93 | 8 | 47013 | 62 | 223 | 71
199 | Revision_199/options.c | U | 357 | 363 | 6 | 47014 | 63 | 224 | 100
199 | Revision_199/options.c | U | 366 | 372 | 6 | 47015 | 63 | 225 | 100
199 | Revision_199/options.c | U | 517 | 523 | 7 | 47016 | 64 | 226 | 100
199 | Revision_199/options.c | U | 535 | 541 | 7 | 47017 | 64 | 227 | 100
199 | Revision_199/options.c | U | 526 | 532 | 7 | 47018 | 64 | 228 | 100
199 | Revision_199/options.c | U | 544 | 550 | 7 | 47019 | 64 | 229 | 100
199 | Revision_199/options.c | U | 744 | 748 | 5 | 47020 | 65 | 230 | 75
199 | Revision_199/options.c | U | 770 | 774 | 5 | 47021 | 65 | 231 | 75
199 | Revision_199/options.c | U | 862 | 866 | 5 | 47022 | 66 | 232 | 100
199 | Revision_199/options.c | U | 868 | 872 | 5 | 47023 | 66 | 233 | 100
199 | Revision_199/options.c | U | 1015 | 1020 | 6 | 47024 | 67 | 234 | 80
199 | Revision_199/options.c | U | 1157 | 1162 | 6 | 47025 | 67 | 235 | 80
199 | Revision_199/options.c | U | 1298 | 1315 | 15 | 47026 | 68 | 236 | 91
199 | Revision_199/options.c | U | 1336 | 1353 | 15 | 47027 | 68 | 237 | 91
