Revision | filePath | changeType | StartLine | EndLine | Nlines | cloneId | classId | globalCloneId | Similarity
216 | Revision_216/lisp.c | U | 91 | 97 | 7 | 50976 | 1 | 1 | 83
216 | Revision_216/lisp.c | U | 112 | 118 | 7 | 50977 | 1 | 2 | 83
216 | Revision_216/lisp.c | U | 127 | 137 | 9 | 50978 | 2 | 3 | 70
216 | Revision_216/c.c | U | 2363 | 2378 | 9 | 50979 | 2 | 8 | 70
216 | Revision_216/c.c | U | 2351 | 2360 | 9 | 50980 | 2 | 12 | 70
216 | Revision_216/c.c | U | 2381 | 2390 | 9 | 50981 | 2 | 15 | 70
216 | Revision_216/php.c | U | 98 | 106 | 9 | 50982 | 2 | 22 | 70
216 | Revision_216/eiffel.c | U | 1222 | 1231 | 9 | 50983 | 2 | 9 | 70
216 | Revision_216/fortran.c | U | 1674 | 1689 | 9 | 50984 | 2 | 21 | 70
216 | Revision_216/sql.c | U | 613 | 622 | 9 | 50985 | 2 | 296 | 70
216 | Revision_216/lua.c | U | 123 | 131 | 9 | 50986 | 2 | 243 | 70
216 | Revision_216/perl.c | U | 109 | 117 | 9 | 50987 | 2 | 7 | 70
216 | Revision_216/sh.c | U | 98 | 108 | 9 | 50988 | 2 | 17 | 70
216 | Revision_216/tcl.c | U | 106 | 114 | 9 | 50989 | 2 | 18 | 70
216 | Revision_216/awk.c | U | 71 | 79 | 9 | 50990 | 2 | 10 | 70
216 | Revision_216/pascal.c | U | 246 | 254 | 9 | 50991 | 2 | 14 | 70
216 | Revision_216/ruby.c | U | 167 | 175 | 9 | 50992 | 2 | 19 | 70
216 | Revision_216/python.c | U | 212 | 220 | 9 | 50993 | 2 | 13 | 70
216 | Revision_216/vim.c | U | 137 | 145 | 9 | 50994 | 2 | 20 | 70
216 | Revision_216/asp.c | U | 161 | 169 | 9 | 50995 | 2 | 4 | 70
216 | Revision_216/verilog.c | U | 160 | 168 | 9 | 50996 | 2 | 283 | 70
216 | Revision_216/cobol.c | U | 72 | 80 | 9 | 50997 | 2 | 11 | 70
216 | Revision_216/scheme.c | U | 99 | 109 | 9 | 50998 | 2 | 16 | 70
216 | Revision_216/beta.c | U | 313 | 321 | 9 | 50999 | 2 | 5 | 70
216 | Revision_216/make.c | U | 91 | 101 | 9 | 51000 | 2 | 25 | 70
216 | Revision_216/asm.c | U | 368 | 387 | 9 | 51001 | 2 | 274 | 70
216 | Revision_216/rexx.c | U | 30 | 37 | 9 | 51002 | 2 | 26 | 70
216 | Revision_216/yacc.c | U | 31 | 38 | 9 | 51003 | 2 | 23 | 70
216 | Revision_216/slang.c | U | 34 | 41 | 9 | 51004 | 2 | 24 | 70
216 | Revision_216/keyword.c | U | 107 | 116 | 9 | 51005 | 2 | 27 | 70
216 | Revision_216/options.c | U | 601 | 607 | 9 | 51006 | 2 | 29 | 70
216 | Revision_216/c.c | U | 1843 | 1848 | 9 | 51007 | 2 | 28 | 70
216 | Revision_216/c.c | U | 1872 | 1880 | 9 | 51008 | 2 | 31 | 70
216 | Revision_216/options.c | U | 508 | 513 | 9 | 51009 | 2 | 30 | 70
216 | Revision_216/options.c | U | 1182 | 1192 | 9 | 51010 | 2 | 32 | 70
216 | Revision_216/asp.c | U | 69 | 88 | 15 | 51011 | 3 | 33 | 100
216 | Revision_216/asp.c | U | 92 | 111 | 15 | 51012 | 3 | 34 | 100
216 | Revision_216/asp.c | U | 115 | 131 | 13 | 51013 | 4 | 35 | 90
216 | Revision_216/php.c | U | 78 | 91 | 13 | 51014 | 4 | 40 | 90
216 | Revision_216/ruby.c | U | 79 | 94 | 13 | 51015 | 4 | 42 | 90
216 | Revision_216/ruby.c | U | 96 | 111 | 13 | 51016 | 4 | 42 | 90
216 | Revision_216/asp.c | U | 135 | 150 | 13 | 51017 | 4 | 36 | 90
216 | Revision_216/args.c | U | 85 | 92 | 8 | 51018 | 5 | 43 | 100
216 | Revision_216/args.c | U | 159 | 166 | 8 | 51019 | 5 | 44 | 100
216 | Revision_216/args.c | U | 181 | 189 | 9 | 51020 | 6 | 45 | 75
216 | Revision_216/args.c | U | 202 | 210 | 9 | 51021 | 6 | 46 | 75
216 | Revision_216/args.c | U | 192 | 199 | 9 | 51022 | 6 | 47 | 75
216 | Revision_216/args.c | U | 265 | 271 | 6 | 51023 | 7 | 48 | 80
216 | Revision_216/options.c | U | 554 | 559 | 6 | 51024 | 7 | 49 | 80
216 | Revision_216/fortran.c | U | 781 | 786 | 6 | 51025 | 7 | 50 | 80
216 | Revision_216/c.c | U | 405 | 411 | 7 | 51026 | 8 | 51 | 80
216 | Revision_216/vstring.c | U | 67 | 74 | 7 | 51027 | 8 | 52 | 80
216 | Revision_216/c.c | U | 414 | 421 | 6 | 51028 | 9 | 53 | 80
216 | Revision_216/c.c | U | 424 | 431 | 6 | 51029 | 9 | 54 | 80
216 | Revision_216/c.c | U | 533 | 549 | 16 | 51030 | 10 | 55 | 71
216 | Revision_216/fortran.c | U | 931 | 949 | 16 | 51031 | 10 | 58 | 71
216 | Revision_216/c.c | U | 996 | 1009 | 16 | 51032 | 10 | 56 | 71
216 | Revision_216/c.c | U | 929 | 946 | 16 | 51033 | 10 | 57 | 71
216 | Revision_216/c.c | U | 552 | 568 | 16 | 51034 | 10 | 60 | 71
216 | Revision_216/fortran.c | U | 1393 | 1409 | 16 | 51035 | 10 | 59 | 71
216 | Revision_216/c.c | U | 2167 | 2186 | 16 | 51036 | 10 | 61 | 71
216 | Revision_216/c.c | U | 932 | 944 | 16 | 51037 | 10 | 63 | 71
216 | Revision_216/c.c | U | 555 | 566 | 16 | 51038 | 10 | 64 | 71
216 | Revision_216/fortran.c | U | 934 | 947 | 16 | 51039 | 10 | 62 | 71
216 | Revision_216/fortran.c | U | 1396 | 1407 | 16 | 51040 | 10 | 65 | 71
216 | Revision_216/eiffel.c | U | 905 | 947 | 16 | 51041 | 10 | 248 | 71
216 | Revision_216/c.c | U | 2169 | 2183 | 16 | 51042 | 10 | 69 | 71
216 | Revision_216/c.c | U | 536 | 547 | 16 | 51043 | 10 | 71 | 71
216 | Revision_216/c.c | U | 585 | 605 | 20 | 51044 | 11 | 72 | 73
216 | Revision_216/c.c | U | 680 | 688 | 20 | 51045 | 11 | 73 | 73
216 | Revision_216/c.c | U | 615 | 621 | 8 | 51046 | 12 | 74 | 71
216 | Revision_216/options.c | U | 451 | 458 | 8 | 51047 | 12 | 75 | 71
216 | Revision_216/c.c | U | 644 | 648 | 5 | 51048 | 13 | 76 | 75
216 | Revision_216/fortran.c | U | 1305 | 1310 | 5 | 51049 | 13 | 78 | 75
216 | Revision_216/c.c | U | 1767 | 1771 | 5 | 51050 | 13 | 80 | 75
216 | Revision_216/fortran.c | U | 1161 | 1165 | 5 | 51051 | 13 | 79 | 75
216 | Revision_216/eiffel.c | U | 673 | 677 | 5 | 51052 | 13 | 249 | 75
216 | Revision_216/sql.c | U | 480 | 484 | 5 | 51053 | 13 | 297 | 75
216 | Revision_216/fortran.c | U | 1436 | 1440 | 5 | 51054 | 13 | 286 | 75
216 | Revision_216/fortran.c | U | 1116 | 1120 | 5 | 51055 | 13 | 81 | 75
216 | Revision_216/sql.c | U | 419 | 423 | 5 | 51056 | 13 | 298 | 75
216 | Revision_216/eiffel.c | U | 1014 | 1018 | 5 | 51057 | 13 | 269 | 75
216 | Revision_216/sql.c | U | 549 | 553 | 5 | 51058 | 13 | 299 | 75
216 | Revision_216/eiffel.c | U | 874 | 878 | 5 | 51059 | 13 | 269 | 75
216 | Revision_216/fortran.c | U | 1144 | 1149 | 5 | 51060 | 13 | 84 | 75
216 | Revision_216/c.c | U | 2218 | 2222 | 5 | 51061 | 13 | 86 | 75
216 | Revision_216/fortran.c | U | 1236 | 1240 | 5 | 51062 | 13 | 83 | 75
216 | Revision_216/eiffel.c | U | 963 | 967 | 5 | 51063 | 13 | 269 | 75
216 | Revision_216/fortran.c | U | 1125 | 1129 | 5 | 51064 | 13 | 85 | 75
216 | Revision_216/readtags.c | U | 147 | 151 | 5 | 51065 | 13 | 87 | 75
216 | Revision_216/eiffel.c | U | 660 | 664 | 5 | 51066 | 13 | 250 | 75
216 | Revision_216/sql.c | U | 336 | 340 | 5 | 51067 | 13 | 300 | 75
216 | Revision_216/eiffel.c | U | 848 | 853 | 5 | 51068 | 13 | 151 | 75
216 | Revision_216/fortran.c | U | 467 | 471 | 5 | 51069 | 13 | 95 | 75
216 | Revision_216/c.c | U | 2281 | 2286 | 5 | 51070 | 13 | 94 | 75
216 | Revision_216/ruby.c | U | 136 | 140 | 5 | 51071 | 13 | 19 | 75
216 | Revision_216/eiffel.c | U | 1033 | 1037 | 5 | 51072 | 13 | 151 | 75
216 | Revision_216/c.c | U | 2210 | 2215 | 5 | 51073 | 13 | 96 | 75
216 | Revision_216/keyword.c | U | 185 | 189 | 5 | 51074 | 13 | 91 | 75
216 | Revision_216/readtags.c | U | 458 | 462 | 5 | 51075 | 13 | 90 | 75
216 | Revision_216/options.c | U | 803 | 807 | 5 | 51076 | 13 | 89 | 75
216 | Revision_216/c.c | U | 1833 | 1840 | 5 | 51077 | 13 | 244 | 75
216 | Revision_216/options.c | U | 495 | 499 | 5 | 51078 | 13 | 97 | 75
216 | Revision_216/vstring.c | U | 35 | 40 | 5 | 51079 | 13 | 98 | 75
216 | Revision_216/strlist.c | U | 134 | 138 | 5 | 51080 | 13 | 126 | 75
216 | Revision_216/c.c | U | 1814 | 1818 | 5 | 51081 | 13 | 125 | 75
216 | Revision_216/eiffel.c | U | 1069 | 1078 | 5 | 51082 | 13 | 101 | 75
216 | Revision_216/fortran.c | U | 857 | 861 | 5 | 51083 | 13 | 128 | 75
216 | Revision_216/options.c | U | 649 | 653 | 5 | 51084 | 13 | 127 | 75
216 | Revision_216/options.c | U | 930 | 934 | 5 | 51085 | 13 | 129 | 75
216 | Revision_216/c.c | U | 677 | 690 | 27 | 51086 | 14 | 102 | 78
216 | Revision_216/c.c | U | 725 | 741 | 27 | 51087 | 14 | 103 | 78
216 | Revision_216/c.c | U | 693 | 700 | 8 | 51088 | 15 | 104 | 85
216 | Revision_216/c.c | U | 703 | 710 | 8 | 51089 | 15 | 105 | 85
216 | Revision_216/c.c | U | 1117 | 1124 | 7 | 51090 | 16 | 108 | 80
216 | Revision_216/c.c | U | 1126 | 1133 | 7 | 51091 | 16 | 109 | 80
216 | Revision_216/c.c | U | 1147 | 1154 | 7 | 51092 | 17 | 110 | 83
216 | Revision_216/fortran.c | U | 500 | 506 | 7 | 51093 | 17 | 112 | 83
216 | Revision_216/c.c | U | 1157 | 1164 | 7 | 51094 | 17 | 111 | 83
216 | Revision_216/c.c | U | 1213 | 1222 | 9 | 51095 | 18 | 294 | 71
216 | Revision_216/eiffel.c | U | 556 | 564 | 9 | 51096 | 18 | 295 | 71
216 | Revision_216/c.c | U | 1216 | 1220 | 5 | 51097 | 19 | 294 | 75
216 | Revision_216/readtags.c | U | 506 | 510 | 5 | 51098 | 19 | 90 | 75
216 | Revision_216/readtags.c | U | 683 | 687 | 5 | 51099 | 19 | 99 | 75
216 | Revision_216/c.c | U | 1519 | 1523 | 5 | 51100 | 20 | 118 | 75
216 | Revision_216/eiffel.c | U | 419 | 423 | 5 | 51101 | 20 | 119 | 75
216 | Revision_216/fortran.c | U | 667 | 671 | 5 | 51102 | 20 | 120 | 75
216 | Revision_216/c.c | U | 1655 | 1659 | 5 | 51103 | 21 | 121 | 75
216 | Revision_216/get.c | U | 578 | 582 | 5 | 51104 | 21 | 122 | 75
216 | Revision_216/c.c | U | 1795 | 1802 | 8 | 51105 | 22 | 28 | 71
216 | Revision_216/fortran.c | U | 1535 | 1542 | 8 | 51106 | 22 | 153 | 71
216 | Revision_216/eiffel.c | U | 1066 | 1079 | 8 | 51107 | 22 | 156 | 71
216 | Revision_216/c.c | U | 2237 | 2242 | 6 | 51108 | 23 | 94 | 80
216 | Revision_216/sql.c | U | 496 | 501 | 6 | 51109 | 23 | 301 | 80
216 | Revision_216/c.c | U | 2321 | 2330 | 9 | 51110 | 24 | 130 | 71
216 | Revision_216/eiffel.c | U | 215 | 224 | 9 | 51111 | 24 | 131 | 71
216 | Revision_216/fortran.c | U | 310 | 319 | 9 | 51112 | 24 | 132 | 71
216 | Revision_216/asm.c | U | 121 | 129 | 9 | 51113 | 24 | 288 | 71
216 | Revision_216/sql.c | U | 191 | 200 | 9 | 51114 | 24 | 302 | 71
216 | Revision_216/eiffel.c | U | 287 | 301 | 10 | 51115 | 25 | 133 | 71
216 | Revision_216/sql.c | U | 227 | 241 | 10 | 51116 | 25 | 303 | 71
216 | Revision_216/beta.c | U | 71 | 82 | 10 | 51117 | 25 | 134 | 71
216 | Revision_216/parse.c | U | 46 | 57 | 10 | 51118 | 25 | 135 | 71
216 | Revision_216/eiffel.c | U | 289 | 299 | 10 | 51119 | 25 | 136 | 71
216 | Revision_216/eiffel.c | U | 367 | 376 | 8 | 51120 | 26 | 304 | 100
216 | Revision_216/sql.c | U | 248 | 255 | 8 | 51121 | 26 | 305 | 100
216 | Revision_216/eiffel.c | U | 382 | 407 | 23 | 51122 | 27 | 139 | 75
216 | Revision_216/fortran.c | U | 625 | 655 | 23 | 51123 | 27 | 140 | 75
216 | Revision_216/eiffel.c | U | 410 | 435 | 20 | 51124 | 28 | 141 | 94
216 | Revision_216/fortran.c | U | 658 | 683 | 20 | 51125 | 28 | 142 | 94
216 | Revision_216/eiffel.c | U | 547 | 551 | 5 | 51126 | 29 | 143 | 75
216 | Revision_216/fortran.c | U | 647 | 651 | 5 | 51127 | 29 | 144 | 75
216 | Revision_216/fortran.c | U | 836 | 840 | 5 | 51128 | 29 | 145 | 75
216 | Revision_216/eiffel.c | U | 572 | 584 | 11 | 51129 | 30 | 114 | 88
216 | Revision_216/eiffel.c | U | 587 | 599 | 11 | 51130 | 30 | 117 | 88
216 | Revision_216/fortran.c | U | 710 | 721 | 11 | 51131 | 30 | 116 | 88
216 | Revision_216/sql.c | U | 277 | 288 | 11 | 51132 | 30 | 306 | 88
216 | Revision_216/eiffel.c | U | 602 | 612 | 9 | 51133 | 31 | 146 | 87
216 | Revision_216/asm.c | U | 132 | 141 | 9 | 51134 | 31 | 270 | 87
216 | Revision_216/fortran.c | U | 748 | 758 | 9 | 51135 | 31 | 147 | 87
216 | Revision_216/eiffel.c | U | 720 | 727 | 8 | 51136 | 32 | 148 | 100
216 | Revision_216/fortran.c | U | 878 | 885 | 8 | 51137 | 32 | 149 | 100
216 | Revision_216/eiffel.c | U | 836 | 854 | 14 | 51138 | 33 | 251 | 72
216 | Revision_216/eiffel.c | U | 858 | 880 | 14 | 51139 | 33 | 252 | 72
216 | Revision_216/eiffel.c | U | 1008 | 1021 | 14 | 51140 | 33 | 253 | 72
216 | Revision_216/eiffel.c | U | 1113 | 1137 | 22 | 51141 | 34 | 307 | 70
216 | Revision_216/sql.c | U | 450 | 475 | 22 | 51142 | 34 | 308 | 70
216 | Revision_216/eiffel.c | U | 1176 | 1188 | 10 | 51143 | 35 | 157 | 100
216 | Revision_216/sql.c | U | 203 | 214 | 10 | 51144 | 35 | 309 | 100
216 | Revision_216/fortran.c | U | 724 | 735 | 10 | 51145 | 35 | 158 | 100
216 | Revision_216/verilog.c | U | 147 | 153 | 7 | 51146 | 36 | 284 | 83
216 | Revision_216/lua.c | U | 81 | 88 | 7 | 51147 | 36 | 285 | 83
216 | Revision_216/vim.c | U | 54 | 58 | 5 | 51148 | 37 | 290 | 100
216 | Revision_216/vim.c | U | 60 | 64 | 5 | 51149 | 37 | 291 | 100
216 | Revision_216/vim.c | U | 89 | 104 | 16 | 51150 | 38 | 159 | 76
216 | Revision_216/vim.c | U | 112 | 131 | 16 | 51151 | 38 | 160 | 76
216 | Revision_216/python.c | U | 105 | 109 | 5 | 51152 | 39 | 278 | 75
216 | Revision_216/options.c | U | 726 | 731 | 5 | 51153 | 39 | 280 | 75
216 | Revision_216/python.c | U | 113 | 122 | 10 | 51154 | 40 | 292 | 75
216 | Revision_216/tcl.c | U | 44 | 54 | 10 | 51155 | 40 | 293 | 75
216 | Revision_216/perl.c | U | 56 | 60 | 5 | 51156 | 41 | 163 | 75
216 | Revision_216/pascal.c | U | 132 | 136 | 5 | 51157 | 41 | 164 | 75
216 | Revision_216/sort.c | U | 123 | 128 | 5 | 51158 | 42 | 281 | 100
216 | Revision_216/sort.c | U | 131 | 136 | 5 | 51159 | 42 | 282 | 100
216 | Revision_216/strlist.c | U | 32 | 38 | 8 | 51160 | 43 | 165 | 71
216 | Revision_216/vstring.c | U | 77 | 87 | 8 | 51161 | 43 | 166 | 71
216 | Revision_216/strlist.c | U | 147 | 154 | 8 | 51162 | 44 | 167 | 85
216 | Revision_216/strlist.c | U | 169 | 176 | 8 | 51163 | 44 | 168 | 85
216 | Revision_216/strlist.c | U | 158 | 165 | 8 | 51164 | 44 | 169 | 85
216 | Revision_216/pascal.c | U | 172 | 178 | 6 | 51165 | 45 | 170 | 100
216 | Revision_216/pascal.c | U | 180 | 186 | 6 | 51166 | 45 | 171 | 100
216 | Revision_216/awk.c | U | 47 | 65 | 17 | 51167 | 46 | 172 | 73
216 | Revision_216/php.c | U | 55 | 75 | 17 | 51168 | 46 | 173 | 73
216 | Revision_216/get.c | U | 297 | 309 | 10 | 51169 | 47 | 174 | 70
216 | Revision_216/parse.c | U | 563 | 577 | 10 | 51170 | 47 | 175 | 70
216 | Revision_216/read.c | U | 214 | 225 | 10 | 51171 | 47 | 176 | 70
216 | Revision_216/get.c | U | 461 | 472 | 11 | 51172 | 48 | 177 | 72
216 | Revision_216/get.c | U | 495 | 511 | 11 | 51173 | 48 | 179 | 72
216 | Revision_216/get.c | U | 478 | 489 | 11 | 51174 | 48 | 178 | 72
216 | Revision_216/get.c | U | 525 | 530 | 6 | 51175 | 49 | 180 | 80
216 | Revision_216/read.c | U | 415 | 419 | 6 | 51176 | 49 | 181 | 80
216 | Revision_216/routines.c | U | 221 | 228 | 6 | 51177 | 50 | 254 | 80
216 | Revision_216/routines.c | U | 231 | 238 | 6 | 51178 | 50 | 255 | 80
216 | Revision_216/routines.c | U | 272 | 279 | 8 | 51179 | 51 | 256 | 83
216 | Revision_216/readtags.c | U | 119 | 126 | 8 | 51180 | 51 | 123 | 83
216 | Revision_216/routines.c | U | 282 | 289 | 8 | 51181 | 51 | 257 | 83
216 | Revision_216/readtags.c | U | 109 | 116 | 8 | 51182 | 51 | 238 | 83
216 | Revision_216/routines.c | U | 306 | 310 | 5 | 51183 | 52 | 258 | 75
216 | Revision_216/vstring.c | U | 125 | 129 | 5 | 51184 | 52 | 188 | 75
216 | Revision_216/vstring.c | U | 118 | 122 | 5 | 51185 | 52 | 189 | 75
216 | Revision_216/routines.c | U | 313 | 319 | 6 | 51186 | 53 | 259 | 100
216 | Revision_216/routines.c | U | 322 | 328 | 6 | 51187 | 53 | 260 | 100
216 | Revision_216/routines.c | U | 333 | 340 | 8 | 51188 | 54 | 261 | 100
216 | Revision_216/routines.c | U | 345 | 352 | 8 | 51189 | 54 | 262 | 100
216 | Revision_216/routines.c | U | 469 | 482 | 5 | 51190 | 55 | 267 | 75
216 | Revision_216/routines.c | U | 543 | 566 | 5 | 51191 | 55 | 268 | 75
216 | Revision_216/beta.c | U | 136 | 143 | 6 | 51192 | 56 | 201 | 75
216 | Revision_216/beta.c | U | 207 | 215 | 6 | 51193 | 56 | 202 | 75
216 | Revision_216/beta.c | U | 154 | 158 | 5 | 51194 | 57 | 203 | 75
216 | Revision_216/beta.c | U | 274 | 278 | 5 | 51195 | 57 | 205 | 75
216 | Revision_216/beta.c | U | 280 | 284 | 5 | 51196 | 57 | 207 | 75
216 | Revision_216/beta.c | U | 167 | 171 | 5 | 51197 | 57 | 204 | 75
216 | Revision_216/beta.c | U | 160 | 164 | 5 | 51198 | 57 | 206 | 75
216 | Revision_216/sql.c | U | 393 | 399 | 6 | 51199 | 58 | 310 | 75
216 | Revision_216/sql.c | U | 564 | 570 | 6 | 51200 | 58 | 311 | 75
216 | Revision_216/fortran.c | U | 915 | 919 | 6 | 51201 | 58 | 312 | 75
216 | Revision_216/sql.c | U | 434 | 442 | 8 | 51202 | 59 | 313 | 71
216 | Revision_216/fortran.c | U | 1320 | 1326 | 8 | 51203 | 59 | 314 | 71
216 | Revision_216/parse.c | U | 98 | 108 | 11 | 51204 | 60 | 208 | 88
216 | Revision_216/parse.c | U | 111 | 122 | 11 | 51205 | 60 | 209 | 88
216 | Revision_216/readtags.c | U | 545 | 551 | 6 | 51206 | 61 | 239 | 100
216 | Revision_216/readtags.c | U | 553 | 559 | 6 | 51207 | 61 | 240 | 100
216 | Revision_216/readtags.c | U | 588 | 592 | 6 | 51208 | 62 | 123 | 75
216 | Revision_216/readtags.c | U | 643 | 649 | 6 | 51209 | 62 | 124 | 75
216 | Revision_216/readtags.c | U | 720 | 728 | 8 | 51210 | 63 | 210 | 83
216 | Revision_216/readtags.c | U | 775 | 783 | 8 | 51211 | 63 | 211 | 83
216 | Revision_216/readtags.c | U | 731 | 739 | 8 | 51212 | 63 | 212 | 83
216 | Revision_216/readtags.c | U | 742 | 747 | 6 | 51213 | 64 | 241 | 80
216 | Revision_216/readtags.c | U | 759 | 764 | 6 | 51214 | 64 | 242 | 80
216 | Revision_216/readtags.c | U | 767 | 772 | 6 | 51215 | 64 | 287 | 80
216 | Revision_216/fortran.c | U | 1015 | 1023 | 8 | 51216 | 65 | 214 | 83
216 | Revision_216/fortran.c | U | 1026 | 1035 | 8 | 51217 | 65 | 215 | 83
216 | Revision_216/fortran.c | U | 1107 | 1122 | 16 | 51218 | 66 | 216 | 92
216 | Revision_216/fortran.c | U | 1228 | 1242 | 16 | 51219 | 66 | 217 | 92
216 | Revision_216/fortran.c | U | 1363 | 1382 | 28 | 51220 | 67 | 218 | 73
216 | Revision_216/fortran.c | U | 1615 | 1631 | 28 | 51221 | 67 | 219 | 73
216 | Revision_216/fortran.c | U | 1432 | 1448 | 16 | 51222 | 68 | 220 | 85
216 | Revision_216/fortran.c | U | 1504 | 1518 | 16 | 51223 | 68 | 221 | 85
216 | Revision_216/asm.c | U | 245 | 258 | 11 | 51224 | 69 | 289 | 77
216 | Revision_216/asm.c | U | 263 | 273 | 11 | 51225 | 69 | 279 | 77
216 | Revision_216/scheme.c | U | 70 | 78 | 8 | 51226 | 70 | 222 | 71
216 | Revision_216/scheme.c | U | 85 | 93 | 8 | 51227 | 70 | 223 | 71
216 | Revision_216/options.c | U | 358 | 364 | 6 | 51228 | 71 | 224 | 100
216 | Revision_216/options.c | U | 367 | 373 | 6 | 51229 | 71 | 225 | 100
216 | Revision_216/options.c | U | 518 | 524 | 7 | 51230 | 72 | 226 | 100
216 | Revision_216/options.c | U | 545 | 551 | 7 | 51231 | 72 | 227 | 100
216 | Revision_216/options.c | U | 527 | 533 | 7 | 51232 | 72 | 228 | 100
216 | Revision_216/options.c | U | 536 | 542 | 7 | 51233 | 72 | 229 | 100
216 | Revision_216/options.c | U | 745 | 749 | 5 | 51234 | 73 | 230 | 75
216 | Revision_216/options.c | U | 771 | 775 | 5 | 51235 | 73 | 231 | 75
216 | Revision_216/options.c | U | 863 | 867 | 5 | 51236 | 74 | 232 | 100
216 | Revision_216/options.c | U | 869 | 873 | 5 | 51237 | 74 | 233 | 100
216 | Revision_216/options.c | U | 1016 | 1021 | 6 | 51238 | 75 | 234 | 80
216 | Revision_216/options.c | U | 1158 | 1163 | 6 | 51239 | 75 | 235 | 80
216 | Revision_216/options.c | U | 1300 | 1317 | 15 | 51240 | 76 | 236 | 91
216 | Revision_216/options.c | U | 1338 | 1355 | 15 | 51241 | 76 | 237 | 91
