Revision | filePath | changeType | StartLine | EndLine | Nlines | cloneId | classId | globalCloneId | Similarity
226 | Revision_226/lisp.c | U | 91 | 97 | 7 | 53633 | 1 | 1 | 83
226 | Revision_226/lisp.c | U | 112 | 118 | 7 | 53634 | 1 | 2 | 83
226 | Revision_226/lisp.c | U | 127 | 137 | 9 | 53635 | 2 | 3 | 70
226 | Revision_226/sh.c | U | 98 | 108 | 9 | 53636 | 2 | 17 | 70
226 | Revision_226/sql.c | U | 613 | 622 | 9 | 53637 | 2 | 296 | 70
226 | Revision_226/eiffel.c | U | 1222 | 1231 | 9 | 53638 | 2 | 9 | 70
226 | Revision_226/c.c | U | 2527 | 2536 | 9 | 53639 | 2 | 12 | 70
226 | Revision_226/c.c | U | 2515 | 2524 | 9 | 53640 | 2 | 15 | 70
226 | Revision_226/c.c | U | 2497 | 2512 | 9 | 53641 | 2 | 8 | 70
226 | Revision_226/c.c | U | 2485 | 2494 | 9 | 53642 | 2 | 315 | 70
226 | Revision_226/fortran.c | U | 1676 | 1691 | 9 | 53643 | 2 | 21 | 70
226 | Revision_226/awk.c | U | 71 | 79 | 9 | 53644 | 2 | 10 | 70
226 | Revision_226/beta.c | U | 313 | 321 | 9 | 53645 | 2 | 5 | 70
226 | Revision_226/lua.c | U | 123 | 131 | 9 | 53646 | 2 | 243 | 70
226 | Revision_226/cobol.c | U | 72 | 80 | 9 | 53647 | 2 | 11 | 70
226 | Revision_226/pascal.c | U | 255 | 263 | 9 | 53648 | 2 | 14 | 70
226 | Revision_226/ruby.c | U | 167 | 175 | 9 | 53649 | 2 | 19 | 70
226 | Revision_226/python.c | U | 212 | 220 | 9 | 53650 | 2 | 13 | 70
226 | Revision_226/verilog.c | U | 160 | 168 | 9 | 53651 | 2 | 283 | 70
226 | Revision_226/asp.c | U | 161 | 169 | 9 | 53652 | 2 | 4 | 70
226 | Revision_226/vim.c | U | 137 | 145 | 9 | 53653 | 2 | 20 | 70
226 | Revision_226/perl.c | U | 109 | 117 | 9 | 53654 | 2 | 7 | 70
226 | Revision_226/tcl.c | U | 106 | 114 | 9 | 53655 | 2 | 18 | 70
226 | Revision_226/scheme.c | U | 99 | 109 | 9 | 53656 | 2 | 16 | 70
226 | Revision_226/php.c | U | 98 | 106 | 9 | 53657 | 2 | 22 | 70
226 | Revision_226/make.c | U | 91 | 101 | 9 | 53658 | 2 | 25 | 70
226 | Revision_226/asm.c | U | 368 | 387 | 9 | 53659 | 2 | 274 | 70
226 | Revision_226/rexx.c | U | 30 | 37 | 9 | 53660 | 2 | 26 | 70
226 | Revision_226/slang.c | M | 34 | 41 | 9 | 53661 | 2 | 24 | 70
226 | Revision_226/yacc.c | U | 31 | 38 | 9 | 53662 | 2 | 23 | 70
226 | Revision_226/keyword.c | U | 107 | 116 | 9 | 53663 | 2 | 27 | 70
226 | Revision_226/c.c | U | 1970 | 1975 | 9 | 53664 | 2 | 28 | 70
226 | Revision_226/options.c | U | 601 | 607 | 9 | 53665 | 2 | 29 | 70
226 | Revision_226/options.c | U | 508 | 513 | 9 | 53666 | 2 | 30 | 70
226 | Revision_226/c.c | U | 1999 | 2007 | 9 | 53667 | 2 | 31 | 70
226 | Revision_226/options.c | U | 1182 | 1192 | 9 | 53668 | 2 | 32 | 70
226 | Revision_226/asp.c | U | 69 | 88 | 15 | 53669 | 3 | 33 | 100
226 | Revision_226/asp.c | U | 92 | 111 | 15 | 53670 | 3 | 34 | 100
226 | Revision_226/asp.c | U | 115 | 131 | 13 | 53671 | 4 | 35 | 90
226 | Revision_226/ruby.c | U | 79 | 94 | 13 | 53672 | 4 | 42 | 90
226 | Revision_226/ruby.c | U | 96 | 111 | 13 | 53673 | 4 | 42 | 90
226 | Revision_226/asp.c | U | 135 | 150 | 13 | 53674 | 4 | 36 | 90
226 | Revision_226/php.c | U | 78 | 91 | 13 | 53675 | 4 | 40 | 90
226 | Revision_226/args.c | U | 85 | 92 | 8 | 53676 | 5 | 43 | 100
226 | Revision_226/args.c | U | 159 | 166 | 8 | 53677 | 5 | 44 | 100
226 | Revision_226/args.c | U | 181 | 189 | 9 | 53678 | 6 | 45 | 75
226 | Revision_226/args.c | U | 192 | 199 | 9 | 53679 | 6 | 46 | 75
226 | Revision_226/args.c | U | 202 | 210 | 9 | 53680 | 6 | 47 | 75
226 | Revision_226/args.c | U | 265 | 271 | 6 | 53681 | 7 | 48 | 80
226 | Revision_226/options.c | U | 554 | 559 | 6 | 53682 | 7 | 49 | 80
226 | Revision_226/fortran.c | U | 781 | 786 | 6 | 53683 | 7 | 50 | 80
226 | Revision_226/c.c | U | 473 | 479 | 7 | 53684 | 8 | 51 | 80
226 | Revision_226/vstring.c | U | 67 | 74 | 7 | 53685 | 8 | 52 | 80
226 | Revision_226/c.c | U | 482 | 489 | 6 | 53686 | 9 | 53 | 80
226 | Revision_226/c.c | U | 492 | 499 | 6 | 53687 | 9 | 54 | 80
226 | Revision_226/c.c | U | 601 | 617 | 17 | 53688 | 10 | 55 | 71
226 | Revision_226/fortran.c | U | 931 | 949 | 17 | 53689 | 10 | 58 | 71
226 | Revision_226/c.c | U | 1102 | 1116 | 17 | 53690 | 10 | 56 | 71
226 | Revision_226/fortran.c | U | 1395 | 1411 | 17 | 53691 | 10 | 59 | 71
226 | Revision_226/c.c | U | 1028 | 1045 | 17 | 53692 | 10 | 57 | 71
226 | Revision_226/c.c | U | 620 | 637 | 17 | 53693 | 10 | 60 | 71
226 | Revision_226/c.c | U | 2294 | 2313 | 17 | 53694 | 10 | 61 | 71
226 | Revision_226/fortran.c | U | 1398 | 1409 | 17 | 53695 | 10 | 65 | 71
226 | Revision_226/eiffel.c | U | 905 | 947 | 17 | 53696 | 10 | 248 | 71
226 | Revision_226/c.c | U | 604 | 615 | 14 | 53697 | 11 | 71 | 76
226 | Revision_226/c.c | U | 2296 | 2310 | 14 | 53698 | 11 | 64 | 76
226 | Revision_226/c.c | U | 654 | 674 | 20 | 53699 | 12 | 72 | 73
226 | Revision_226/c.c | U | 749 | 757 | 20 | 53700 | 12 | 73 | 73
226 | Revision_226/c.c | U | 684 | 690 | 8 | 53701 | 13 | 74 | 71
226 | Revision_226/options.c | U | 451 | 458 | 8 | 53702 | 13 | 75 | 71
226 | Revision_226/c.c | U | 713 | 717 | 5 | 53703 | 14 | 76 | 75
226 | Revision_226/c.c | U | 1894 | 1898 | 5 | 53704 | 14 | 80 | 75
226 | Revision_226/eiffel.c | U | 673 | 677 | 5 | 53705 | 14 | 249 | 75
226 | Revision_226/fortran.c | U | 1438 | 1442 | 5 | 53706 | 14 | 79 | 75
226 | Revision_226/fortran.c | U | 1163 | 1167 | 5 | 53707 | 14 | 286 | 75
226 | Revision_226/sql.c | U | 480 | 484 | 5 | 53708 | 14 | 297 | 75
226 | Revision_226/fortran.c | U | 1307 | 1312 | 5 | 53709 | 14 | 78 | 75
226 | Revision_226/readtags.c | U | 147 | 151 | 5 | 53710 | 14 | 87 | 75
226 | Revision_226/sql.c | U | 336 | 340 | 5 | 53711 | 14 | 300 | 75
226 | Revision_226/eiffel.c | U | 660 | 664 | 5 | 53712 | 14 | 250 | 75
226 | Revision_226/sql.c | U | 419 | 423 | 5 | 53713 | 14 | 298 | 75
226 | Revision_226/sql.c | U | 549 | 553 | 5 | 53714 | 14 | 299 | 75
226 | Revision_226/fortran.c | U | 1146 | 1151 | 5 | 53715 | 14 | 84 | 75
226 | Revision_226/eiffel.c | U | 963 | 967 | 5 | 53716 | 14 | 269 | 75
226 | Revision_226/c.c | U | 2346 | 2350 | 5 | 53717 | 14 | 86 | 75
226 | Revision_226/eiffel.c | U | 1014 | 1018 | 5 | 53718 | 14 | 269 | 75
226 | Revision_226/fortran.c | U | 1238 | 1242 | 5 | 53719 | 14 | 81 | 75
226 | Revision_226/fortran.c | U | 1118 | 1122 | 5 | 53720 | 14 | 83 | 75
226 | Revision_226/eiffel.c | U | 874 | 878 | 5 | 53721 | 14 | 269 | 75
226 | Revision_226/fortran.c | U | 1127 | 1131 | 5 | 53722 | 14 | 85 | 75
226 | Revision_226/vstring.c | U | 35 | 40 | 5 | 53723 | 14 | 98 | 75
226 | Revision_226/options.c | U | 495 | 499 | 5 | 53724 | 14 | 97 | 75
226 | Revision_226/c.c | U | 1960 | 1967 | 5 | 53725 | 14 | 244 | 75
226 | Revision_226/strlist.c | U | 134 | 138 | 5 | 53726 | 14 | 126 | 75
226 | Revision_226/c.c | U | 1941 | 1945 | 5 | 53727 | 14 | 125 | 75
226 | Revision_226/keyword.c | U | 185 | 189 | 5 | 53728 | 14 | 91 | 75
226 | Revision_226/readtags.c | U | 458 | 462 | 5 | 53729 | 14 | 90 | 75
226 | Revision_226/options.c | U | 803 | 807 | 5 | 53730 | 14 | 89 | 75
226 | Revision_226/c.c | U | 2409 | 2414 | 5 | 53731 | 14 | 94 | 75
226 | Revision_226/eiffel.c | U | 848 | 853 | 5 | 53732 | 14 | 151 | 75
226 | Revision_226/fortran.c | U | 467 | 471 | 5 | 53733 | 14 | 95 | 75
226 | Revision_226/eiffel.c | U | 1033 | 1037 | 5 | 53734 | 14 | 151 | 75
226 | Revision_226/ruby.c | U | 136 | 140 | 5 | 53735 | 14 | 19 | 75
226 | Revision_226/fortran.c | U | 857 | 861 | 5 | 53736 | 14 | 128 | 75
226 | Revision_226/options.c | U | 649 | 653 | 5 | 53737 | 14 | 127 | 75
226 | Revision_226/eiffel.c | U | 1069 | 1078 | 5 | 53738 | 14 | 101 | 75
226 | Revision_226/options.c | U | 930 | 934 | 5 | 53739 | 14 | 129 | 75
226 | Revision_226/c.c | U | 723 | 743 | 42 | 53740 | 15 | 103 | 79
226 | Revision_226/c.c | U | 821 | 839 | 42 | 53741 | 15 | 103 | 79
226 | Revision_226/c.c | U | 761 | 780 | 42 | 53742 | 15 | 316 | 79
226 | Revision_226/c.c | U | 783 | 792 | 10 | 53743 | 16 | 317 | 88
226 | Revision_226/c.c | U | 795 | 804 | 10 | 53744 | 16 | 318 | 88
226 | Revision_226/c.c | U | 1031 | 1043 | 13 | 53745 | 17 | 63 | 75
226 | Revision_226/c.c | U | 1104 | 1115 | 13 | 53746 | 17 | 69 | 75
226 | Revision_226/c.c | U | 1224 | 1231 | 7 | 53747 | 18 | 108 | 80
226 | Revision_226/c.c | U | 1233 | 1240 | 7 | 53748 | 18 | 109 | 80
226 | Revision_226/c.c | U | 1254 | 1261 | 7 | 53749 | 19 | 110 | 83
226 | Revision_226/c.c | U | 1264 | 1271 | 7 | 53750 | 19 | 111 | 83
226 | Revision_226/fortran.c | U | 500 | 506 | 7 | 53751 | 19 | 112 | 83
226 | Revision_226/c.c | U | 1320 | 1329 | 9 | 53752 | 20 | 294 | 71
226 | Revision_226/eiffel.c | U | 556 | 564 | 9 | 53753 | 20 | 295 | 71
226 | Revision_226/c.c | U | 1323 | 1327 | 5 | 53754 | 21 | 294 | 75
226 | Revision_226/readtags.c | U | 506 | 510 | 5 | 53755 | 21 | 90 | 75
226 | Revision_226/readtags.c | U | 683 | 687 | 5 | 53756 | 21 | 99 | 75
226 | Revision_226/c.c | U | 1635 | 1639 | 5 | 53757 | 22 | 118 | 75
226 | Revision_226/eiffel.c | U | 419 | 423 | 5 | 53758 | 22 | 119 | 75
226 | Revision_226/fortran.c | U | 667 | 671 | 5 | 53759 | 22 | 120 | 75
226 | Revision_226/c.c | U | 1782 | 1786 | 5 | 53760 | 23 | 121 | 75
226 | Revision_226/get.c | U | 588 | 592 | 5 | 53761 | 23 | 122 | 75
226 | Revision_226/c.c | U | 1922 | 1929 | 8 | 53762 | 24 | 28 | 71
226 | Revision_226/fortran.c | U | 1537 | 1544 | 8 | 53763 | 24 | 153 | 71
226 | Revision_226/eiffel.c | U | 1066 | 1079 | 8 | 53764 | 24 | 156 | 71
226 | Revision_226/c.c | U | 2365 | 2370 | 6 | 53765 | 25 | 94 | 80
226 | Revision_226/sql.c | U | 496 | 501 | 6 | 53766 | 25 | 301 | 80
226 | Revision_226/c.c | U | 2449 | 2458 | 9 | 53767 | 26 | 130 | 71
226 | Revision_226/fortran.c | U | 310 | 319 | 9 | 53768 | 26 | 132 | 71
226 | Revision_226/eiffel.c | U | 215 | 224 | 9 | 53769 | 26 | 131 | 71
226 | Revision_226/sql.c | U | 191 | 200 | 9 | 53770 | 26 | 302 | 71
226 | Revision_226/asm.c | U | 121 | 129 | 9 | 53771 | 26 | 288 | 71
226 | Revision_226/eiffel.c | U | 287 | 301 | 10 | 53772 | 27 | 133 | 71
226 | Revision_226/sql.c | U | 227 | 241 | 10 | 53773 | 27 | 303 | 71
226 | Revision_226/beta.c | U | 71 | 82 | 10 | 53774 | 27 | 134 | 71
226 | Revision_226/parse.c | U | 46 | 57 | 10 | 53775 | 27 | 135 | 71
226 | Revision_226/eiffel.c | U | 289 | 299 | 10 | 53776 | 27 | 136 | 71
226 | Revision_226/eiffel.c | U | 367 | 376 | 8 | 53777 | 28 | 304 | 100
226 | Revision_226/sql.c | U | 248 | 255 | 8 | 53778 | 28 | 305 | 100
226 | Revision_226/eiffel.c | U | 382 | 407 | 23 | 53779 | 29 | 139 | 75
226 | Revision_226/fortran.c | U | 625 | 655 | 23 | 53780 | 29 | 140 | 75
226 | Revision_226/eiffel.c | U | 410 | 435 | 20 | 53781 | 30 | 141 | 94
226 | Revision_226/fortran.c | U | 658 | 683 | 20 | 53782 | 30 | 142 | 94
226 | Revision_226/eiffel.c | U | 547 | 551 | 5 | 53783 | 31 | 143 | 75
226 | Revision_226/fortran.c | U | 836 | 840 | 5 | 53784 | 31 | 145 | 75
226 | Revision_226/fortran.c | U | 647 | 651 | 5 | 53785 | 31 | 144 | 75
226 | Revision_226/eiffel.c | U | 572 | 584 | 11 | 53786 | 32 | 114 | 88
226 | Revision_226/sql.c | U | 277 | 288 | 11 | 53787 | 32 | 306 | 88
226 | Revision_226/eiffel.c | U | 587 | 599 | 11 | 53788 | 32 | 117 | 88
226 | Revision_226/fortran.c | U | 710 | 721 | 11 | 53789 | 32 | 116 | 88
226 | Revision_226/eiffel.c | U | 602 | 612 | 9 | 53790 | 33 | 146 | 87
226 | Revision_226/asm.c | U | 132 | 141 | 9 | 53791 | 33 | 270 | 87
226 | Revision_226/fortran.c | U | 748 | 758 | 9 | 53792 | 33 | 147 | 87
226 | Revision_226/eiffel.c | U | 720 | 727 | 8 | 53793 | 34 | 148 | 100
226 | Revision_226/fortran.c | U | 878 | 885 | 8 | 53794 | 34 | 149 | 100
226 | Revision_226/eiffel.c | U | 836 | 854 | 14 | 53795 | 35 | 251 | 72
226 | Revision_226/eiffel.c | U | 858 | 880 | 14 | 53796 | 35 | 252 | 72
226 | Revision_226/eiffel.c | U | 1008 | 1021 | 14 | 53797 | 35 | 253 | 72
226 | Revision_226/eiffel.c | U | 1113 | 1137 | 22 | 53798 | 36 | 307 | 70
226 | Revision_226/sql.c | U | 450 | 475 | 22 | 53799 | 36 | 308 | 70
226 | Revision_226/eiffel.c | U | 1176 | 1188 | 10 | 53800 | 37 | 157 | 100
226 | Revision_226/fortran.c | U | 724 | 735 | 10 | 53801 | 37 | 158 | 100
226 | Revision_226/sql.c | U | 203 | 214 | 10 | 53802 | 37 | 309 | 100
226 | Revision_226/verilog.c | U | 147 | 153 | 7 | 53803 | 38 | 284 | 83
226 | Revision_226/lua.c | U | 81 | 88 | 7 | 53804 | 38 | 285 | 83
226 | Revision_226/vim.c | U | 54 | 58 | 5 | 53805 | 39 | 290 | 100
226 | Revision_226/vim.c | U | 60 | 64 | 5 | 53806 | 39 | 291 | 100
226 | Revision_226/vim.c | U | 89 | 104 | 16 | 53807 | 40 | 159 | 76
226 | Revision_226/vim.c | U | 112 | 131 | 16 | 53808 | 40 | 160 | 76
226 | Revision_226/python.c | U | 105 | 109 | 5 | 53809 | 41 | 278 | 75
226 | Revision_226/options.c | U | 726 | 731 | 5 | 53810 | 41 | 280 | 75
226 | Revision_226/python.c | U | 113 | 122 | 10 | 53811 | 42 | 292 | 75
226 | Revision_226/tcl.c | U | 44 | 54 | 10 | 53812 | 42 | 293 | 75
226 | Revision_226/perl.c | U | 56 | 60 | 5 | 53813 | 43 | 163 | 75
226 | Revision_226/pascal.c | U | 133 | 137 | 5 | 53814 | 43 | 164 | 75
226 | Revision_226/sort.c | U | 123 | 128 | 5 | 53815 | 44 | 281 | 100
226 | Revision_226/sort.c | U | 131 | 136 | 5 | 53816 | 44 | 282 | 100
226 | Revision_226/strlist.c | U | 32 | 38 | 8 | 53817 | 45 | 165 | 71
226 | Revision_226/vstring.c | U | 77 | 87 | 8 | 53818 | 45 | 166 | 71
226 | Revision_226/strlist.c | U | 147 | 154 | 8 | 53819 | 46 | 167 | 85
226 | Revision_226/strlist.c | U | 158 | 165 | 8 | 53820 | 46 | 168 | 85
226 | Revision_226/strlist.c | U | 169 | 176 | 8 | 53821 | 46 | 169 | 85
226 | Revision_226/pascal.c | U | 149 | 153 | 6 | 53822 | 47 | 319 | 75
226 | Revision_226/pascal.c | U | 175 | 181 | 6 | 53823 | 47 | 170 | 75
226 | Revision_226/pascal.c | U | 183 | 189 | 6 | 53824 | 47 | 171 | 75
226 | Revision_226/awk.c | U | 47 | 65 | 17 | 53825 | 48 | 172 | 73
226 | Revision_226/php.c | U | 55 | 75 | 17 | 53826 | 48 | 173 | 73
226 | Revision_226/get.c | U | 297 | 309 | 10 | 53827 | 49 | 174 | 70
226 | Revision_226/parse.c | U | 563 | 577 | 10 | 53828 | 49 | 175 | 70
226 | Revision_226/read.c | U | 214 | 225 | 10 | 53829 | 49 | 176 | 70
226 | Revision_226/get.c | U | 461 | 472 | 10 | 53830 | 50 | 177 | 100
226 | Revision_226/get.c | U | 478 | 489 | 10 | 53831 | 50 | 178 | 100
226 | Revision_226/get.c | U | 535 | 540 | 6 | 53832 | 51 | 180 | 80
226 | Revision_226/read.c | U | 415 | 419 | 6 | 53833 | 51 | 181 | 80
226 | Revision_226/routines.c | U | 221 | 228 | 6 | 53834 | 52 | 254 | 80
226 | Revision_226/routines.c | U | 231 | 238 | 6 | 53835 | 52 | 255 | 80
226 | Revision_226/routines.c | U | 272 | 279 | 8 | 53836 | 53 | 256 | 83
226 | Revision_226/readtags.c | U | 119 | 126 | 8 | 53837 | 53 | 123 | 83
226 | Revision_226/routines.c | U | 282 | 289 | 8 | 53838 | 53 | 257 | 83
226 | Revision_226/readtags.c | U | 109 | 116 | 8 | 53839 | 53 | 238 | 83
226 | Revision_226/routines.c | U | 306 | 310 | 5 | 53840 | 54 | 258 | 75
226 | Revision_226/vstring.c | U | 125 | 129 | 5 | 53841 | 54 | 188 | 75
226 | Revision_226/vstring.c | U | 118 | 122 | 5 | 53842 | 54 | 189 | 75
226 | Revision_226/routines.c | U | 313 | 319 | 6 | 53843 | 55 | 259 | 100
226 | Revision_226/routines.c | U | 322 | 328 | 6 | 53844 | 55 | 260 | 100
226 | Revision_226/routines.c | U | 333 | 340 | 8 | 53845 | 56 | 261 | 100
226 | Revision_226/routines.c | U | 345 | 352 | 8 | 53846 | 56 | 262 | 100
226 | Revision_226/routines.c | U | 469 | 482 | 5 | 53847 | 57 | 267 | 75
226 | Revision_226/routines.c | U | 543 | 566 | 5 | 53848 | 57 | 268 | 75
226 | Revision_226/beta.c | U | 136 | 143 | 6 | 53849 | 58 | 201 | 75
226 | Revision_226/beta.c | U | 207 | 215 | 6 | 53850 | 58 | 202 | 75
226 | Revision_226/beta.c | U | 154 | 158 | 5 | 53851 | 59 | 203 | 75
226 | Revision_226/beta.c | U | 274 | 278 | 5 | 53852 | 59 | 205 | 75
226 | Revision_226/beta.c | U | 280 | 284 | 5 | 53853 | 59 | 207 | 75
226 | Revision_226/beta.c | U | 160 | 164 | 5 | 53854 | 59 | 204 | 75
226 | Revision_226/beta.c | U | 167 | 171 | 5 | 53855 | 59 | 206 | 75
226 | Revision_226/sql.c | U | 393 | 399 | 6 | 53856 | 60 | 310 | 75
226 | Revision_226/fortran.c | U | 915 | 919 | 6 | 53857 | 60 | 312 | 75
226 | Revision_226/sql.c | U | 564 | 570 | 6 | 53858 | 60 | 311 | 75
226 | Revision_226/sql.c | U | 434 | 442 | 8 | 53859 | 61 | 313 | 71
226 | Revision_226/fortran.c | U | 1322 | 1328 | 8 | 53860 | 61 | 314 | 71
226 | Revision_226/parse.c | U | 98 | 108 | 11 | 53861 | 62 | 208 | 88
226 | Revision_226/parse.c | U | 111 | 122 | 11 | 53862 | 62 | 209 | 88
226 | Revision_226/readtags.c | U | 545 | 551 | 6 | 53863 | 63 | 239 | 100
226 | Revision_226/readtags.c | U | 553 | 559 | 6 | 53864 | 63 | 240 | 100
226 | Revision_226/readtags.c | U | 588 | 592 | 6 | 53865 | 64 | 123 | 75
226 | Revision_226/readtags.c | U | 643 | 649 | 6 | 53866 | 64 | 124 | 75
226 | Revision_226/readtags.c | U | 720 | 728 | 8 | 53867 | 65 | 210 | 83
226 | Revision_226/readtags.c | U | 775 | 783 | 8 | 53868 | 65 | 211 | 83
226 | Revision_226/readtags.c | U | 731 | 739 | 8 | 53869 | 65 | 212 | 83
226 | Revision_226/readtags.c | U | 742 | 747 | 6 | 53870 | 66 | 241 | 80
226 | Revision_226/readtags.c | U | 759 | 764 | 6 | 53871 | 66 | 242 | 80
226 | Revision_226/readtags.c | U | 767 | 772 | 6 | 53872 | 66 | 287 | 80
226 | Revision_226/fortran.c | U | 1017 | 1025 | 8 | 53873 | 67 | 214 | 83
226 | Revision_226/fortran.c | U | 1028 | 1037 | 8 | 53874 | 67 | 215 | 83
226 | Revision_226/fortran.c | U | 1109 | 1124 | 16 | 53875 | 68 | 216 | 92
226 | Revision_226/fortran.c | U | 1230 | 1244 | 16 | 53876 | 68 | 217 | 92
226 | Revision_226/fortran.c | U | 1365 | 1384 | 28 | 53877 | 69 | 218 | 73
226 | Revision_226/fortran.c | U | 1617 | 1633 | 28 | 53878 | 69 | 219 | 73
226 | Revision_226/fortran.c | U | 1434 | 1450 | 16 | 53879 | 70 | 220 | 85
226 | Revision_226/fortran.c | U | 1506 | 1520 | 16 | 53880 | 70 | 221 | 85
226 | Revision_226/asm.c | U | 245 | 258 | 11 | 53881 | 71 | 289 | 77
226 | Revision_226/asm.c | U | 263 | 273 | 11 | 53882 | 71 | 279 | 77
226 | Revision_226/scheme.c | U | 70 | 78 | 8 | 53883 | 72 | 222 | 71
226 | Revision_226/scheme.c | U | 85 | 93 | 8 | 53884 | 72 | 223 | 71
226 | Revision_226/options.c | U | 358 | 364 | 6 | 53885 | 73 | 224 | 100
226 | Revision_226/options.c | U | 367 | 373 | 6 | 53886 | 73 | 225 | 100
226 | Revision_226/options.c | U | 518 | 524 | 7 | 53887 | 74 | 226 | 100
226 | Revision_226/options.c | U | 527 | 533 | 7 | 53888 | 74 | 227 | 100
226 | Revision_226/options.c | U | 536 | 542 | 7 | 53889 | 74 | 228 | 100
226 | Revision_226/options.c | U | 545 | 551 | 7 | 53890 | 74 | 229 | 100
226 | Revision_226/options.c | U | 745 | 749 | 5 | 53891 | 75 | 230 | 75
226 | Revision_226/options.c | U | 771 | 775 | 5 | 53892 | 75 | 231 | 75
226 | Revision_226/options.c | U | 863 | 867 | 5 | 53893 | 76 | 232 | 100
226 | Revision_226/options.c | U | 869 | 873 | 5 | 53894 | 76 | 233 | 100
226 | Revision_226/options.c | U | 1016 | 1021 | 6 | 53895 | 77 | 234 | 80
226 | Revision_226/options.c | U | 1158 | 1163 | 6 | 53896 | 77 | 235 | 80
226 | Revision_226/options.c | U | 1300 | 1317 | 15 | 53897 | 78 | 236 | 91
226 | Revision_226/options.c | U | 1338 | 1355 | 15 | 53898 | 78 | 237 | 91
