Revision | filePath | changeType | StartLine | EndLine | Nlines | cloneId | classId | globalCloneId | Similarity
230 | Revision_230/lisp.c | U | 91 | 97 | 7 | 54697 | 1 | 1 | 83
230 | Revision_230/lisp.c | U | 112 | 118 | 7 | 54698 | 1 | 2 | 83
230 | Revision_230/lisp.c | U | 127 | 137 | 9 | 54699 | 2 | 3 | 70
230 | Revision_230/scheme.c | U | 99 | 109 | 9 | 54700 | 2 | 16 | 70
230 | Revision_230/php.c | U | 98 | 106 | 9 | 54701 | 2 | 22 | 70
230 | Revision_230/tcl.c | U | 106 | 114 | 9 | 54702 | 2 | 18 | 70
230 | Revision_230/ruby.c | U | 167 | 175 | 9 | 54703 | 2 | 19 | 70
230 | Revision_230/beta.c | U | 313 | 321 | 9 | 54704 | 2 | 5 | 70
230 | Revision_230/fortran.c | U | 1676 | 1691 | 9 | 54705 | 2 | 21 | 70
230 | Revision_230/c.c | U | 2527 | 2536 | 9 | 54706 | 2 | 12 | 70
230 | Revision_230/c.c | U | 2515 | 2524 | 9 | 54707 | 2 | 15 | 70
230 | Revision_230/sql.c | U | 613 | 622 | 9 | 54708 | 2 | 296 | 70
230 | Revision_230/sh.c | U | 98 | 108 | 9 | 54709 | 2 | 17 | 70
230 | Revision_230/c.c | U | 2497 | 2512 | 9 | 54710 | 2 | 8 | 70
230 | Revision_230/vim.c | U | 137 | 145 | 9 | 54711 | 2 | 20 | 70
230 | Revision_230/c.c | U | 2485 | 2494 | 9 | 54712 | 2 | 315 | 70
230 | Revision_230/eiffel.c | U | 1222 | 1231 | 9 | 54713 | 2 | 9 | 70
230 | Revision_230/asp.c | U | 161 | 169 | 9 | 54714 | 2 | 4 | 70
230 | Revision_230/perl.c | U | 109 | 117 | 9 | 54715 | 2 | 7 | 70
230 | Revision_230/awk.c | U | 71 | 79 | 9 | 54716 | 2 | 10 | 70
230 | Revision_230/pascal.c | U | 255 | 263 | 9 | 54717 | 2 | 14 | 70
230 | Revision_230/lua.c | U | 123 | 131 | 9 | 54718 | 2 | 243 | 70
230 | Revision_230/cobol.c | U | 40 | 48 | 9 | 54719 | 2 | 320 | 70
230 | Revision_230/python.c | U | 212 | 220 | 9 | 54720 | 2 | 13 | 70
230 | Revision_230/verilog.c | U | 160 | 168 | 9 | 54721 | 2 | 283 | 70
230 | Revision_230/rexx.c | U | 30 | 37 | 9 | 54722 | 2 | 26 | 70
230 | Revision_230/asm.c | U | 368 | 387 | 9 | 54723 | 2 | 274 | 70
230 | Revision_230/slang.c | U | 34 | 41 | 9 | 54724 | 2 | 24 | 70
230 | Revision_230/make.c | U | 91 | 101 | 9 | 54725 | 2 | 25 | 70
230 | Revision_230/yacc.c | U | 31 | 38 | 9 | 54726 | 2 | 23 | 70
230 | Revision_230/keyword.c | U | 107 | 116 | 9 | 54727 | 2 | 27 | 70
230 | Revision_230/options.c | U | 601 | 607 | 9 | 54728 | 2 | 29 | 70
230 | Revision_230/c.c | U | 1970 | 1975 | 9 | 54729 | 2 | 28 | 70
230 | Revision_230/c.c | U | 1999 | 2007 | 9 | 54730 | 2 | 31 | 70
230 | Revision_230/options.c | U | 508 | 513 | 9 | 54731 | 2 | 30 | 70
230 | Revision_230/options.c | U | 1182 | 1192 | 9 | 54732 | 2 | 32 | 70
230 | Revision_230/asp.c | U | 69 | 88 | 15 | 54733 | 3 | 33 | 100
230 | Revision_230/asp.c | U | 92 | 111 | 15 | 54734 | 3 | 34 | 100
230 | Revision_230/asp.c | U | 115 | 131 | 13 | 54735 | 4 | 35 | 90
230 | Revision_230/ruby.c | U | 96 | 111 | 13 | 54736 | 4 | 42 | 90
230 | Revision_230/asp.c | U | 135 | 150 | 13 | 54737 | 4 | 36 | 90
230 | Revision_230/php.c | U | 78 | 91 | 13 | 54738 | 4 | 40 | 90
230 | Revision_230/ruby.c | U | 79 | 94 | 13 | 54739 | 4 | 42 | 90
230 | Revision_230/args.c | U | 85 | 92 | 8 | 54740 | 5 | 43 | 100
230 | Revision_230/args.c | U | 159 | 166 | 8 | 54741 | 5 | 44 | 100
230 | Revision_230/args.c | U | 181 | 189 | 9 | 54742 | 6 | 45 | 75
230 | Revision_230/args.c | U | 202 | 210 | 9 | 54743 | 6 | 46 | 75
230 | Revision_230/args.c | U | 192 | 199 | 9 | 54744 | 6 | 47 | 75
230 | Revision_230/args.c | U | 265 | 271 | 6 | 54745 | 7 | 48 | 80
230 | Revision_230/options.c | U | 554 | 559 | 6 | 54746 | 7 | 49 | 80
230 | Revision_230/fortran.c | U | 781 | 786 | 6 | 54747 | 7 | 50 | 80
230 | Revision_230/c.c | U | 473 | 479 | 7 | 54748 | 8 | 51 | 80
230 | Revision_230/vstring.c | U | 67 | 74 | 7 | 54749 | 8 | 52 | 80
230 | Revision_230/c.c | U | 482 | 489 | 6 | 54750 | 9 | 53 | 80
230 | Revision_230/c.c | U | 492 | 499 | 6 | 54751 | 9 | 54 | 80
230 | Revision_230/c.c | U | 601 | 617 | 17 | 54752 | 10 | 55 | 71
230 | Revision_230/c.c | U | 1102 | 1116 | 17 | 54753 | 10 | 56 | 71
230 | Revision_230/c.c | U | 1028 | 1045 | 17 | 54754 | 10 | 57 | 71
230 | Revision_230/fortran.c | U | 1395 | 1411 | 17 | 54755 | 10 | 59 | 71
230 | Revision_230/c.c | U | 620 | 637 | 17 | 54756 | 10 | 60 | 71
230 | Revision_230/fortran.c | U | 931 | 949 | 17 | 54757 | 10 | 58 | 71
230 | Revision_230/c.c | U | 2294 | 2313 | 17 | 54758 | 10 | 61 | 71
230 | Revision_230/fortran.c | U | 1398 | 1409 | 17 | 54759 | 10 | 65 | 71
230 | Revision_230/eiffel.c | U | 905 | 947 | 17 | 54760 | 10 | 248 | 71
230 | Revision_230/c.c | U | 604 | 615 | 14 | 54761 | 11 | 71 | 76
230 | Revision_230/c.c | U | 2296 | 2310 | 14 | 54762 | 11 | 64 | 76
230 | Revision_230/c.c | U | 654 | 674 | 20 | 54763 | 12 | 72 | 73
230 | Revision_230/c.c | U | 749 | 757 | 20 | 54764 | 12 | 73 | 73
230 | Revision_230/c.c | U | 684 | 690 | 8 | 54765 | 13 | 74 | 71
230 | Revision_230/options.c | U | 451 | 458 | 8 | 54766 | 13 | 75 | 71
230 | Revision_230/c.c | U | 713 | 717 | 5 | 54767 | 14 | 76 | 75
230 | Revision_230/eiffel.c | U | 673 | 677 | 5 | 54768 | 14 | 249 | 75
230 | Revision_230/sql.c | U | 480 | 484 | 5 | 54769 | 14 | 297 | 75
230 | Revision_230/c.c | U | 1894 | 1898 | 5 | 54770 | 14 | 80 | 75
230 | Revision_230/fortran.c | U | 1438 | 1442 | 5 | 54771 | 14 | 79 | 75
230 | Revision_230/fortran.c | U | 1307 | 1312 | 5 | 54772 | 14 | 78 | 75
230 | Revision_230/fortran.c | U | 1163 | 1167 | 5 | 54773 | 14 | 286 | 75
230 | Revision_230/sql.c | U | 336 | 340 | 5 | 54774 | 14 | 300 | 75
230 | Revision_230/eiffel.c | U | 660 | 664 | 5 | 54775 | 14 | 250 | 75
230 | Revision_230/eiffel.c | U | 963 | 967 | 5 | 54776 | 14 | 269 | 75
230 | Revision_230/eiffel.c | U | 1014 | 1018 | 5 | 54777 | 14 | 269 | 75
230 | Revision_230/sql.c | U | 549 | 553 | 5 | 54778 | 14 | 298 | 75
230 | Revision_230/fortran.c | U | 1127 | 1131 | 5 | 54779 | 14 | 85 | 75
230 | Revision_230/fortran.c | U | 1238 | 1242 | 5 | 54780 | 14 | 81 | 75
230 | Revision_230/fortran.c | U | 1146 | 1151 | 5 | 54781 | 14 | 84 | 75
230 | Revision_230/eiffel.c | U | 874 | 878 | 5 | 54782 | 14 | 269 | 75
230 | Revision_230/fortran.c | U | 1118 | 1122 | 5 | 54783 | 14 | 83 | 75
230 | Revision_230/c.c | U | 2346 | 2350 | 5 | 54784 | 14 | 86 | 75
230 | Revision_230/sql.c | U | 419 | 423 | 5 | 54785 | 14 | 299 | 75
230 | Revision_230/readtags.c | U | 147 | 151 | 5 | 54786 | 14 | 87 | 75
230 | Revision_230/c.c | U | 1941 | 1945 | 5 | 54787 | 14 | 125 | 75
230 | Revision_230/strlist.c | U | 134 | 138 | 5 | 54788 | 14 | 126 | 75
230 | Revision_230/options.c | U | 803 | 807 | 5 | 54789 | 14 | 89 | 75
230 | Revision_230/keyword.c | U | 185 | 189 | 5 | 54790 | 14 | 91 | 75
230 | Revision_230/readtags.c | U | 458 | 462 | 5 | 54791 | 14 | 90 | 75
230 | Revision_230/c.c | U | 2409 | 2414 | 5 | 54792 | 14 | 94 | 75
230 | Revision_230/fortran.c | U | 467 | 471 | 5 | 54793 | 14 | 95 | 75
230 | Revision_230/eiffel.c | U | 848 | 853 | 5 | 54794 | 14 | 151 | 75
230 | Revision_230/ruby.c | U | 136 | 140 | 5 | 54795 | 14 | 19 | 75
230 | Revision_230/eiffel.c | U | 1033 | 1037 | 5 | 54796 | 14 | 151 | 75
230 | Revision_230/options.c | U | 495 | 499 | 5 | 54797 | 14 | 97 | 75
230 | Revision_230/c.c | U | 1960 | 1967 | 5 | 54798 | 14 | 244 | 75
230 | Revision_230/vstring.c | U | 35 | 40 | 5 | 54799 | 14 | 98 | 75
230 | Revision_230/options.c | U | 649 | 653 | 5 | 54800 | 14 | 127 | 75
230 | Revision_230/fortran.c | U | 857 | 861 | 5 | 54801 | 14 | 128 | 75
230 | Revision_230/eiffel.c | U | 1069 | 1078 | 5 | 54802 | 14 | 101 | 75
230 | Revision_230/options.c | U | 930 | 934 | 5 | 54803 | 14 | 129 | 75
230 | Revision_230/c.c | U | 723 | 743 | 42 | 54804 | 15 | 103 | 79
230 | Revision_230/c.c | U | 821 | 839 | 42 | 54805 | 15 | 103 | 79
230 | Revision_230/c.c | U | 761 | 780 | 42 | 54806 | 15 | 316 | 79
230 | Revision_230/c.c | U | 783 | 792 | 10 | 54807 | 16 | 317 | 88
230 | Revision_230/c.c | U | 795 | 804 | 10 | 54808 | 16 | 318 | 88
230 | Revision_230/c.c | U | 1031 | 1043 | 13 | 54809 | 17 | 63 | 75
230 | Revision_230/c.c | U | 1104 | 1115 | 13 | 54810 | 17 | 69 | 75
230 | Revision_230/c.c | U | 1224 | 1231 | 7 | 54811 | 18 | 108 | 80
230 | Revision_230/c.c | U | 1233 | 1240 | 7 | 54812 | 18 | 109 | 80
230 | Revision_230/c.c | U | 1254 | 1261 | 7 | 54813 | 19 | 110 | 83
230 | Revision_230/fortran.c | U | 500 | 506 | 7 | 54814 | 19 | 112 | 83
230 | Revision_230/c.c | U | 1264 | 1271 | 7 | 54815 | 19 | 111 | 83
230 | Revision_230/c.c | U | 1320 | 1329 | 9 | 54816 | 20 | 294 | 71
230 | Revision_230/eiffel.c | U | 556 | 564 | 9 | 54817 | 20 | 295 | 71
230 | Revision_230/c.c | U | 1323 | 1327 | 5 | 54818 | 21 | 294 | 75
230 | Revision_230/readtags.c | U | 506 | 510 | 5 | 54819 | 21 | 90 | 75
230 | Revision_230/readtags.c | U | 683 | 687 | 5 | 54820 | 21 | 99 | 75
230 | Revision_230/c.c | U | 1635 | 1639 | 5 | 54821 | 22 | 118 | 75
230 | Revision_230/eiffel.c | U | 419 | 423 | 5 | 54822 | 22 | 119 | 75
230 | Revision_230/fortran.c | U | 667 | 671 | 5 | 54823 | 22 | 120 | 75
230 | Revision_230/c.c | U | 1782 | 1786 | 5 | 54824 | 23 | 121 | 75
230 | Revision_230/get.c | U | 588 | 592 | 5 | 54825 | 23 | 122 | 75
230 | Revision_230/c.c | U | 1922 | 1929 | 8 | 54826 | 24 | 28 | 71
230 | Revision_230/eiffel.c | U | 1066 | 1079 | 8 | 54827 | 24 | 156 | 71
230 | Revision_230/fortran.c | U | 1537 | 1544 | 8 | 54828 | 24 | 153 | 71
230 | Revision_230/c.c | U | 2365 | 2370 | 6 | 54829 | 25 | 94 | 80
230 | Revision_230/sql.c | U | 496 | 501 | 6 | 54830 | 25 | 301 | 80
230 | Revision_230/c.c | U | 2449 | 2458 | 9 | 54831 | 26 | 130 | 71
230 | Revision_230/eiffel.c | U | 215 | 224 | 9 | 54832 | 26 | 131 | 71
230 | Revision_230/sql.c | U | 191 | 200 | 9 | 54833 | 26 | 302 | 71
230 | Revision_230/asm.c | U | 121 | 129 | 9 | 54834 | 26 | 288 | 71
230 | Revision_230/fortran.c | U | 310 | 319 | 9 | 54835 | 26 | 132 | 71
230 | Revision_230/eiffel.c | U | 287 | 301 | 10 | 54836 | 27 | 133 | 71
230 | Revision_230/sql.c | U | 227 | 241 | 10 | 54837 | 27 | 303 | 71
230 | Revision_230/beta.c | U | 71 | 82 | 10 | 54838 | 27 | 134 | 71
230 | Revision_230/parse.c | U | 46 | 57 | 10 | 54839 | 27 | 135 | 71
230 | Revision_230/eiffel.c | U | 289 | 299 | 10 | 54840 | 27 | 136 | 71
230 | Revision_230/eiffel.c | U | 367 | 376 | 8 | 54841 | 28 | 304 | 100
230 | Revision_230/sql.c | U | 248 | 255 | 8 | 54842 | 28 | 305 | 100
230 | Revision_230/eiffel.c | U | 382 | 407 | 23 | 54843 | 29 | 139 | 75
230 | Revision_230/fortran.c | U | 625 | 655 | 23 | 54844 | 29 | 140 | 75
230 | Revision_230/eiffel.c | U | 410 | 435 | 20 | 54845 | 30 | 141 | 94
230 | Revision_230/fortran.c | U | 658 | 683 | 20 | 54846 | 30 | 142 | 94
230 | Revision_230/eiffel.c | U | 547 | 551 | 5 | 54847 | 31 | 143 | 75
230 | Revision_230/fortran.c | U | 836 | 840 | 5 | 54848 | 31 | 145 | 75
230 | Revision_230/fortran.c | U | 647 | 651 | 5 | 54849 | 31 | 144 | 75
230 | Revision_230/eiffel.c | U | 572 | 584 | 11 | 54850 | 32 | 114 | 88
230 | Revision_230/sql.c | U | 277 | 288 | 11 | 54851 | 32 | 306 | 88
230 | Revision_230/fortran.c | U | 710 | 721 | 11 | 54852 | 32 | 116 | 88
230 | Revision_230/eiffel.c | U | 587 | 599 | 11 | 54853 | 32 | 117 | 88
230 | Revision_230/eiffel.c | U | 602 | 612 | 9 | 54854 | 33 | 146 | 87
230 | Revision_230/fortran.c | U | 748 | 758 | 9 | 54855 | 33 | 147 | 87
230 | Revision_230/asm.c | U | 132 | 141 | 9 | 54856 | 33 | 270 | 87
230 | Revision_230/eiffel.c | U | 720 | 727 | 8 | 54857 | 34 | 148 | 100
230 | Revision_230/fortran.c | U | 878 | 885 | 8 | 54858 | 34 | 149 | 100
230 | Revision_230/eiffel.c | U | 836 | 854 | 14 | 54859 | 35 | 251 | 72
230 | Revision_230/eiffel.c | U | 858 | 880 | 14 | 54860 | 35 | 252 | 72
230 | Revision_230/eiffel.c | U | 1008 | 1021 | 14 | 54861 | 35 | 253 | 72
230 | Revision_230/eiffel.c | U | 1113 | 1137 | 22 | 54862 | 36 | 307 | 70
230 | Revision_230/sql.c | U | 450 | 475 | 22 | 54863 | 36 | 308 | 70
230 | Revision_230/eiffel.c | U | 1176 | 1188 | 10 | 54864 | 37 | 157 | 100
230 | Revision_230/sql.c | U | 203 | 214 | 10 | 54865 | 37 | 309 | 100
230 | Revision_230/fortran.c | U | 724 | 735 | 10 | 54866 | 37 | 158 | 100
230 | Revision_230/verilog.c | U | 147 | 153 | 7 | 54867 | 38 | 284 | 83
230 | Revision_230/lua.c | U | 81 | 88 | 7 | 54868 | 38 | 285 | 83
230 | Revision_230/vim.c | U | 54 | 58 | 5 | 54869 | 39 | 290 | 100
230 | Revision_230/vim.c | U | 60 | 64 | 5 | 54870 | 39 | 291 | 100
230 | Revision_230/vim.c | U | 89 | 104 | 16 | 54871 | 40 | 159 | 76
230 | Revision_230/vim.c | U | 112 | 131 | 16 | 54872 | 40 | 160 | 76
230 | Revision_230/python.c | U | 105 | 109 | 5 | 54873 | 41 | 278 | 75
230 | Revision_230/options.c | U | 726 | 731 | 5 | 54874 | 41 | 280 | 75
230 | Revision_230/python.c | U | 113 | 122 | 10 | 54875 | 42 | 292 | 75
230 | Revision_230/tcl.c | U | 44 | 54 | 10 | 54876 | 42 | 293 | 75
230 | Revision_230/perl.c | U | 56 | 60 | 5 | 54877 | 43 | 163 | 75
230 | Revision_230/pascal.c | U | 133 | 137 | 5 | 54878 | 43 | 164 | 75
230 | Revision_230/sort.c | U | 123 | 128 | 5 | 54879 | 44 | 281 | 100
230 | Revision_230/sort.c | U | 131 | 136 | 5 | 54880 | 44 | 282 | 100
230 | Revision_230/strlist.c | U | 32 | 38 | 8 | 54881 | 45 | 165 | 71
230 | Revision_230/vstring.c | U | 77 | 87 | 8 | 54882 | 45 | 166 | 71
230 | Revision_230/strlist.c | U | 147 | 154 | 8 | 54883 | 46 | 167 | 85
230 | Revision_230/strlist.c | U | 158 | 165 | 8 | 54884 | 46 | 168 | 85
230 | Revision_230/strlist.c | U | 169 | 176 | 8 | 54885 | 46 | 169 | 85
230 | Revision_230/pascal.c | U | 149 | 153 | 6 | 54886 | 47 | 319 | 75
230 | Revision_230/pascal.c | U | 183 | 189 | 6 | 54887 | 47 | 171 | 75
230 | Revision_230/pascal.c | U | 175 | 181 | 6 | 54888 | 47 | 170 | 75
230 | Revision_230/awk.c | U | 47 | 65 | 17 | 54889 | 48 | 172 | 73
230 | Revision_230/php.c | U | 55 | 75 | 17 | 54890 | 48 | 173 | 73
230 | Revision_230/get.c | U | 297 | 309 | 10 | 54891 | 49 | 174 | 70
230 | Revision_230/parse.c | U | 563 | 577 | 10 | 54892 | 49 | 175 | 70
230 | Revision_230/read.c | U | 214 | 225 | 10 | 54893 | 49 | 176 | 70
230 | Revision_230/get.c | U | 461 | 472 | 10 | 54894 | 50 | 177 | 100
230 | Revision_230/get.c | U | 478 | 489 | 10 | 54895 | 50 | 178 | 100
230 | Revision_230/get.c | U | 535 | 540 | 6 | 54896 | 51 | 180 | 80
230 | Revision_230/read.c | U | 415 | 419 | 6 | 54897 | 51 | 181 | 80
230 | Revision_230/routines.c | U | 221 | 228 | 6 | 54898 | 52 | 254 | 80
230 | Revision_230/routines.c | U | 231 | 238 | 6 | 54899 | 52 | 255 | 80
230 | Revision_230/routines.c | U | 272 | 279 | 8 | 54900 | 53 | 256 | 83
230 | Revision_230/routines.c | U | 282 | 289 | 8 | 54901 | 53 | 257 | 83
230 | Revision_230/readtags.c | U | 119 | 126 | 8 | 54902 | 53 | 123 | 83
230 | Revision_230/readtags.c | U | 109 | 116 | 8 | 54903 | 53 | 238 | 83
230 | Revision_230/routines.c | U | 306 | 310 | 5 | 54904 | 54 | 258 | 75
230 | Revision_230/vstring.c | U | 125 | 129 | 5 | 54905 | 54 | 188 | 75
230 | Revision_230/vstring.c | U | 118 | 122 | 5 | 54906 | 54 | 189 | 75
230 | Revision_230/routines.c | U | 313 | 319 | 6 | 54907 | 55 | 259 | 100
230 | Revision_230/routines.c | U | 322 | 328 | 6 | 54908 | 55 | 260 | 100
230 | Revision_230/routines.c | U | 333 | 340 | 8 | 54909 | 56 | 261 | 100
230 | Revision_230/routines.c | U | 345 | 352 | 8 | 54910 | 56 | 262 | 100
230 | Revision_230/routines.c | U | 469 | 482 | 5 | 54911 | 57 | 267 | 75
230 | Revision_230/routines.c | U | 543 | 566 | 5 | 54912 | 57 | 268 | 75
230 | Revision_230/beta.c | U | 136 | 143 | 6 | 54913 | 58 | 201 | 75
230 | Revision_230/beta.c | U | 207 | 215 | 6 | 54914 | 58 | 202 | 75
230 | Revision_230/beta.c | U | 154 | 158 | 5 | 54915 | 59 | 203 | 75
230 | Revision_230/beta.c | U | 160 | 164 | 5 | 54916 | 59 | 204 | 75
230 | Revision_230/beta.c | U | 280 | 284 | 5 | 54917 | 59 | 205 | 75
230 | Revision_230/beta.c | U | 167 | 171 | 5 | 54918 | 59 | 206 | 75
230 | Revision_230/beta.c | U | 274 | 278 | 5 | 54919 | 59 | 207 | 75
230 | Revision_230/sql.c | U | 393 | 399 | 6 | 54920 | 60 | 310 | 75
230 | Revision_230/sql.c | U | 564 | 570 | 6 | 54921 | 60 | 311 | 75
230 | Revision_230/fortran.c | U | 915 | 919 | 6 | 54922 | 60 | 312 | 75
230 | Revision_230/sql.c | U | 434 | 442 | 8 | 54923 | 61 | 313 | 71
230 | Revision_230/fortran.c | U | 1322 | 1328 | 8 | 54924 | 61 | 314 | 71
230 | Revision_230/parse.c | U | 98 | 108 | 11 | 54925 | 62 | 208 | 88
230 | Revision_230/parse.c | U | 111 | 122 | 11 | 54926 | 62 | 209 | 88
230 | Revision_230/readtags.c | U | 545 | 551 | 6 | 54927 | 63 | 239 | 100
230 | Revision_230/readtags.c | U | 553 | 559 | 6 | 54928 | 63 | 240 | 100
230 | Revision_230/readtags.c | U | 588 | 592 | 6 | 54929 | 64 | 123 | 75
230 | Revision_230/readtags.c | U | 643 | 649 | 6 | 54930 | 64 | 124 | 75
230 | Revision_230/readtags.c | U | 720 | 728 | 8 | 54931 | 65 | 210 | 83
230 | Revision_230/readtags.c | U | 775 | 783 | 8 | 54932 | 65 | 211 | 83
230 | Revision_230/readtags.c | U | 731 | 739 | 8 | 54933 | 65 | 212 | 83
230 | Revision_230/readtags.c | U | 742 | 747 | 6 | 54934 | 66 | 241 | 80
230 | Revision_230/readtags.c | U | 759 | 764 | 6 | 54935 | 66 | 242 | 80
230 | Revision_230/readtags.c | U | 767 | 772 | 6 | 54936 | 66 | 287 | 80
230 | Revision_230/fortran.c | U | 1017 | 1025 | 8 | 54937 | 67 | 214 | 83
230 | Revision_230/fortran.c | U | 1028 | 1037 | 8 | 54938 | 67 | 215 | 83
230 | Revision_230/fortran.c | U | 1109 | 1124 | 16 | 54939 | 68 | 216 | 92
230 | Revision_230/fortran.c | U | 1230 | 1244 | 16 | 54940 | 68 | 217 | 92
230 | Revision_230/fortran.c | U | 1365 | 1384 | 28 | 54941 | 69 | 218 | 73
230 | Revision_230/fortran.c | U | 1617 | 1633 | 28 | 54942 | 69 | 219 | 73
230 | Revision_230/fortran.c | U | 1434 | 1450 | 16 | 54943 | 70 | 220 | 85
230 | Revision_230/fortran.c | U | 1506 | 1520 | 16 | 54944 | 70 | 221 | 85
230 | Revision_230/asm.c | U | 245 | 258 | 11 | 54945 | 71 | 289 | 77
230 | Revision_230/asm.c | U | 263 | 273 | 11 | 54946 | 71 | 279 | 77
230 | Revision_230/scheme.c | U | 70 | 78 | 8 | 54947 | 72 | 222 | 71
230 | Revision_230/scheme.c | U | 85 | 93 | 8 | 54948 | 72 | 223 | 71
230 | Revision_230/options.c | U | 358 | 364 | 6 | 54949 | 73 | 224 | 100
230 | Revision_230/options.c | U | 367 | 373 | 6 | 54950 | 73 | 225 | 100
230 | Revision_230/options.c | U | 518 | 524 | 7 | 54951 | 74 | 226 | 100
230 | Revision_230/options.c | U | 527 | 533 | 7 | 54952 | 74 | 227 | 100
230 | Revision_230/options.c | U | 536 | 542 | 7 | 54953 | 74 | 228 | 100
230 | Revision_230/options.c | U | 545 | 551 | 7 | 54954 | 74 | 229 | 100
230 | Revision_230/options.c | U | 745 | 749 | 5 | 54955 | 75 | 230 | 75
230 | Revision_230/options.c | U | 771 | 775 | 5 | 54956 | 75 | 231 | 75
230 | Revision_230/options.c | U | 863 | 867 | 5 | 54957 | 76 | 232 | 100
230 | Revision_230/options.c | U | 869 | 873 | 5 | 54958 | 76 | 233 | 100
230 | Revision_230/options.c | U | 1016 | 1021 | 6 | 54959 | 77 | 234 | 80
230 | Revision_230/options.c | U | 1158 | 1163 | 6 | 54960 | 77 | 235 | 80
230 | Revision_230/options.c | U | 1300 | 1317 | 15 | 54961 | 78 | 236 | 91
230 | Revision_230/options.c | U | 1338 | 1355 | 15 | 54962 | 78 | 237 | 91
