Revision | filePath | changeType | StartLine | EndLine | Nlines | cloneId | classId | globalCloneId | Similarity
231 | Revision_231/lisp.c | U | 91 | 97 | 7 | 54963 | 1 | 1 | 83
231 | Revision_231/lisp.c | U | 112 | 118 | 7 | 54964 | 1 | 2 | 83
231 | Revision_231/lisp.c | U | 127 | 137 | 9 | 54965 | 2 | 3 | 70
231 | Revision_231/scheme.c | U | 99 | 109 | 9 | 54966 | 2 | 16 | 70
231 | Revision_231/php.c | U | 98 | 106 | 9 | 54967 | 2 | 22 | 70
231 | Revision_231/tcl.c | U | 106 | 114 | 9 | 54968 | 2 | 18 | 70
231 | Revision_231/ruby.c | U | 167 | 175 | 9 | 54969 | 2 | 19 | 70
231 | Revision_231/beta.c | U | 313 | 321 | 9 | 54970 | 2 | 5 | 70
231 | Revision_231/fortran.c | U | 1676 | 1691 | 9 | 54971 | 2 | 21 | 70
231 | Revision_231/c.c | U | 2527 | 2536 | 9 | 54972 | 2 | 12 | 70
231 | Revision_231/sql.c | U | 617 | 626 | 9 | 54973 | 2 | 296 | 70
231 | Revision_231/c.c | U | 2515 | 2524 | 9 | 54974 | 2 | 15 | 70
231 | Revision_231/sh.c | U | 98 | 108 | 9 | 54975 | 2 | 17 | 70
231 | Revision_231/c.c | U | 2497 | 2512 | 9 | 54976 | 2 | 8 | 70
231 | Revision_231/vim.c | U | 137 | 145 | 9 | 54977 | 2 | 20 | 70
231 | Revision_231/c.c | U | 2485 | 2494 | 9 | 54978 | 2 | 315 | 70
231 | Revision_231/eiffel.c | U | 1222 | 1231 | 9 | 54979 | 2 | 9 | 70
231 | Revision_231/asp.c | U | 161 | 169 | 9 | 54980 | 2 | 4 | 70
231 | Revision_231/perl.c | U | 109 | 117 | 9 | 54981 | 2 | 7 | 70
231 | Revision_231/awk.c | U | 71 | 79 | 9 | 54982 | 2 | 10 | 70
231 | Revision_231/pascal.c | U | 255 | 263 | 9 | 54983 | 2 | 14 | 70
231 | Revision_231/cobol.c | U | 40 | 48 | 9 | 54984 | 2 | 320 | 70
231 | Revision_231/lua.c | U | 123 | 131 | 9 | 54985 | 2 | 243 | 70
231 | Revision_231/python.c | U | 212 | 220 | 9 | 54986 | 2 | 13 | 70
231 | Revision_231/verilog.c | U | 160 | 168 | 9 | 54987 | 2 | 283 | 70
231 | Revision_231/rexx.c | U | 30 | 37 | 9 | 54988 | 2 | 26 | 70
231 | Revision_231/asm.c | U | 368 | 387 | 9 | 54989 | 2 | 274 | 70
231 | Revision_231/slang.c | U | 34 | 41 | 9 | 54990 | 2 | 24 | 70
231 | Revision_231/yacc.c | U | 31 | 38 | 9 | 54991 | 2 | 23 | 70
231 | Revision_231/make.c | U | 91 | 101 | 9 | 54992 | 2 | 25 | 70
231 | Revision_231/keyword.c | U | 107 | 116 | 9 | 54993 | 2 | 27 | 70
231 | Revision_231/options.c | U | 601 | 607 | 9 | 54994 | 2 | 29 | 70
231 | Revision_231/c.c | U | 1970 | 1975 | 9 | 54995 | 2 | 28 | 70
231 | Revision_231/c.c | U | 1999 | 2007 | 9 | 54996 | 2 | 31 | 70
231 | Revision_231/options.c | U | 508 | 513 | 9 | 54997 | 2 | 30 | 70
231 | Revision_231/options.c | U | 1182 | 1192 | 9 | 54998 | 2 | 32 | 70
231 | Revision_231/asp.c | U | 69 | 88 | 15 | 54999 | 3 | 33 | 100
231 | Revision_231/asp.c | U | 92 | 111 | 15 | 55000 | 3 | 34 | 100
231 | Revision_231/asp.c | U | 115 | 131 | 13 | 55001 | 4 | 35 | 90
231 | Revision_231/ruby.c | U | 96 | 111 | 13 | 55002 | 4 | 42 | 90
231 | Revision_231/ruby.c | U | 79 | 94 | 13 | 55003 | 4 | 42 | 90
231 | Revision_231/php.c | U | 78 | 91 | 13 | 55004 | 4 | 40 | 90
231 | Revision_231/asp.c | U | 135 | 150 | 13 | 55005 | 4 | 36 | 90
231 | Revision_231/args.c | U | 85 | 92 | 8 | 55006 | 5 | 43 | 100
231 | Revision_231/args.c | U | 159 | 166 | 8 | 55007 | 5 | 44 | 100
231 | Revision_231/args.c | U | 181 | 189 | 9 | 55008 | 6 | 45 | 75
231 | Revision_231/args.c | U | 202 | 210 | 9 | 55009 | 6 | 46 | 75
231 | Revision_231/args.c | U | 192 | 199 | 9 | 55010 | 6 | 47 | 75
231 | Revision_231/args.c | U | 265 | 271 | 6 | 55011 | 7 | 48 | 80
231 | Revision_231/options.c | U | 554 | 559 | 6 | 55012 | 7 | 49 | 80
231 | Revision_231/fortran.c | U | 781 | 786 | 6 | 55013 | 7 | 50 | 80
231 | Revision_231/c.c | U | 473 | 479 | 7 | 55014 | 8 | 51 | 80
231 | Revision_231/vstring.c | U | 67 | 74 | 7 | 55015 | 8 | 52 | 80
231 | Revision_231/c.c | U | 482 | 489 | 6 | 55016 | 9 | 53 | 80
231 | Revision_231/c.c | U | 492 | 499 | 6 | 55017 | 9 | 54 | 80
231 | Revision_231/c.c | U | 601 | 617 | 17 | 55018 | 10 | 55 | 70
231 | Revision_231/c.c | U | 620 | 637 | 17 | 55019 | 10 | 60 | 70
231 | Revision_231/c.c | U | 1102 | 1116 | 17 | 55020 | 10 | 56 | 70
231 | Revision_231/fortran.c | U | 931 | 949 | 17 | 55021 | 10 | 58 | 70
231 | Revision_231/c.c | U | 1028 | 1045 | 17 | 55022 | 10 | 57 | 70
231 | Revision_231/fortran.c | U | 1395 | 1411 | 17 | 55023 | 10 | 59 | 70
231 | Revision_231/c.c | U | 2294 | 2313 | 17 | 55024 | 10 | 61 | 70
231 | Revision_231/fortran.c | U | 1398 | 1409 | 17 | 55025 | 10 | 65 | 70
231 | Revision_231/eiffel.c | U | 905 | 947 | 17 | 55026 | 10 | 248 | 70
231 | Revision_231/c.c | U | 604 | 615 | 14 | 55027 | 11 | 71 | 76
231 | Revision_231/c.c | U | 2296 | 2310 | 14 | 55028 | 11 | 64 | 76
231 | Revision_231/c.c | U | 654 | 674 | 20 | 55029 | 12 | 72 | 73
231 | Revision_231/c.c | U | 749 | 757 | 20 | 55030 | 12 | 73 | 73
231 | Revision_231/c.c | U | 684 | 690 | 8 | 55031 | 13 | 74 | 71
231 | Revision_231/options.c | U | 451 | 458 | 8 | 55032 | 13 | 75 | 71
231 | Revision_231/c.c | U | 713 | 717 | 5 | 55033 | 14 | 76 | 75
231 | Revision_231/eiffel.c | U | 673 | 677 | 5 | 55034 | 14 | 249 | 75
231 | Revision_231/sql.c | M | 484 | 488 | 5 | 55035 | 14 | 297 | 75
231 | Revision_231/c.c | U | 1894 | 1898 | 5 | 55036 | 14 | 80 | 75
231 | Revision_231/fortran.c | U | 1438 | 1442 | 5 | 55037 | 14 | 79 | 75
231 | Revision_231/fortran.c | U | 1307 | 1312 | 5 | 55038 | 14 | 78 | 75
231 | Revision_231/fortran.c | U | 1163 | 1167 | 5 | 55039 | 14 | 286 | 75
231 | Revision_231/eiffel.c | U | 660 | 664 | 5 | 55040 | 14 | 250 | 75
231 | Revision_231/sql.c | U | 336 | 340 | 5 | 55041 | 14 | 300 | 75
231 | Revision_231/fortran.c | U | 1238 | 1242 | 5 | 55042 | 14 | 81 | 75
231 | Revision_231/sql.c | U | 423 | 427 | 5 | 55043 | 14 | 298 | 75
231 | Revision_231/fortran.c | U | 1146 | 1151 | 5 | 55044 | 14 | 84 | 75
231 | Revision_231/fortran.c | U | 1127 | 1131 | 5 | 55045 | 14 | 85 | 75
231 | Revision_231/c.c | U | 2346 | 2350 | 5 | 55046 | 14 | 86 | 75
231 | Revision_231/eiffel.c | U | 874 | 878 | 5 | 55047 | 14 | 269 | 75
231 | Revision_231/eiffel.c | U | 1014 | 1018 | 5 | 55048 | 14 | 269 | 75
231 | Revision_231/sql.c | U | 553 | 557 | 5 | 55049 | 14 | 299 | 75
231 | Revision_231/fortran.c | U | 1118 | 1122 | 5 | 55050 | 14 | 83 | 75
231 | Revision_231/eiffel.c | U | 963 | 967 | 5 | 55051 | 14 | 269 | 75
231 | Revision_231/readtags.c | U | 147 | 151 | 5 | 55052 | 14 | 87 | 75
231 | Revision_231/c.c | U | 1941 | 1945 | 5 | 55053 | 14 | 125 | 75
231 | Revision_231/strlist.c | U | 134 | 138 | 5 | 55054 | 14 | 126 | 75
231 | Revision_231/eiffel.c | U | 848 | 853 | 5 | 55055 | 14 | 151 | 75
231 | Revision_231/fortran.c | U | 467 | 471 | 5 | 55056 | 14 | 95 | 75
231 | Revision_231/ruby.c | U | 136 | 140 | 5 | 55057 | 14 | 19 | 75
231 | Revision_231/c.c | U | 2409 | 2414 | 5 | 55058 | 14 | 94 | 75
231 | Revision_231/eiffel.c | U | 1033 | 1037 | 5 | 55059 | 14 | 151 | 75
231 | Revision_231/keyword.c | U | 185 | 189 | 5 | 55060 | 14 | 91 | 75
231 | Revision_231/readtags.c | U | 458 | 462 | 5 | 55061 | 14 | 90 | 75
231 | Revision_231/options.c | U | 803 | 807 | 5 | 55062 | 14 | 89 | 75
231 | Revision_231/vstring.c | U | 35 | 40 | 5 | 55063 | 14 | 98 | 75
231 | Revision_231/options.c | U | 495 | 499 | 5 | 55064 | 14 | 97 | 75
231 | Revision_231/c.c | U | 1960 | 1967 | 5 | 55065 | 14 | 244 | 75
231 | Revision_231/options.c | U | 649 | 653 | 5 | 55066 | 14 | 127 | 75
231 | Revision_231/fortran.c | U | 857 | 861 | 5 | 55067 | 14 | 128 | 75
231 | Revision_231/eiffel.c | U | 1069 | 1078 | 5 | 55068 | 14 | 101 | 75
231 | Revision_231/options.c | U | 930 | 934 | 5 | 55069 | 14 | 129 | 75
231 | Revision_231/c.c | U | 723 | 743 | 42 | 55070 | 15 | 103 | 79
231 | Revision_231/c.c | U | 821 | 839 | 42 | 55071 | 15 | 103 | 79
231 | Revision_231/c.c | U | 761 | 780 | 42 | 55072 | 15 | 316 | 79
231 | Revision_231/c.c | U | 783 | 792 | 10 | 55073 | 16 | 317 | 88
231 | Revision_231/c.c | U | 795 | 804 | 10 | 55074 | 16 | 318 | 88
231 | Revision_231/c.c | U | 1031 | 1043 | 13 | 55075 | 17 | 63 | 75
231 | Revision_231/c.c | U | 1104 | 1115 | 13 | 55076 | 17 | 69 | 75
231 | Revision_231/c.c | U | 1224 | 1231 | 7 | 55077 | 18 | 108 | 80
231 | Revision_231/c.c | U | 1233 | 1240 | 7 | 55078 | 18 | 109 | 80
231 | Revision_231/c.c | U | 1254 | 1261 | 7 | 55079 | 19 | 110 | 83
231 | Revision_231/fortran.c | U | 500 | 506 | 7 | 55080 | 19 | 112 | 83
231 | Revision_231/c.c | U | 1264 | 1271 | 7 | 55081 | 19 | 111 | 83
231 | Revision_231/c.c | U | 1320 | 1329 | 9 | 55082 | 20 | 294 | 71
231 | Revision_231/eiffel.c | U | 556 | 564 | 9 | 55083 | 20 | 295 | 71
231 | Revision_231/c.c | U | 1323 | 1327 | 5 | 55084 | 21 | 294 | 75
231 | Revision_231/readtags.c | U | 506 | 510 | 5 | 55085 | 21 | 90 | 75
231 | Revision_231/readtags.c | U | 683 | 687 | 5 | 55086 | 21 | 99 | 75
231 | Revision_231/c.c | U | 1635 | 1639 | 5 | 55087 | 22 | 118 | 75
231 | Revision_231/fortran.c | U | 667 | 671 | 5 | 55088 | 22 | 120 | 75
231 | Revision_231/eiffel.c | U | 419 | 423 | 5 | 55089 | 22 | 119 | 75
231 | Revision_231/c.c | U | 1782 | 1786 | 5 | 55090 | 23 | 121 | 75
231 | Revision_231/get.c | U | 588 | 592 | 5 | 55091 | 23 | 122 | 75
231 | Revision_231/c.c | U | 1922 | 1929 | 8 | 55092 | 24 | 28 | 71
231 | Revision_231/fortran.c | U | 1537 | 1544 | 8 | 55093 | 24 | 153 | 71
231 | Revision_231/eiffel.c | U | 1066 | 1079 | 8 | 55094 | 24 | 156 | 71
231 | Revision_231/c.c | U | 2365 | 2370 | 6 | 55095 | 25 | 94 | 80
231 | Revision_231/sql.c | U | 500 | 505 | 6 | 55096 | 25 | 301 | 80
231 | Revision_231/c.c | U | 2449 | 2458 | 9 | 55097 | 26 | 130 | 71
231 | Revision_231/fortran.c | U | 310 | 319 | 9 | 55098 | 26 | 132 | 71
231 | Revision_231/asm.c | U | 121 | 129 | 9 | 55099 | 26 | 288 | 71
231 | Revision_231/sql.c | U | 191 | 200 | 9 | 55100 | 26 | 302 | 71
231 | Revision_231/eiffel.c | U | 215 | 224 | 9 | 55101 | 26 | 131 | 71
231 | Revision_231/eiffel.c | U | 287 | 301 | 10 | 55102 | 27 | 133 | 71
231 | Revision_231/beta.c | U | 71 | 82 | 10 | 55103 | 27 | 134 | 71
231 | Revision_231/sql.c | U | 227 | 241 | 10 | 55104 | 27 | 303 | 71
231 | Revision_231/parse.c | U | 46 | 57 | 10 | 55105 | 27 | 135 | 71
231 | Revision_231/eiffel.c | U | 289 | 299 | 10 | 55106 | 27 | 136 | 71
231 | Revision_231/eiffel.c | U | 367 | 376 | 8 | 55107 | 28 | 304 | 100
231 | Revision_231/sql.c | U | 248 | 255 | 8 | 55108 | 28 | 305 | 100
231 | Revision_231/eiffel.c | U | 382 | 407 | 23 | 55109 | 29 | 139 | 75
231 | Revision_231/fortran.c | U | 625 | 655 | 23 | 55110 | 29 | 140 | 75
231 | Revision_231/eiffel.c | U | 410 | 435 | 20 | 55111 | 30 | 141 | 94
231 | Revision_231/fortran.c | U | 658 | 683 | 20 | 55112 | 30 | 142 | 94
231 | Revision_231/eiffel.c | U | 547 | 551 | 5 | 55113 | 31 | 143 | 75
231 | Revision_231/fortran.c | U | 647 | 651 | 5 | 55114 | 31 | 144 | 75
231 | Revision_231/fortran.c | U | 836 | 840 | 5 | 55115 | 31 | 145 | 75
231 | Revision_231/eiffel.c | U | 572 | 584 | 11 | 55116 | 32 | 114 | 88
231 | Revision_231/fortran.c | U | 710 | 721 | 11 | 55117 | 32 | 116 | 88
231 | Revision_231/eiffel.c | U | 587 | 599 | 11 | 55118 | 32 | 117 | 88
231 | Revision_231/sql.c | U | 277 | 288 | 11 | 55119 | 32 | 306 | 88
231 | Revision_231/eiffel.c | U | 602 | 612 | 9 | 55120 | 33 | 146 | 87
231 | Revision_231/asm.c | U | 132 | 141 | 9 | 55121 | 33 | 270 | 87
231 | Revision_231/fortran.c | U | 748 | 758 | 9 | 55122 | 33 | 147 | 87
231 | Revision_231/eiffel.c | U | 720 | 727 | 8 | 55123 | 34 | 148 | 100
231 | Revision_231/fortran.c | U | 878 | 885 | 8 | 55124 | 34 | 149 | 100
231 | Revision_231/eiffel.c | U | 836 | 854 | 14 | 55125 | 35 | 251 | 72
231 | Revision_231/eiffel.c | U | 858 | 880 | 14 | 55126 | 35 | 252 | 72
231 | Revision_231/eiffel.c | U | 1008 | 1021 | 14 | 55127 | 35 | 253 | 72
231 | Revision_231/eiffel.c | U | 1113 | 1137 | 22 | 55128 | 36 | 307 | 70
231 | Revision_231/sql.c | U | 454 | 479 | 22 | 55129 | 36 | 308 | 70
231 | Revision_231/eiffel.c | U | 1176 | 1188 | 10 | 55130 | 37 | 157 | 100
231 | Revision_231/fortran.c | U | 724 | 735 | 10 | 55131 | 37 | 158 | 100
231 | Revision_231/sql.c | U | 203 | 214 | 10 | 55132 | 37 | 309 | 100
231 | Revision_231/verilog.c | U | 147 | 153 | 7 | 55133 | 38 | 284 | 83
231 | Revision_231/lua.c | U | 81 | 88 | 7 | 55134 | 38 | 285 | 83
231 | Revision_231/vim.c | U | 54 | 58 | 5 | 55135 | 39 | 290 | 100
231 | Revision_231/vim.c | U | 60 | 64 | 5 | 55136 | 39 | 291 | 100
231 | Revision_231/vim.c | U | 89 | 104 | 16 | 55137 | 40 | 159 | 76
231 | Revision_231/vim.c | U | 112 | 131 | 16 | 55138 | 40 | 160 | 76
231 | Revision_231/python.c | U | 105 | 109 | 5 | 55139 | 41 | 278 | 75
231 | Revision_231/options.c | U | 726 | 731 | 5 | 55140 | 41 | 280 | 75
231 | Revision_231/python.c | U | 113 | 122 | 10 | 55141 | 42 | 292 | 75
231 | Revision_231/tcl.c | U | 44 | 54 | 10 | 55142 | 42 | 293 | 75
231 | Revision_231/perl.c | U | 56 | 60 | 5 | 55143 | 43 | 163 | 75
231 | Revision_231/pascal.c | U | 133 | 137 | 5 | 55144 | 43 | 164 | 75
231 | Revision_231/sort.c | U | 123 | 128 | 5 | 55145 | 44 | 281 | 100
231 | Revision_231/sort.c | U | 131 | 136 | 5 | 55146 | 44 | 282 | 100
231 | Revision_231/strlist.c | U | 32 | 38 | 8 | 55147 | 45 | 165 | 71
231 | Revision_231/vstring.c | U | 77 | 87 | 8 | 55148 | 45 | 166 | 71
231 | Revision_231/strlist.c | U | 147 | 154 | 8 | 55149 | 46 | 167 | 85
231 | Revision_231/strlist.c | U | 169 | 176 | 8 | 55150 | 46 | 168 | 85
231 | Revision_231/strlist.c | U | 158 | 165 | 8 | 55151 | 46 | 169 | 85
231 | Revision_231/pascal.c | U | 149 | 153 | 6 | 55152 | 47 | 319 | 75
231 | Revision_231/pascal.c | U | 183 | 189 | 6 | 55153 | 47 | 171 | 75
231 | Revision_231/pascal.c | U | 175 | 181 | 6 | 55154 | 47 | 170 | 75
231 | Revision_231/awk.c | U | 47 | 65 | 17 | 55155 | 48 | 172 | 73
231 | Revision_231/php.c | U | 55 | 75 | 17 | 55156 | 48 | 173 | 73
231 | Revision_231/get.c | U | 297 | 309 | 10 | 55157 | 49 | 174 | 70
231 | Revision_231/read.c | U | 214 | 225 | 10 | 55158 | 49 | 176 | 70
231 | Revision_231/parse.c | U | 563 | 577 | 10 | 55159 | 49 | 175 | 70
231 | Revision_231/get.c | U | 461 | 472 | 10 | 55160 | 50 | 177 | 100
231 | Revision_231/get.c | U | 478 | 489 | 10 | 55161 | 50 | 178 | 100
231 | Revision_231/get.c | U | 535 | 540 | 6 | 55162 | 51 | 180 | 80
231 | Revision_231/read.c | U | 415 | 419 | 6 | 55163 | 51 | 181 | 80
231 | Revision_231/routines.c | U | 221 | 228 | 6 | 55164 | 52 | 254 | 80
231 | Revision_231/routines.c | U | 231 | 238 | 6 | 55165 | 52 | 255 | 80
231 | Revision_231/routines.c | U | 272 | 279 | 8 | 55166 | 53 | 256 | 83
231 | Revision_231/routines.c | U | 282 | 289 | 8 | 55167 | 53 | 257 | 83
231 | Revision_231/readtags.c | U | 109 | 116 | 8 | 55168 | 53 | 123 | 83
231 | Revision_231/readtags.c | U | 119 | 126 | 8 | 55169 | 53 | 238 | 83
231 | Revision_231/routines.c | U | 306 | 310 | 5 | 55170 | 54 | 258 | 75
231 | Revision_231/vstring.c | U | 125 | 129 | 5 | 55171 | 54 | 188 | 75
231 | Revision_231/vstring.c | U | 118 | 122 | 5 | 55172 | 54 | 189 | 75
231 | Revision_231/routines.c | U | 313 | 319 | 6 | 55173 | 55 | 259 | 100
231 | Revision_231/routines.c | U | 322 | 328 | 6 | 55174 | 55 | 260 | 100
231 | Revision_231/routines.c | U | 333 | 340 | 8 | 55175 | 56 | 261 | 100
231 | Revision_231/routines.c | U | 345 | 352 | 8 | 55176 | 56 | 262 | 100
231 | Revision_231/routines.c | U | 469 | 482 | 5 | 55177 | 57 | 267 | 75
231 | Revision_231/routines.c | U | 543 | 566 | 5 | 55178 | 57 | 268 | 75
231 | Revision_231/beta.c | U | 136 | 143 | 6 | 55179 | 58 | 201 | 75
231 | Revision_231/beta.c | U | 207 | 215 | 6 | 55180 | 58 | 202 | 75
231 | Revision_231/beta.c | U | 154 | 158 | 5 | 55181 | 59 | 203 | 75
231 | Revision_231/beta.c | U | 167 | 171 | 5 | 55182 | 59 | 204 | 75
231 | Revision_231/beta.c | U | 160 | 164 | 5 | 55183 | 59 | 206 | 75
231 | Revision_231/beta.c | U | 274 | 278 | 5 | 55184 | 59 | 205 | 75
231 | Revision_231/beta.c | U | 280 | 284 | 5 | 55185 | 59 | 207 | 75
231 | Revision_231/sql.c | U | 397 | 403 | 6 | 55186 | 60 | 310 | 75
231 | Revision_231/sql.c | U | 568 | 574 | 6 | 55187 | 60 | 311 | 75
231 | Revision_231/fortran.c | U | 915 | 919 | 6 | 55188 | 60 | 312 | 75
231 | Revision_231/sql.c | U | 438 | 446 | 8 | 55189 | 61 | 313 | 71
231 | Revision_231/fortran.c | U | 1322 | 1328 | 8 | 55190 | 61 | 314 | 71
231 | Revision_231/parse.c | U | 98 | 108 | 11 | 55191 | 62 | 208 | 88
231 | Revision_231/parse.c | U | 111 | 122 | 11 | 55192 | 62 | 209 | 88
231 | Revision_231/readtags.c | U | 545 | 551 | 6 | 55193 | 63 | 239 | 100
231 | Revision_231/readtags.c | U | 553 | 559 | 6 | 55194 | 63 | 240 | 100
231 | Revision_231/readtags.c | U | 588 | 592 | 6 | 55195 | 64 | 123 | 75
231 | Revision_231/readtags.c | U | 643 | 649 | 6 | 55196 | 64 | 124 | 75
231 | Revision_231/readtags.c | U | 720 | 728 | 8 | 55197 | 65 | 210 | 83
231 | Revision_231/readtags.c | U | 775 | 783 | 8 | 55198 | 65 | 211 | 83
231 | Revision_231/readtags.c | U | 731 | 739 | 8 | 55199 | 65 | 212 | 83
231 | Revision_231/readtags.c | U | 742 | 747 | 6 | 55200 | 66 | 241 | 80
231 | Revision_231/readtags.c | U | 759 | 764 | 6 | 55201 | 66 | 242 | 80
231 | Revision_231/readtags.c | U | 767 | 772 | 6 | 55202 | 66 | 287 | 80
231 | Revision_231/fortran.c | U | 1017 | 1025 | 8 | 55203 | 67 | 214 | 83
231 | Revision_231/fortran.c | U | 1028 | 1037 | 8 | 55204 | 67 | 215 | 83
231 | Revision_231/fortran.c | U | 1109 | 1124 | 16 | 55205 | 68 | 216 | 92
231 | Revision_231/fortran.c | U | 1230 | 1244 | 16 | 55206 | 68 | 217 | 92
231 | Revision_231/fortran.c | U | 1365 | 1384 | 28 | 55207 | 69 | 218 | 73
231 | Revision_231/fortran.c | U | 1617 | 1633 | 28 | 55208 | 69 | 219 | 73
231 | Revision_231/fortran.c | U | 1434 | 1450 | 16 | 55209 | 70 | 220 | 85
231 | Revision_231/fortran.c | U | 1506 | 1520 | 16 | 55210 | 70 | 221 | 85
231 | Revision_231/asm.c | U | 245 | 258 | 11 | 55211 | 71 | 289 | 77
231 | Revision_231/asm.c | U | 263 | 273 | 11 | 55212 | 71 | 279 | 77
231 | Revision_231/scheme.c | U | 70 | 78 | 8 | 55213 | 72 | 222 | 71
231 | Revision_231/scheme.c | U | 85 | 93 | 8 | 55214 | 72 | 223 | 71
231 | Revision_231/options.c | U | 358 | 364 | 6 | 55215 | 73 | 224 | 100
231 | Revision_231/options.c | U | 367 | 373 | 6 | 55216 | 73 | 225 | 100
231 | Revision_231/options.c | U | 518 | 524 | 7 | 55217 | 74 | 226 | 100
231 | Revision_231/options.c | U | 545 | 551 | 7 | 55218 | 74 | 227 | 100
231 | Revision_231/options.c | U | 536 | 542 | 7 | 55219 | 74 | 228 | 100
231 | Revision_231/options.c | U | 527 | 533 | 7 | 55220 | 74 | 229 | 100
231 | Revision_231/options.c | U | 745 | 749 | 5 | 55221 | 75 | 230 | 75
231 | Revision_231/options.c | U | 771 | 775 | 5 | 55222 | 75 | 231 | 75
231 | Revision_231/options.c | U | 863 | 867 | 5 | 55223 | 76 | 232 | 100
231 | Revision_231/options.c | U | 869 | 873 | 5 | 55224 | 76 | 233 | 100
231 | Revision_231/options.c | U | 1016 | 1021 | 6 | 55225 | 77 | 234 | 80
231 | Revision_231/options.c | U | 1158 | 1163 | 6 | 55226 | 77 | 235 | 80
231 | Revision_231/options.c | U | 1300 | 1317 | 15 | 55227 | 78 | 236 | 91
231 | Revision_231/options.c | U | 1338 | 1355 | 15 | 55228 | 78 | 237 | 91
