Revision | filePath | changeType | StartLine | EndLine | Nlines | cloneId | classId | globalCloneId | Similarity
235 | Revision_235/lisp.c | U | 91 | 97 | 7 | 56027 | 1 | 1 | 83
235 | Revision_235/lisp.c | U | 112 | 118 | 7 | 56028 | 1 | 2 | 83
235 | Revision_235/lisp.c | U | 127 | 137 | 9 | 56029 | 2 | 3 | 70
235 | Revision_235/ruby.c | U | 167 | 175 | 9 | 56030 | 2 | 19 | 70
235 | Revision_235/scheme.c | U | 99 | 109 | 9 | 56031 | 2 | 16 | 70
235 | Revision_235/php.c | U | 98 | 106 | 9 | 56032 | 2 | 22 | 70
235 | Revision_235/vim.c | U | 137 | 145 | 9 | 56033 | 2 | 20 | 70
235 | Revision_235/lua.c | U | 123 | 131 | 9 | 56034 | 2 | 243 | 70
235 | Revision_235/pascal.c | U | 255 | 263 | 9 | 56035 | 2 | 14 | 70
235 | Revision_235/c.c | U | 2497 | 2512 | 9 | 56036 | 2 | 8 | 70
235 | Revision_235/c.c | U | 2515 | 2524 | 9 | 56037 | 2 | 12 | 70
235 | Revision_235/fortran.c | U | 1676 | 1691 | 9 | 56038 | 2 | 21 | 70
235 | Revision_235/beta.c | U | 313 | 321 | 9 | 56039 | 2 | 5 | 70
235 | Revision_235/sql.c | U | 617 | 626 | 9 | 56040 | 2 | 296 | 70
235 | Revision_235/python.c | U | 212 | 220 | 9 | 56041 | 2 | 13 | 70
235 | Revision_235/c.c | U | 2485 | 2494 | 9 | 56042 | 2 | 15 | 70
235 | Revision_235/eiffel.c | U | 1222 | 1231 | 9 | 56043 | 2 | 9 | 70
235 | Revision_235/c.c | U | 2527 | 2536 | 9 | 56044 | 2 | 315 | 70
235 | Revision_235/asp.c | A | 181 | 189 | 9 | 56045 | 2 | 4 | 70
235 | Revision_235/perl.c | U | 109 | 117 | 9 | 56046 | 2 | 7 | 70
235 | Revision_235/cobol.c | U | 40 | 48 | 9 | 56047 | 2 | 320 | 70
235 | Revision_235/awk.c | U | 71 | 79 | 9 | 56048 | 2 | 10 | 70
235 | Revision_235/tcl.c | U | 106 | 114 | 9 | 56049 | 2 | 18 | 70
235 | Revision_235/verilog.c | U | 160 | 168 | 9 | 56050 | 2 | 283 | 70
235 | Revision_235/sh.c | U | 98 | 108 | 9 | 56051 | 2 | 17 | 70
235 | Revision_235/make.c | U | 91 | 101 | 9 | 56052 | 2 | 25 | 70
235 | Revision_235/yacc.c | U | 31 | 38 | 9 | 56053 | 2 | 23 | 70
235 | Revision_235/slang.c | U | 34 | 41 | 9 | 56054 | 2 | 24 | 70
235 | Revision_235/rexx.c | U | 30 | 37 | 9 | 56055 | 2 | 26 | 70
235 | Revision_235/asm.c | U | 368 | 387 | 9 | 56056 | 2 | 274 | 70
235 | Revision_235/keyword.c | U | 107 | 116 | 9 | 56057 | 2 | 27 | 70
235 | Revision_235/c.c | U | 1970 | 1975 | 9 | 56058 | 2 | 28 | 70
235 | Revision_235/options.c | U | 601 | 607 | 9 | 56059 | 2 | 29 | 70
235 | Revision_235/options.c | U | 508 | 513 | 9 | 56060 | 2 | 30 | 70
235 | Revision_235/c.c | U | 1999 | 2007 | 9 | 56061 | 2 | 31 | 70
235 | Revision_235/options.c | U | 1182 | 1192 | 9 | 56062 | 2 | 32 | 70
235 | Revision_235/asp.c | U | 70 | 89 | 15 | 56063 | 3 | 33 | 100
235 | Revision_235/asp.c | U | 93 | 112 | 15 | 56064 | 3 | 34 | 100
235 | Revision_235/asp.c | U | 116 | 132 | 13 | 56065 | 4 | 35 | 90
235 | Revision_235/php.c | U | 78 | 91 | 13 | 56066 | 4 | 40 | 90
235 | Revision_235/asp.c | M | 155 | 170 | 13 | 56067 | 4 | 36 | 90
235 | Revision_235/ruby.c | U | 79 | 94 | 13 | 56068 | 4 | 42 | 90
235 | Revision_235/ruby.c | U | 96 | 111 | 13 | 56069 | 4 | 42 | 90
235 | Revision_235/asp.c | U | 136 | 151 | 13 | 56070 | 4 | 36 | 90
235 | Revision_235/args.c | U | 85 | 92 | 8 | 56071 | 5 | 43 | 100
235 | Revision_235/args.c | U | 159 | 166 | 8 | 56072 | 5 | 44 | 100
235 | Revision_235/args.c | U | 181 | 189 | 9 | 56073 | 6 | 45 | 75
235 | Revision_235/args.c | U | 202 | 210 | 9 | 56074 | 6 | 46 | 75
235 | Revision_235/args.c | U | 192 | 199 | 9 | 56075 | 6 | 47 | 75
235 | Revision_235/args.c | U | 265 | 271 | 6 | 56076 | 7 | 48 | 80
235 | Revision_235/options.c | U | 554 | 559 | 6 | 56077 | 7 | 49 | 80
235 | Revision_235/fortran.c | U | 781 | 786 | 6 | 56078 | 7 | 50 | 80
235 | Revision_235/c.c | U | 473 | 479 | 7 | 56079 | 8 | 51 | 80
235 | Revision_235/vstring.c | U | 67 | 74 | 7 | 56080 | 8 | 52 | 80
235 | Revision_235/c.c | U | 482 | 489 | 6 | 56081 | 9 | 53 | 80
235 | Revision_235/c.c | U | 492 | 499 | 6 | 56082 | 9 | 54 | 80
235 | Revision_235/c.c | U | 601 | 617 | 17 | 56083 | 10 | 55 | 70
235 | Revision_235/c.c | U | 620 | 637 | 17 | 56084 | 10 | 60 | 70
235 | Revision_235/c.c | U | 1028 | 1045 | 17 | 56085 | 10 | 57 | 70
235 | Revision_235/fortran.c | U | 931 | 949 | 17 | 56086 | 10 | 58 | 70
235 | Revision_235/c.c | U | 1102 | 1116 | 17 | 56087 | 10 | 56 | 70
235 | Revision_235/fortran.c | U | 1395 | 1411 | 17 | 56088 | 10 | 59 | 70
235 | Revision_235/c.c | U | 2294 | 2313 | 17 | 56089 | 10 | 61 | 70
235 | Revision_235/fortran.c | U | 1398 | 1409 | 17 | 56090 | 10 | 65 | 70
235 | Revision_235/eiffel.c | U | 905 | 947 | 17 | 56091 | 10 | 248 | 70
235 | Revision_235/c.c | U | 604 | 615 | 14 | 56092 | 11 | 71 | 76
235 | Revision_235/c.c | U | 2296 | 2310 | 14 | 56093 | 11 | 64 | 76
235 | Revision_235/c.c | U | 654 | 674 | 20 | 56094 | 12 | 72 | 73
235 | Revision_235/c.c | U | 749 | 757 | 20 | 56095 | 12 | 73 | 73
235 | Revision_235/c.c | U | 684 | 690 | 8 | 56096 | 13 | 74 | 71
235 | Revision_235/options.c | U | 451 | 458 | 8 | 56097 | 13 | 75 | 71
235 | Revision_235/c.c | U | 713 | 717 | 5 | 56098 | 14 | 76 | 75
235 | Revision_235/eiffel.c | U | 673 | 677 | 5 | 56099 | 14 | 249 | 75
235 | Revision_235/fortran.c | U | 1307 | 1312 | 5 | 56100 | 14 | 78 | 75
235 | Revision_235/sql.c | U | 484 | 488 | 5 | 56101 | 14 | 297 | 75
235 | Revision_235/fortran.c | U | 1438 | 1442 | 5 | 56102 | 14 | 79 | 75
235 | Revision_235/c.c | U | 1894 | 1898 | 5 | 56103 | 14 | 80 | 75
235 | Revision_235/fortran.c | U | 1163 | 1167 | 5 | 56104 | 14 | 286 | 75
235 | Revision_235/eiffel.c | U | 660 | 664 | 5 | 56105 | 14 | 250 | 75
235 | Revision_235/sql.c | U | 336 | 340 | 5 | 56106 | 14 | 300 | 75
235 | Revision_235/fortran.c | U | 1238 | 1242 | 5 | 56107 | 14 | 81 | 75
235 | Revision_235/fortran.c | U | 1127 | 1131 | 5 | 56108 | 14 | 85 | 75
235 | Revision_235/c.c | U | 2346 | 2350 | 5 | 56109 | 14 | 86 | 75
235 | Revision_235/eiffel.c | U | 963 | 967 | 5 | 56110 | 14 | 269 | 75
235 | Revision_235/eiffel.c | U | 1014 | 1018 | 5 | 56111 | 14 | 269 | 75
235 | Revision_235/fortran.c | U | 1146 | 1151 | 5 | 56112 | 14 | 84 | 75
235 | Revision_235/fortran.c | U | 1118 | 1122 | 5 | 56113 | 14 | 83 | 75
235 | Revision_235/sql.c | U | 553 | 557 | 5 | 56114 | 14 | 298 | 75
235 | Revision_235/eiffel.c | U | 874 | 878 | 5 | 56115 | 14 | 269 | 75
235 | Revision_235/sql.c | U | 423 | 427 | 5 | 56116 | 14 | 299 | 75
235 | Revision_235/readtags.c | U | 147 | 151 | 5 | 56117 | 14 | 87 | 75
235 | Revision_235/strlist.c | U | 134 | 138 | 5 | 56118 | 14 | 126 | 75
235 | Revision_235/c.c | U | 1941 | 1945 | 5 | 56119 | 14 | 125 | 75
235 | Revision_235/fortran.c | U | 467 | 471 | 5 | 56120 | 14 | 95 | 75
235 | Revision_235/c.c | U | 2409 | 2414 | 5 | 56121 | 14 | 94 | 75
235 | Revision_235/ruby.c | U | 136 | 140 | 5 | 56122 | 14 | 19 | 75
235 | Revision_235/eiffel.c | U | 848 | 853 | 5 | 56123 | 14 | 151 | 75
235 | Revision_235/eiffel.c | U | 1033 | 1037 | 5 | 56124 | 14 | 151 | 75
235 | Revision_235/keyword.c | U | 185 | 189 | 5 | 56125 | 14 | 91 | 75
235 | Revision_235/options.c | U | 803 | 807 | 5 | 56126 | 14 | 89 | 75
235 | Revision_235/readtags.c | U | 458 | 462 | 5 | 56127 | 14 | 90 | 75
235 | Revision_235/c.c | U | 1960 | 1967 | 5 | 56128 | 14 | 244 | 75
235 | Revision_235/vstring.c | U | 35 | 40 | 5 | 56129 | 14 | 98 | 75
235 | Revision_235/options.c | U | 495 | 499 | 5 | 56130 | 14 | 97 | 75
235 | Revision_235/fortran.c | U | 857 | 861 | 5 | 56131 | 14 | 128 | 75
235 | Revision_235/options.c | U | 649 | 653 | 5 | 56132 | 14 | 127 | 75
235 | Revision_235/eiffel.c | U | 1069 | 1078 | 5 | 56133 | 14 | 101 | 75
235 | Revision_235/options.c | U | 930 | 934 | 5 | 56134 | 14 | 129 | 75
235 | Revision_235/c.c | U | 723 | 743 | 42 | 56135 | 15 | 103 | 79
235 | Revision_235/c.c | U | 821 | 839 | 42 | 56136 | 15 | 103 | 79
235 | Revision_235/c.c | U | 761 | 780 | 42 | 56137 | 15 | 316 | 79
235 | Revision_235/c.c | U | 783 | 792 | 10 | 56138 | 16 | 317 | 88
235 | Revision_235/c.c | U | 795 | 804 | 10 | 56139 | 16 | 318 | 88
235 | Revision_235/c.c | U | 1031 | 1043 | 13 | 56140 | 17 | 63 | 75
235 | Revision_235/c.c | U | 1104 | 1115 | 13 | 56141 | 17 | 69 | 75
235 | Revision_235/c.c | U | 1224 | 1231 | 7 | 56142 | 18 | 108 | 80
235 | Revision_235/c.c | U | 1233 | 1240 | 7 | 56143 | 18 | 109 | 80
235 | Revision_235/c.c | U | 1254 | 1261 | 7 | 56144 | 19 | 110 | 83
235 | Revision_235/c.c | U | 1264 | 1271 | 7 | 56145 | 19 | 111 | 83
235 | Revision_235/fortran.c | U | 500 | 506 | 7 | 56146 | 19 | 112 | 83
235 | Revision_235/c.c | U | 1320 | 1329 | 9 | 56147 | 20 | 294 | 71
235 | Revision_235/eiffel.c | U | 556 | 564 | 9 | 56148 | 20 | 295 | 71
235 | Revision_235/c.c | U | 1323 | 1327 | 5 | 56149 | 21 | 294 | 75
235 | Revision_235/readtags.c | U | 506 | 510 | 5 | 56150 | 21 | 90 | 75
235 | Revision_235/readtags.c | U | 683 | 687 | 5 | 56151 | 21 | 99 | 75
235 | Revision_235/c.c | U | 1635 | 1639 | 5 | 56152 | 22 | 118 | 75
235 | Revision_235/eiffel.c | U | 419 | 423 | 5 | 56153 | 22 | 119 | 75
235 | Revision_235/fortran.c | U | 667 | 671 | 5 | 56154 | 22 | 120 | 75
235 | Revision_235/c.c | U | 1782 | 1786 | 5 | 56155 | 23 | 121 | 75
235 | Revision_235/get.c | U | 588 | 592 | 5 | 56156 | 23 | 122 | 75
235 | Revision_235/c.c | U | 1922 | 1929 | 8 | 56157 | 24 | 28 | 71
235 | Revision_235/eiffel.c | U | 1066 | 1079 | 8 | 56158 | 24 | 156 | 71
235 | Revision_235/fortran.c | U | 1537 | 1544 | 8 | 56159 | 24 | 153 | 71
235 | Revision_235/c.c | U | 2365 | 2370 | 6 | 56160 | 25 | 94 | 80
235 | Revision_235/sql.c | U | 500 | 505 | 6 | 56161 | 25 | 301 | 80
235 | Revision_235/c.c | U | 2449 | 2458 | 9 | 56162 | 26 | 130 | 71
235 | Revision_235/fortran.c | U | 310 | 319 | 9 | 56163 | 26 | 132 | 71
235 | Revision_235/asm.c | U | 121 | 129 | 9 | 56164 | 26 | 288 | 71
235 | Revision_235/sql.c | U | 191 | 200 | 9 | 56165 | 26 | 302 | 71
235 | Revision_235/eiffel.c | U | 215 | 224 | 9 | 56166 | 26 | 131 | 71
235 | Revision_235/eiffel.c | U | 287 | 301 | 10 | 56167 | 27 | 133 | 71
235 | Revision_235/beta.c | U | 71 | 82 | 10 | 56168 | 27 | 134 | 71
235 | Revision_235/sql.c | U | 227 | 241 | 10 | 56169 | 27 | 303 | 71
235 | Revision_235/parse.c | U | 46 | 57 | 10 | 56170 | 27 | 135 | 71
235 | Revision_235/eiffel.c | U | 289 | 299 | 10 | 56171 | 27 | 136 | 71
235 | Revision_235/eiffel.c | U | 367 | 376 | 8 | 56172 | 28 | 304 | 100
235 | Revision_235/sql.c | U | 248 | 255 | 8 | 56173 | 28 | 305 | 100
235 | Revision_235/eiffel.c | U | 382 | 407 | 23 | 56174 | 29 | 139 | 75
235 | Revision_235/fortran.c | U | 625 | 655 | 23 | 56175 | 29 | 140 | 75
235 | Revision_235/eiffel.c | U | 410 | 435 | 20 | 56176 | 30 | 141 | 94
235 | Revision_235/fortran.c | U | 658 | 683 | 20 | 56177 | 30 | 142 | 94
235 | Revision_235/eiffel.c | U | 547 | 551 | 5 | 56178 | 31 | 143 | 75
235 | Revision_235/fortran.c | U | 836 | 840 | 5 | 56179 | 31 | 145 | 75
235 | Revision_235/fortran.c | U | 647 | 651 | 5 | 56180 | 31 | 144 | 75
235 | Revision_235/eiffel.c | U | 572 | 584 | 11 | 56181 | 32 | 114 | 88
235 | Revision_235/eiffel.c | U | 587 | 599 | 11 | 56182 | 32 | 117 | 88
235 | Revision_235/fortran.c | U | 710 | 721 | 11 | 56183 | 32 | 116 | 88
235 | Revision_235/sql.c | U | 277 | 288 | 11 | 56184 | 32 | 306 | 88
235 | Revision_235/eiffel.c | U | 602 | 612 | 9 | 56185 | 33 | 146 | 87
235 | Revision_235/asm.c | U | 132 | 141 | 9 | 56186 | 33 | 270 | 87
235 | Revision_235/fortran.c | U | 748 | 758 | 9 | 56187 | 33 | 147 | 87
235 | Revision_235/eiffel.c | U | 720 | 727 | 8 | 56188 | 34 | 148 | 100
235 | Revision_235/fortran.c | U | 878 | 885 | 8 | 56189 | 34 | 149 | 100
235 | Revision_235/eiffel.c | U | 836 | 854 | 14 | 56190 | 35 | 251 | 72
235 | Revision_235/eiffel.c | U | 858 | 880 | 14 | 56191 | 35 | 252 | 72
235 | Revision_235/eiffel.c | U | 1008 | 1021 | 14 | 56192 | 35 | 253 | 72
235 | Revision_235/eiffel.c | U | 1113 | 1137 | 22 | 56193 | 36 | 307 | 70
235 | Revision_235/sql.c | U | 454 | 479 | 22 | 56194 | 36 | 308 | 70
235 | Revision_235/eiffel.c | U | 1176 | 1188 | 10 | 56195 | 37 | 157 | 100
235 | Revision_235/sql.c | U | 203 | 214 | 10 | 56196 | 37 | 309 | 100
235 | Revision_235/fortran.c | U | 724 | 735 | 10 | 56197 | 37 | 158 | 100
235 | Revision_235/verilog.c | U | 147 | 153 | 7 | 56198 | 38 | 284 | 83
235 | Revision_235/lua.c | U | 81 | 88 | 7 | 56199 | 38 | 285 | 83
235 | Revision_235/vim.c | U | 54 | 58 | 5 | 56200 | 39 | 290 | 100
235 | Revision_235/vim.c | U | 60 | 64 | 5 | 56201 | 39 | 291 | 100
235 | Revision_235/vim.c | U | 89 | 104 | 16 | 56202 | 40 | 159 | 76
235 | Revision_235/vim.c | U | 112 | 131 | 16 | 56203 | 40 | 160 | 76
235 | Revision_235/python.c | U | 105 | 109 | 5 | 56204 | 41 | 278 | 75
235 | Revision_235/options.c | U | 726 | 731 | 5 | 56205 | 41 | 280 | 75
235 | Revision_235/python.c | U | 113 | 122 | 10 | 56206 | 42 | 292 | 75
235 | Revision_235/tcl.c | U | 44 | 54 | 10 | 56207 | 42 | 293 | 75
235 | Revision_235/perl.c | U | 56 | 60 | 5 | 56208 | 43 | 163 | 75
235 | Revision_235/pascal.c | U | 133 | 137 | 5 | 56209 | 43 | 164 | 75
235 | Revision_235/sort.c | U | 123 | 128 | 5 | 56210 | 44 | 281 | 100
235 | Revision_235/sort.c | U | 131 | 136 | 5 | 56211 | 44 | 282 | 100
235 | Revision_235/strlist.c | U | 32 | 38 | 8 | 56212 | 45 | 165 | 71
235 | Revision_235/vstring.c | U | 77 | 87 | 8 | 56213 | 45 | 166 | 71
235 | Revision_235/strlist.c | U | 147 | 154 | 8 | 56214 | 46 | 167 | 85
235 | Revision_235/strlist.c | U | 158 | 165 | 8 | 56215 | 46 | 168 | 85
235 | Revision_235/strlist.c | U | 169 | 176 | 8 | 56216 | 46 | 169 | 85
235 | Revision_235/pascal.c | U | 149 | 153 | 6 | 56217 | 47 | 319 | 75
235 | Revision_235/pascal.c | U | 175 | 181 | 6 | 56218 | 47 | 170 | 75
235 | Revision_235/pascal.c | U | 183 | 189 | 6 | 56219 | 47 | 171 | 75
235 | Revision_235/awk.c | U | 47 | 65 | 17 | 56220 | 48 | 172 | 73
235 | Revision_235/php.c | U | 55 | 75 | 17 | 56221 | 48 | 173 | 73
235 | Revision_235/get.c | U | 297 | 309 | 10 | 56222 | 49 | 174 | 70
235 | Revision_235/parse.c | U | 563 | 577 | 10 | 56223 | 49 | 175 | 70
235 | Revision_235/read.c | U | 214 | 225 | 10 | 56224 | 49 | 176 | 70
235 | Revision_235/get.c | U | 461 | 472 | 10 | 56225 | 50 | 177 | 100
235 | Revision_235/get.c | U | 478 | 489 | 10 | 56226 | 50 | 178 | 100
235 | Revision_235/get.c | U | 535 | 540 | 6 | 56227 | 51 | 180 | 80
235 | Revision_235/read.c | U | 415 | 419 | 6 | 56228 | 51 | 181 | 80
235 | Revision_235/routines.c | U | 221 | 228 | 6 | 56229 | 52 | 254 | 80
235 | Revision_235/routines.c | U | 231 | 238 | 6 | 56230 | 52 | 255 | 80
235 | Revision_235/routines.c | U | 272 | 279 | 8 | 56231 | 53 | 256 | 83
235 | Revision_235/readtags.c | U | 109 | 116 | 8 | 56232 | 53 | 123 | 83
235 | Revision_235/readtags.c | U | 119 | 126 | 8 | 56233 | 53 | 238 | 83
235 | Revision_235/routines.c | U | 282 | 289 | 8 | 56234 | 53 | 257 | 83
235 | Revision_235/routines.c | U | 306 | 310 | 5 | 56235 | 54 | 258 | 75
235 | Revision_235/vstring.c | U | 125 | 129 | 5 | 56236 | 54 | 188 | 75
235 | Revision_235/vstring.c | U | 118 | 122 | 5 | 56237 | 54 | 189 | 75
235 | Revision_235/routines.c | U | 313 | 319 | 6 | 56238 | 55 | 259 | 100
235 | Revision_235/routines.c | U | 322 | 328 | 6 | 56239 | 55 | 260 | 100
235 | Revision_235/routines.c | U | 333 | 340 | 8 | 56240 | 56 | 261 | 100
235 | Revision_235/routines.c | U | 345 | 352 | 8 | 56241 | 56 | 262 | 100
235 | Revision_235/routines.c | U | 469 | 482 | 5 | 56242 | 57 | 267 | 75
235 | Revision_235/routines.c | U | 543 | 566 | 5 | 56243 | 57 | 268 | 75
235 | Revision_235/beta.c | U | 136 | 143 | 6 | 56244 | 58 | 201 | 75
235 | Revision_235/beta.c | U | 207 | 215 | 6 | 56245 | 58 | 202 | 75
235 | Revision_235/beta.c | U | 154 | 158 | 5 | 56246 | 59 | 203 | 75
235 | Revision_235/beta.c | U | 167 | 171 | 5 | 56247 | 59 | 204 | 75
235 | Revision_235/beta.c | U | 160 | 164 | 5 | 56248 | 59 | 206 | 75
235 | Revision_235/beta.c | U | 280 | 284 | 5 | 56249 | 59 | 205 | 75
235 | Revision_235/beta.c | U | 274 | 278 | 5 | 56250 | 59 | 207 | 75
235 | Revision_235/sql.c | U | 397 | 403 | 6 | 56251 | 60 | 310 | 75
235 | Revision_235/fortran.c | U | 915 | 919 | 6 | 56252 | 60 | 312 | 75
235 | Revision_235/sql.c | U | 568 | 574 | 6 | 56253 | 60 | 311 | 75
235 | Revision_235/sql.c | U | 438 | 446 | 8 | 56254 | 61 | 313 | 71
235 | Revision_235/fortran.c | U | 1322 | 1328 | 8 | 56255 | 61 | 314 | 71
235 | Revision_235/parse.c | U | 98 | 108 | 11 | 56256 | 62 | 208 | 88
235 | Revision_235/parse.c | U | 111 | 122 | 11 | 56257 | 62 | 209 | 88
235 | Revision_235/readtags.c | U | 545 | 551 | 6 | 56258 | 63 | 239 | 100
235 | Revision_235/readtags.c | U | 553 | 559 | 6 | 56259 | 63 | 240 | 100
235 | Revision_235/readtags.c | U | 588 | 592 | 6 | 56260 | 64 | 123 | 75
235 | Revision_235/readtags.c | U | 643 | 649 | 6 | 56261 | 64 | 124 | 75
235 | Revision_235/readtags.c | U | 720 | 728 | 8 | 56262 | 65 | 210 | 83
235 | Revision_235/readtags.c | U | 775 | 783 | 8 | 56263 | 65 | 211 | 83
235 | Revision_235/readtags.c | U | 731 | 739 | 8 | 56264 | 65 | 212 | 83
235 | Revision_235/readtags.c | U | 742 | 747 | 6 | 56265 | 66 | 241 | 80
235 | Revision_235/readtags.c | U | 767 | 772 | 6 | 56266 | 66 | 242 | 80
235 | Revision_235/readtags.c | U | 759 | 764 | 6 | 56267 | 66 | 287 | 80
235 | Revision_235/fortran.c | U | 1017 | 1025 | 8 | 56268 | 67 | 214 | 83
235 | Revision_235/fortran.c | U | 1028 | 1037 | 8 | 56269 | 67 | 215 | 83
235 | Revision_235/fortran.c | U | 1109 | 1124 | 16 | 56270 | 68 | 216 | 92
235 | Revision_235/fortran.c | U | 1230 | 1244 | 16 | 56271 | 68 | 217 | 92
235 | Revision_235/fortran.c | U | 1365 | 1384 | 28 | 56272 | 69 | 218 | 73
235 | Revision_235/fortran.c | U | 1617 | 1633 | 28 | 56273 | 69 | 219 | 73
235 | Revision_235/fortran.c | U | 1434 | 1450 | 16 | 56274 | 70 | 220 | 85
235 | Revision_235/fortran.c | U | 1506 | 1520 | 16 | 56275 | 70 | 221 | 85
235 | Revision_235/asm.c | U | 245 | 258 | 11 | 56276 | 71 | 289 | 77
235 | Revision_235/asm.c | U | 263 | 273 | 11 | 56277 | 71 | 279 | 77
235 | Revision_235/scheme.c | U | 70 | 78 | 8 | 56278 | 72 | 222 | 71
235 | Revision_235/scheme.c | U | 85 | 93 | 8 | 56279 | 72 | 223 | 71
235 | Revision_235/options.c | U | 358 | 364 | 6 | 56280 | 73 | 224 | 100
235 | Revision_235/options.c | U | 367 | 373 | 6 | 56281 | 73 | 225 | 100
235 | Revision_235/options.c | U | 518 | 524 | 7 | 56282 | 74 | 226 | 100
235 | Revision_235/options.c | U | 536 | 542 | 7 | 56283 | 74 | 227 | 100
235 | Revision_235/options.c | U | 545 | 551 | 7 | 56284 | 74 | 228 | 100
235 | Revision_235/options.c | U | 527 | 533 | 7 | 56285 | 74 | 229 | 100
235 | Revision_235/options.c | U | 745 | 749 | 5 | 56286 | 75 | 230 | 75
235 | Revision_235/options.c | U | 771 | 775 | 5 | 56287 | 75 | 231 | 75
235 | Revision_235/options.c | U | 863 | 867 | 5 | 56288 | 76 | 232 | 100
235 | Revision_235/options.c | U | 869 | 873 | 5 | 56289 | 76 | 233 | 100
235 | Revision_235/options.c | U | 1016 | 1021 | 6 | 56290 | 77 | 234 | 80
235 | Revision_235/options.c | U | 1158 | 1163 | 6 | 56291 | 77 | 235 | 80
235 | Revision_235/options.c | U | 1300 | 1317 | 15 | 56292 | 78 | 236 | 91
235 | Revision_235/options.c | U | 1338 | 1355 | 15 | 56293 | 78 | 237 | 91
