Revision | filePath | changeType | StartLine | EndLine | Nlines | cloneId | classId | globalCloneId | Similarity
239 | Revision_239/lisp.c | U | 91 | 97 | 7 | 57095 | 1 | 1 | 83
239 | Revision_239/lisp.c | U | 112 | 118 | 7 | 57096 | 1 | 2 | 83
239 | Revision_239/lisp.c | U | 127 | 137 | 9 | 57097 | 2 | 3 | 70
239 | Revision_239/ruby.c | U | 167 | 175 | 9 | 57098 | 2 | 19 | 70
239 | Revision_239/scheme.c | U | 99 | 109 | 9 | 57099 | 2 | 16 | 70
239 | Revision_239/php.c | U | 98 | 106 | 9 | 57100 | 2 | 22 | 70
239 | Revision_239/vim.c | U | 137 | 145 | 9 | 57101 | 2 | 20 | 70
239 | Revision_239/lua.c | U | 123 | 131 | 9 | 57102 | 2 | 243 | 70
239 | Revision_239/pascal.c | U | 255 | 263 | 9 | 57103 | 2 | 14 | 70
239 | Revision_239/c.c | U | 2497 | 2512 | 9 | 57104 | 2 | 8 | 70
239 | Revision_239/c.c | U | 2515 | 2524 | 9 | 57105 | 2 | 12 | 70
239 | Revision_239/fortran.c | U | 1676 | 1691 | 9 | 57106 | 2 | 21 | 70
239 | Revision_239/beta.c | U | 313 | 321 | 9 | 57107 | 2 | 5 | 70
239 | Revision_239/sql.c | U | 617 | 626 | 9 | 57108 | 2 | 296 | 70
239 | Revision_239/python.c | U | 212 | 220 | 9 | 57109 | 2 | 13 | 70
239 | Revision_239/c.c | U | 2485 | 2494 | 9 | 57110 | 2 | 15 | 70
239 | Revision_239/eiffel.c | U | 1222 | 1231 | 9 | 57111 | 2 | 9 | 70
239 | Revision_239/c.c | U | 2527 | 2536 | 9 | 57112 | 2 | 315 | 70
239 | Revision_239/asp.c | U | 181 | 189 | 9 | 57113 | 2 | 4 | 70
239 | Revision_239/perl.c | U | 109 | 117 | 9 | 57114 | 2 | 7 | 70
239 | Revision_239/cobol.c | U | 40 | 48 | 9 | 57115 | 2 | 320 | 70
239 | Revision_239/tcl.c | U | 106 | 114 | 9 | 57116 | 2 | 18 | 70
239 | Revision_239/awk.c | U | 71 | 79 | 9 | 57117 | 2 | 10 | 70
239 | Revision_239/sh.c | U | 98 | 108 | 9 | 57118 | 2 | 17 | 70
239 | Revision_239/verilog.c | U | 160 | 168 | 9 | 57119 | 2 | 283 | 70
239 | Revision_239/make.c | U | 91 | 101 | 9 | 57120 | 2 | 25 | 70
239 | Revision_239/yacc.c | U | 31 | 38 | 9 | 57121 | 2 | 23 | 70
239 | Revision_239/slang.c | U | 34 | 41 | 9 | 57122 | 2 | 24 | 70
239 | Revision_239/rexx.c | U | 30 | 37 | 9 | 57123 | 2 | 26 | 70
239 | Revision_239/asm.c | U | 368 | 387 | 9 | 57124 | 2 | 274 | 70
239 | Revision_239/keyword.c | U | 107 | 116 | 9 | 57125 | 2 | 27 | 70
239 | Revision_239/c.c | U | 1970 | 1975 | 9 | 57126 | 2 | 28 | 70
239 | Revision_239/options.c | U | 601 | 607 | 9 | 57127 | 2 | 29 | 70
239 | Revision_239/options.c | U | 508 | 513 | 9 | 57128 | 2 | 30 | 70
239 | Revision_239/c.c | U | 1999 | 2007 | 9 | 57129 | 2 | 31 | 70
239 | Revision_239/options.c | U | 1182 | 1192 | 9 | 57130 | 2 | 32 | 70
239 | Revision_239/asp.c | U | 70 | 89 | 15 | 57131 | 3 | 33 | 100
239 | Revision_239/asp.c | U | 93 | 112 | 15 | 57132 | 3 | 34 | 100
239 | Revision_239/asp.c | U | 116 | 132 | 13 | 57133 | 4 | 35 | 90
239 | Revision_239/php.c | U | 78 | 91 | 13 | 57134 | 4 | 40 | 90
239 | Revision_239/asp.c | U | 155 | 170 | 13 | 57135 | 4 | 36 | 90
239 | Revision_239/ruby.c | U | 79 | 94 | 13 | 57136 | 4 | 42 | 90
239 | Revision_239/ruby.c | U | 96 | 111 | 13 | 57137 | 4 | 42 | 90
239 | Revision_239/asp.c | U | 136 | 151 | 13 | 57138 | 4 | 36 | 90
239 | Revision_239/args.c | U | 85 | 92 | 8 | 57139 | 5 | 43 | 100
239 | Revision_239/args.c | U | 159 | 166 | 8 | 57140 | 5 | 44 | 100
239 | Revision_239/args.c | U | 181 | 189 | 9 | 57141 | 6 | 45 | 75
239 | Revision_239/args.c | U | 192 | 199 | 9 | 57142 | 6 | 46 | 75
239 | Revision_239/args.c | U | 202 | 210 | 9 | 57143 | 6 | 47 | 75
239 | Revision_239/args.c | U | 265 | 271 | 6 | 57144 | 7 | 48 | 80
239 | Revision_239/options.c | U | 554 | 559 | 6 | 57145 | 7 | 49 | 80
239 | Revision_239/fortran.c | U | 781 | 786 | 6 | 57146 | 7 | 50 | 80
239 | Revision_239/c.c | U | 473 | 479 | 7 | 57147 | 8 | 51 | 80
239 | Revision_239/vstring.c | U | 67 | 74 | 7 | 57148 | 8 | 52 | 80
239 | Revision_239/c.c | U | 482 | 489 | 6 | 57149 | 9 | 53 | 80
239 | Revision_239/c.c | U | 492 | 499 | 6 | 57150 | 9 | 54 | 80
239 | Revision_239/c.c | U | 601 | 617 | 17 | 57151 | 10 | 55 | 70
239 | Revision_239/c.c | U | 1028 | 1045 | 17 | 57152 | 10 | 57 | 70
239 | Revision_239/c.c | U | 620 | 637 | 17 | 57153 | 10 | 60 | 70
239 | Revision_239/fortran.c | U | 1395 | 1411 | 17 | 57154 | 10 | 59 | 70
239 | Revision_239/c.c | U | 1102 | 1116 | 17 | 57155 | 10 | 56 | 70
239 | Revision_239/fortran.c | U | 931 | 949 | 17 | 57156 | 10 | 58 | 70
239 | Revision_239/fortran.c | U | 1398 | 1409 | 17 | 57157 | 10 | 65 | 70
239 | Revision_239/c.c | U | 2294 | 2313 | 17 | 57158 | 10 | 61 | 70
239 | Revision_239/eiffel.c | U | 905 | 947 | 17 | 57159 | 10 | 248 | 70
239 | Revision_239/c.c | U | 604 | 615 | 14 | 57160 | 11 | 71 | 76
239 | Revision_239/c.c | U | 2296 | 2310 | 14 | 57161 | 11 | 64 | 76
239 | Revision_239/c.c | U | 654 | 674 | 20 | 57162 | 12 | 72 | 73
239 | Revision_239/c.c | U | 749 | 757 | 20 | 57163 | 12 | 73 | 73
239 | Revision_239/c.c | U | 684 | 690 | 8 | 57164 | 13 | 74 | 71
239 | Revision_239/options.c | U | 451 | 458 | 8 | 57165 | 13 | 75 | 71
239 | Revision_239/c.c | U | 713 | 717 | 5 | 57166 | 14 | 76 | 75
239 | Revision_239/fortran.c | U | 1438 | 1442 | 5 | 57167 | 14 | 79 | 75
239 | Revision_239/fortran.c | U | 1307 | 1312 | 5 | 57168 | 14 | 78 | 75
239 | Revision_239/sql.c | U | 484 | 488 | 5 | 57169 | 14 | 297 | 75
239 | Revision_239/eiffel.c | U | 673 | 677 | 5 | 57170 | 14 | 249 | 75
239 | Revision_239/c.c | U | 1894 | 1898 | 5 | 57171 | 14 | 80 | 75
239 | Revision_239/fortran.c | U | 1163 | 1167 | 5 | 57172 | 14 | 286 | 75
239 | Revision_239/eiffel.c | U | 963 | 967 | 5 | 57173 | 14 | 269 | 75
239 | Revision_239/fortran.c | U | 1118 | 1122 | 5 | 57174 | 14 | 81 | 75
239 | Revision_239/fortran.c | U | 1146 | 1151 | 5 | 57175 | 14 | 84 | 75
239 | Revision_239/fortran.c | U | 1127 | 1131 | 5 | 57176 | 14 | 85 | 75
239 | Revision_239/eiffel.c | U | 1014 | 1018 | 5 | 57177 | 14 | 269 | 75
239 | Revision_239/eiffel.c | U | 874 | 878 | 5 | 57178 | 14 | 269 | 75
239 | Revision_239/sql.c | U | 423 | 427 | 5 | 57179 | 14 | 298 | 75
239 | Revision_239/c.c | U | 2346 | 2350 | 5 | 57180 | 14 | 86 | 75
239 | Revision_239/sql.c | U | 553 | 557 | 5 | 57181 | 14 | 299 | 75
239 | Revision_239/fortran.c | U | 1238 | 1242 | 5 | 57182 | 14 | 83 | 75
239 | Revision_239/eiffel.c | U | 660 | 664 | 5 | 57183 | 14 | 250 | 75
239 | Revision_239/sql.c | U | 336 | 340 | 5 | 57184 | 14 | 300 | 75
239 | Revision_239/readtags.c | U | 147 | 151 | 5 | 57185 | 14 | 87 | 75
239 | Revision_239/options.c | U | 803 | 807 | 5 | 57186 | 14 | 89 | 75
239 | Revision_239/readtags.c | U | 458 | 462 | 5 | 57187 | 14 | 90 | 75
239 | Revision_239/keyword.c | U | 185 | 189 | 5 | 57188 | 14 | 91 | 75
239 | Revision_239/ruby.c | U | 136 | 140 | 5 | 57189 | 14 | 19 | 75
239 | Revision_239/fortran.c | U | 467 | 471 | 5 | 57190 | 14 | 95 | 75
239 | Revision_239/c.c | U | 2409 | 2414 | 5 | 57191 | 14 | 94 | 75
239 | Revision_239/eiffel.c | U | 1033 | 1037 | 5 | 57192 | 14 | 151 | 75
239 | Revision_239/eiffel.c | U | 848 | 853 | 5 | 57193 | 14 | 151 | 75
239 | Revision_239/strlist.c | U | 134 | 138 | 5 | 57194 | 14 | 126 | 75
239 | Revision_239/c.c | U | 1941 | 1945 | 5 | 57195 | 14 | 125 | 75
239 | Revision_239/vstring.c | U | 35 | 40 | 5 | 57196 | 14 | 98 | 75
239 | Revision_239/c.c | U | 1960 | 1967 | 5 | 57197 | 14 | 244 | 75
239 | Revision_239/options.c | U | 495 | 499 | 5 | 57198 | 14 | 97 | 75
239 | Revision_239/eiffel.c | U | 1069 | 1078 | 5 | 57199 | 14 | 101 | 75
239 | Revision_239/fortran.c | U | 857 | 861 | 5 | 57200 | 14 | 128 | 75
239 | Revision_239/options.c | U | 649 | 653 | 5 | 57201 | 14 | 127 | 75
239 | Revision_239/options.c | U | 930 | 934 | 5 | 57202 | 14 | 129 | 75
239 | Revision_239/c.c | U | 723 | 743 | 42 | 57203 | 15 | 103 | 79
239 | Revision_239/c.c | U | 821 | 839 | 42 | 57204 | 15 | 103 | 79
239 | Revision_239/c.c | U | 761 | 780 | 42 | 57205 | 15 | 316 | 79
239 | Revision_239/c.c | U | 783 | 792 | 10 | 57206 | 16 | 317 | 88
239 | Revision_239/c.c | U | 795 | 804 | 10 | 57207 | 16 | 318 | 88
239 | Revision_239/c.c | U | 1031 | 1043 | 13 | 57208 | 17 | 63 | 75
239 | Revision_239/c.c | U | 1104 | 1115 | 13 | 57209 | 17 | 69 | 75
239 | Revision_239/c.c | U | 1224 | 1231 | 7 | 57210 | 18 | 108 | 80
239 | Revision_239/c.c | U | 1233 | 1240 | 7 | 57211 | 18 | 109 | 80
239 | Revision_239/c.c | U | 1254 | 1261 | 7 | 57212 | 19 | 110 | 83
239 | Revision_239/c.c | U | 1264 | 1271 | 7 | 57213 | 19 | 111 | 83
239 | Revision_239/fortran.c | U | 500 | 506 | 7 | 57214 | 19 | 112 | 83
239 | Revision_239/c.c | U | 1320 | 1329 | 9 | 57215 | 20 | 294 | 71
239 | Revision_239/eiffel.c | U | 556 | 564 | 9 | 57216 | 20 | 295 | 71
239 | Revision_239/c.c | U | 1323 | 1327 | 5 | 57217 | 21 | 294 | 75
239 | Revision_239/readtags.c | U | 506 | 510 | 5 | 57218 | 21 | 90 | 75
239 | Revision_239/readtags.c | U | 683 | 687 | 5 | 57219 | 21 | 99 | 75
239 | Revision_239/c.c | U | 1635 | 1639 | 5 | 57220 | 22 | 118 | 75
239 | Revision_239/eiffel.c | U | 419 | 423 | 5 | 57221 | 22 | 119 | 75
239 | Revision_239/fortran.c | U | 667 | 671 | 5 | 57222 | 22 | 120 | 75
239 | Revision_239/c.c | U | 1782 | 1786 | 5 | 57223 | 23 | 121 | 75
239 | Revision_239/get.c | U | 588 | 592 | 5 | 57224 | 23 | 122 | 75
239 | Revision_239/c.c | U | 1922 | 1929 | 8 | 57225 | 24 | 28 | 71
239 | Revision_239/eiffel.c | U | 1066 | 1079 | 8 | 57226 | 24 | 156 | 71
239 | Revision_239/fortran.c | U | 1537 | 1544 | 8 | 57227 | 24 | 153 | 71
239 | Revision_239/c.c | U | 2365 | 2370 | 6 | 57228 | 25 | 94 | 80
239 | Revision_239/sql.c | U | 500 | 505 | 6 | 57229 | 25 | 301 | 80
239 | Revision_239/c.c | U | 2449 | 2458 | 9 | 57230 | 26 | 130 | 71
239 | Revision_239/sql.c | U | 191 | 200 | 9 | 57231 | 26 | 302 | 71
239 | Revision_239/eiffel.c | U | 215 | 224 | 9 | 57232 | 26 | 131 | 71
239 | Revision_239/fortran.c | U | 310 | 319 | 9 | 57233 | 26 | 132 | 71
239 | Revision_239/asm.c | U | 121 | 129 | 9 | 57234 | 26 | 288 | 71
239 | Revision_239/eiffel.c | U | 287 | 301 | 10 | 57235 | 27 | 133 | 71
239 | Revision_239/sql.c | U | 227 | 241 | 10 | 57236 | 27 | 303 | 71
239 | Revision_239/beta.c | U | 71 | 82 | 10 | 57237 | 27 | 134 | 71
239 | Revision_239/parse.c | U | 46 | 57 | 10 | 57238 | 27 | 135 | 71
239 | Revision_239/eiffel.c | U | 289 | 299 | 10 | 57239 | 27 | 136 | 71
239 | Revision_239/eiffel.c | U | 367 | 376 | 8 | 57240 | 28 | 304 | 100
239 | Revision_239/sql.c | U | 248 | 255 | 8 | 57241 | 28 | 305 | 100
239 | Revision_239/eiffel.c | U | 382 | 407 | 23 | 57242 | 29 | 139 | 75
239 | Revision_239/fortran.c | U | 625 | 655 | 23 | 57243 | 29 | 140 | 75
239 | Revision_239/eiffel.c | U | 410 | 435 | 20 | 57244 | 30 | 141 | 94
239 | Revision_239/fortran.c | U | 658 | 683 | 20 | 57245 | 30 | 142 | 94
239 | Revision_239/eiffel.c | U | 547 | 551 | 5 | 57246 | 31 | 143 | 75
239 | Revision_239/fortran.c | U | 836 | 840 | 5 | 57247 | 31 | 145 | 75
239 | Revision_239/fortran.c | U | 647 | 651 | 5 | 57248 | 31 | 144 | 75
239 | Revision_239/eiffel.c | U | 572 | 584 | 11 | 57249 | 32 | 114 | 88
239 | Revision_239/eiffel.c | U | 587 | 599 | 11 | 57250 | 32 | 117 | 88
239 | Revision_239/fortran.c | U | 710 | 721 | 11 | 57251 | 32 | 116 | 88
239 | Revision_239/sql.c | U | 277 | 288 | 11 | 57252 | 32 | 306 | 88
239 | Revision_239/eiffel.c | U | 602 | 612 | 9 | 57253 | 33 | 146 | 87
239 | Revision_239/asm.c | U | 132 | 141 | 9 | 57254 | 33 | 270 | 87
239 | Revision_239/fortran.c | U | 748 | 758 | 9 | 57255 | 33 | 147 | 87
239 | Revision_239/eiffel.c | U | 720 | 727 | 8 | 57256 | 34 | 148 | 100
239 | Revision_239/fortran.c | U | 878 | 885 | 8 | 57257 | 34 | 149 | 100
239 | Revision_239/eiffel.c | U | 836 | 854 | 14 | 57258 | 35 | 251 | 72
239 | Revision_239/eiffel.c | U | 858 | 880 | 14 | 57259 | 35 | 252 | 72
239 | Revision_239/eiffel.c | U | 1008 | 1021 | 14 | 57260 | 35 | 253 | 72
239 | Revision_239/eiffel.c | U | 1113 | 1137 | 22 | 57261 | 36 | 307 | 70
239 | Revision_239/sql.c | U | 454 | 479 | 22 | 57262 | 36 | 308 | 70
239 | Revision_239/eiffel.c | U | 1176 | 1188 | 10 | 57263 | 37 | 157 | 100
239 | Revision_239/fortran.c | U | 724 | 735 | 10 | 57264 | 37 | 158 | 100
239 | Revision_239/sql.c | U | 203 | 214 | 10 | 57265 | 37 | 309 | 100
239 | Revision_239/verilog.c | U | 147 | 153 | 7 | 57266 | 38 | 284 | 83
239 | Revision_239/lua.c | U | 81 | 88 | 7 | 57267 | 38 | 285 | 83
239 | Revision_239/vim.c | U | 54 | 58 | 5 | 57268 | 39 | 290 | 100
239 | Revision_239/vim.c | U | 60 | 64 | 5 | 57269 | 39 | 291 | 100
239 | Revision_239/vim.c | U | 89 | 104 | 16 | 57270 | 40 | 159 | 76
239 | Revision_239/vim.c | U | 112 | 131 | 16 | 57271 | 40 | 160 | 76
239 | Revision_239/python.c | U | 105 | 109 | 5 | 57272 | 41 | 278 | 75
239 | Revision_239/options.c | U | 726 | 731 | 5 | 57273 | 41 | 280 | 75
239 | Revision_239/python.c | U | 113 | 122 | 10 | 57274 | 42 | 292 | 75
239 | Revision_239/tcl.c | U | 44 | 54 | 10 | 57275 | 42 | 293 | 75
239 | Revision_239/perl.c | U | 56 | 60 | 5 | 57276 | 43 | 163 | 75
239 | Revision_239/pascal.c | U | 133 | 137 | 5 | 57277 | 43 | 164 | 75
239 | Revision_239/sort.c | U | 123 | 128 | 5 | 57278 | 44 | 281 | 100
239 | Revision_239/sort.c | U | 131 | 136 | 5 | 57279 | 44 | 282 | 100
239 | Revision_239/strlist.c | U | 32 | 38 | 8 | 57280 | 45 | 165 | 71
239 | Revision_239/vstring.c | U | 77 | 87 | 8 | 57281 | 45 | 166 | 71
239 | Revision_239/strlist.c | U | 147 | 154 | 8 | 57282 | 46 | 167 | 85
239 | Revision_239/strlist.c | U | 158 | 165 | 8 | 57283 | 46 | 168 | 85
239 | Revision_239/strlist.c | U | 169 | 176 | 8 | 57284 | 46 | 169 | 85
239 | Revision_239/pascal.c | U | 149 | 153 | 6 | 57285 | 47 | 319 | 75
239 | Revision_239/pascal.c | U | 175 | 181 | 6 | 57286 | 47 | 170 | 75
239 | Revision_239/pascal.c | U | 183 | 189 | 6 | 57287 | 47 | 171 | 75
239 | Revision_239/awk.c | U | 47 | 65 | 17 | 57288 | 48 | 172 | 73
239 | Revision_239/php.c | U | 55 | 75 | 17 | 57289 | 48 | 173 | 73
239 | Revision_239/get.c | U | 297 | 309 | 10 | 57290 | 49 | 174 | 70
239 | Revision_239/read.c | U | 214 | 225 | 10 | 57291 | 49 | 176 | 70
239 | Revision_239/parse.c | U | 563 | 577 | 10 | 57292 | 49 | 175 | 70
239 | Revision_239/get.c | U | 461 | 472 | 10 | 57293 | 50 | 177 | 100
239 | Revision_239/get.c | U | 478 | 489 | 10 | 57294 | 50 | 178 | 100
239 | Revision_239/get.c | U | 535 | 540 | 6 | 57295 | 51 | 180 | 80
239 | Revision_239/read.c | U | 415 | 419 | 6 | 57296 | 51 | 181 | 80
239 | Revision_239/routines.c | U | 221 | 228 | 6 | 57297 | 52 | 254 | 80
239 | Revision_239/routines.c | U | 231 | 238 | 6 | 57298 | 52 | 255 | 80
239 | Revision_239/routines.c | U | 272 | 279 | 8 | 57299 | 53 | 256 | 83
239 | Revision_239/readtags.c | U | 119 | 126 | 8 | 57300 | 53 | 123 | 83
239 | Revision_239/readtags.c | U | 109 | 116 | 8 | 57301 | 53 | 238 | 83
239 | Revision_239/routines.c | U | 282 | 289 | 8 | 57302 | 53 | 257 | 83
239 | Revision_239/routines.c | U | 306 | 310 | 5 | 57303 | 54 | 258 | 75
239 | Revision_239/vstring.c | U | 125 | 129 | 5 | 57304 | 54 | 188 | 75
239 | Revision_239/vstring.c | U | 118 | 122 | 5 | 57305 | 54 | 189 | 75
239 | Revision_239/routines.c | U | 313 | 319 | 6 | 57306 | 55 | 259 | 100
239 | Revision_239/routines.c | U | 322 | 328 | 6 | 57307 | 55 | 260 | 100
239 | Revision_239/routines.c | U | 333 | 340 | 8 | 57308 | 56 | 261 | 100
239 | Revision_239/routines.c | U | 345 | 352 | 8 | 57309 | 56 | 262 | 100
239 | Revision_239/routines.c | U | 469 | 482 | 5 | 57310 | 57 | 267 | 75
239 | Revision_239/routines.c | U | 543 | 566 | 5 | 57311 | 57 | 268 | 75
239 | Revision_239/beta.c | U | 136 | 143 | 6 | 57312 | 58 | 201 | 75
239 | Revision_239/beta.c | U | 207 | 215 | 6 | 57313 | 58 | 202 | 75
239 | Revision_239/beta.c | U | 154 | 158 | 5 | 57314 | 59 | 203 | 75
239 | Revision_239/beta.c | U | 274 | 278 | 5 | 57315 | 59 | 205 | 75
239 | Revision_239/beta.c | U | 167 | 171 | 5 | 57316 | 59 | 204 | 75
239 | Revision_239/beta.c | U | 280 | 284 | 5 | 57317 | 59 | 207 | 75
239 | Revision_239/beta.c | U | 160 | 164 | 5 | 57318 | 59 | 206 | 75
239 | Revision_239/sql.c | U | 397 | 403 | 6 | 57319 | 60 | 310 | 75
239 | Revision_239/sql.c | U | 568 | 574 | 6 | 57320 | 60 | 311 | 75
239 | Revision_239/fortran.c | U | 915 | 919 | 6 | 57321 | 60 | 312 | 75
239 | Revision_239/sql.c | U | 438 | 446 | 8 | 57322 | 61 | 313 | 71
239 | Revision_239/fortran.c | U | 1322 | 1328 | 8 | 57323 | 61 | 314 | 71
239 | Revision_239/parse.c | U | 98 | 108 | 11 | 57324 | 62 | 208 | 88
239 | Revision_239/parse.c | U | 111 | 122 | 11 | 57325 | 62 | 209 | 88
239 | Revision_239/readtags.c | U | 545 | 551 | 6 | 57326 | 63 | 239 | 100
239 | Revision_239/readtags.c | U | 553 | 559 | 6 | 57327 | 63 | 240 | 100
239 | Revision_239/readtags.c | U | 588 | 592 | 6 | 57328 | 64 | 123 | 75
239 | Revision_239/readtags.c | U | 643 | 649 | 6 | 57329 | 64 | 124 | 75
239 | Revision_239/readtags.c | U | 720 | 728 | 8 | 57330 | 65 | 210 | 83
239 | Revision_239/readtags.c | U | 775 | 783 | 8 | 57331 | 65 | 211 | 83
239 | Revision_239/readtags.c | U | 731 | 739 | 8 | 57332 | 65 | 212 | 83
239 | Revision_239/readtags.c | U | 742 | 747 | 6 | 57333 | 66 | 241 | 80
239 | Revision_239/readtags.c | U | 767 | 772 | 6 | 57334 | 66 | 242 | 80
239 | Revision_239/readtags.c | U | 759 | 764 | 6 | 57335 | 66 | 287 | 80
239 | Revision_239/fortran.c | U | 1017 | 1025 | 8 | 57336 | 67 | 214 | 83
239 | Revision_239/fortran.c | U | 1028 | 1037 | 8 | 57337 | 67 | 215 | 83
239 | Revision_239/fortran.c | U | 1109 | 1124 | 16 | 57338 | 68 | 216 | 92
239 | Revision_239/fortran.c | U | 1230 | 1244 | 16 | 57339 | 68 | 217 | 92
239 | Revision_239/fortran.c | U | 1365 | 1384 | 28 | 57340 | 69 | 218 | 73
239 | Revision_239/fortran.c | U | 1617 | 1633 | 28 | 57341 | 69 | 219 | 73
239 | Revision_239/fortran.c | U | 1434 | 1450 | 16 | 57342 | 70 | 220 | 85
239 | Revision_239/fortran.c | U | 1506 | 1520 | 16 | 57343 | 70 | 221 | 85
239 | Revision_239/asm.c | U | 245 | 258 | 11 | 57344 | 71 | 289 | 77
239 | Revision_239/asm.c | U | 263 | 273 | 11 | 57345 | 71 | 279 | 77
239 | Revision_239/scheme.c | U | 70 | 78 | 8 | 57346 | 72 | 222 | 71
239 | Revision_239/scheme.c | U | 85 | 93 | 8 | 57347 | 72 | 223 | 71
239 | Revision_239/options.c | U | 358 | 364 | 6 | 57348 | 73 | 224 | 100
239 | Revision_239/options.c | U | 367 | 373 | 6 | 57349 | 73 | 225 | 100
239 | Revision_239/options.c | U | 518 | 524 | 7 | 57350 | 74 | 226 | 100
239 | Revision_239/options.c | U | 545 | 551 | 7 | 57351 | 74 | 227 | 100
239 | Revision_239/options.c | U | 536 | 542 | 7 | 57352 | 74 | 228 | 100
239 | Revision_239/options.c | U | 527 | 533 | 7 | 57353 | 74 | 229 | 100
239 | Revision_239/options.c | U | 745 | 749 | 5 | 57354 | 75 | 230 | 75
239 | Revision_239/options.c | U | 771 | 775 | 5 | 57355 | 75 | 231 | 75
239 | Revision_239/options.c | U | 863 | 867 | 5 | 57356 | 76 | 232 | 100
239 | Revision_239/options.c | U | 869 | 873 | 5 | 57357 | 76 | 233 | 100
239 | Revision_239/options.c | U | 1016 | 1021 | 6 | 57358 | 77 | 234 | 80
239 | Revision_239/options.c | U | 1158 | 1163 | 6 | 57359 | 77 | 235 | 80
239 | Revision_239/options.c | U | 1300 | 1317 | 15 | 57360 | 78 | 236 | 91
239 | Revision_239/options.c | U | 1338 | 1355 | 15 | 57361 | 78 | 237 | 91
