Revision | filePath | changeType | StartLine | EndLine | Nlines | cloneId | classId | globalCloneId | Similarity
250 | Revision_250/lisp.c | U | 91 | 97 | 7 | 60145 | 1 | 1 | 83
250 | Revision_250/lisp.c | U | 112 | 118 | 7 | 60146 | 1 | 2 | 83
250 | Revision_250/lisp.c | U | 127 | 137 | 9 | 60147 | 2 | 3 | 70
250 | Revision_250/c.c | U | 2584 | 2593 | 9 | 60148 | 2 | 12 | 70
250 | Revision_250/perl.c | U | 109 | 117 | 9 | 60149 | 2 | 7 | 70
250 | Revision_250/c.c | U | 2596 | 2611 | 9 | 60150 | 2 | 8 | 70
250 | Revision_250/fortran.c | U | 1676 | 1691 | 9 | 60151 | 2 | 21 | 70
250 | Revision_250/c.c | U | 2614 | 2623 | 9 | 60152 | 2 | 15 | 70
250 | Revision_250/pascal.c | U | 255 | 263 | 9 | 60153 | 2 | 14 | 70
250 | Revision_250/awk.c | U | 71 | 79 | 9 | 60154 | 2 | 10 | 70
250 | Revision_250/c.c | U | 2626 | 2635 | 9 | 60155 | 2 | 315 | 70
250 | Revision_250/ruby.c | U | 167 | 175 | 9 | 60156 | 2 | 19 | 70
250 | Revision_250/python.c | U | 212 | 220 | 9 | 60157 | 2 | 13 | 70
250 | Revision_250/sql.c | U | 617 | 626 | 9 | 60158 | 2 | 296 | 70
250 | Revision_250/beta.c | U | 313 | 321 | 9 | 60159 | 2 | 5 | 70
250 | Revision_250/vim.c | U | 137 | 145 | 9 | 60160 | 2 | 20 | 70
250 | Revision_250/asp.c | U | 181 | 189 | 9 | 60161 | 2 | 4 | 70
250 | Revision_250/lua.c | U | 123 | 131 | 9 | 60162 | 2 | 243 | 70
250 | Revision_250/verilog.c | U | 160 | 168 | 9 | 60163 | 2 | 283 | 70
250 | Revision_250/eiffel.c | U | 1222 | 1231 | 9 | 60164 | 2 | 9 | 70
250 | Revision_250/c.c | U | 2638 | 2647 | 9 | 60165 | 2 | 330 | 70
250 | Revision_250/cobol.c | U | 40 | 48 | 9 | 60166 | 2 | 320 | 70
250 | Revision_250/tcl.c | U | 106 | 114 | 9 | 60167 | 2 | 18 | 70
250 | Revision_250/sml.c | U | 192 | 200 | 9 | 60168 | 2 | 321 | 70
250 | Revision_250/php.c | U | 98 | 106 | 9 | 60169 | 2 | 22 | 70
250 | Revision_250/scheme.c | U | 99 | 109 | 9 | 60170 | 2 | 16 | 70
250 | Revision_250/sh.c | U | 98 | 108 | 9 | 60171 | 2 | 17 | 70
250 | Revision_250/asm.c | U | 368 | 387 | 9 | 60172 | 2 | 274 | 70
250 | Revision_250/make.c | U | 91 | 101 | 9 | 60173 | 2 | 25 | 70
250 | Revision_250/rexx.c | U | 30 | 37 | 9 | 60174 | 2 | 26 | 70
250 | Revision_250/slang.c | U | 34 | 41 | 9 | 60175 | 2 | 24 | 70
250 | Revision_250/yacc.c | U | 31 | 38 | 9 | 60176 | 2 | 23 | 70
250 | Revision_250/keyword.c | U | 107 | 116 | 9 | 60177 | 2 | 27 | 70
250 | Revision_250/options.c | U | 601 | 607 | 9 | 60178 | 2 | 29 | 70
250 | Revision_250/c.c | U | 2050 | 2055 | 9 | 60179 | 2 | 28 | 70
250 | Revision_250/c.c | U | 2079 | 2087 | 9 | 60180 | 2 | 31 | 70
250 | Revision_250/options.c | U | 508 | 513 | 9 | 60181 | 2 | 30 | 70
250 | Revision_250/options.c | U | 1182 | 1192 | 9 | 60182 | 2 | 32 | 70
250 | Revision_250/asp.c | U | 70 | 89 | 15 | 60183 | 3 | 33 | 100
250 | Revision_250/asp.c | U | 93 | 112 | 15 | 60184 | 3 | 34 | 100
250 | Revision_250/asp.c | U | 116 | 132 | 13 | 60185 | 4 | 35 | 90
250 | Revision_250/asp.c | U | 136 | 151 | 13 | 60186 | 4 | 36 | 90
250 | Revision_250/ruby.c | U | 79 | 94 | 13 | 60187 | 4 | 42 | 90
250 | Revision_250/ruby.c | U | 96 | 111 | 13 | 60188 | 4 | 42 | 90
250 | Revision_250/php.c | U | 78 | 91 | 13 | 60189 | 4 | 40 | 90
250 | Revision_250/asp.c | U | 155 | 170 | 13 | 60190 | 4 | 36 | 90
250 | Revision_250/args.c | U | 85 | 92 | 8 | 60191 | 5 | 43 | 100
250 | Revision_250/args.c | U | 159 | 166 | 8 | 60192 | 5 | 44 | 100
250 | Revision_250/args.c | U | 144 | 148 | 5 | 60193 | 6 | 322 | 75
250 | Revision_250/sml.c | U | 174 | 178 | 5 | 60194 | 6 | 323 | 75
250 | Revision_250/readtags.c | U | 702 | 706 | 5 | 60195 | 6 | 212 | 75
250 | Revision_250/args.c | U | 181 | 189 | 9 | 60196 | 7 | 45 | 75
250 | Revision_250/args.c | U | 202 | 210 | 9 | 60197 | 7 | 46 | 75
250 | Revision_250/args.c | U | 192 | 199 | 9 | 60198 | 7 | 47 | 75
250 | Revision_250/args.c | U | 265 | 271 | 6 | 60199 | 8 | 48 | 80
250 | Revision_250/options.c | U | 554 | 559 | 6 | 60200 | 8 | 49 | 80
250 | Revision_250/fortran.c | U | 781 | 786 | 6 | 60201 | 8 | 50 | 80
250 | Revision_250/c.c | U | 507 | 513 | 7 | 60202 | 9 | 51 | 80
250 | Revision_250/vstring.c | U | 67 | 74 | 7 | 60203 | 9 | 52 | 80
250 | Revision_250/c.c | U | 516 | 523 | 6 | 60204 | 10 | 53 | 80
250 | Revision_250/c.c | U | 526 | 533 | 6 | 60205 | 10 | 54 | 80
250 | Revision_250/c.c | U | 635 | 651 | 16 | 60206 | 11 | 55 | 72
250 | Revision_250/c.c | U | 654 | 670 | 16 | 60207 | 11 | 60 | 72
250 | Revision_250/fortran.c | U | 1395 | 1411 | 16 | 60208 | 11 | 59 | 72
250 | Revision_250/c.c | U | 1094 | 1112 | 16 | 60209 | 11 | 57 | 72
250 | Revision_250/fortran.c | U | 931 | 949 | 16 | 60210 | 11 | 58 | 72
250 | Revision_250/c.c | U | 1171 | 1185 | 16 | 60211 | 11 | 56 | 72
250 | Revision_250/c.c | U | 2385 | 2404 | 16 | 60212 | 11 | 61 | 72
250 | Revision_250/c.c | U | 657 | 668 | 16 | 60213 | 11 | 63 | 72
250 | Revision_250/c.c | U | 1097 | 1110 | 16 | 60214 | 11 | 57 | 72
250 | Revision_250/eiffel.c | U | 905 | 947 | 16 | 60215 | 11 | 248 | 72
250 | Revision_250/c.c | U | 2387 | 2401 | 16 | 60216 | 11 | 64 | 72
250 | Revision_250/fortran.c | U | 1398 | 1409 | 16 | 60217 | 11 | 65 | 72
250 | Revision_250/c.c | U | 638 | 649 | 16 | 60218 | 11 | 71 | 72
250 | Revision_250/c.c | U | 687 | 707 | 20 | 60219 | 12 | 72 | 73
250 | Revision_250/c.c | U | 804 | 812 | 20 | 60220 | 12 | 73 | 73
250 | Revision_250/c.c | U | 717 | 723 | 8 | 60221 | 13 | 74 | 71
250 | Revision_250/options.c | U | 451 | 458 | 8 | 60222 | 13 | 75 | 71
250 | Revision_250/c.c | U | 746 | 750 | 5 | 60223 | 14 | 76 | 75
250 | Revision_250/c.c | U | 1974 | 1978 | 5 | 60224 | 14 | 80 | 75
250 | Revision_250/fortran.c | U | 1438 | 1442 | 5 | 60225 | 14 | 79 | 75
250 | Revision_250/eiffel.c | U | 673 | 677 | 5 | 60226 | 14 | 249 | 75
250 | Revision_250/fortran.c | U | 1163 | 1167 | 5 | 60227 | 14 | 286 | 75
250 | Revision_250/fortran.c | U | 1307 | 1312 | 5 | 60228 | 14 | 78 | 75
250 | Revision_250/sql.c | U | 484 | 488 | 5 | 60229 | 14 | 297 | 75
250 | Revision_250/readtags.c | U | 147 | 151 | 5 | 60230 | 14 | 87 | 75
250 | Revision_250/sql.c | U | 423 | 427 | 5 | 60231 | 14 | 298 | 75
250 | Revision_250/fortran.c | U | 1146 | 1151 | 5 | 60232 | 14 | 84 | 75
250 | Revision_250/eiffel.c | U | 874 | 878 | 5 | 60233 | 14 | 269 | 75
250 | Revision_250/sql.c | U | 553 | 557 | 5 | 60234 | 14 | 299 | 75
250 | Revision_250/eiffel.c | U | 1014 | 1018 | 5 | 60235 | 14 | 269 | 75
250 | Revision_250/fortran.c | U | 1238 | 1242 | 5 | 60236 | 14 | 81 | 75
250 | Revision_250/c.c | U | 2437 | 2441 | 5 | 60237 | 14 | 86 | 75
250 | Revision_250/eiffel.c | U | 963 | 967 | 5 | 60238 | 14 | 269 | 75
250 | Revision_250/fortran.c | U | 1127 | 1131 | 5 | 60239 | 14 | 85 | 75
250 | Revision_250/fortran.c | U | 1118 | 1122 | 5 | 60240 | 14 | 83 | 75
250 | Revision_250/eiffel.c | U | 660 | 664 | 5 | 60241 | 14 | 250 | 75
250 | Revision_250/sql.c | U | 336 | 340 | 5 | 60242 | 14 | 300 | 75
250 | Revision_250/c.c | U | 1671 | 1675 | 5 | 60243 | 14 | 121 | 75
250 | Revision_250/c.c | U | 1662 | 1666 | 5 | 60244 | 14 | 331 | 75
250 | Revision_250/vstring.c | U | 35 | 40 | 5 | 60245 | 14 | 98 | 75
250 | Revision_250/c.c | U | 2040 | 2047 | 5 | 60246 | 14 | 244 | 75
250 | Revision_250/options.c | U | 495 | 499 | 5 | 60247 | 14 | 97 | 75
250 | Revision_250/fortran.c | U | 467 | 471 | 5 | 60248 | 14 | 95 | 75
250 | Revision_250/eiffel.c | U | 1033 | 1037 | 5 | 60249 | 14 | 151 | 75
250 | Revision_250/c.c | U | 2502 | 2507 | 5 | 60250 | 14 | 94 | 75
250 | Revision_250/ruby.c | U | 136 | 140 | 5 | 60251 | 14 | 19 | 75
250 | Revision_250/eiffel.c | U | 848 | 853 | 5 | 60252 | 14 | 151 | 75
250 | Revision_250/readtags.c | U | 458 | 462 | 5 | 60253 | 14 | 90 | 75
250 | Revision_250/keyword.c | U | 185 | 189 | 5 | 60254 | 14 | 91 | 75
250 | Revision_250/options.c | U | 803 | 807 | 5 | 60255 | 14 | 89 | 75
250 | Revision_250/c.c | U | 2021 | 2025 | 5 | 60256 | 14 | 125 | 75
250 | Revision_250/strlist.c | U | 134 | 138 | 5 | 60257 | 14 | 126 | 75
250 | Revision_250/eiffel.c | U | 1069 | 1078 | 5 | 60258 | 14 | 101 | 75
250 | Revision_250/options.c | U | 1580 | 1584 | 5 | 60259 | 14 | 333 | 75
250 | Revision_250/options.c | U | 649 | 653 | 5 | 60260 | 14 | 127 | 75
250 | Revision_250/fortran.c | U | 857 | 861 | 5 | 60261 | 14 | 128 | 75
250 | Revision_250/options.c | U | 930 | 934 | 5 | 60262 | 14 | 129 | 75
250 | Revision_250/c.c | U | 756 | 776 | 43 | 60263 | 15 | 103 | 86
250 | Revision_250/c.c | U | 816 | 835 | 43 | 60264 | 15 | 316 | 86
250 | Revision_250/c.c | U | 882 | 901 | 43 | 60265 | 15 | 103 | 86
250 | Revision_250/c.c | U | 779 | 798 | 43 | 60266 | 15 | 332 | 86
250 | Revision_250/c.c | U | 838 | 849 | 12 | 60267 | 16 | 317 | 90
250 | Revision_250/c.c | U | 852 | 863 | 12 | 60268 | 16 | 318 | 90
250 | Revision_250/c.c | U | 1295 | 1302 | 7 | 60269 | 17 | 108 | 80
250 | Revision_250/c.c | U | 1304 | 1311 | 7 | 60270 | 17 | 109 | 80
250 | Revision_250/c.c | U | 1325 | 1332 | 7 | 60271 | 18 | 110 | 83
250 | Revision_250/fortran.c | U | 500 | 506 | 7 | 60272 | 18 | 112 | 83
250 | Revision_250/c.c | U | 1335 | 1342 | 7 | 60273 | 18 | 111 | 83
250 | Revision_250/c.c | U | 1391 | 1400 | 9 | 60274 | 19 | 294 | 71
250 | Revision_250/eiffel.c | U | 556 | 564 | 9 | 60275 | 19 | 295 | 71
250 | Revision_250/c.c | U | 1394 | 1398 | 5 | 60276 | 20 | 294 | 75
250 | Revision_250/readtags.c | U | 506 | 510 | 5 | 60277 | 20 | 90 | 75
250 | Revision_250/readtags.c | U | 683 | 687 | 5 | 60278 | 20 | 99 | 75
250 | Revision_250/c.c | U | 1715 | 1719 | 5 | 60279 | 21 | 118 | 75
250 | Revision_250/eiffel.c | U | 419 | 423 | 5 | 60280 | 21 | 119 | 75
250 | Revision_250/fortran.c | U | 667 | 671 | 5 | 60281 | 21 | 120 | 75
250 | Revision_250/c.c | U | 1862 | 1866 | 5 | 60282 | 22 | 121 | 75
250 | Revision_250/get.c | U | 588 | 592 | 5 | 60283 | 22 | 122 | 75
250 | Revision_250/c.c | U | 2002 | 2009 | 8 | 60284 | 23 | 28 | 71
250 | Revision_250/eiffel.c | U | 1066 | 1079 | 8 | 60285 | 23 | 156 | 71
250 | Revision_250/fortran.c | U | 1537 | 1544 | 8 | 60286 | 23 | 153 | 71
250 | Revision_250/c.c | U | 2458 | 2463 | 6 | 60287 | 24 | 94 | 80
250 | Revision_250/sql.c | U | 500 | 505 | 6 | 60288 | 24 | 301 | 80
250 | Revision_250/c.c | U | 2542 | 2551 | 9 | 60289 | 25 | 130 | 71
250 | Revision_250/eiffel.c | U | 215 | 224 | 9 | 60290 | 25 | 131 | 71
250 | Revision_250/sql.c | U | 191 | 200 | 9 | 60291 | 25 | 302 | 71
250 | Revision_250/fortran.c | U | 310 | 319 | 9 | 60292 | 25 | 132 | 71
250 | Revision_250/asm.c | U | 121 | 129 | 9 | 60293 | 25 | 288 | 71
250 | Revision_250/eiffel.c | U | 287 | 301 | 9 | 60294 | 26 | 133 | 71
250 | Revision_250/sql.c | U | 227 | 241 | 9 | 60295 | 26 | 303 | 71
250 | Revision_250/beta.c | U | 71 | 82 | 9 | 60296 | 26 | 134 | 71
250 | Revision_250/sml.c | U | 73 | 79 | 9 | 60297 | 26 | 324 | 71
250 | Revision_250/parse.c | U | 46 | 57 | 9 | 60298 | 26 | 135 | 71
250 | Revision_250/eiffel.c | U | 289 | 299 | 9 | 60299 | 26 | 136 | 71
250 | Revision_250/eiffel.c | U | 367 | 376 | 8 | 60300 | 27 | 304 | 100
250 | Revision_250/sql.c | U | 248 | 255 | 8 | 60301 | 27 | 305 | 100
250 | Revision_250/eiffel.c | U | 382 | 407 | 23 | 60302 | 28 | 139 | 75
250 | Revision_250/fortran.c | U | 625 | 655 | 23 | 60303 | 28 | 140 | 75
250 | Revision_250/eiffel.c | U | 410 | 435 | 20 | 60304 | 29 | 141 | 94
250 | Revision_250/fortran.c | U | 658 | 683 | 20 | 60305 | 29 | 142 | 94
250 | Revision_250/eiffel.c | U | 547 | 551 | 5 | 60306 | 30 | 143 | 75
250 | Revision_250/fortran.c | U | 836 | 840 | 5 | 60307 | 30 | 145 | 75
250 | Revision_250/fortran.c | U | 647 | 651 | 5 | 60308 | 30 | 144 | 75
250 | Revision_250/eiffel.c | U | 572 | 584 | 11 | 60309 | 31 | 114 | 88
250 | Revision_250/sql.c | U | 277 | 288 | 11 | 60310 | 31 | 306 | 88
250 | Revision_250/fortran.c | U | 710 | 721 | 11 | 60311 | 31 | 116 | 88
250 | Revision_250/eiffel.c | U | 587 | 599 | 11 | 60312 | 31 | 117 | 88
250 | Revision_250/eiffel.c | U | 602 | 612 | 9 | 60313 | 32 | 146 | 87
250 | Revision_250/fortran.c | U | 748 | 758 | 9 | 60314 | 32 | 147 | 87
250 | Revision_250/asm.c | U | 132 | 141 | 9 | 60315 | 32 | 270 | 87
250 | Revision_250/eiffel.c | U | 720 | 727 | 8 | 60316 | 33 | 148 | 100
250 | Revision_250/fortran.c | U | 878 | 885 | 8 | 60317 | 33 | 149 | 100
250 | Revision_250/eiffel.c | U | 836 | 854 | 14 | 60318 | 34 | 251 | 72
250 | Revision_250/eiffel.c | U | 858 | 880 | 14 | 60319 | 34 | 252 | 72
250 | Revision_250/eiffel.c | U | 1008 | 1021 | 14 | 60320 | 34 | 253 | 72
250 | Revision_250/eiffel.c | U | 1113 | 1137 | 22 | 60321 | 35 | 307 | 70
250 | Revision_250/sql.c | U | 454 | 479 | 22 | 60322 | 35 | 308 | 70
250 | Revision_250/eiffel.c | U | 1176 | 1188 | 10 | 60323 | 36 | 157 | 100
250 | Revision_250/fortran.c | U | 724 | 735 | 10 | 60324 | 36 | 158 | 100
250 | Revision_250/sql.c | U | 203 | 214 | 10 | 60325 | 36 | 309 | 100
250 | Revision_250/verilog.c | U | 147 | 153 | 7 | 60326 | 37 | 284 | 83
250 | Revision_250/lua.c | U | 81 | 88 | 7 | 60327 | 37 | 285 | 83
250 | Revision_250/vim.c | U | 54 | 58 | 5 | 60328 | 38 | 290 | 100
250 | Revision_250/vim.c | U | 60 | 64 | 5 | 60329 | 38 | 291 | 100
250 | Revision_250/vim.c | U | 89 | 104 | 16 | 60330 | 39 | 159 | 76
250 | Revision_250/vim.c | U | 112 | 131 | 16 | 60331 | 39 | 160 | 76
250 | Revision_250/python.c | U | 105 | 109 | 5 | 60332 | 40 | 278 | 75
250 | Revision_250/sml.c | U | 82 | 86 | 5 | 60333 | 40 | 325 | 75
250 | Revision_250/options.c | U | 726 | 731 | 5 | 60334 | 40 | 280 | 75
250 | Revision_250/python.c | U | 113 | 122 | 10 | 60335 | 41 | 292 | 75
250 | Revision_250/tcl.c | U | 44 | 54 | 10 | 60336 | 41 | 293 | 75
250 | Revision_250/python.c | U | 172 | 181 | 9 | 60337 | 42 | 326 | 85
250 | Revision_250/sml.c | U | 162 | 171 | 9 | 60338 | 42 | 327 | 85
250 | Revision_250/python.c | U | 200 | 205 | 6 | 60339 | 43 | 328 | 80
250 | Revision_250/sml.c | U | 180 | 185 | 6 | 60340 | 43 | 329 | 80
250 | Revision_250/perl.c | U | 56 | 60 | 5 | 60341 | 44 | 163 | 75
250 | Revision_250/pascal.c | U | 133 | 137 | 5 | 60342 | 44 | 164 | 75
250 | Revision_250/sort.c | U | 123 | 128 | 5 | 60343 | 45 | 281 | 100
250 | Revision_250/sort.c | U | 131 | 136 | 5 | 60344 | 45 | 282 | 100
250 | Revision_250/strlist.c | U | 32 | 38 | 8 | 60345 | 46 | 165 | 71
250 | Revision_250/vstring.c | U | 77 | 87 | 8 | 60346 | 46 | 166 | 71
250 | Revision_250/strlist.c | U | 147 | 154 | 8 | 60347 | 47 | 167 | 85
250 | Revision_250/strlist.c | U | 158 | 165 | 8 | 60348 | 47 | 168 | 85
250 | Revision_250/strlist.c | U | 169 | 176 | 8 | 60349 | 47 | 169 | 85
250 | Revision_250/pascal.c | U | 149 | 153 | 6 | 60350 | 48 | 319 | 75
250 | Revision_250/pascal.c | U | 183 | 189 | 6 | 60351 | 48 | 171 | 75
250 | Revision_250/pascal.c | U | 175 | 181 | 6 | 60352 | 48 | 170 | 75
250 | Revision_250/awk.c | U | 47 | 65 | 17 | 60353 | 49 | 172 | 73
250 | Revision_250/php.c | U | 55 | 75 | 17 | 60354 | 49 | 173 | 73
250 | Revision_250/get.c | U | 297 | 309 | 10 | 60355 | 50 | 174 | 70
250 | Revision_250/read.c | U | 214 | 225 | 10 | 60356 | 50 | 176 | 70
250 | Revision_250/parse.c | U | 563 | 577 | 10 | 60357 | 50 | 175 | 70
250 | Revision_250/get.c | U | 461 | 472 | 10 | 60358 | 51 | 177 | 100
250 | Revision_250/get.c | U | 478 | 489 | 10 | 60359 | 51 | 178 | 100
250 | Revision_250/get.c | U | 535 | 540 | 6 | 60360 | 52 | 180 | 80
250 | Revision_250/read.c | U | 415 | 419 | 6 | 60361 | 52 | 181 | 80
250 | Revision_250/routines.c | U | 224 | 231 | 6 | 60362 | 53 | 254 | 80
250 | Revision_250/routines.c | U | 234 | 241 | 6 | 60363 | 53 | 255 | 80
250 | Revision_250/routines.c | U | 275 | 282 | 8 | 60364 | 54 | 256 | 83
250 | Revision_250/routines.c | U | 285 | 292 | 8 | 60365 | 54 | 257 | 83
250 | Revision_250/readtags.c | U | 109 | 116 | 8 | 60366 | 54 | 123 | 83
250 | Revision_250/readtags.c | U | 119 | 126 | 8 | 60367 | 54 | 238 | 83
250 | Revision_250/routines.c | U | 309 | 313 | 5 | 60368 | 55 | 258 | 75
250 | Revision_250/vstring.c | U | 125 | 129 | 5 | 60369 | 55 | 188 | 75
250 | Revision_250/vstring.c | U | 118 | 122 | 5 | 60370 | 55 | 189 | 75
250 | Revision_250/routines.c | U | 316 | 322 | 6 | 60371 | 56 | 259 | 100
250 | Revision_250/routines.c | U | 325 | 331 | 6 | 60372 | 56 | 260 | 100
250 | Revision_250/routines.c | U | 336 | 343 | 8 | 60373 | 57 | 261 | 100
250 | Revision_250/routines.c | U | 348 | 355 | 8 | 60374 | 57 | 262 | 100
250 | Revision_250/routines.c | U | 472 | 485 | 5 | 60375 | 58 | 267 | 75
250 | Revision_250/routines.c | U | 546 | 569 | 5 | 60376 | 58 | 268 | 75
250 | Revision_250/beta.c | U | 136 | 143 | 6 | 60377 | 59 | 201 | 75
250 | Revision_250/beta.c | U | 207 | 215 | 6 | 60378 | 59 | 202 | 75
250 | Revision_250/beta.c | U | 154 | 158 | 5 | 60379 | 60 | 203 | 75
250 | Revision_250/beta.c | U | 274 | 278 | 5 | 60380 | 60 | 205 | 75
250 | Revision_250/beta.c | U | 167 | 171 | 5 | 60381 | 60 | 204 | 75
250 | Revision_250/beta.c | U | 160 | 164 | 5 | 60382 | 60 | 206 | 75
250 | Revision_250/beta.c | U | 280 | 284 | 5 | 60383 | 60 | 207 | 75
250 | Revision_250/sql.c | U | 397 | 403 | 6 | 60384 | 61 | 310 | 75
250 | Revision_250/sql.c | U | 568 | 574 | 6 | 60385 | 61 | 311 | 75
250 | Revision_250/fortran.c | U | 915 | 919 | 6 | 60386 | 61 | 312 | 75
250 | Revision_250/sql.c | U | 438 | 446 | 8 | 60387 | 62 | 313 | 71
250 | Revision_250/fortran.c | U | 1322 | 1328 | 8 | 60388 | 62 | 314 | 71
250 | Revision_250/parse.c | U | 98 | 108 | 11 | 60389 | 63 | 208 | 88
250 | Revision_250/parse.c | U | 111 | 122 | 11 | 60390 | 63 | 209 | 88
250 | Revision_250/readtags.c | U | 545 | 551 | 6 | 60391 | 64 | 239 | 100
250 | Revision_250/readtags.c | U | 553 | 559 | 6 | 60392 | 64 | 240 | 100
250 | Revision_250/readtags.c | U | 588 | 592 | 6 | 60393 | 65 | 123 | 75
250 | Revision_250/readtags.c | U | 643 | 649 | 6 | 60394 | 65 | 124 | 75
250 | Revision_250/readtags.c | U | 720 | 728 | 8 | 60395 | 66 | 210 | 83
250 | Revision_250/readtags.c | U | 775 | 783 | 8 | 60396 | 66 | 211 | 83
250 | Revision_250/readtags.c | U | 731 | 739 | 8 | 60397 | 66 | 212 | 83
250 | Revision_250/readtags.c | U | 742 | 747 | 6 | 60398 | 67 | 241 | 80
250 | Revision_250/readtags.c | U | 767 | 772 | 6 | 60399 | 67 | 242 | 80
250 | Revision_250/readtags.c | U | 759 | 764 | 6 | 60400 | 67 | 287 | 80
250 | Revision_250/fortran.c | U | 1017 | 1025 | 8 | 60401 | 68 | 214 | 83
250 | Revision_250/fortran.c | U | 1028 | 1037 | 8 | 60402 | 68 | 215 | 83
250 | Revision_250/fortran.c | U | 1109 | 1124 | 16 | 60403 | 69 | 216 | 92
250 | Revision_250/fortran.c | U | 1230 | 1244 | 16 | 60404 | 69 | 217 | 92
250 | Revision_250/fortran.c | U | 1365 | 1384 | 28 | 60405 | 70 | 218 | 73
250 | Revision_250/fortran.c | U | 1617 | 1633 | 28 | 60406 | 70 | 219 | 73
250 | Revision_250/fortran.c | U | 1434 | 1450 | 16 | 60407 | 71 | 220 | 85
250 | Revision_250/fortran.c | U | 1506 | 1520 | 16 | 60408 | 71 | 221 | 85
250 | Revision_250/asm.c | U | 245 | 258 | 11 | 60409 | 72 | 289 | 77
250 | Revision_250/asm.c | U | 263 | 273 | 11 | 60410 | 72 | 279 | 77
250 | Revision_250/scheme.c | U | 70 | 78 | 8 | 60411 | 73 | 222 | 71
250 | Revision_250/scheme.c | U | 85 | 93 | 8 | 60412 | 73 | 223 | 71
250 | Revision_250/options.c | U | 358 | 364 | 6 | 60413 | 74 | 224 | 100
250 | Revision_250/options.c | U | 367 | 373 | 6 | 60414 | 74 | 225 | 100
250 | Revision_250/options.c | U | 518 | 524 | 7 | 60415 | 75 | 226 | 100
250 | Revision_250/options.c | U | 527 | 533 | 7 | 60416 | 75 | 227 | 100
250 | Revision_250/options.c | U | 536 | 542 | 7 | 60417 | 75 | 228 | 100
250 | Revision_250/options.c | U | 545 | 551 | 7 | 60418 | 75 | 229 | 100
250 | Revision_250/options.c | U | 745 | 749 | 5 | 60419 | 76 | 230 | 75
250 | Revision_250/options.c | U | 771 | 775 | 5 | 60420 | 76 | 231 | 75
250 | Revision_250/options.c | U | 863 | 867 | 5 | 60421 | 77 | 232 | 100
250 | Revision_250/options.c | U | 869 | 873 | 5 | 60422 | 77 | 233 | 100
250 | Revision_250/options.c | U | 1016 | 1021 | 6 | 60423 | 78 | 234 | 80
250 | Revision_250/options.c | U | 1158 | 1163 | 6 | 60424 | 78 | 235 | 80
250 | Revision_250/options.c | U | 1300 | 1317 | 15 | 60425 | 79 | 236 | 91
250 | Revision_250/options.c | U | 1338 | 1355 | 15 | 60426 | 79 | 237 | 91
