Revision | filePath | changeType | StartLine | EndLine | Nlines | cloneId | classId | globalCloneId | Similarity
253 | Revision_253/lisp.c | U | 91 | 97 | 7 | 60991 | 1 | 1 | 83
253 | Revision_253/lisp.c | U | 112 | 118 | 7 | 60992 | 1 | 2 | 83
253 | Revision_253/lisp.c | U | 127 | 137 | 9 | 60993 | 2 | 3 | 70
253 | Revision_253/c.c | U | 2584 | 2593 | 9 | 60994 | 2 | 12 | 70
253 | Revision_253/perl.c | U | 109 | 117 | 9 | 60995 | 2 | 7 | 70
253 | Revision_253/c.c | U | 2596 | 2611 | 9 | 60996 | 2 | 8 | 70
253 | Revision_253/fortran.c | U | 1676 | 1691 | 9 | 60997 | 2 | 21 | 70
253 | Revision_253/c.c | U | 2614 | 2623 | 9 | 60998 | 2 | 15 | 70
253 | Revision_253/pascal.c | U | 255 | 263 | 9 | 60999 | 2 | 14 | 70
253 | Revision_253/awk.c | U | 71 | 79 | 9 | 61000 | 2 | 10 | 70
253 | Revision_253/c.c | U | 2626 | 2635 | 9 | 61001 | 2 | 315 | 70
253 | Revision_253/ruby.c | U | 167 | 175 | 9 | 61002 | 2 | 19 | 70
253 | Revision_253/python.c | U | 212 | 220 | 9 | 61003 | 2 | 13 | 70
253 | Revision_253/sql.c | U | 617 | 626 | 9 | 61004 | 2 | 296 | 70
253 | Revision_253/beta.c | U | 313 | 321 | 9 | 61005 | 2 | 5 | 70
253 | Revision_253/vim.c | U | 137 | 145 | 9 | 61006 | 2 | 20 | 70
253 | Revision_253/asp.c | U | 181 | 189 | 9 | 61007 | 2 | 4 | 70
253 | Revision_253/lua.c | U | 123 | 131 | 9 | 61008 | 2 | 243 | 70
253 | Revision_253/verilog.c | U | 160 | 168 | 9 | 61009 | 2 | 283 | 70
253 | Revision_253/eiffel.c | U | 1222 | 1231 | 9 | 61010 | 2 | 9 | 70
253 | Revision_253/c.c | U | 2638 | 2647 | 9 | 61011 | 2 | 330 | 70
253 | Revision_253/cobol.c | U | 40 | 48 | 9 | 61012 | 2 | 320 | 70
253 | Revision_253/tcl.c | U | 106 | 114 | 9 | 61013 | 2 | 18 | 70
253 | Revision_253/sml.c | U | 192 | 200 | 9 | 61014 | 2 | 321 | 70
253 | Revision_253/php.c | U | 98 | 106 | 9 | 61015 | 2 | 22 | 70
253 | Revision_253/scheme.c | U | 99 | 109 | 9 | 61016 | 2 | 16 | 70
253 | Revision_253/sh.c | U | 98 | 108 | 9 | 61017 | 2 | 17 | 70
253 | Revision_253/asm.c | U | 368 | 387 | 9 | 61018 | 2 | 274 | 70
253 | Revision_253/make.c | U | 91 | 101 | 9 | 61019 | 2 | 25 | 70
253 | Revision_253/rexx.c | U | 30 | 37 | 9 | 61020 | 2 | 26 | 70
253 | Revision_253/slang.c | U | 34 | 41 | 9 | 61021 | 2 | 24 | 70
253 | Revision_253/yacc.c | U | 31 | 38 | 9 | 61022 | 2 | 23 | 70
253 | Revision_253/keyword.c | U | 107 | 116 | 9 | 61023 | 2 | 27 | 70
253 | Revision_253/c.c | U | 2050 | 2055 | 9 | 61024 | 2 | 28 | 70
253 | Revision_253/options.c | U | 601 | 607 | 9 | 61025 | 2 | 29 | 70
253 | Revision_253/options.c | U | 508 | 513 | 9 | 61026 | 2 | 30 | 70
253 | Revision_253/c.c | U | 2079 | 2087 | 9 | 61027 | 2 | 31 | 70
253 | Revision_253/options.c | U | 1182 | 1192 | 9 | 61028 | 2 | 32 | 70
253 | Revision_253/asp.c | U | 70 | 89 | 15 | 61029 | 3 | 33 | 100
253 | Revision_253/asp.c | U | 93 | 112 | 15 | 61030 | 3 | 34 | 100
253 | Revision_253/asp.c | U | 116 | 132 | 13 | 61031 | 4 | 35 | 90
253 | Revision_253/asp.c | U | 136 | 151 | 13 | 61032 | 4 | 36 | 90
253 | Revision_253/ruby.c | U | 79 | 94 | 13 | 61033 | 4 | 42 | 90
253 | Revision_253/ruby.c | U | 96 | 111 | 13 | 61034 | 4 | 42 | 90
253 | Revision_253/php.c | U | 78 | 91 | 13 | 61035 | 4 | 40 | 90
253 | Revision_253/asp.c | U | 155 | 170 | 13 | 61036 | 4 | 36 | 90
253 | Revision_253/args.c | U | 85 | 92 | 8 | 61037 | 5 | 43 | 100
253 | Revision_253/args.c | U | 159 | 166 | 8 | 61038 | 5 | 44 | 100
253 | Revision_253/args.c | U | 144 | 148 | 5 | 61039 | 6 | 322 | 75
253 | Revision_253/sml.c | U | 174 | 178 | 5 | 61040 | 6 | 323 | 75
253 | Revision_253/readtags.c | U | 702 | 706 | 5 | 61041 | 6 | 212 | 75
253 | Revision_253/args.c | U | 181 | 189 | 9 | 61042 | 7 | 45 | 75
253 | Revision_253/args.c | U | 202 | 210 | 9 | 61043 | 7 | 46 | 75
253 | Revision_253/args.c | U | 192 | 199 | 9 | 61044 | 7 | 47 | 75
253 | Revision_253/args.c | U | 265 | 271 | 6 | 61045 | 8 | 48 | 80
253 | Revision_253/options.c | U | 554 | 559 | 6 | 61046 | 8 | 49 | 80
253 | Revision_253/fortran.c | U | 781 | 786 | 6 | 61047 | 8 | 50 | 80
253 | Revision_253/c.c | U | 507 | 513 | 7 | 61048 | 9 | 51 | 80
253 | Revision_253/vstring.c | U | 67 | 74 | 7 | 61049 | 9 | 52 | 80
253 | Revision_253/c.c | U | 516 | 523 | 6 | 61050 | 10 | 53 | 80
253 | Revision_253/c.c | U | 526 | 533 | 6 | 61051 | 10 | 54 | 80
253 | Revision_253/c.c | U | 635 | 651 | 16 | 61052 | 11 | 55 | 72
253 | Revision_253/c.c | U | 654 | 670 | 16 | 61053 | 11 | 60 | 72
253 | Revision_253/fortran.c | U | 1395 | 1411 | 16 | 61054 | 11 | 59 | 72
253 | Revision_253/c.c | U | 1094 | 1112 | 16 | 61055 | 11 | 57 | 72
253 | Revision_253/fortran.c | U | 931 | 949 | 16 | 61056 | 11 | 58 | 72
253 | Revision_253/c.c | U | 1171 | 1185 | 16 | 61057 | 11 | 56 | 72
253 | Revision_253/c.c | U | 2385 | 2404 | 16 | 61058 | 11 | 61 | 72
253 | Revision_253/c.c | U | 657 | 668 | 16 | 61059 | 11 | 63 | 72
253 | Revision_253/c.c | U | 1097 | 1110 | 16 | 61060 | 11 | 57 | 72
253 | Revision_253/eiffel.c | U | 905 | 947 | 16 | 61061 | 11 | 248 | 72
253 | Revision_253/c.c | U | 2387 | 2401 | 16 | 61062 | 11 | 64 | 72
253 | Revision_253/fortran.c | U | 1398 | 1409 | 16 | 61063 | 11 | 65 | 72
253 | Revision_253/c.c | U | 638 | 649 | 16 | 61064 | 11 | 71 | 72
253 | Revision_253/c.c | U | 687 | 707 | 20 | 61065 | 12 | 72 | 73
253 | Revision_253/c.c | U | 804 | 812 | 20 | 61066 | 12 | 73 | 73
253 | Revision_253/c.c | U | 717 | 723 | 8 | 61067 | 13 | 74 | 71
253 | Revision_253/options.c | U | 451 | 458 | 8 | 61068 | 13 | 75 | 71
253 | Revision_253/c.c | U | 746 | 750 | 5 | 61069 | 14 | 76 | 75
253 | Revision_253/c.c | U | 1974 | 1978 | 5 | 61070 | 14 | 80 | 75
253 | Revision_253/fortran.c | U | 1438 | 1442 | 5 | 61071 | 14 | 79 | 75
253 | Revision_253/eiffel.c | U | 673 | 677 | 5 | 61072 | 14 | 249 | 75
253 | Revision_253/fortran.c | U | 1163 | 1167 | 5 | 61073 | 14 | 286 | 75
253 | Revision_253/fortran.c | U | 1307 | 1312 | 5 | 61074 | 14 | 78 | 75
253 | Revision_253/sql.c | U | 484 | 488 | 5 | 61075 | 14 | 297 | 75
253 | Revision_253/readtags.c | U | 147 | 151 | 5 | 61076 | 14 | 87 | 75
253 | Revision_253/sql.c | U | 423 | 427 | 5 | 61077 | 14 | 298 | 75
253 | Revision_253/fortran.c | U | 1146 | 1151 | 5 | 61078 | 14 | 84 | 75
253 | Revision_253/eiffel.c | U | 1014 | 1018 | 5 | 61079 | 14 | 269 | 75
253 | Revision_253/eiffel.c | U | 874 | 878 | 5 | 61080 | 14 | 269 | 75
253 | Revision_253/fortran.c | U | 1238 | 1242 | 5 | 61081 | 14 | 81 | 75
253 | Revision_253/fortran.c | U | 1118 | 1122 | 5 | 61082 | 14 | 83 | 75
253 | Revision_253/sql.c | U | 553 | 557 | 5 | 61083 | 14 | 299 | 75
253 | Revision_253/c.c | U | 2437 | 2441 | 5 | 61084 | 14 | 86 | 75
253 | Revision_253/fortran.c | U | 1127 | 1131 | 5 | 61085 | 14 | 85 | 75
253 | Revision_253/eiffel.c | U | 963 | 967 | 5 | 61086 | 14 | 269 | 75
253 | Revision_253/eiffel.c | U | 660 | 664 | 5 | 61087 | 14 | 250 | 75
253 | Revision_253/sql.c | U | 336 | 340 | 5 | 61088 | 14 | 300 | 75
253 | Revision_253/options.c | U | 495 | 499 | 5 | 61089 | 14 | 97 | 75
253 | Revision_253/c.c | U | 1662 | 1666 | 5 | 61090 | 14 | 121 | 75
253 | Revision_253/c.c | U | 1671 | 1675 | 5 | 61091 | 14 | 331 | 75
253 | Revision_253/vstring.c | U | 35 | 40 | 5 | 61092 | 14 | 98 | 75
253 | Revision_253/c.c | U | 2040 | 2047 | 5 | 61093 | 14 | 244 | 75
253 | Revision_253/eiffel.c | U | 1033 | 1037 | 5 | 61094 | 14 | 151 | 75
253 | Revision_253/fortran.c | U | 467 | 471 | 5 | 61095 | 14 | 95 | 75
253 | Revision_253/ruby.c | U | 136 | 140 | 5 | 61096 | 14 | 19 | 75
253 | Revision_253/eiffel.c | U | 848 | 853 | 5 | 61097 | 14 | 151 | 75
253 | Revision_253/c.c | U | 2502 | 2507 | 5 | 61098 | 14 | 94 | 75
253 | Revision_253/readtags.c | U | 458 | 462 | 5 | 61099 | 14 | 90 | 75
253 | Revision_253/keyword.c | U | 185 | 189 | 5 | 61100 | 14 | 91 | 75
253 | Revision_253/options.c | U | 803 | 807 | 5 | 61101 | 14 | 89 | 75
253 | Revision_253/c.c | U | 2021 | 2025 | 5 | 61102 | 14 | 125 | 75
253 | Revision_253/strlist.c | U | 134 | 138 | 5 | 61103 | 14 | 126 | 75
253 | Revision_253/eiffel.c | U | 1069 | 1078 | 5 | 61104 | 14 | 101 | 75
253 | Revision_253/options.c | U | 1580 | 1584 | 5 | 61105 | 14 | 333 | 75
253 | Revision_253/options.c | U | 649 | 653 | 5 | 61106 | 14 | 127 | 75
253 | Revision_253/fortran.c | U | 857 | 861 | 5 | 61107 | 14 | 128 | 75
253 | Revision_253/options.c | U | 930 | 934 | 5 | 61108 | 14 | 129 | 75
253 | Revision_253/c.c | U | 756 | 776 | 43 | 61109 | 15 | 103 | 86
253 | Revision_253/c.c | U | 816 | 835 | 43 | 61110 | 15 | 316 | 86
253 | Revision_253/c.c | U | 882 | 901 | 43 | 61111 | 15 | 103 | 86
253 | Revision_253/c.c | U | 779 | 798 | 43 | 61112 | 15 | 332 | 86
253 | Revision_253/c.c | U | 838 | 849 | 12 | 61113 | 16 | 317 | 90
253 | Revision_253/c.c | U | 852 | 863 | 12 | 61114 | 16 | 318 | 90
253 | Revision_253/c.c | U | 1295 | 1302 | 7 | 61115 | 17 | 108 | 80
253 | Revision_253/c.c | U | 1304 | 1311 | 7 | 61116 | 17 | 109 | 80
253 | Revision_253/c.c | U | 1325 | 1332 | 7 | 61117 | 18 | 110 | 83
253 | Revision_253/fortran.c | U | 500 | 506 | 7 | 61118 | 18 | 112 | 83
253 | Revision_253/c.c | U | 1335 | 1342 | 7 | 61119 | 18 | 111 | 83
253 | Revision_253/c.c | U | 1391 | 1400 | 9 | 61120 | 19 | 294 | 71
253 | Revision_253/eiffel.c | U | 556 | 564 | 9 | 61121 | 19 | 295 | 71
253 | Revision_253/c.c | U | 1394 | 1398 | 5 | 61122 | 20 | 294 | 75
253 | Revision_253/readtags.c | U | 506 | 510 | 5 | 61123 | 20 | 90 | 75
253 | Revision_253/readtags.c | U | 683 | 687 | 5 | 61124 | 20 | 99 | 75
253 | Revision_253/c.c | U | 1715 | 1719 | 5 | 61125 | 21 | 118 | 75
253 | Revision_253/eiffel.c | U | 419 | 423 | 5 | 61126 | 21 | 119 | 75
253 | Revision_253/fortran.c | U | 667 | 671 | 5 | 61127 | 21 | 120 | 75
253 | Revision_253/c.c | U | 1862 | 1866 | 5 | 61128 | 22 | 121 | 75
253 | Revision_253/get.c | U | 588 | 592 | 5 | 61129 | 22 | 122 | 75
253 | Revision_253/c.c | U | 2002 | 2009 | 8 | 61130 | 23 | 28 | 71
253 | Revision_253/fortran.c | U | 1537 | 1544 | 8 | 61131 | 23 | 153 | 71
253 | Revision_253/eiffel.c | U | 1066 | 1079 | 8 | 61132 | 23 | 156 | 71
253 | Revision_253/c.c | U | 2458 | 2463 | 6 | 61133 | 24 | 94 | 80
253 | Revision_253/sql.c | U | 500 | 505 | 6 | 61134 | 24 | 301 | 80
253 | Revision_253/c.c | U | 2542 | 2551 | 9 | 61135 | 25 | 130 | 71
253 | Revision_253/eiffel.c | U | 215 | 224 | 9 | 61136 | 25 | 131 | 71
253 | Revision_253/sql.c | U | 191 | 200 | 9 | 61137 | 25 | 302 | 71
253 | Revision_253/fortran.c | U | 310 | 319 | 9 | 61138 | 25 | 132 | 71
253 | Revision_253/asm.c | U | 121 | 129 | 9 | 61139 | 25 | 288 | 71
253 | Revision_253/eiffel.c | U | 287 | 301 | 9 | 61140 | 26 | 133 | 71
253 | Revision_253/beta.c | U | 71 | 82 | 9 | 61141 | 26 | 134 | 71
253 | Revision_253/sql.c | U | 227 | 241 | 9 | 61142 | 26 | 303 | 71
253 | Revision_253/sml.c | U | 73 | 79 | 9 | 61143 | 26 | 324 | 71
253 | Revision_253/parse.c | U | 46 | 57 | 9 | 61144 | 26 | 135 | 71
253 | Revision_253/eiffel.c | U | 289 | 299 | 9 | 61145 | 26 | 136 | 71
253 | Revision_253/eiffel.c | U | 367 | 376 | 8 | 61146 | 27 | 304 | 100
253 | Revision_253/sql.c | U | 248 | 255 | 8 | 61147 | 27 | 305 | 100
253 | Revision_253/eiffel.c | U | 382 | 407 | 23 | 61148 | 28 | 139 | 75
253 | Revision_253/fortran.c | U | 625 | 655 | 23 | 61149 | 28 | 140 | 75
253 | Revision_253/eiffel.c | U | 410 | 435 | 20 | 61150 | 29 | 141 | 94
253 | Revision_253/fortran.c | U | 658 | 683 | 20 | 61151 | 29 | 142 | 94
253 | Revision_253/eiffel.c | U | 547 | 551 | 5 | 61152 | 30 | 143 | 75
253 | Revision_253/fortran.c | U | 647 | 651 | 5 | 61153 | 30 | 144 | 75
253 | Revision_253/fortran.c | U | 836 | 840 | 5 | 61154 | 30 | 145 | 75
253 | Revision_253/eiffel.c | U | 572 | 584 | 11 | 61155 | 31 | 114 | 88
253 | Revision_253/eiffel.c | U | 587 | 599 | 11 | 61156 | 31 | 117 | 88
253 | Revision_253/fortran.c | U | 710 | 721 | 11 | 61157 | 31 | 116 | 88
253 | Revision_253/sql.c | U | 277 | 288 | 11 | 61158 | 31 | 306 | 88
253 | Revision_253/eiffel.c | U | 602 | 612 | 9 | 61159 | 32 | 146 | 87
253 | Revision_253/fortran.c | U | 748 | 758 | 9 | 61160 | 32 | 147 | 87
253 | Revision_253/asm.c | U | 132 | 141 | 9 | 61161 | 32 | 270 | 87
253 | Revision_253/eiffel.c | U | 720 | 727 | 8 | 61162 | 33 | 148 | 100
253 | Revision_253/fortran.c | U | 878 | 885 | 8 | 61163 | 33 | 149 | 100
253 | Revision_253/eiffel.c | U | 836 | 854 | 14 | 61164 | 34 | 251 | 72
253 | Revision_253/eiffel.c | U | 858 | 880 | 14 | 61165 | 34 | 252 | 72
253 | Revision_253/eiffel.c | U | 1008 | 1021 | 14 | 61166 | 34 | 253 | 72
253 | Revision_253/eiffel.c | U | 1113 | 1137 | 22 | 61167 | 35 | 307 | 70
253 | Revision_253/sql.c | U | 454 | 479 | 22 | 61168 | 35 | 308 | 70
253 | Revision_253/eiffel.c | U | 1176 | 1188 | 10 | 61169 | 36 | 157 | 100
253 | Revision_253/fortran.c | U | 724 | 735 | 10 | 61170 | 36 | 158 | 100
253 | Revision_253/sql.c | U | 203 | 214 | 10 | 61171 | 36 | 309 | 100
253 | Revision_253/verilog.c | U | 147 | 153 | 7 | 61172 | 37 | 284 | 83
253 | Revision_253/lua.c | U | 81 | 88 | 7 | 61173 | 37 | 285 | 83
253 | Revision_253/vim.c | U | 54 | 58 | 5 | 61174 | 38 | 290 | 100
253 | Revision_253/vim.c | U | 60 | 64 | 5 | 61175 | 38 | 291 | 100
253 | Revision_253/vim.c | U | 89 | 104 | 16 | 61176 | 39 | 159 | 76
253 | Revision_253/vim.c | U | 112 | 131 | 16 | 61177 | 39 | 160 | 76
253 | Revision_253/python.c | U | 105 | 109 | 5 | 61178 | 40 | 278 | 75
253 | Revision_253/sml.c | U | 82 | 86 | 5 | 61179 | 40 | 325 | 75
253 | Revision_253/options.c | U | 726 | 731 | 5 | 61180 | 40 | 280 | 75
253 | Revision_253/python.c | U | 113 | 122 | 10 | 61181 | 41 | 292 | 75
253 | Revision_253/tcl.c | U | 44 | 54 | 10 | 61182 | 41 | 293 | 75
253 | Revision_253/python.c | U | 172 | 181 | 9 | 61183 | 42 | 326 | 85
253 | Revision_253/sml.c | U | 162 | 171 | 9 | 61184 | 42 | 327 | 85
253 | Revision_253/python.c | U | 200 | 205 | 6 | 61185 | 43 | 328 | 80
253 | Revision_253/sml.c | U | 180 | 185 | 6 | 61186 | 43 | 329 | 80
253 | Revision_253/perl.c | U | 56 | 60 | 5 | 61187 | 44 | 163 | 75
253 | Revision_253/pascal.c | U | 133 | 137 | 5 | 61188 | 44 | 164 | 75
253 | Revision_253/sort.c | U | 123 | 128 | 5 | 61189 | 45 | 281 | 100
253 | Revision_253/sort.c | U | 131 | 136 | 5 | 61190 | 45 | 282 | 100
253 | Revision_253/strlist.c | U | 32 | 38 | 8 | 61191 | 46 | 165 | 71
253 | Revision_253/vstring.c | U | 77 | 87 | 8 | 61192 | 46 | 166 | 71
253 | Revision_253/strlist.c | U | 147 | 154 | 8 | 61193 | 47 | 167 | 85
253 | Revision_253/strlist.c | U | 158 | 165 | 8 | 61194 | 47 | 168 | 85
253 | Revision_253/strlist.c | U | 169 | 176 | 8 | 61195 | 47 | 169 | 85
253 | Revision_253/pascal.c | U | 149 | 153 | 6 | 61196 | 48 | 319 | 75
253 | Revision_253/pascal.c | U | 183 | 189 | 6 | 61197 | 48 | 171 | 75
253 | Revision_253/pascal.c | U | 175 | 181 | 6 | 61198 | 48 | 170 | 75
253 | Revision_253/awk.c | U | 47 | 65 | 17 | 61199 | 49 | 172 | 73
253 | Revision_253/php.c | U | 55 | 75 | 17 | 61200 | 49 | 173 | 73
253 | Revision_253/get.c | U | 297 | 309 | 10 | 61201 | 50 | 174 | 70
253 | Revision_253/parse.c | U | 563 | 577 | 10 | 61202 | 50 | 175 | 70
253 | Revision_253/read.c | U | 214 | 225 | 10 | 61203 | 50 | 176 | 70
253 | Revision_253/get.c | U | 461 | 472 | 10 | 61204 | 51 | 177 | 100
253 | Revision_253/get.c | U | 478 | 489 | 10 | 61205 | 51 | 178 | 100
253 | Revision_253/get.c | U | 535 | 540 | 6 | 61206 | 52 | 180 | 80
253 | Revision_253/read.c | U | 415 | 419 | 6 | 61207 | 52 | 181 | 80
253 | Revision_253/routines.c | U | 224 | 231 | 6 | 61208 | 53 | 254 | 80
253 | Revision_253/routines.c | U | 234 | 241 | 6 | 61209 | 53 | 255 | 80
253 | Revision_253/routines.c | U | 275 | 282 | 8 | 61210 | 54 | 256 | 83
253 | Revision_253/readtags.c | U | 109 | 116 | 8 | 61211 | 54 | 123 | 83
253 | Revision_253/readtags.c | U | 119 | 126 | 8 | 61212 | 54 | 238 | 83
253 | Revision_253/routines.c | U | 285 | 292 | 8 | 61213 | 54 | 257 | 83
253 | Revision_253/routines.c | U | 309 | 313 | 5 | 61214 | 55 | 258 | 75
253 | Revision_253/vstring.c | U | 125 | 129 | 5 | 61215 | 55 | 188 | 75
253 | Revision_253/vstring.c | U | 118 | 122 | 5 | 61216 | 55 | 189 | 75
253 | Revision_253/routines.c | U | 316 | 322 | 6 | 61217 | 56 | 259 | 100
253 | Revision_253/routines.c | U | 325 | 331 | 6 | 61218 | 56 | 260 | 100
253 | Revision_253/routines.c | U | 336 | 343 | 8 | 61219 | 57 | 261 | 100
253 | Revision_253/routines.c | U | 348 | 355 | 8 | 61220 | 57 | 262 | 100
253 | Revision_253/routines.c | U | 472 | 485 | 5 | 61221 | 58 | 267 | 75
253 | Revision_253/routines.c | U | 546 | 569 | 5 | 61222 | 58 | 268 | 75
253 | Revision_253/beta.c | U | 136 | 143 | 6 | 61223 | 59 | 201 | 75
253 | Revision_253/beta.c | U | 207 | 215 | 6 | 61224 | 59 | 202 | 75
253 | Revision_253/beta.c | U | 154 | 158 | 5 | 61225 | 60 | 203 | 75
253 | Revision_253/beta.c | U | 280 | 284 | 5 | 61226 | 60 | 205 | 75
253 | Revision_253/beta.c | U | 160 | 164 | 5 | 61227 | 60 | 204 | 75
253 | Revision_253/beta.c | U | 274 | 278 | 5 | 61228 | 60 | 207 | 75
253 | Revision_253/beta.c | U | 167 | 171 | 5 | 61229 | 60 | 206 | 75
253 | Revision_253/sql.c | U | 397 | 403 | 6 | 61230 | 61 | 310 | 75
253 | Revision_253/sql.c | U | 568 | 574 | 6 | 61231 | 61 | 311 | 75
253 | Revision_253/fortran.c | U | 915 | 919 | 6 | 61232 | 61 | 312 | 75
253 | Revision_253/sql.c | U | 438 | 446 | 8 | 61233 | 62 | 313 | 71
253 | Revision_253/fortran.c | U | 1322 | 1328 | 8 | 61234 | 62 | 314 | 71
253 | Revision_253/parse.c | U | 98 | 108 | 11 | 61235 | 63 | 208 | 88
253 | Revision_253/parse.c | U | 111 | 122 | 11 | 61236 | 63 | 209 | 88
253 | Revision_253/readtags.c | U | 545 | 551 | 6 | 61237 | 64 | 239 | 100
253 | Revision_253/readtags.c | U | 553 | 559 | 6 | 61238 | 64 | 240 | 100
253 | Revision_253/readtags.c | U | 588 | 592 | 6 | 61239 | 65 | 123 | 75
253 | Revision_253/readtags.c | U | 643 | 649 | 6 | 61240 | 65 | 124 | 75
253 | Revision_253/readtags.c | U | 720 | 728 | 8 | 61241 | 66 | 210 | 83
253 | Revision_253/readtags.c | U | 775 | 783 | 8 | 61242 | 66 | 211 | 83
253 | Revision_253/readtags.c | U | 731 | 739 | 8 | 61243 | 66 | 212 | 83
253 | Revision_253/readtags.c | U | 742 | 747 | 6 | 61244 | 67 | 241 | 80
253 | Revision_253/readtags.c | U | 767 | 772 | 6 | 61245 | 67 | 242 | 80
253 | Revision_253/readtags.c | U | 759 | 764 | 6 | 61246 | 67 | 287 | 80
253 | Revision_253/fortran.c | U | 1017 | 1025 | 8 | 61247 | 68 | 214 | 83
253 | Revision_253/fortran.c | U | 1028 | 1037 | 8 | 61248 | 68 | 215 | 83
253 | Revision_253/fortran.c | U | 1109 | 1124 | 16 | 61249 | 69 | 216 | 92
253 | Revision_253/fortran.c | U | 1230 | 1244 | 16 | 61250 | 69 | 217 | 92
253 | Revision_253/fortran.c | U | 1365 | 1384 | 28 | 61251 | 70 | 218 | 73
253 | Revision_253/fortran.c | U | 1617 | 1633 | 28 | 61252 | 70 | 219 | 73
253 | Revision_253/fortran.c | U | 1434 | 1450 | 16 | 61253 | 71 | 220 | 85
253 | Revision_253/fortran.c | U | 1506 | 1520 | 16 | 61254 | 71 | 221 | 85
253 | Revision_253/asm.c | U | 245 | 258 | 11 | 61255 | 72 | 289 | 77
253 | Revision_253/asm.c | U | 263 | 273 | 11 | 61256 | 72 | 279 | 77
253 | Revision_253/scheme.c | U | 70 | 78 | 8 | 61257 | 73 | 222 | 71
253 | Revision_253/scheme.c | U | 85 | 93 | 8 | 61258 | 73 | 223 | 71
253 | Revision_253/options.c | U | 358 | 364 | 6 | 61259 | 74 | 224 | 100
253 | Revision_253/options.c | U | 367 | 373 | 6 | 61260 | 74 | 225 | 100
253 | Revision_253/options.c | U | 518 | 524 | 7 | 61261 | 75 | 226 | 100
253 | Revision_253/options.c | U | 527 | 533 | 7 | 61262 | 75 | 227 | 100
253 | Revision_253/options.c | U | 536 | 542 | 7 | 61263 | 75 | 228 | 100
253 | Revision_253/options.c | U | 545 | 551 | 7 | 61264 | 75 | 229 | 100
253 | Revision_253/options.c | U | 745 | 749 | 5 | 61265 | 76 | 230 | 75
253 | Revision_253/options.c | U | 771 | 775 | 5 | 61266 | 76 | 231 | 75
253 | Revision_253/options.c | U | 863 | 867 | 5 | 61267 | 77 | 232 | 100
253 | Revision_253/options.c | U | 869 | 873 | 5 | 61268 | 77 | 233 | 100
253 | Revision_253/options.c | U | 1016 | 1021 | 6 | 61269 | 78 | 234 | 80
253 | Revision_253/options.c | U | 1158 | 1163 | 6 | 61270 | 78 | 235 | 80
253 | Revision_253/options.c | U | 1300 | 1317 | 15 | 61271 | 79 | 236 | 91
253 | Revision_253/options.c | U | 1338 | 1355 | 15 | 61272 | 79 | 237 | 91
