Revision | filePath | changeType | StartLine | EndLine | Nlines | cloneId | classId | globalCloneId | Similarity
272 | Revision_272/lisp.c | U | 91 | 97 | 7 | 66436 | 1 | 1 | 83
272 | Revision_272/lisp.c | U | 112 | 118 | 7 | 66437 | 1 | 2 | 83
272 | Revision_272/lisp.c | U | 127 | 137 | 9 | 66438 | 2 | 3 | 70
272 | Revision_272/verilog.c | U | 160 | 168 | 9 | 66439 | 2 | 283 | 70
272 | Revision_272/asp.c | U | 181 | 189 | 9 | 66440 | 2 | 4 | 70
272 | Revision_272/pascal.c | U | 255 | 263 | 9 | 66441 | 2 | 14 | 70
272 | Revision_272/c.c | U | 2627 | 2636 | 9 | 66442 | 2 | 12 | 70
272 | Revision_272/sql.c | U | 617 | 626 | 9 | 66443 | 2 | 296 | 70
272 | Revision_272/fortran.c | U | 1759 | 1774 | 9 | 66444 | 2 | 21 | 70
272 | Revision_272/vim.c | U | 168 | 176 | 9 | 66445 | 2 | 20 | 70
272 | Revision_272/c.c | U | 2585 | 2594 | 9 | 66446 | 2 | 15 | 70
272 | Revision_272/python.c | U | 212 | 220 | 9 | 66447 | 2 | 13 | 70
272 | Revision_272/c.c | U | 2597 | 2612 | 9 | 66448 | 2 | 8 | 70
272 | Revision_272/eiffel.c | U | 1222 | 1231 | 9 | 66449 | 2 | 9 | 70
272 | Revision_272/ruby.c | U | 167 | 175 | 9 | 66450 | 2 | 19 | 70
272 | Revision_272/c.c | U | 2615 | 2624 | 9 | 66451 | 2 | 315 | 70
272 | Revision_272/perl.c | U | 109 | 117 | 9 | 66452 | 2 | 7 | 70
272 | Revision_272/lua.c | U | 123 | 131 | 9 | 66453 | 2 | 243 | 70
272 | Revision_272/c.c | U | 2639 | 2648 | 9 | 66454 | 2 | 330 | 70
272 | Revision_272/awk.c | U | 71 | 79 | 9 | 66455 | 2 | 10 | 70
272 | Revision_272/cobol.c | U | 40 | 48 | 9 | 66456 | 2 | 320 | 70
272 | Revision_272/sml.c | U | 192 | 200 | 9 | 66457 | 2 | 321 | 70
272 | Revision_272/scheme.c | U | 99 | 109 | 9 | 66458 | 2 | 16 | 70
272 | Revision_272/erlang.c | U | 179 | 187 | 9 | 66459 | 2 | 340 | 70
272 | Revision_272/tcl.c | U | 106 | 114 | 9 | 66460 | 2 | 18 | 70
272 | Revision_272/beta.c | U | 313 | 321 | 9 | 66461 | 2 | 5 | 70
272 | Revision_272/sh.c | U | 98 | 108 | 9 | 66462 | 2 | 17 | 70
272 | Revision_272/php.c | U | 95 | 103 | 9 | 66463 | 2 | 22 | 70
272 | Revision_272/make.c | U | 91 | 101 | 9 | 66464 | 2 | 25 | 70
272 | Revision_272/yacc.c | U | 31 | 38 | 9 | 66465 | 2 | 23 | 70
272 | Revision_272/slang.c | U | 34 | 41 | 9 | 66466 | 2 | 24 | 70
272 | Revision_272/asm.c | U | 368 | 387 | 9 | 66467 | 2 | 274 | 70
272 | Revision_272/rexx.c | U | 30 | 37 | 9 | 66468 | 2 | 26 | 70
272 | Revision_272/keyword.c | U | 107 | 116 | 9 | 66469 | 2 | 27 | 70
272 | Revision_272/c.c | U | 2051 | 2056 | 9 | 66470 | 2 | 28 | 70
272 | Revision_272/options.c | U | 601 | 607 | 9 | 66471 | 2 | 29 | 70
272 | Revision_272/options.c | U | 508 | 513 | 9 | 66472 | 2 | 30 | 70
272 | Revision_272/c.c | U | 2080 | 2088 | 9 | 66473 | 2 | 31 | 70
272 | Revision_272/options.c | U | 1184 | 1194 | 9 | 66474 | 2 | 32 | 70
272 | Revision_272/asp.c | U | 70 | 89 | 15 | 66475 | 3 | 33 | 100
272 | Revision_272/asp.c | U | 93 | 112 | 15 | 66476 | 3 | 34 | 100
272 | Revision_272/asp.c | U | 116 | 132 | 14 | 66477 | 4 | 35 | 72
272 | Revision_272/ruby.c | U | 79 | 94 | 14 | 66478 | 4 | 42 | 72
272 | Revision_272/php.c | U | 75 | 88 | 14 | 66479 | 4 | 40 | 72
272 | Revision_272/asp.c | U | 155 | 170 | 14 | 66480 | 4 | 36 | 72
272 | Revision_272/asp.c | U | 136 | 151 | 14 | 66481 | 4 | 36 | 72
272 | Revision_272/ruby.c | U | 96 | 111 | 14 | 66482 | 4 | 42 | 72
272 | Revision_272/php.c | U | 55 | 72 | 14 | 66483 | 4 | 173 | 72
272 | Revision_272/vim.c | U | 121 | 135 | 14 | 66484 | 4 | 159 | 72
272 | Revision_272/vim.c | U | 95 | 110 | 14 | 66485 | 4 | 334 | 72
272 | Revision_272/vim.c | U | 143 | 162 | 14 | 66486 | 4 | 160 | 72
272 | Revision_272/vim.c | U | 114 | 136 | 14 | 66487 | 4 | 160 | 72
272 | Revision_272/args.c | U | 85 | 92 | 8 | 66488 | 5 | 43 | 100
272 | Revision_272/args.c | U | 159 | 166 | 8 | 66489 | 5 | 44 | 100
272 | Revision_272/args.c | U | 144 | 148 | 5 | 66490 | 6 | 322 | 75
272 | Revision_272/sml.c | U | 174 | 178 | 5 | 66491 | 6 | 323 | 75
272 | Revision_272/readtags.c | U | 702 | 706 | 5 | 66492 | 6 | 212 | 75
272 | Revision_272/args.c | U | 181 | 189 | 9 | 66493 | 7 | 45 | 75
272 | Revision_272/args.c | U | 192 | 199 | 9 | 66494 | 7 | 46 | 75
272 | Revision_272/args.c | U | 202 | 210 | 9 | 66495 | 7 | 47 | 75
272 | Revision_272/args.c | U | 265 | 271 | 6 | 66496 | 8 | 48 | 80
272 | Revision_272/options.c | U | 554 | 559 | 6 | 66497 | 8 | 49 | 80
272 | Revision_272/fortran.c | U | 789 | 794 | 6 | 66498 | 8 | 50 | 80
272 | Revision_272/c.c | U | 507 | 513 | 7 | 66499 | 9 | 51 | 80
272 | Revision_272/vstring.c | U | 67 | 74 | 7 | 66500 | 9 | 52 | 80
272 | Revision_272/c.c | U | 516 | 523 | 6 | 66501 | 10 | 53 | 80
272 | Revision_272/c.c | U | 526 | 533 | 6 | 66502 | 10 | 54 | 80
272 | Revision_272/c.c | U | 635 | 651 | 16 | 66503 | 11 | 55 | 72
272 | Revision_272/fortran.c | U | 1429 | 1445 | 16 | 66504 | 11 | 59 | 72
272 | Revision_272/c.c | U | 654 | 670 | 16 | 66505 | 11 | 60 | 72
272 | Revision_272/c.c | U | 1172 | 1186 | 16 | 66506 | 11 | 56 | 72
272 | Revision_272/c.c | U | 1095 | 1113 | 16 | 66507 | 11 | 57 | 72
272 | Revision_272/fortran.c | U | 957 | 975 | 16 | 66508 | 11 | 58 | 72
272 | Revision_272/c.c | U | 2386 | 2405 | 16 | 66509 | 11 | 61 | 72
272 | Revision_272/c.c | U | 1098 | 1111 | 16 | 66510 | 11 | 63 | 72
272 | Revision_272/c.c | U | 657 | 668 | 16 | 66511 | 11 | 57 | 72
272 | Revision_272/eiffel.c | U | 905 | 947 | 16 | 66512 | 11 | 248 | 72
272 | Revision_272/c.c | U | 2388 | 2402 | 16 | 66513 | 11 | 64 | 72
272 | Revision_272/fortran.c | U | 1432 | 1443 | 16 | 66514 | 11 | 65 | 72
272 | Revision_272/c.c | U | 638 | 649 | 16 | 66515 | 11 | 71 | 72
272 | Revision_272/c.c | U | 687 | 707 | 20 | 66516 | 12 | 72 | 73
272 | Revision_272/c.c | U | 804 | 812 | 20 | 66517 | 12 | 73 | 73
272 | Revision_272/c.c | U | 717 | 723 | 8 | 66518 | 13 | 74 | 71
272 | Revision_272/options.c | U | 451 | 458 | 8 | 66519 | 13 | 75 | 71
272 | Revision_272/c.c | U | 746 | 750 | 5 | 66520 | 14 | 76 | 75
272 | Revision_272/eiffel.c | U | 673 | 677 | 5 | 66521 | 14 | 249 | 75
272 | Revision_272/c.c | U | 1975 | 1979 | 5 | 66522 | 14 | 80 | 75
272 | Revision_272/fortran.c | U | 1472 | 1476 | 5 | 66523 | 14 | 79 | 75
272 | Revision_272/sql.c | U | 484 | 488 | 5 | 66524 | 14 | 297 | 75
272 | Revision_272/fortran.c | U | 1190 | 1194 | 5 | 66525 | 14 | 286 | 75
272 | Revision_272/fortran.c | U | 1331 | 1335 | 5 | 66526 | 14 | 78 | 75
272 | Revision_272/eiffel.c | U | 660 | 664 | 5 | 66527 | 14 | 250 | 75
272 | Revision_272/sql.c | U | 336 | 340 | 5 | 66528 | 14 | 300 | 75
272 | Revision_272/readtags.c | U | 147 | 151 | 5 | 66529 | 14 | 87 | 75
272 | Revision_272/sql.c | U | 423 | 427 | 5 | 66530 | 14 | 298 | 75
272 | Revision_272/sql.c | U | 553 | 557 | 5 | 66531 | 14 | 299 | 75
272 | Revision_272/eiffel.c | U | 874 | 878 | 5 | 66532 | 14 | 269 | 75
272 | Revision_272/fortran.c | U | 1173 | 1178 | 5 | 66533 | 14 | 84 | 75
272 | Revision_272/eiffel.c | U | 963 | 967 | 5 | 66534 | 14 | 269 | 75
272 | Revision_272/eiffel.c | U | 1014 | 1018 | 5 | 66535 | 14 | 269 | 75
272 | Revision_272/fortran.c | U | 1154 | 1158 | 5 | 66536 | 14 | 85 | 75
272 | Revision_272/c.c | U | 2438 | 2442 | 5 | 66537 | 14 | 86 | 75
272 | Revision_272/strlist.c | U | 134 | 138 | 5 | 66538 | 14 | 126 | 75
272 | Revision_272/c.c | U | 2022 | 2026 | 5 | 66539 | 14 | 125 | 75
272 | Revision_272/c.c | U | 1663 | 1667 | 5 | 66540 | 14 | 121 | 75
272 | Revision_272/options.c | U | 495 | 499 | 5 | 66541 | 14 | 97 | 75
272 | Revision_272/c.c | U | 2041 | 2048 | 5 | 66542 | 14 | 244 | 75
272 | Revision_272/vstring.c | U | 35 | 40 | 5 | 66543 | 14 | 98 | 75
272 | Revision_272/c.c | U | 1672 | 1676 | 5 | 66544 | 14 | 331 | 75
272 | Revision_272/eiffel.c | U | 1033 | 1037 | 5 | 66545 | 14 | 151 | 75
272 | Revision_272/c.c | U | 2503 | 2508 | 5 | 66546 | 14 | 94 | 75
272 | Revision_272/ruby.c | U | 136 | 140 | 5 | 66547 | 14 | 19 | 75
272 | Revision_272/fortran.c | U | 475 | 479 | 5 | 66548 | 14 | 95 | 75
272 | Revision_272/readtags.c | U | 458 | 462 | 5 | 66549 | 14 | 90 | 75
272 | Revision_272/keyword.c | U | 185 | 189 | 5 | 66550 | 14 | 91 | 75
272 | Revision_272/options.c | U | 805 | 809 | 5 | 66551 | 14 | 89 | 75
272 | Revision_272/eiffel.c | U | 848 | 853 | 5 | 66552 | 14 | 151 | 75
272 | Revision_272/fortran.c | U | 865 | 869 | 5 | 66553 | 14 | 128 | 75
272 | Revision_272/options.c | U | 649 | 653 | 5 | 66554 | 14 | 127 | 75
272 | Revision_272/options.c | U | 1582 | 1586 | 5 | 66555 | 14 | 333 | 75
272 | Revision_272/eiffel.c | U | 1069 | 1078 | 5 | 66556 | 14 | 101 | 75
272 | Revision_272/options.c | U | 932 | 936 | 5 | 66557 | 14 | 129 | 75
272 | Revision_272/c.c | U | 756 | 776 | 43 | 66558 | 15 | 103 | 86
272 | Revision_272/c.c | U | 816 | 835 | 43 | 66559 | 15 | 316 | 86
272 | Revision_272/c.c | U | 882 | 901 | 43 | 66560 | 15 | 103 | 86
272 | Revision_272/c.c | U | 779 | 798 | 43 | 66561 | 15 | 332 | 86
272 | Revision_272/c.c | U | 838 | 849 | 12 | 66562 | 16 | 317 | 90
272 | Revision_272/c.c | U | 852 | 863 | 12 | 66563 | 16 | 318 | 90
272 | Revision_272/c.c | U | 1296 | 1303 | 7 | 66564 | 17 | 108 | 80
272 | Revision_272/c.c | U | 1305 | 1312 | 7 | 66565 | 17 | 109 | 80
272 | Revision_272/c.c | U | 1326 | 1333 | 7 | 66566 | 18 | 110 | 83
272 | Revision_272/c.c | U | 1336 | 1343 | 7 | 66567 | 18 | 111 | 83
272 | Revision_272/fortran.c | U | 508 | 514 | 7 | 66568 | 18 | 112 | 83
272 | Revision_272/c.c | U | 1392 | 1401 | 9 | 66569 | 19 | 294 | 71
272 | Revision_272/eiffel.c | U | 556 | 564 | 9 | 66570 | 19 | 295 | 71
272 | Revision_272/c.c | U | 1395 | 1399 | 5 | 66571 | 20 | 294 | 75
272 | Revision_272/readtags.c | U | 506 | 510 | 5 | 66572 | 20 | 90 | 75
272 | Revision_272/readtags.c | U | 683 | 687 | 5 | 66573 | 20 | 99 | 75
272 | Revision_272/c.c | U | 1716 | 1720 | 5 | 66574 | 21 | 118 | 75
272 | Revision_272/fortran.c | U | 675 | 679 | 5 | 66575 | 21 | 120 | 75
272 | Revision_272/eiffel.c | U | 419 | 423 | 5 | 66576 | 21 | 119 | 75
272 | Revision_272/c.c | U | 1863 | 1867 | 5 | 66577 | 22 | 121 | 75
272 | Revision_272/get.c | U | 588 | 592 | 5 | 66578 | 22 | 122 | 75
272 | Revision_272/c.c | U | 2003 | 2010 | 9 | 66579 | 23 | 28 | 71
272 | Revision_272/eiffel.c | U | 1066 | 1079 | 9 | 66580 | 23 | 156 | 71
272 | Revision_272/c.c | U | 2459 | 2464 | 6 | 66581 | 24 | 94 | 80
272 | Revision_272/sql.c | U | 500 | 505 | 6 | 66582 | 24 | 301 | 80
272 | Revision_272/c.c | U | 2543 | 2552 | 9 | 66583 | 25 | 130 | 71
272 | Revision_272/sql.c | U | 191 | 200 | 9 | 66584 | 25 | 302 | 71
272 | Revision_272/eiffel.c | U | 215 | 224 | 9 | 66585 | 25 | 131 | 71
272 | Revision_272/fortran.c | U | 318 | 327 | 9 | 66586 | 25 | 132 | 71
272 | Revision_272/asm.c | U | 121 | 129 | 9 | 66587 | 25 | 288 | 71
272 | Revision_272/eiffel.c | U | 287 | 301 | 9 | 66588 | 26 | 133 | 71
272 | Revision_272/sql.c | U | 227 | 241 | 9 | 66589 | 26 | 303 | 71
272 | Revision_272/beta.c | U | 71 | 82 | 9 | 66590 | 26 | 134 | 71
272 | Revision_272/sml.c | U | 73 | 79 | 9 | 66591 | 26 | 324 | 71
272 | Revision_272/parse.c | U | 46 | 57 | 9 | 66592 | 26 | 135 | 71
272 | Revision_272/eiffel.c | U | 289 | 299 | 9 | 66593 | 26 | 136 | 71
272 | Revision_272/eiffel.c | U | 367 | 376 | 8 | 66594 | 27 | 304 | 100
272 | Revision_272/sql.c | U | 248 | 255 | 8 | 66595 | 27 | 305 | 100
272 | Revision_272/eiffel.c | U | 382 | 407 | 23 | 66596 | 28 | 139 | 75
272 | Revision_272/fortran.c | U | 633 | 663 | 23 | 66597 | 28 | 140 | 75
272 | Revision_272/eiffel.c | U | 410 | 435 | 20 | 66598 | 29 | 141 | 94
272 | Revision_272/fortran.c | U | 666 | 691 | 20 | 66599 | 29 | 142 | 94
272 | Revision_272/eiffel.c | U | 547 | 551 | 5 | 66600 | 30 | 143 | 75
272 | Revision_272/fortran.c | U | 844 | 848 | 5 | 66601 | 30 | 145 | 75
272 | Revision_272/fortran.c | U | 655 | 659 | 5 | 66602 | 30 | 144 | 75
272 | Revision_272/eiffel.c | U | 572 | 584 | 11 | 66603 | 31 | 114 | 88
272 | Revision_272/fortran.c | U | 718 | 729 | 11 | 66604 | 31 | 116 | 88
272 | Revision_272/eiffel.c | U | 587 | 599 | 11 | 66605 | 31 | 117 | 88
272 | Revision_272/sql.c | U | 277 | 288 | 11 | 66606 | 31 | 306 | 88
272 | Revision_272/eiffel.c | U | 602 | 612 | 9 | 66607 | 32 | 146 | 87
272 | Revision_272/asm.c | U | 132 | 141 | 9 | 66608 | 32 | 270 | 87
272 | Revision_272/fortran.c | U | 756 | 766 | 9 | 66609 | 32 | 147 | 87
272 | Revision_272/eiffel.c | U | 720 | 727 | 8 | 66610 | 33 | 148 | 100
272 | Revision_272/fortran.c | U | 886 | 893 | 8 | 66611 | 33 | 149 | 100
272 | Revision_272/eiffel.c | U | 771 | 818 | 13 | 66612 | 34 | 349 | 72
272 | Revision_272/fortran.c | U | 943 | 954 | 13 | 66613 | 34 | 350 | 72
272 | Revision_272/eiffel.c | U | 836 | 854 | 12 | 66614 | 35 | 251 | 72
272 | Revision_272/fortran.c | U | 1138 | 1151 | 12 | 66615 | 35 | 336 | 72
272 | Revision_272/eiffel.c | U | 858 | 880 | 12 | 66616 | 35 | 252 | 72
272 | Revision_272/fortran.c | U | 1257 | 1265 | 12 | 66617 | 35 | 337 | 72
272 | Revision_272/eiffel.c | U | 1008 | 1021 | 12 | 66618 | 35 | 253 | 72
272 | Revision_272/eiffel.c | U | 1113 | 1137 | 22 | 66619 | 36 | 307 | 70
272 | Revision_272/sql.c | U | 454 | 479 | 22 | 66620 | 36 | 308 | 70
272 | Revision_272/eiffel.c | U | 1167 | 1171 | 13 | 66621 | 37 | 351 | 71
272 | Revision_272/fortran.c | U | 1338 | 1345 | 13 | 66622 | 37 | 314 | 71
272 | Revision_272/sql.c | U | 519 | 537 | 13 | 66623 | 37 | 352 | 71
272 | Revision_272/eiffel.c | U | 1176 | 1188 | 10 | 66624 | 38 | 157 | 100
272 | Revision_272/fortran.c | U | 732 | 743 | 10 | 66625 | 38 | 158 | 100
272 | Revision_272/sql.c | U | 203 | 214 | 10 | 66626 | 38 | 309 | 100
272 | Revision_272/verilog.c | U | 147 | 153 | 7 | 66627 | 39 | 284 | 83
272 | Revision_272/lua.c | U | 81 | 88 | 7 | 66628 | 39 | 285 | 83
272 | Revision_272/vim.c | U | 56 | 60 | 5 | 66629 | 40 | 290 | 100
272 | Revision_272/vim.c | U | 62 | 66 | 5 | 66630 | 40 | 291 | 100
272 | Revision_272/python.c | U | 105 | 109 | 5 | 66631 | 41 | 278 | 75
272 | Revision_272/options.c | U | 726 | 731 | 5 | 66632 | 41 | 280 | 75
272 | Revision_272/sml.c | U | 82 | 86 | 5 | 66633 | 41 | 325 | 75
272 | Revision_272/erlang.c | U | 58 | 62 | 5 | 66634 | 41 | 341 | 75
272 | Revision_272/python.c | U | 113 | 122 | 9 | 66635 | 42 | 292 | 75
272 | Revision_272/tcl.c | U | 44 | 54 | 9 | 66636 | 42 | 293 | 75
272 | Revision_272/erlang.c | U | 66 | 75 | 9 | 66637 | 42 | 342 | 75
272 | Revision_272/python.c | U | 145 | 150 | 6 | 66638 | 43 | 343 | 80
272 | Revision_272/erlang.c | U | 116 | 121 | 6 | 66639 | 43 | 346 | 80
272 | Revision_272/erlang.c | U | 108 | 113 | 6 | 66640 | 43 | 344 | 80
272 | Revision_272/erlang.c | U | 97 | 105 | 6 | 66641 | 43 | 344 | 80
272 | Revision_272/python.c | U | 172 | 181 | 9 | 66642 | 44 | 326 | 85
272 | Revision_272/sml.c | U | 162 | 171 | 9 | 66643 | 44 | 327 | 85
272 | Revision_272/python.c | U | 200 | 205 | 6 | 66644 | 45 | 328 | 80
272 | Revision_272/sml.c | U | 180 | 185 | 6 | 66645 | 45 | 329 | 80
272 | Revision_272/perl.c | U | 56 | 60 | 5 | 66646 | 46 | 163 | 75
272 | Revision_272/pascal.c | U | 133 | 137 | 5 | 66647 | 46 | 164 | 75
272 | Revision_272/sort.c | U | 123 | 128 | 5 | 66648 | 47 | 281 | 100
272 | Revision_272/sort.c | U | 131 | 136 | 5 | 66649 | 47 | 282 | 100
272 | Revision_272/strlist.c | U | 32 | 38 | 8 | 66650 | 48 | 165 | 71
272 | Revision_272/vstring.c | U | 77 | 87 | 8 | 66651 | 48 | 166 | 71
272 | Revision_272/strlist.c | U | 147 | 154 | 8 | 66652 | 49 | 167 | 85
272 | Revision_272/strlist.c | U | 158 | 165 | 8 | 66653 | 49 | 168 | 85
272 | Revision_272/strlist.c | U | 169 | 176 | 8 | 66654 | 49 | 169 | 85
272 | Revision_272/pascal.c | U | 149 | 153 | 6 | 66655 | 50 | 319 | 75
272 | Revision_272/pascal.c | U | 175 | 181 | 6 | 66656 | 50 | 170 | 75
272 | Revision_272/pascal.c | U | 183 | 189 | 6 | 66657 | 50 | 171 | 75
272 | Revision_272/get.c | U | 297 | 309 | 10 | 66658 | 51 | 174 | 70
272 | Revision_272/parse.c | U | 563 | 577 | 10 | 66659 | 51 | 175 | 70
272 | Revision_272/read.c | U | 214 | 225 | 10 | 66660 | 51 | 176 | 70
272 | Revision_272/get.c | U | 461 | 472 | 10 | 66661 | 52 | 177 | 100
272 | Revision_272/get.c | U | 478 | 489 | 10 | 66662 | 52 | 178 | 100
272 | Revision_272/get.c | U | 535 | 540 | 6 | 66663 | 53 | 180 | 80
272 | Revision_272/read.c | U | 415 | 419 | 6 | 66664 | 53 | 181 | 80
272 | Revision_272/routines.c | U | 224 | 231 | 6 | 66665 | 54 | 254 | 80
272 | Revision_272/routines.c | U | 234 | 241 | 6 | 66666 | 54 | 255 | 80
272 | Revision_272/routines.c | U | 275 | 282 | 8 | 66667 | 55 | 256 | 83
272 | Revision_272/routines.c | U | 285 | 292 | 8 | 66668 | 55 | 257 | 83
272 | Revision_272/readtags.c | U | 109 | 116 | 8 | 66669 | 55 | 123 | 83
272 | Revision_272/readtags.c | U | 119 | 126 | 8 | 66670 | 55 | 238 | 83
272 | Revision_272/routines.c | U | 309 | 313 | 5 | 66671 | 56 | 258 | 75
272 | Revision_272/vstring.c | U | 125 | 129 | 5 | 66672 | 56 | 188 | 75
272 | Revision_272/vstring.c | U | 118 | 122 | 5 | 66673 | 56 | 189 | 75
272 | Revision_272/routines.c | U | 316 | 322 | 6 | 66674 | 57 | 259 | 100
272 | Revision_272/routines.c | U | 325 | 331 | 6 | 66675 | 57 | 260 | 100
272 | Revision_272/routines.c | U | 336 | 343 | 8 | 66676 | 58 | 261 | 100
272 | Revision_272/routines.c | U | 348 | 355 | 8 | 66677 | 58 | 262 | 100
272 | Revision_272/routines.c | U | 472 | 485 | 5 | 66678 | 59 | 267 | 75
272 | Revision_272/routines.c | U | 546 | 569 | 5 | 66679 | 59 | 268 | 75
272 | Revision_272/sh.c | U | 53 | 95 | 35 | 66680 | 60 | 338 | 70
272 | Revision_272/php.c | U | 42 | 92 | 35 | 66681 | 60 | 339 | 70
272 | Revision_272/beta.c | U | 136 | 143 | 6 | 66682 | 61 | 201 | 75
272 | Revision_272/beta.c | U | 207 | 215 | 6 | 66683 | 61 | 202 | 75
272 | Revision_272/beta.c | U | 154 | 158 | 5 | 66684 | 62 | 203 | 75
272 | Revision_272/beta.c | U | 167 | 171 | 5 | 66685 | 62 | 204 | 75
272 | Revision_272/beta.c | U | 160 | 164 | 5 | 66686 | 62 | 206 | 75
272 | Revision_272/beta.c | U | 280 | 284 | 5 | 66687 | 62 | 205 | 75
272 | Revision_272/beta.c | U | 274 | 278 | 5 | 66688 | 62 | 207 | 75
272 | Revision_272/sql.c | U | 397 | 403 | 6 | 66689 | 63 | 310 | 75
272 | Revision_272/fortran.c | U | 923 | 927 | 6 | 66690 | 63 | 312 | 75
272 | Revision_272/sql.c | U | 568 | 574 | 6 | 66691 | 63 | 311 | 75
272 | Revision_272/sql.c | U | 438 | 446 | 8 | 66692 | 64 | 313 | 71
272 | Revision_272/fortran.c | U | 1356 | 1362 | 8 | 66693 | 64 | 314 | 71
272 | Revision_272/parse.c | U | 98 | 108 | 11 | 66694 | 65 | 208 | 88
272 | Revision_272/parse.c | U | 111 | 122 | 11 | 66695 | 65 | 209 | 88
272 | Revision_272/readtags.c | U | 545 | 551 | 6 | 66696 | 66 | 239 | 100
272 | Revision_272/readtags.c | U | 553 | 559 | 6 | 66697 | 66 | 240 | 100
272 | Revision_272/readtags.c | U | 588 | 592 | 6 | 66698 | 67 | 123 | 75
272 | Revision_272/readtags.c | U | 643 | 649 | 6 | 66699 | 67 | 124 | 75
272 | Revision_272/readtags.c | U | 720 | 728 | 8 | 66700 | 68 | 210 | 83
272 | Revision_272/readtags.c | U | 775 | 783 | 8 | 66701 | 68 | 211 | 83
272 | Revision_272/readtags.c | U | 731 | 739 | 8 | 66702 | 68 | 212 | 83
272 | Revision_272/readtags.c | U | 742 | 747 | 6 | 66703 | 69 | 241 | 80
272 | Revision_272/readtags.c | U | 759 | 764 | 6 | 66704 | 69 | 242 | 80
272 | Revision_272/readtags.c | U | 767 | 772 | 6 | 66705 | 69 | 287 | 80
272 | Revision_272/fortran.c | U | 1399 | 1418 | 28 | 66706 | 70 | 218 | 73
272 | Revision_272/fortran.c | U | 1700 | 1716 | 28 | 66707 | 70 | 219 | 73
272 | Revision_272/fortran.c | U | 1468 | 1486 | 17 | 66708 | 71 | 220 | 75
272 | Revision_272/fortran.c | U | 1544 | 1560 | 17 | 66709 | 71 | 353 | 75
272 | Revision_272/fortran.c | U | 1630 | 1643 | 17 | 66710 | 71 | 221 | 75
272 | Revision_272/asm.c | U | 245 | 258 | 11 | 66711 | 72 | 289 | 77
272 | Revision_272/asm.c | U | 263 | 273 | 11 | 66712 | 72 | 279 | 77
272 | Revision_272/scheme.c | U | 70 | 78 | 8 | 66713 | 73 | 222 | 71
272 | Revision_272/scheme.c | U | 85 | 93 | 8 | 66714 | 73 | 223 | 71
272 | Revision_272/options.c | U | 358 | 364 | 6 | 66715 | 74 | 224 | 100
272 | Revision_272/options.c | U | 367 | 373 | 6 | 66716 | 74 | 225 | 100
272 | Revision_272/options.c | U | 518 | 524 | 7 | 66717 | 75 | 226 | 100
272 | Revision_272/options.c | U | 527 | 533 | 7 | 66718 | 75 | 227 | 100
272 | Revision_272/options.c | U | 536 | 542 | 7 | 66719 | 75 | 228 | 100
272 | Revision_272/options.c | U | 545 | 551 | 7 | 66720 | 75 | 229 | 100
272 | Revision_272/options.c | U | 745 | 749 | 5 | 66721 | 76 | 230 | 75
272 | Revision_272/options.c | U | 771 | 775 | 5 | 66722 | 76 | 231 | 75
272 | Revision_272/options.c | U | 865 | 869 | 5 | 66723 | 77 | 232 | 100
272 | Revision_272/options.c | U | 871 | 875 | 5 | 66724 | 77 | 233 | 100
272 | Revision_272/options.c | U | 1018 | 1023 | 6 | 66725 | 78 | 234 | 80
272 | Revision_272/options.c | U | 1160 | 1165 | 6 | 66726 | 78 | 235 | 80
272 | Revision_272/options.c | U | 1302 | 1319 | 15 | 66727 | 79 | 236 | 91
272 | Revision_272/options.c | U | 1340 | 1357 | 15 | 66728 | 79 | 237 | 91
