Revision | filePath | changeType | StartLine | EndLine | Nlines | cloneId | classId | globalCloneId | Similarity
281 | Revision_281/lisp.c | U | 91 | 97 | 7 | 69125 | 1 | 1 | 83
281 | Revision_281/lisp.c | U | 112 | 118 | 7 | 69126 | 1 | 2 | 83
281 | Revision_281/lisp.c | U | 127 | 137 | 9 | 69127 | 2 | 3 | 70
281 | Revision_281/verilog.c | U | 160 | 168 | 9 | 69128 | 2 | 283 | 70
281 | Revision_281/pascal.c | U | 255 | 263 | 9 | 69129 | 2 | 14 | 70
281 | Revision_281/vim.c | U | 168 | 176 | 9 | 69130 | 2 | 20 | 70
281 | Revision_281/eiffel.c | U | 1222 | 1231 | 9 | 69131 | 2 | 9 | 70
281 | Revision_281/sql.c | U | 617 | 626 | 9 | 69132 | 2 | 296 | 70
281 | Revision_281/python.c | U | 212 | 220 | 9 | 69133 | 2 | 13 | 70
281 | Revision_281/c.c | U | 2639 | 2648 | 9 | 69134 | 2 | 12 | 70
281 | Revision_281/sh.c | U | 98 | 108 | 9 | 69135 | 2 | 17 | 70
281 | Revision_281/c.c | U | 2627 | 2636 | 9 | 69136 | 2 | 15 | 70
281 | Revision_281/c.c | U | 2615 | 2624 | 9 | 69137 | 2 | 315 | 70
281 | Revision_281/ruby.c | U | 167 | 175 | 9 | 69138 | 2 | 19 | 70
281 | Revision_281/c.c | U | 2597 | 2612 | 9 | 69139 | 2 | 8 | 70
281 | Revision_281/perl.c | U | 109 | 117 | 9 | 69140 | 2 | 7 | 70
281 | Revision_281/asp.c | U | 181 | 189 | 9 | 69141 | 2 | 4 | 70
281 | Revision_281/awk.c | U | 71 | 79 | 9 | 69142 | 2 | 10 | 70
281 | Revision_281/lua.c | U | 123 | 131 | 9 | 69143 | 2 | 243 | 70
281 | Revision_281/fortran.c | U | 1760 | 1775 | 9 | 69144 | 2 | 21 | 70
281 | Revision_281/cobol.c | U | 40 | 48 | 9 | 69145 | 2 | 320 | 70
281 | Revision_281/tcl.c | U | 106 | 114 | 9 | 69146 | 2 | 18 | 70
281 | Revision_281/php.c | U | 95 | 103 | 9 | 69147 | 2 | 22 | 70
281 | Revision_281/c.c | U | 2585 | 2594 | 9 | 69148 | 2 | 330 | 70
281 | Revision_281/scheme.c | U | 99 | 109 | 9 | 69149 | 2 | 16 | 70
281 | Revision_281/erlang.c | U | 179 | 187 | 9 | 69150 | 2 | 340 | 70
281 | Revision_281/beta.c | U | 313 | 321 | 9 | 69151 | 2 | 5 | 70
281 | Revision_281/sml.c | U | 192 | 200 | 9 | 69152 | 2 | 321 | 70
281 | Revision_281/slang.c | U | 34 | 41 | 9 | 69153 | 2 | 24 | 70
281 | Revision_281/yacc.c | U | 31 | 38 | 9 | 69154 | 2 | 23 | 70
281 | Revision_281/make.c | U | 91 | 101 | 9 | 69155 | 2 | 25 | 70
281 | Revision_281/asm.c | U | 368 | 387 | 9 | 69156 | 2 | 274 | 70
281 | Revision_281/rexx.c | U | 30 | 37 | 9 | 69157 | 2 | 26 | 70
281 | Revision_281/keyword.c | U | 107 | 116 | 9 | 69158 | 2 | 27 | 70
281 | Revision_281/options.c | U | 620 | 626 | 9 | 69159 | 2 | 29 | 70
281 | Revision_281/options.c | U | 527 | 532 | 9 | 69160 | 2 | 30 | 70
281 | Revision_281/c.c | U | 2051 | 2056 | 9 | 69161 | 2 | 28 | 70
281 | Revision_281/c.c | U | 2080 | 2088 | 9 | 69162 | 2 | 31 | 70
281 | Revision_281/options.c | U | 800 | 810 | 9 | 69163 | 2 | 32 | 70
281 | Revision_281/asp.c | U | 70 | 89 | 15 | 69164 | 3 | 33 | 100
281 | Revision_281/asp.c | U | 93 | 112 | 15 | 69165 | 3 | 34 | 100
281 | Revision_281/asp.c | U | 116 | 132 | 14 | 69166 | 4 | 35 | 72
281 | Revision_281/php.c | U | 55 | 72 | 14 | 69167 | 4 | 40 | 72
281 | Revision_281/asp.c | U | 155 | 170 | 14 | 69168 | 4 | 36 | 72
281 | Revision_281/vim.c | U | 121 | 135 | 14 | 69169 | 4 | 159 | 72
281 | Revision_281/php.c | U | 75 | 88 | 14 | 69170 | 4 | 173 | 72
281 | Revision_281/asp.c | U | 136 | 151 | 14 | 69171 | 4 | 36 | 72
281 | Revision_281/ruby.c | U | 96 | 111 | 14 | 69172 | 4 | 42 | 72
281 | Revision_281/ruby.c | U | 79 | 94 | 14 | 69173 | 4 | 42 | 72
281 | Revision_281/vim.c | U | 95 | 110 | 14 | 69174 | 4 | 334 | 72
281 | Revision_281/vim.c | U | 143 | 162 | 14 | 69175 | 4 | 160 | 72
281 | Revision_281/vim.c | U | 114 | 136 | 14 | 69176 | 4 | 160 | 72
281 | Revision_281/args.c | U | 85 | 92 | 8 | 69177 | 5 | 43 | 100
281 | Revision_281/args.c | U | 159 | 166 | 8 | 69178 | 5 | 44 | 100
281 | Revision_281/args.c | U | 144 | 148 | 5 | 69179 | 6 | 322 | 75
281 | Revision_281/sml.c | U | 174 | 178 | 5 | 69180 | 6 | 323 | 75
281 | Revision_281/readtags.c | U | 702 | 706 | 5 | 69181 | 6 | 212 | 75
281 | Revision_281/args.c | U | 181 | 189 | 9 | 69182 | 7 | 45 | 75
281 | Revision_281/args.c | U | 202 | 210 | 9 | 69183 | 7 | 46 | 75
281 | Revision_281/args.c | U | 192 | 199 | 9 | 69184 | 7 | 47 | 75
281 | Revision_281/args.c | U | 265 | 271 | 6 | 69185 | 8 | 48 | 80
281 | Revision_281/options.c | U | 573 | 578 | 6 | 69186 | 8 | 49 | 80
281 | Revision_281/fortran.c | U | 792 | 797 | 6 | 69187 | 8 | 50 | 80
281 | Revision_281/c.c | U | 507 | 513 | 7 | 69188 | 9 | 51 | 80
281 | Revision_281/vstring.c | U | 67 | 74 | 7 | 69189 | 9 | 52 | 80
281 | Revision_281/c.c | U | 516 | 523 | 6 | 69190 | 10 | 53 | 80
281 | Revision_281/c.c | U | 526 | 533 | 6 | 69191 | 10 | 54 | 80
281 | Revision_281/c.c | U | 635 | 651 | 16 | 69192 | 11 | 55 | 72
281 | Revision_281/c.c | U | 1095 | 1113 | 16 | 69193 | 11 | 60 | 72
281 | Revision_281/fortran.c | U | 1433 | 1449 | 16 | 69194 | 11 | 59 | 72
281 | Revision_281/c.c | U | 1172 | 1186 | 16 | 69195 | 11 | 56 | 72
281 | Revision_281/c.c | U | 654 | 670 | 16 | 69196 | 11 | 57 | 72
281 | Revision_281/fortran.c | U | 960 | 978 | 16 | 69197 | 11 | 58 | 72
281 | Revision_281/c.c | U | 2386 | 2405 | 16 | 69198 | 11 | 61 | 72
281 | Revision_281/c.c | U | 1098 | 1111 | 16 | 69199 | 11 | 63 | 72
281 | Revision_281/c.c | U | 657 | 668 | 16 | 69200 | 11 | 57 | 72
281 | Revision_281/eiffel.c | U | 905 | 947 | 16 | 69201 | 11 | 248 | 72
281 | Revision_281/c.c | U | 2388 | 2402 | 16 | 69202 | 11 | 64 | 72
281 | Revision_281/fortran.c | U | 1436 | 1447 | 16 | 69203 | 11 | 65 | 72
281 | Revision_281/c.c | U | 638 | 649 | 16 | 69204 | 11 | 71 | 72
281 | Revision_281/c.c | U | 687 | 707 | 20 | 69205 | 12 | 72 | 73
281 | Revision_281/c.c | U | 804 | 812 | 20 | 69206 | 12 | 73 | 73
281 | Revision_281/c.c | U | 717 | 723 | 8 | 69207 | 13 | 74 | 71
281 | Revision_281/options.c | U | 466 | 473 | 8 | 69208 | 13 | 75 | 71
281 | Revision_281/c.c | U | 746 | 750 | 5 | 69209 | 14 | 76 | 75
281 | Revision_281/fortran.c | U | 1476 | 1480 | 5 | 69210 | 14 | 79 | 75
281 | Revision_281/fortran.c | U | 1334 | 1338 | 5 | 69211 | 14 | 78 | 75
281 | Revision_281/eiffel.c | U | 673 | 677 | 5 | 69212 | 14 | 249 | 75
281 | Revision_281/sql.c | U | 484 | 488 | 5 | 69213 | 14 | 297 | 75
281 | Revision_281/c.c | U | 1975 | 1979 | 5 | 69214 | 14 | 80 | 75
281 | Revision_281/fortran.c | U | 1193 | 1197 | 5 | 69215 | 14 | 286 | 75
281 | Revision_281/eiffel.c | U | 963 | 967 | 5 | 69216 | 14 | 269 | 75
281 | Revision_281/sql.c | U | 553 | 557 | 5 | 69217 | 14 | 298 | 75
281 | Revision_281/eiffel.c | U | 874 | 878 | 5 | 69218 | 14 | 269 | 75
281 | Revision_281/fortran.c | U | 1176 | 1181 | 5 | 69219 | 14 | 84 | 75
281 | Revision_281/c.c | U | 2438 | 2442 | 5 | 69220 | 14 | 86 | 75
281 | Revision_281/eiffel.c | U | 1014 | 1018 | 5 | 69221 | 14 | 269 | 75
281 | Revision_281/fortran.c | U | 1157 | 1161 | 5 | 69222 | 14 | 85 | 75
281 | Revision_281/sql.c | U | 423 | 427 | 5 | 69223 | 14 | 299 | 75
281 | Revision_281/sql.c | U | 336 | 340 | 5 | 69224 | 14 | 300 | 75
281 | Revision_281/eiffel.c | U | 660 | 664 | 5 | 69225 | 14 | 250 | 75
281 | Revision_281/readtags.c | U | 147 | 151 | 5 | 69226 | 14 | 87 | 75
281 | Revision_281/options.c | U | 1005 | 1009 | 5 | 69227 | 14 | 89 | 75
281 | Revision_281/keyword.c | U | 185 | 189 | 5 | 69228 | 14 | 91 | 75
281 | Revision_281/readtags.c | U | 458 | 462 | 5 | 69229 | 14 | 90 | 75
281 | Revision_281/eiffel.c | U | 1033 | 1037 | 5 | 69230 | 14 | 151 | 75
281 | Revision_281/fortran.c | U | 478 | 482 | 5 | 69231 | 14 | 95 | 75
281 | Revision_281/ruby.c | U | 136 | 140 | 5 | 69232 | 14 | 19 | 75
281 | Revision_281/c.c | U | 2503 | 2508 | 5 | 69233 | 14 | 94 | 75
281 | Revision_281/eiffel.c | U | 848 | 853 | 5 | 69234 | 14 | 151 | 75
281 | Revision_281/strlist.c | U | 134 | 138 | 5 | 69235 | 14 | 126 | 75
281 | Revision_281/c.c | U | 2022 | 2026 | 5 | 69236 | 14 | 125 | 75
281 | Revision_281/c.c | U | 1663 | 1667 | 5 | 69237 | 14 | 121 | 75
281 | Revision_281/vstring.c | U | 35 | 40 | 5 | 69238 | 14 | 98 | 75
281 | Revision_281/c.c | U | 1672 | 1676 | 5 | 69239 | 14 | 331 | 75
281 | Revision_281/c.c | U | 2041 | 2048 | 5 | 69240 | 14 | 244 | 75
281 | Revision_281/eiffel.c | U | 1069 | 1078 | 5 | 69241 | 14 | 101 | 75
281 | Revision_281/options.c | U | 1642 | 1646 | 5 | 69242 | 14 | 333 | 75
281 | Revision_281/fortran.c | U | 868 | 872 | 5 | 69243 | 14 | 128 | 75
281 | Revision_281/options.c | U | 668 | 672 | 5 | 69244 | 14 | 127 | 75
281 | Revision_281/options.c | U | 1181 | 1185 | 5 | 69245 | 14 | 129 | 75
281 | Revision_281/c.c | U | 756 | 776 | 43 | 69246 | 15 | 103 | 86
281 | Revision_281/c.c | U | 816 | 835 | 43 | 69247 | 15 | 316 | 86
281 | Revision_281/c.c | U | 882 | 901 | 43 | 69248 | 15 | 103 | 86
281 | Revision_281/c.c | U | 779 | 798 | 43 | 69249 | 15 | 332 | 86
281 | Revision_281/c.c | U | 838 | 849 | 12 | 69250 | 16 | 317 | 90
281 | Revision_281/c.c | U | 852 | 863 | 12 | 69251 | 16 | 318 | 90
281 | Revision_281/c.c | U | 1296 | 1303 | 7 | 69252 | 17 | 108 | 80
281 | Revision_281/c.c | U | 1305 | 1312 | 7 | 69253 | 17 | 109 | 80
281 | Revision_281/c.c | U | 1326 | 1333 | 7 | 69254 | 18 | 110 | 83
281 | Revision_281/fortran.c | U | 511 | 517 | 7 | 69255 | 18 | 112 | 83
281 | Revision_281/c.c | U | 1336 | 1343 | 7 | 69256 | 18 | 111 | 83
281 | Revision_281/c.c | U | 1392 | 1401 | 9 | 69257 | 19 | 294 | 71
281 | Revision_281/eiffel.c | U | 556 | 564 | 9 | 69258 | 19 | 295 | 71
281 | Revision_281/c.c | U | 1395 | 1399 | 5 | 69259 | 20 | 294 | 75
281 | Revision_281/readtags.c | U | 506 | 510 | 5 | 69260 | 20 | 90 | 75
281 | Revision_281/readtags.c | U | 683 | 687 | 5 | 69261 | 20 | 99 | 75
281 | Revision_281/c.c | U | 1716 | 1720 | 5 | 69262 | 21 | 118 | 75
281 | Revision_281/fortran.c | U | 678 | 682 | 5 | 69263 | 21 | 120 | 75
281 | Revision_281/eiffel.c | U | 419 | 423 | 5 | 69264 | 21 | 119 | 75
281 | Revision_281/c.c | U | 1863 | 1867 | 5 | 69265 | 22 | 121 | 75
281 | Revision_281/get.c | U | 588 | 592 | 5 | 69266 | 22 | 122 | 75
281 | Revision_281/c.c | U | 2003 | 2010 | 9 | 69267 | 23 | 28 | 71
281 | Revision_281/eiffel.c | U | 1066 | 1079 | 9 | 69268 | 23 | 156 | 71
281 | Revision_281/c.c | U | 2459 | 2464 | 6 | 69269 | 24 | 94 | 80
281 | Revision_281/sql.c | U | 500 | 505 | 6 | 69270 | 24 | 301 | 80
281 | Revision_281/c.c | U | 2543 | 2552 | 9 | 69271 | 25 | 130 | 71
281 | Revision_281/sql.c | U | 191 | 200 | 9 | 69272 | 25 | 302 | 71
281 | Revision_281/eiffel.c | U | 215 | 224 | 9 | 69273 | 25 | 131 | 71
281 | Revision_281/asm.c | U | 121 | 129 | 9 | 69274 | 25 | 288 | 71
281 | Revision_281/fortran.c | U | 320 | 329 | 9 | 69275 | 25 | 132 | 71
281 | Revision_281/eiffel.c | U | 287 | 301 | 10 | 69276 | 26 | 133 | 71
281 | Revision_281/sql.c | U | 227 | 241 | 10 | 69277 | 26 | 303 | 71
281 | Revision_281/beta.c | U | 71 | 82 | 10 | 69278 | 26 | 134 | 71
281 | Revision_281/parse.c | U | 46 | 57 | 10 | 69279 | 26 | 135 | 71
281 | Revision_281/sml.c | U | 73 | 79 | 10 | 69280 | 26 | 324 | 71
281 | Revision_281/eiffel.c | U | 289 | 299 | 10 | 69281 | 26 | 136 | 71
281 | Revision_281/eiffel.c | U | 367 | 376 | 8 | 69282 | 27 | 304 | 100
281 | Revision_281/sql.c | U | 248 | 255 | 8 | 69283 | 27 | 305 | 100
281 | Revision_281/eiffel.c | U | 382 | 407 | 23 | 69284 | 28 | 139 | 75
281 | Revision_281/fortran.c | U | 636 | 666 | 23 | 69285 | 28 | 140 | 75
281 | Revision_281/eiffel.c | U | 410 | 435 | 20 | 69286 | 29 | 141 | 94
281 | Revision_281/fortran.c | U | 669 | 694 | 20 | 69287 | 29 | 142 | 94
281 | Revision_281/eiffel.c | U | 547 | 551 | 5 | 69288 | 30 | 143 | 75
281 | Revision_281/fortran.c | U | 847 | 851 | 5 | 69289 | 30 | 145 | 75
281 | Revision_281/fortran.c | U | 658 | 662 | 5 | 69290 | 30 | 144 | 75
281 | Revision_281/eiffel.c | U | 572 | 584 | 11 | 69291 | 31 | 114 | 88
281 | Revision_281/sql.c | U | 277 | 288 | 11 | 69292 | 31 | 306 | 88
281 | Revision_281/eiffel.c | U | 587 | 599 | 11 | 69293 | 31 | 117 | 88
281 | Revision_281/fortran.c | U | 721 | 732 | 11 | 69294 | 31 | 116 | 88
281 | Revision_281/eiffel.c | U | 602 | 612 | 9 | 69295 | 32 | 146 | 87
281 | Revision_281/fortran.c | U | 759 | 769 | 9 | 69296 | 32 | 147 | 87
281 | Revision_281/asm.c | U | 132 | 141 | 9 | 69297 | 32 | 270 | 87
281 | Revision_281/eiffel.c | U | 720 | 727 | 8 | 69298 | 33 | 148 | 100
281 | Revision_281/fortran.c | U | 889 | 896 | 8 | 69299 | 33 | 149 | 100
281 | Revision_281/eiffel.c | U | 771 | 818 | 13 | 69300 | 34 | 349 | 72
281 | Revision_281/fortran.c | U | 946 | 957 | 13 | 69301 | 34 | 350 | 72
281 | Revision_281/eiffel.c | U | 836 | 854 | 12 | 69302 | 35 | 251 | 72
281 | Revision_281/fortran.c | U | 1141 | 1154 | 12 | 69303 | 35 | 336 | 72
281 | Revision_281/eiffel.c | U | 858 | 880 | 12 | 69304 | 35 | 252 | 72
281 | Revision_281/eiffel.c | U | 1008 | 1021 | 12 | 69305 | 35 | 253 | 72
281 | Revision_281/fortran.c | U | 1260 | 1268 | 12 | 69306 | 35 | 337 | 72
281 | Revision_281/eiffel.c | U | 1113 | 1137 | 22 | 69307 | 36 | 307 | 70
281 | Revision_281/sql.c | U | 454 | 479 | 22 | 69308 | 36 | 308 | 70
281 | Revision_281/eiffel.c | U | 1167 | 1171 | 13 | 69309 | 37 | 351 | 71
281 | Revision_281/fortran.c | U | 1341 | 1348 | 13 | 69310 | 37 | 314 | 71
281 | Revision_281/sql.c | U | 519 | 537 | 13 | 69311 | 37 | 352 | 71
281 | Revision_281/eiffel.c | U | 1176 | 1188 | 10 | 69312 | 38 | 157 | 100
281 | Revision_281/sql.c | U | 203 | 214 | 10 | 69313 | 38 | 309 | 100
281 | Revision_281/fortran.c | U | 735 | 746 | 10 | 69314 | 38 | 158 | 100
281 | Revision_281/verilog.c | U | 147 | 153 | 7 | 69315 | 39 | 284 | 83
281 | Revision_281/lua.c | U | 81 | 88 | 7 | 69316 | 39 | 285 | 83
281 | Revision_281/vim.c | U | 56 | 60 | 5 | 69317 | 40 | 290 | 100
281 | Revision_281/vim.c | U | 62 | 66 | 5 | 69318 | 40 | 291 | 100
281 | Revision_281/python.c | U | 105 | 109 | 5 | 69319 | 41 | 278 | 75
281 | Revision_281/erlang.c | U | 58 | 62 | 5 | 69320 | 41 | 341 | 75
281 | Revision_281/options.c | U | 926 | 931 | 5 | 69321 | 41 | 280 | 75
281 | Revision_281/sml.c | U | 82 | 86 | 5 | 69322 | 41 | 325 | 75
281 | Revision_281/python.c | U | 113 | 122 | 9 | 69323 | 42 | 292 | 75
281 | Revision_281/tcl.c | U | 44 | 54 | 9 | 69324 | 42 | 293 | 75
281 | Revision_281/erlang.c | U | 66 | 75 | 9 | 69325 | 42 | 342 | 75
281 | Revision_281/python.c | U | 145 | 150 | 6 | 69326 | 43 | 343 | 80
281 | Revision_281/erlang.c | U | 116 | 121 | 6 | 69327 | 43 | 346 | 80
281 | Revision_281/erlang.c | U | 108 | 113 | 6 | 69328 | 43 | 344 | 80
281 | Revision_281/erlang.c | U | 97 | 105 | 6 | 69329 | 43 | 344 | 80
281 | Revision_281/python.c | U | 172 | 181 | 9 | 69330 | 44 | 326 | 85
281 | Revision_281/sml.c | U | 162 | 171 | 9 | 69331 | 44 | 327 | 85
281 | Revision_281/python.c | U | 200 | 205 | 6 | 69332 | 45 | 328 | 80
281 | Revision_281/sml.c | U | 180 | 185 | 6 | 69333 | 45 | 329 | 80
281 | Revision_281/perl.c | U | 56 | 60 | 5 | 69334 | 46 | 163 | 75
281 | Revision_281/pascal.c | U | 133 | 137 | 5 | 69335 | 46 | 164 | 75
281 | Revision_281/sort.c | U | 123 | 128 | 5 | 69336 | 47 | 281 | 100
281 | Revision_281/sort.c | U | 131 | 136 | 5 | 69337 | 47 | 282 | 100
281 | Revision_281/strlist.c | U | 32 | 38 | 8 | 69338 | 48 | 165 | 71
281 | Revision_281/vstring.c | U | 77 | 87 | 8 | 69339 | 48 | 166 | 71
281 | Revision_281/strlist.c | U | 147 | 154 | 8 | 69340 | 49 | 167 | 85
281 | Revision_281/strlist.c | U | 158 | 165 | 8 | 69341 | 49 | 168 | 85
281 | Revision_281/strlist.c | U | 169 | 176 | 8 | 69342 | 49 | 169 | 85
281 | Revision_281/pascal.c | U | 149 | 153 | 6 | 69343 | 50 | 319 | 75
281 | Revision_281/pascal.c | U | 175 | 181 | 6 | 69344 | 50 | 170 | 75
281 | Revision_281/pascal.c | U | 183 | 189 | 6 | 69345 | 50 | 171 | 75
281 | Revision_281/get.c | U | 297 | 309 | 10 | 69346 | 51 | 174 | 70
281 | Revision_281/read.c | U | 214 | 225 | 10 | 69347 | 51 | 176 | 70
281 | Revision_281/parse.c | U | 557 | 571 | 10 | 69348 | 51 | 175 | 70
281 | Revision_281/get.c | U | 461 | 472 | 10 | 69349 | 52 | 177 | 100
281 | Revision_281/get.c | U | 478 | 489 | 10 | 69350 | 52 | 178 | 100
281 | Revision_281/get.c | U | 535 | 540 | 6 | 69351 | 53 | 180 | 80
281 | Revision_281/read.c | U | 415 | 419 | 6 | 69352 | 53 | 181 | 80
281 | Revision_281/main.c | U | 179 | 192 | 6 | 69353 | 54 | 354 | 80
281 | Revision_281/options.c | U | 393 | 398 | 6 | 69354 | 54 | 355 | 80
281 | Revision_281/routines.c | U | 224 | 231 | 6 | 69355 | 55 | 254 | 80
281 | Revision_281/routines.c | U | 234 | 241 | 6 | 69356 | 55 | 255 | 80
281 | Revision_281/routines.c | U | 275 | 282 | 8 | 69357 | 56 | 256 | 83
281 | Revision_281/readtags.c | U | 119 | 126 | 8 | 69358 | 56 | 123 | 83
281 | Revision_281/readtags.c | U | 109 | 116 | 8 | 69359 | 56 | 238 | 83
281 | Revision_281/routines.c | U | 285 | 292 | 8 | 69360 | 56 | 257 | 83
281 | Revision_281/routines.c | U | 309 | 313 | 5 | 69361 | 57 | 258 | 75
281 | Revision_281/vstring.c | U | 125 | 129 | 5 | 69362 | 57 | 188 | 75
281 | Revision_281/vstring.c | U | 118 | 122 | 5 | 69363 | 57 | 189 | 75
281 | Revision_281/routines.c | U | 316 | 322 | 6 | 69364 | 58 | 259 | 100
281 | Revision_281/routines.c | U | 325 | 331 | 6 | 69365 | 58 | 260 | 100
281 | Revision_281/routines.c | U | 336 | 343 | 8 | 69366 | 59 | 261 | 100
281 | Revision_281/routines.c | U | 348 | 355 | 8 | 69367 | 59 | 262 | 100
281 | Revision_281/routines.c | U | 472 | 485 | 5 | 69368 | 60 | 267 | 75
281 | Revision_281/routines.c | U | 546 | 569 | 5 | 69369 | 60 | 268 | 75
281 | Revision_281/sh.c | U | 53 | 95 | 35 | 69370 | 61 | 338 | 70
281 | Revision_281/php.c | U | 42 | 92 | 35 | 69371 | 61 | 339 | 70
281 | Revision_281/beta.c | U | 136 | 143 | 6 | 69372 | 62 | 201 | 75
281 | Revision_281/beta.c | U | 207 | 215 | 6 | 69373 | 62 | 202 | 75
281 | Revision_281/beta.c | U | 154 | 158 | 5 | 69374 | 63 | 203 | 75
281 | Revision_281/beta.c | U | 167 | 171 | 5 | 69375 | 63 | 204 | 75
281 | Revision_281/beta.c | U | 280 | 284 | 5 | 69376 | 63 | 205 | 75
281 | Revision_281/beta.c | U | 160 | 164 | 5 | 69377 | 63 | 206 | 75
281 | Revision_281/beta.c | U | 274 | 278 | 5 | 69378 | 63 | 207 | 75
281 | Revision_281/sql.c | U | 397 | 403 | 6 | 69379 | 64 | 310 | 75
281 | Revision_281/sql.c | U | 568 | 574 | 6 | 69380 | 64 | 311 | 75
281 | Revision_281/fortran.c | U | 926 | 930 | 6 | 69381 | 64 | 312 | 75
281 | Revision_281/sql.c | U | 438 | 446 | 8 | 69382 | 65 | 313 | 71
281 | Revision_281/fortran.c | U | 1359 | 1365 | 8 | 69383 | 65 | 314 | 71
281 | Revision_281/sql.c | U | 580 | 598 | 37 | 69384 | 66 | 361 | 73
281 | Revision_281/fortran.c | U | 1697 | 1719 | 37 | 69385 | 66 | 219 | 73
281 | Revision_281/parse.c | U | 98 | 108 | 11 | 69386 | 67 | 208 | 88
281 | Revision_281/parse.c | U | 111 | 122 | 11 | 69387 | 67 | 209 | 88
281 | Revision_281/parse.c | U | 272 | 276 | 5 | 69388 | 68 | 356 | 75
281 | Revision_281/parse.c | U | 546 | 550 | 5 | 69389 | 68 | 357 | 75
281 | Revision_281/parse.c | U | 527 | 531 | 5 | 69390 | 68 | 358 | 75
281 | Revision_281/readtags.c | U | 545 | 551 | 6 | 69391 | 69 | 239 | 100
281 | Revision_281/readtags.c | U | 553 | 559 | 6 | 69392 | 69 | 240 | 100
281 | Revision_281/readtags.c | U | 588 | 592 | 6 | 69393 | 70 | 123 | 75
281 | Revision_281/readtags.c | U | 643 | 649 | 6 | 69394 | 70 | 124 | 75
281 | Revision_281/readtags.c | U | 720 | 728 | 8 | 69395 | 71 | 210 | 83
281 | Revision_281/readtags.c | U | 775 | 783 | 8 | 69396 | 71 | 211 | 83
281 | Revision_281/readtags.c | U | 731 | 739 | 8 | 69397 | 71 | 212 | 83
281 | Revision_281/readtags.c | U | 742 | 747 | 6 | 69398 | 72 | 241 | 80
281 | Revision_281/readtags.c | U | 767 | 772 | 6 | 69399 | 72 | 242 | 80
281 | Revision_281/readtags.c | U | 759 | 764 | 6 | 69400 | 72 | 287 | 80
281 | Revision_281/fortran.c | U | 1399 | 1424 | 33 | 69401 | 73 | 218 | 74
281 | Revision_281/fortran.c | U | 1700 | 1718 | 33 | 69402 | 73 | 219 | 74
281 | Revision_281/fortran.c | U | 1472 | 1490 | 17 | 69403 | 74 | 220 | 75
281 | Revision_281/fortran.c | U | 1548 | 1564 | 17 | 69404 | 74 | 353 | 75
281 | Revision_281/fortran.c | U | 1634 | 1647 | 17 | 69405 | 74 | 221 | 75
281 | Revision_281/asm.c | U | 245 | 258 | 11 | 69406 | 75 | 289 | 77
281 | Revision_281/asm.c | U | 263 | 273 | 11 | 69407 | 75 | 279 | 77
281 | Revision_281/scheme.c | U | 70 | 78 | 8 | 69408 | 76 | 222 | 71
281 | Revision_281/scheme.c | U | 85 | 93 | 8 | 69409 | 76 | 223 | 71
281 | Revision_281/options.c | U | 365 | 371 | 6 | 69410 | 77 | 224 | 100
281 | Revision_281/options.c | U | 374 | 380 | 6 | 69411 | 77 | 225 | 100
281 | Revision_281/options.c | U | 537 | 543 | 7 | 69412 | 78 | 226 | 100
281 | Revision_281/options.c | U | 555 | 561 | 7 | 69413 | 78 | 227 | 100
281 | Revision_281/options.c | U | 564 | 570 | 7 | 69414 | 78 | 228 | 100
281 | Revision_281/options.c | U | 546 | 552 | 7 | 69415 | 78 | 229 | 100
281 | Revision_281/options.c | U | 945 | 949 | 5 | 69416 | 79 | 230 | 75
281 | Revision_281/options.c | U | 971 | 975 | 5 | 69417 | 79 | 231 | 75
281 | Revision_281/options.c | U | 1065 | 1069 | 5 | 69418 | 80 | 232 | 100
281 | Revision_281/options.c | U | 1071 | 1075 | 5 | 69419 | 80 | 233 | 100
281 | Revision_281/options.c | U | 1116 | 1128 | 12 | 69420 | 81 | 360 | 100
281 | Revision_281/options.c | U | 1132 | 1144 | 12 | 69421 | 81 | 235 | 100
281 | Revision_281/options.c | U | 1384 | 1401 | 15 | 69422 | 82 | 236 | 91
281 | Revision_281/options.c | U | 1422 | 1439 | 15 | 69423 | 82 | 237 | 91
