Revision | filePath | changeType | StartLine | EndLine | Nlines | cloneId | classId | globalCloneId | Similarity
283 | Revision_283/lisp.c | U | 91 | 97 | 7 | 69726 | 1 | 1 | 83
283 | Revision_283/lisp.c | U | 112 | 118 | 7 | 69727 | 1 | 2 | 83
283 | Revision_283/lisp.c | U | 127 | 137 | 9 | 69728 | 2 | 3 | 70
283 | Revision_283/verilog.c | U | 160 | 168 | 9 | 69729 | 2 | 283 | 70
283 | Revision_283/vim.c | U | 168 | 176 | 9 | 69730 | 2 | 20 | 70
283 | Revision_283/pascal.c | U | 255 | 263 | 9 | 69731 | 2 | 14 | 70
283 | Revision_283/sh.c | U | 98 | 108 | 9 | 69732 | 2 | 17 | 70
283 | Revision_283/sql.c | U | 617 | 626 | 9 | 69733 | 2 | 296 | 70
283 | Revision_283/fortran.c | U | 1788 | 1803 | 9 | 69734 | 2 | 21 | 70
283 | Revision_283/asp.c | U | 181 | 189 | 9 | 69735 | 2 | 4 | 70
283 | Revision_283/c.c | U | 2585 | 2594 | 9 | 69736 | 2 | 12 | 70
283 | Revision_283/python.c | U | 212 | 220 | 9 | 69737 | 2 | 13 | 70
283 | Revision_283/eiffel.c | U | 1222 | 1231 | 9 | 69738 | 2 | 9 | 70
283 | Revision_283/c.c | U | 2597 | 2612 | 9 | 69739 | 2 | 8 | 70
283 | Revision_283/ruby.c | U | 167 | 175 | 9 | 69740 | 2 | 19 | 70
283 | Revision_283/c.c | U | 2615 | 2624 | 9 | 69741 | 2 | 15 | 70
283 | Revision_283/perl.c | U | 109 | 117 | 9 | 69742 | 2 | 7 | 70
283 | Revision_283/lua.c | U | 123 | 131 | 9 | 69743 | 2 | 243 | 70
283 | Revision_283/awk.c | U | 71 | 79 | 9 | 69744 | 2 | 10 | 70
283 | Revision_283/c.c | U | 2627 | 2636 | 9 | 69745 | 2 | 315 | 70
283 | Revision_283/cobol.c | U | 40 | 48 | 9 | 69746 | 2 | 320 | 70
283 | Revision_283/scheme.c | U | 99 | 109 | 9 | 69747 | 2 | 16 | 70
283 | Revision_283/tcl.c | U | 106 | 114 | 9 | 69748 | 2 | 18 | 70
283 | Revision_283/c.c | U | 2639 | 2648 | 9 | 69749 | 2 | 330 | 70
283 | Revision_283/erlang.c | U | 179 | 187 | 9 | 69750 | 2 | 340 | 70
283 | Revision_283/beta.c | U | 313 | 321 | 9 | 69751 | 2 | 5 | 70
283 | Revision_283/php.c | U | 95 | 103 | 9 | 69752 | 2 | 22 | 70
283 | Revision_283/sml.c | U | 192 | 200 | 9 | 69753 | 2 | 321 | 70
283 | Revision_283/make.c | U | 91 | 101 | 9 | 69754 | 2 | 25 | 70
283 | Revision_283/yacc.c | U | 31 | 38 | 9 | 69755 | 2 | 23 | 70
283 | Revision_283/slang.c | U | 34 | 41 | 9 | 69756 | 2 | 24 | 70
283 | Revision_283/asm.c | U | 368 | 387 | 9 | 69757 | 2 | 274 | 70
283 | Revision_283/rexx.c | U | 30 | 37 | 9 | 69758 | 2 | 26 | 70
283 | Revision_283/keyword.c | U | 107 | 116 | 9 | 69759 | 2 | 27 | 70
283 | Revision_283/options.c | U | 620 | 626 | 9 | 69760 | 2 | 29 | 70
283 | Revision_283/c.c | U | 2051 | 2056 | 9 | 69761 | 2 | 28 | 70
283 | Revision_283/options.c | U | 527 | 532 | 9 | 69762 | 2 | 30 | 70
283 | Revision_283/c.c | U | 2080 | 2088 | 9 | 69763 | 2 | 31 | 70
283 | Revision_283/options.c | U | 800 | 810 | 9 | 69764 | 2 | 32 | 70
283 | Revision_283/asp.c | U | 70 | 89 | 15 | 69765 | 3 | 33 | 100
283 | Revision_283/asp.c | U | 93 | 112 | 15 | 69766 | 3 | 34 | 100
283 | Revision_283/asp.c | U | 116 | 132 | 14 | 69767 | 4 | 35 | 72
283 | Revision_283/ruby.c | U | 79 | 94 | 14 | 69768 | 4 | 42 | 72
283 | Revision_283/php.c | U | 75 | 88 | 14 | 69769 | 4 | 40 | 72
283 | Revision_283/asp.c | U | 155 | 170 | 14 | 69770 | 4 | 36 | 72
283 | Revision_283/asp.c | U | 136 | 151 | 14 | 69771 | 4 | 36 | 72
283 | Revision_283/ruby.c | U | 96 | 111 | 14 | 69772 | 4 | 42 | 72
283 | Revision_283/php.c | U | 55 | 72 | 14 | 69773 | 4 | 173 | 72
283 | Revision_283/vim.c | U | 121 | 135 | 14 | 69774 | 4 | 159 | 72
283 | Revision_283/vim.c | U | 95 | 110 | 14 | 69775 | 4 | 334 | 72
283 | Revision_283/vim.c | U | 143 | 162 | 14 | 69776 | 4 | 160 | 72
283 | Revision_283/vim.c | U | 114 | 136 | 14 | 69777 | 4 | 160 | 72
283 | Revision_283/args.c | U | 85 | 92 | 8 | 69778 | 5 | 43 | 100
283 | Revision_283/args.c | U | 159 | 166 | 8 | 69779 | 5 | 44 | 100
283 | Revision_283/args.c | U | 144 | 148 | 5 | 69780 | 6 | 322 | 75
283 | Revision_283/sml.c | U | 174 | 178 | 5 | 69781 | 6 | 323 | 75
283 | Revision_283/readtags.c | U | 702 | 706 | 5 | 69782 | 6 | 212 | 75
283 | Revision_283/args.c | U | 181 | 189 | 9 | 69783 | 7 | 45 | 75
283 | Revision_283/args.c | U | 202 | 210 | 9 | 69784 | 7 | 46 | 75
283 | Revision_283/args.c | U | 192 | 199 | 9 | 69785 | 7 | 47 | 75
283 | Revision_283/args.c | U | 265 | 271 | 6 | 69786 | 8 | 48 | 80
283 | Revision_283/options.c | U | 573 | 578 | 6 | 69787 | 8 | 49 | 80
283 | Revision_283/fortran.c | U | 795 | 800 | 6 | 69788 | 8 | 50 | 80
283 | Revision_283/c.c | U | 507 | 513 | 7 | 69789 | 9 | 51 | 80
283 | Revision_283/vstring.c | U | 67 | 74 | 7 | 69790 | 9 | 52 | 80
283 | Revision_283/c.c | U | 516 | 523 | 6 | 69791 | 10 | 53 | 80
283 | Revision_283/c.c | U | 526 | 533 | 6 | 69792 | 10 | 54 | 80
283 | Revision_283/c.c | U | 635 | 651 | 16 | 69793 | 11 | 55 | 72
283 | Revision_283/c.c | U | 654 | 670 | 16 | 69794 | 11 | 60 | 72
283 | Revision_283/c.c | U | 1172 | 1186 | 16 | 69795 | 11 | 56 | 72
283 | Revision_283/c.c | U | 1095 | 1113 | 16 | 69796 | 11 | 57 | 72
283 | Revision_283/fortran.c | U | 964 | 982 | 16 | 69797 | 11 | 58 | 72
283 | Revision_283/fortran.c | U | 1460 | 1476 | 16 | 69798 | 11 | 59 | 72
283 | Revision_283/c.c | U | 657 | 668 | 16 | 69799 | 11 | 63 | 72
283 | Revision_283/c.c | U | 1098 | 1111 | 16 | 69800 | 11 | 57 | 72
283 | Revision_283/c.c | U | 2386 | 2405 | 16 | 69801 | 11 | 61 | 72
283 | Revision_283/c.c | U | 2388 | 2402 | 16 | 69802 | 11 | 64 | 72
283 | Revision_283/fortran.c | U | 1463 | 1474 | 16 | 69803 | 11 | 65 | 72
283 | Revision_283/eiffel.c | U | 905 | 947 | 16 | 69804 | 11 | 248 | 72
283 | Revision_283/c.c | U | 638 | 649 | 16 | 69805 | 11 | 71 | 72
283 | Revision_283/c.c | U | 687 | 707 | 20 | 69806 | 12 | 72 | 73
283 | Revision_283/c.c | U | 804 | 812 | 20 | 69807 | 12 | 73 | 73
283 | Revision_283/c.c | U | 717 | 723 | 8 | 69808 | 13 | 74 | 71
283 | Revision_283/options.c | U | 466 | 473 | 8 | 69809 | 13 | 75 | 71
283 | Revision_283/c.c | U | 746 | 750 | 5 | 69810 | 14 | 76 | 75
283 | Revision_283/eiffel.c | U | 673 | 677 | 5 | 69811 | 14 | 249 | 75
283 | Revision_283/c.c | U | 1975 | 1979 | 5 | 69812 | 14 | 80 | 75
283 | Revision_283/fortran.c | U | 1503 | 1507 | 5 | 69813 | 14 | 79 | 75
283 | Revision_283/sql.c | U | 484 | 488 | 5 | 69814 | 14 | 297 | 75
283 | Revision_283/fortran.c | U | 1220 | 1224 | 5 | 69815 | 14 | 286 | 75
283 | Revision_283/fortran.c | U | 1361 | 1365 | 5 | 69816 | 14 | 78 | 75
283 | Revision_283/eiffel.c | U | 660 | 664 | 5 | 69817 | 14 | 250 | 75
283 | Revision_283/sql.c | U | 336 | 340 | 5 | 69818 | 14 | 300 | 75
283 | Revision_283/readtags.c | U | 147 | 151 | 5 | 69819 | 14 | 87 | 75
283 | Revision_283/c.c | U | 2438 | 2442 | 5 | 69820 | 14 | 86 | 75
283 | Revision_283/fortran.c | U | 1203 | 1208 | 5 | 69821 | 14 | 84 | 75
283 | Revision_283/sql.c | U | 423 | 427 | 5 | 69822 | 14 | 298 | 75
283 | Revision_283/fortran.c | U | 1184 | 1188 | 5 | 69823 | 14 | 85 | 75
283 | Revision_283/eiffel.c | U | 1014 | 1018 | 5 | 69824 | 14 | 269 | 75
283 | Revision_283/eiffel.c | U | 874 | 878 | 5 | 69825 | 14 | 269 | 75
283 | Revision_283/eiffel.c | U | 963 | 967 | 5 | 69826 | 14 | 269 | 75
283 | Revision_283/sql.c | U | 553 | 557 | 5 | 69827 | 14 | 299 | 75
283 | Revision_283/c.c | U | 2022 | 2026 | 5 | 69828 | 14 | 125 | 75
283 | Revision_283/strlist.c | U | 134 | 138 | 5 | 69829 | 14 | 126 | 75
283 | Revision_283/c.c | U | 2041 | 2048 | 5 | 69830 | 14 | 244 | 75
283 | Revision_283/c.c | U | 1672 | 1676 | 5 | 69831 | 14 | 121 | 75
283 | Revision_283/c.c | U | 1663 | 1667 | 5 | 69832 | 14 | 331 | 75
283 | Revision_283/vstring.c | U | 35 | 40 | 5 | 69833 | 14 | 98 | 75
283 | Revision_283/fortran.c | U | 481 | 485 | 5 | 69834 | 14 | 95 | 75
283 | Revision_283/eiffel.c | U | 1033 | 1037 | 5 | 69835 | 14 | 151 | 75
283 | Revision_283/eiffel.c | U | 848 | 853 | 5 | 69836 | 14 | 151 | 75
283 | Revision_283/c.c | U | 2503 | 2508 | 5 | 69837 | 14 | 94 | 75
283 | Revision_283/ruby.c | U | 136 | 140 | 5 | 69838 | 14 | 19 | 75
283 | Revision_283/options.c | U | 1005 | 1009 | 5 | 69839 | 14 | 89 | 75
283 | Revision_283/keyword.c | U | 185 | 189 | 5 | 69840 | 14 | 91 | 75
283 | Revision_283/readtags.c | U | 458 | 462 | 5 | 69841 | 14 | 90 | 75
283 | Revision_283/options.c | U | 668 | 672 | 5 | 69842 | 14 | 127 | 75
283 | Revision_283/fortran.c | U | 871 | 875 | 5 | 69843 | 14 | 128 | 75
283 | Revision_283/eiffel.c | U | 1069 | 1078 | 5 | 69844 | 14 | 101 | 75
283 | Revision_283/options.c | U | 1642 | 1646 | 5 | 69845 | 14 | 333 | 75
283 | Revision_283/options.c | U | 1181 | 1185 | 5 | 69846 | 14 | 129 | 75
283 | Revision_283/c.c | U | 756 | 776 | 43 | 69847 | 15 | 103 | 86
283 | Revision_283/c.c | U | 816 | 835 | 43 | 69848 | 15 | 316 | 86
283 | Revision_283/c.c | U | 882 | 901 | 43 | 69849 | 15 | 103 | 86
283 | Revision_283/c.c | U | 779 | 798 | 43 | 69850 | 15 | 332 | 86
283 | Revision_283/c.c | U | 838 | 849 | 12 | 69851 | 16 | 317 | 90
283 | Revision_283/c.c | U | 852 | 863 | 12 | 69852 | 16 | 318 | 90
283 | Revision_283/c.c | U | 1296 | 1303 | 7 | 69853 | 17 | 108 | 80
283 | Revision_283/c.c | U | 1305 | 1312 | 7 | 69854 | 17 | 109 | 80
283 | Revision_283/c.c | U | 1326 | 1333 | 7 | 69855 | 18 | 110 | 83
283 | Revision_283/c.c | U | 1336 | 1343 | 7 | 69856 | 18 | 111 | 83
283 | Revision_283/fortran.c | U | 514 | 520 | 7 | 69857 | 18 | 112 | 83
283 | Revision_283/c.c | U | 1392 | 1401 | 9 | 69858 | 19 | 294 | 71
283 | Revision_283/eiffel.c | U | 556 | 564 | 9 | 69859 | 19 | 295 | 71
283 | Revision_283/c.c | U | 1395 | 1399 | 5 | 69860 | 20 | 294 | 75
283 | Revision_283/readtags.c | U | 506 | 510 | 5 | 69861 | 20 | 90 | 75
283 | Revision_283/readtags.c | U | 683 | 687 | 5 | 69862 | 20 | 99 | 75
283 | Revision_283/c.c | U | 1716 | 1720 | 5 | 69863 | 21 | 118 | 75
283 | Revision_283/fortran.c | U | 681 | 685 | 5 | 69864 | 21 | 120 | 75
283 | Revision_283/eiffel.c | U | 419 | 423 | 5 | 69865 | 21 | 119 | 75
283 | Revision_283/c.c | U | 1863 | 1867 | 5 | 69866 | 22 | 121 | 75
283 | Revision_283/get.c | U | 588 | 592 | 5 | 69867 | 22 | 122 | 75
283 | Revision_283/c.c | U | 2003 | 2010 | 9 | 69868 | 23 | 28 | 71
283 | Revision_283/eiffel.c | U | 1066 | 1079 | 9 | 69869 | 23 | 156 | 71
283 | Revision_283/c.c | U | 2459 | 2464 | 6 | 69870 | 24 | 94 | 80
283 | Revision_283/sql.c | U | 500 | 505 | 6 | 69871 | 24 | 301 | 80
283 | Revision_283/c.c | U | 2543 | 2552 | 9 | 69872 | 25 | 130 | 71
283 | Revision_283/fortran.c | U | 320 | 329 | 9 | 69873 | 25 | 132 | 71
283 | Revision_283/sql.c | U | 191 | 200 | 9 | 69874 | 25 | 302 | 71
283 | Revision_283/eiffel.c | U | 215 | 224 | 9 | 69875 | 25 | 131 | 71
283 | Revision_283/asm.c | U | 121 | 129 | 9 | 69876 | 25 | 288 | 71
283 | Revision_283/eiffel.c | U | 287 | 301 | 9 | 69877 | 26 | 133 | 71
283 | Revision_283/beta.c | U | 71 | 82 | 9 | 69878 | 26 | 134 | 71
283 | Revision_283/sql.c | U | 227 | 241 | 9 | 69879 | 26 | 303 | 71
283 | Revision_283/sml.c | U | 73 | 79 | 9 | 69880 | 26 | 324 | 71
283 | Revision_283/parse.c | U | 46 | 57 | 9 | 69881 | 26 | 135 | 71
283 | Revision_283/eiffel.c | U | 289 | 299 | 9 | 69882 | 26 | 136 | 71
283 | Revision_283/eiffel.c | U | 367 | 376 | 8 | 69883 | 27 | 304 | 100
283 | Revision_283/sql.c | U | 248 | 255 | 8 | 69884 | 27 | 305 | 100
283 | Revision_283/eiffel.c | U | 382 | 407 | 23 | 69885 | 28 | 139 | 75
283 | Revision_283/fortran.c | U | 639 | 669 | 23 | 69886 | 28 | 140 | 75
283 | Revision_283/eiffel.c | U | 410 | 435 | 20 | 69887 | 29 | 141 | 94
283 | Revision_283/fortran.c | U | 672 | 697 | 20 | 69888 | 29 | 142 | 94
283 | Revision_283/eiffel.c | U | 547 | 551 | 5 | 69889 | 30 | 143 | 75
283 | Revision_283/fortran.c | U | 850 | 854 | 5 | 69890 | 30 | 145 | 75
283 | Revision_283/fortran.c | U | 661 | 665 | 5 | 69891 | 30 | 144 | 75
283 | Revision_283/eiffel.c | U | 572 | 584 | 11 | 69892 | 31 | 114 | 88
283 | Revision_283/fortran.c | U | 724 | 735 | 11 | 69893 | 31 | 116 | 88
283 | Revision_283/eiffel.c | U | 587 | 599 | 11 | 69894 | 31 | 117 | 88
283 | Revision_283/sql.c | U | 277 | 288 | 11 | 69895 | 31 | 306 | 88
283 | Revision_283/eiffel.c | U | 602 | 612 | 9 | 69896 | 32 | 146 | 87
283 | Revision_283/asm.c | U | 132 | 141 | 9 | 69897 | 32 | 270 | 87
283 | Revision_283/fortran.c | U | 762 | 772 | 9 | 69898 | 32 | 147 | 87
283 | Revision_283/eiffel.c | U | 720 | 727 | 8 | 69899 | 33 | 148 | 100
283 | Revision_283/fortran.c | U | 892 | 899 | 8 | 69900 | 33 | 149 | 100
283 | Revision_283/eiffel.c | U | 771 | 818 | 13 | 69901 | 34 | 349 | 72
283 | Revision_283/fortran.c | U | 950 | 961 | 13 | 69902 | 34 | 350 | 72
283 | Revision_283/eiffel.c | U | 836 | 854 | 12 | 69903 | 35 | 251 | 72
283 | Revision_283/fortran.c | U | 1168 | 1181 | 12 | 69904 | 35 | 336 | 72
283 | Revision_283/eiffel.c | U | 858 | 880 | 12 | 69905 | 35 | 252 | 72
283 | Revision_283/fortran.c | U | 1287 | 1295 | 12 | 69906 | 35 | 337 | 72
283 | Revision_283/eiffel.c | U | 1008 | 1021 | 12 | 69907 | 35 | 253 | 72
283 | Revision_283/eiffel.c | U | 1113 | 1137 | 22 | 69908 | 36 | 307 | 70
283 | Revision_283/sql.c | U | 454 | 479 | 22 | 69909 | 36 | 308 | 70
283 | Revision_283/eiffel.c | U | 1167 | 1171 | 13 | 69910 | 37 | 351 | 71
283 | Revision_283/fortran.c | U | 1368 | 1375 | 13 | 69911 | 37 | 314 | 71
283 | Revision_283/sql.c | U | 519 | 537 | 13 | 69912 | 37 | 352 | 71
283 | Revision_283/eiffel.c | U | 1176 | 1188 | 10 | 69913 | 38 | 157 | 100
283 | Revision_283/sql.c | U | 203 | 214 | 10 | 69914 | 38 | 309 | 100
283 | Revision_283/fortran.c | U | 738 | 749 | 10 | 69915 | 38 | 158 | 100
283 | Revision_283/verilog.c | U | 147 | 153 | 7 | 69916 | 39 | 284 | 83
283 | Revision_283/lua.c | U | 81 | 88 | 7 | 69917 | 39 | 285 | 83
283 | Revision_283/vim.c | U | 56 | 60 | 5 | 69918 | 40 | 290 | 100
283 | Revision_283/vim.c | U | 62 | 66 | 5 | 69919 | 40 | 291 | 100
283 | Revision_283/python.c | U | 105 | 109 | 5 | 69920 | 41 | 278 | 75
283 | Revision_283/options.c | U | 926 | 931 | 5 | 69921 | 41 | 280 | 75
283 | Revision_283/sml.c | U | 82 | 86 | 5 | 69922 | 41 | 325 | 75
283 | Revision_283/erlang.c | U | 58 | 62 | 5 | 69923 | 41 | 341 | 75
283 | Revision_283/python.c | U | 113 | 122 | 9 | 69924 | 42 | 292 | 75
283 | Revision_283/erlang.c | U | 66 | 75 | 9 | 69925 | 42 | 342 | 75
283 | Revision_283/tcl.c | U | 44 | 54 | 9 | 69926 | 42 | 293 | 75
283 | Revision_283/python.c | U | 145 | 150 | 6 | 69927 | 43 | 343 | 80
283 | Revision_283/erlang.c | U | 116 | 121 | 6 | 69928 | 43 | 346 | 80
283 | Revision_283/erlang.c | U | 108 | 113 | 6 | 69929 | 43 | 344 | 80
283 | Revision_283/erlang.c | U | 97 | 105 | 6 | 69930 | 43 | 344 | 80
283 | Revision_283/python.c | U | 172 | 181 | 9 | 69931 | 44 | 326 | 85
283 | Revision_283/sml.c | U | 162 | 171 | 9 | 69932 | 44 | 327 | 85
283 | Revision_283/python.c | U | 200 | 205 | 6 | 69933 | 45 | 328 | 80
283 | Revision_283/sml.c | U | 180 | 185 | 6 | 69934 | 45 | 329 | 80
283 | Revision_283/perl.c | U | 56 | 60 | 5 | 69935 | 46 | 163 | 75
283 | Revision_283/pascal.c | U | 133 | 137 | 5 | 69936 | 46 | 164 | 75
283 | Revision_283/sort.c | U | 123 | 128 | 5 | 69937 | 47 | 281 | 100
283 | Revision_283/sort.c | U | 131 | 136 | 5 | 69938 | 47 | 282 | 100
283 | Revision_283/strlist.c | U | 32 | 38 | 8 | 69939 | 48 | 165 | 71
283 | Revision_283/vstring.c | U | 77 | 87 | 8 | 69940 | 48 | 166 | 71
283 | Revision_283/strlist.c | U | 147 | 154 | 8 | 69941 | 49 | 167 | 85
283 | Revision_283/strlist.c | U | 169 | 176 | 8 | 69942 | 49 | 168 | 85
283 | Revision_283/strlist.c | U | 158 | 165 | 8 | 69943 | 49 | 169 | 85
283 | Revision_283/pascal.c | U | 149 | 153 | 6 | 69944 | 50 | 319 | 75
283 | Revision_283/pascal.c | U | 183 | 189 | 6 | 69945 | 50 | 171 | 75
283 | Revision_283/pascal.c | U | 175 | 181 | 6 | 69946 | 50 | 170 | 75
283 | Revision_283/get.c | U | 297 | 309 | 10 | 69947 | 51 | 174 | 70
283 | Revision_283/read.c | U | 214 | 225 | 10 | 69948 | 51 | 176 | 70
283 | Revision_283/parse.c | U | 557 | 571 | 10 | 69949 | 51 | 175 | 70
283 | Revision_283/get.c | U | 461 | 472 | 10 | 69950 | 52 | 177 | 100
283 | Revision_283/get.c | U | 478 | 489 | 10 | 69951 | 52 | 178 | 100
283 | Revision_283/get.c | U | 535 | 540 | 6 | 69952 | 53 | 180 | 80
283 | Revision_283/read.c | U | 415 | 419 | 6 | 69953 | 53 | 181 | 80
283 | Revision_283/main.c | U | 179 | 192 | 6 | 69954 | 54 | 354 | 80
283 | Revision_283/options.c | U | 393 | 398 | 6 | 69955 | 54 | 355 | 80
283 | Revision_283/routines.c | U | 224 | 231 | 6 | 69956 | 55 | 254 | 80
283 | Revision_283/routines.c | U | 234 | 241 | 6 | 69957 | 55 | 255 | 80
283 | Revision_283/routines.c | U | 275 | 282 | 8 | 69958 | 56 | 256 | 83
283 | Revision_283/routines.c | U | 285 | 292 | 8 | 69959 | 56 | 257 | 83
283 | Revision_283/readtags.c | U | 109 | 116 | 8 | 69960 | 56 | 123 | 83
283 | Revision_283/readtags.c | U | 119 | 126 | 8 | 69961 | 56 | 238 | 83
283 | Revision_283/routines.c | U | 309 | 313 | 5 | 69962 | 57 | 258 | 75
283 | Revision_283/vstring.c | U | 125 | 129 | 5 | 69963 | 57 | 188 | 75
283 | Revision_283/vstring.c | U | 118 | 122 | 5 | 69964 | 57 | 189 | 75
283 | Revision_283/routines.c | U | 316 | 322 | 6 | 69965 | 58 | 259 | 100
283 | Revision_283/routines.c | U | 325 | 331 | 6 | 69966 | 58 | 260 | 100
283 | Revision_283/routines.c | U | 336 | 343 | 8 | 69967 | 59 | 261 | 100
283 | Revision_283/routines.c | U | 348 | 355 | 8 | 69968 | 59 | 262 | 100
283 | Revision_283/routines.c | U | 472 | 485 | 5 | 69969 | 60 | 267 | 75
283 | Revision_283/routines.c | U | 546 | 569 | 5 | 69970 | 60 | 268 | 75
283 | Revision_283/sh.c | U | 53 | 95 | 35 | 69971 | 61 | 338 | 70
283 | Revision_283/php.c | U | 42 | 92 | 35 | 69972 | 61 | 339 | 70
283 | Revision_283/beta.c | U | 136 | 143 | 6 | 69973 | 62 | 201 | 75
283 | Revision_283/beta.c | U | 207 | 215 | 6 | 69974 | 62 | 202 | 75
283 | Revision_283/beta.c | U | 154 | 158 | 5 | 69975 | 63 | 203 | 75
283 | Revision_283/beta.c | U | 160 | 164 | 5 | 69976 | 63 | 204 | 75
283 | Revision_283/beta.c | U | 274 | 278 | 5 | 69977 | 63 | 205 | 75
283 | Revision_283/beta.c | U | 280 | 284 | 5 | 69978 | 63 | 207 | 75
283 | Revision_283/beta.c | U | 167 | 171 | 5 | 69979 | 63 | 206 | 75
283 | Revision_283/sql.c | U | 397 | 403 | 6 | 69980 | 64 | 310 | 75
283 | Revision_283/sql.c | U | 568 | 574 | 6 | 69981 | 64 | 311 | 75
283 | Revision_283/fortran.c | U | 929 | 933 | 6 | 69982 | 64 | 312 | 75
283 | Revision_283/sql.c | U | 438 | 446 | 8 | 69983 | 65 | 313 | 71
283 | Revision_283/fortran.c | U | 1386 | 1392 | 8 | 69984 | 65 | 314 | 71
283 | Revision_283/sql.c | U | 580 | 598 | 38 | 69985 | 66 | 361 | 75
283 | Revision_283/fortran.c | U | 1724 | 1747 | 38 | 69986 | 66 | 219 | 75
283 | Revision_283/parse.c | U | 98 | 108 | 11 | 69987 | 67 | 208 | 88
283 | Revision_283/parse.c | U | 111 | 122 | 11 | 69988 | 67 | 209 | 88
283 | Revision_283/parse.c | U | 272 | 276 | 5 | 69989 | 68 | 356 | 75
283 | Revision_283/parse.c | U | 527 | 531 | 5 | 69990 | 68 | 357 | 75
283 | Revision_283/parse.c | U | 546 | 550 | 5 | 69991 | 68 | 358 | 75
283 | Revision_283/readtags.c | U | 545 | 551 | 6 | 69992 | 69 | 239 | 100
283 | Revision_283/readtags.c | U | 553 | 559 | 6 | 69993 | 69 | 240 | 100
283 | Revision_283/readtags.c | U | 588 | 592 | 6 | 69994 | 70 | 123 | 75
283 | Revision_283/readtags.c | U | 643 | 649 | 6 | 69995 | 70 | 124 | 75
283 | Revision_283/readtags.c | U | 720 | 728 | 8 | 69996 | 71 | 210 | 83
283 | Revision_283/readtags.c | U | 775 | 783 | 8 | 69997 | 71 | 211 | 83
283 | Revision_283/readtags.c | U | 731 | 739 | 8 | 69998 | 71 | 212 | 83
283 | Revision_283/readtags.c | U | 742 | 747 | 6 | 69999 | 72 | 241 | 80
283 | Revision_283/readtags.c | U | 767 | 772 | 6 | 70000 | 72 | 242 | 80
283 | Revision_283/readtags.c | U | 759 | 764 | 6 | 70001 | 72 | 287 | 80
283 | Revision_283/fortran.c | U | 1132 | 1138 | 7 | 70002 | 73 | 85 | 71
283 | Revision_283/fortran.c | U | 1152 | 1161 | 7 | 70003 | 73 | 85 | 71
283 | Revision_283/fortran.c | U | 1172 | 1178 | 7 | 70004 | 73 | 84 | 71
283 | Revision_283/fortran.c | U | 1426 | 1451 | 32 | 70005 | 74 | 218 | 70
283 | Revision_283/fortran.c | U | 1731 | 1745 | 32 | 70006 | 74 | 219 | 70
283 | Revision_283/fortran.c | U | 1499 | 1517 | 16 | 70007 | 75 | 220 | 75
283 | Revision_283/fortran.c | U | 1661 | 1674 | 16 | 70008 | 75 | 221 | 75
283 | Revision_283/fortran.c | U | 1575 | 1591 | 16 | 70009 | 75 | 353 | 75
283 | Revision_283/asm.c | U | 245 | 258 | 11 | 70010 | 76 | 289 | 77
283 | Revision_283/asm.c | U | 263 | 273 | 11 | 70011 | 76 | 279 | 77
283 | Revision_283/scheme.c | U | 70 | 78 | 8 | 70012 | 77 | 222 | 71
283 | Revision_283/scheme.c | U | 85 | 93 | 8 | 70013 | 77 | 223 | 71
283 | Revision_283/options.c | U | 365 | 371 | 6 | 70014 | 78 | 224 | 100
283 | Revision_283/options.c | U | 374 | 380 | 6 | 70015 | 78 | 225 | 100
283 | Revision_283/options.c | U | 537 | 543 | 7 | 70016 | 79 | 226 | 100
283 | Revision_283/options.c | U | 546 | 552 | 7 | 70017 | 79 | 227 | 100
283 | Revision_283/options.c | U | 555 | 561 | 7 | 70018 | 79 | 228 | 100
283 | Revision_283/options.c | U | 564 | 570 | 7 | 70019 | 79 | 229 | 100
283 | Revision_283/options.c | U | 945 | 949 | 5 | 70020 | 80 | 230 | 75
283 | Revision_283/options.c | U | 971 | 975 | 5 | 70021 | 80 | 231 | 75
283 | Revision_283/options.c | U | 1065 | 1069 | 5 | 70022 | 81 | 232 | 100
283 | Revision_283/options.c | U | 1071 | 1075 | 5 | 70023 | 81 | 233 | 100
283 | Revision_283/options.c | U | 1116 | 1128 | 12 | 70024 | 82 | 360 | 100
283 | Revision_283/options.c | U | 1132 | 1144 | 12 | 70025 | 82 | 235 | 100
283 | Revision_283/options.c | U | 1384 | 1401 | 15 | 70026 | 83 | 236 | 91
283 | Revision_283/options.c | U | 1422 | 1439 | 15 | 70027 | 83 | 237 | 91
