Revision | filePath | changeType | StartLine | EndLine | Nlines | cloneId | classId | globalCloneId | Similarity
297 | Revision_297/lisp.c | U | 91 | 97 | 7 | 74011 | 1 | 1 | 83
297 | Revision_297/lisp.c | U | 112 | 118 | 7 | 74012 | 1 | 2 | 83
297 | Revision_297/lisp.c | U | 127 | 137 | 9 | 74013 | 2 | 3 | 70
297 | Revision_297/cobol.c | U | 40 | 48 | 9 | 74014 | 2 | 320 | 70
297 | Revision_297/c.c | U | 2584 | 2593 | 9 | 74015 | 2 | 12 | 70
297 | Revision_297/c.c | U | 2596 | 2611 | 9 | 74016 | 2 | 8 | 70
297 | Revision_297/c.c | U | 2614 | 2623 | 9 | 74017 | 2 | 15 | 70
297 | Revision_297/c.c | U | 2626 | 2635 | 9 | 74018 | 2 | 315 | 70
297 | Revision_297/c.c | U | 2638 | 2647 | 9 | 74019 | 2 | 330 | 70
297 | Revision_297/fortran.c | A | 2062 | 2077 | 9 | 74020 | 2 | 21 | 70
297 | Revision_297/eiffel.c | U | 1222 | 1231 | 9 | 74021 | 2 | 9 | 70
297 | Revision_297/sql.c | U | 608 | 617 | 9 | 74022 | 2 | 296 | 70
297 | Revision_297/lua.c | U | 123 | 131 | 9 | 74023 | 2 | 243 | 70
297 | Revision_297/tcl.c | U | 106 | 114 | 9 | 74024 | 2 | 18 | 70
297 | Revision_297/scheme.c | U | 99 | 109 | 9 | 74025 | 2 | 16 | 70
297 | Revision_297/perl.c | U | 109 | 117 | 9 | 74026 | 2 | 7 | 70
297 | Revision_297/ruby.c | U | 167 | 175 | 9 | 74027 | 2 | 19 | 70
297 | Revision_297/python.c | U | 212 | 220 | 9 | 74028 | 2 | 13 | 70
297 | Revision_297/vim.c | U | 168 | 176 | 9 | 74029 | 2 | 20 | 70
297 | Revision_297/pascal.c | U | 255 | 263 | 9 | 74030 | 2 | 14 | 70
297 | Revision_297/verilog.c | U | 160 | 168 | 9 | 74031 | 2 | 283 | 70
297 | Revision_297/asp.c | U | 181 | 189 | 9 | 74032 | 2 | 4 | 70
297 | Revision_297/awk.c | U | 71 | 79 | 9 | 74033 | 2 | 10 | 70
297 | Revision_297/sml.c | U | 192 | 200 | 9 | 74034 | 2 | 321 | 70
297 | Revision_297/php.c | U | 95 | 103 | 9 | 74035 | 2 | 22 | 70
297 | Revision_297/sh.c | U | 98 | 108 | 9 | 74036 | 2 | 17 | 70
297 | Revision_297/beta.c | U | 313 | 321 | 9 | 74037 | 2 | 5 | 70
297 | Revision_297/erlang.c | U | 179 | 187 | 9 | 74038 | 2 | 340 | 70
297 | Revision_297/slang.c | U | 34 | 41 | 9 | 74039 | 2 | 24 | 70
297 | Revision_297/html.c | U | 40 | 47 | 9 | 74040 | 2 | 365 | 70
297 | Revision_297/yacc.c | U | 31 | 38 | 9 | 74041 | 2 | 23 | 70
297 | Revision_297/keyword.c | U | 107 | 116 | 9 | 74042 | 2 | 27 | 70
297 | Revision_297/jscript.c | U | 31 | 38 | 9 | 74043 | 2 | 364 | 70
297 | Revision_297/rexx.c | U | 30 | 37 | 9 | 74044 | 2 | 26 | 70
297 | Revision_297/asm.c | U | 368 | 387 | 9 | 74045 | 2 | 274 | 70
297 | Revision_297/make.c | U | 91 | 101 | 9 | 74046 | 2 | 25 | 70
297 | Revision_297/fortran.c | M | 384 | 396 | 9 | 74047 | 2 | 158 | 70
297 | Revision_297/c.c | U | 2050 | 2055 | 9 | 74048 | 2 | 28 | 70
297 | Revision_297/options.c | U | 527 | 532 | 9 | 74049 | 2 | 29 | 70
297 | Revision_297/sql.c | U | 201 | 209 | 9 | 74050 | 2 | 309 | 70
297 | Revision_297/options.c | U | 620 | 626 | 9 | 74051 | 2 | 30 | 70
297 | Revision_297/eiffel.c | U | 1176 | 1188 | 9 | 74052 | 2 | 157 | 70
297 | Revision_297/c.c | U | 2079 | 2087 | 9 | 74053 | 2 | 31 | 70
297 | Revision_297/options.c | U | 800 | 810 | 9 | 74054 | 2 | 32 | 70
297 | Revision_297/asp.c | U | 70 | 89 | 15 | 74055 | 3 | 33 | 100
297 | Revision_297/asp.c | U | 93 | 112 | 15 | 74056 | 3 | 34 | 100
297 | Revision_297/asp.c | U | 116 | 132 | 14 | 74057 | 4 | 35 | 72
297 | Revision_297/asp.c | U | 136 | 151 | 14 | 74058 | 4 | 36 | 72
297 | Revision_297/vim.c | U | 121 | 135 | 14 | 74059 | 4 | 159 | 72
297 | Revision_297/asp.c | U | 155 | 170 | 14 | 74060 | 4 | 36 | 72
297 | Revision_297/ruby.c | U | 79 | 94 | 14 | 74061 | 4 | 42 | 72
297 | Revision_297/ruby.c | U | 96 | 111 | 14 | 74062 | 4 | 42 | 72
297 | Revision_297/php.c | U | 55 | 72 | 14 | 74063 | 4 | 40 | 72
297 | Revision_297/php.c | U | 75 | 88 | 14 | 74064 | 4 | 173 | 72
297 | Revision_297/vim.c | U | 95 | 110 | 14 | 74065 | 4 | 334 | 72
297 | Revision_297/vim.c | U | 143 | 162 | 14 | 74066 | 4 | 160 | 72
297 | Revision_297/vim.c | U | 114 | 136 | 14 | 74067 | 4 | 160 | 72
297 | Revision_297/args.c | U | 85 | 92 | 8 | 74068 | 5 | 43 | 100
297 | Revision_297/args.c | U | 159 | 166 | 8 | 74069 | 5 | 44 | 100
297 | Revision_297/args.c | U | 144 | 148 | 5 | 74070 | 6 | 322 | 75
297 | Revision_297/sml.c | U | 174 | 178 | 5 | 74071 | 6 | 323 | 75
297 | Revision_297/readtags.c | U | 702 | 706 | 5 | 74072 | 6 | 212 | 75
297 | Revision_297/args.c | U | 181 | 189 | 9 | 74073 | 7 | 45 | 75
297 | Revision_297/args.c | U | 192 | 199 | 9 | 74074 | 7 | 46 | 75
297 | Revision_297/args.c | U | 202 | 210 | 9 | 74075 | 7 | 47 | 75
297 | Revision_297/args.c | U | 265 | 271 | 6 | 74076 | 8 | 48 | 80
297 | Revision_297/options.c | U | 573 | 578 | 6 | 74077 | 8 | 49 | 80
297 | Revision_297/fortran.c | M | 844 | 849 | 6 | 74078 | 8 | 50 | 80
297 | Revision_297/c.c | U | 507 | 513 | 7 | 74079 | 9 | 51 | 80
297 | Revision_297/vstring.c | U | 67 | 74 | 7 | 74080 | 9 | 52 | 80
297 | Revision_297/c.c | U | 516 | 523 | 6 | 74081 | 10 | 53 | 80
297 | Revision_297/c.c | U | 526 | 533 | 6 | 74082 | 10 | 54 | 80
297 | Revision_297/c.c | U | 635 | 651 | 17 | 74083 | 11 | 55 | 72
297 | Revision_297/c.c | U | 654 | 670 | 17 | 74084 | 11 | 60 | 72
297 | Revision_297/c.c | U | 1094 | 1112 | 17 | 74085 | 11 | 57 | 72
297 | Revision_297/fortran.c | M | 1746 | 1762 | 17 | 74086 | 11 | 59 | 72
297 | Revision_297/c.c | U | 1171 | 1185 | 17 | 74087 | 11 | 56 | 72
297 | Revision_297/fortran.c | M | 1030 | 1050 | 17 | 74088 | 11 | 58 | 72
297 | Revision_297/fortran.c | M | 1033 | 1048 | 17 | 74089 | 11 | 58 | 72
297 | Revision_297/c.c | U | 1097 | 1110 | 17 | 74090 | 11 | 63 | 72
297 | Revision_297/c.c | U | 657 | 668 | 17 | 74091 | 11 | 57 | 72
297 | Revision_297/c.c | U | 2385 | 2404 | 17 | 74092 | 11 | 61 | 72
297 | Revision_297/fortran.c | M | 1663 | 1691 | 17 | 74093 | 11 | 366 | 72
297 | Revision_297/c.c | U | 2387 | 2401 | 17 | 74094 | 11 | 64 | 72
297 | Revision_297/fortran.c | M | 1749 | 1760 | 17 | 74095 | 11 | 65 | 72
297 | Revision_297/eiffel.c | U | 905 | 947 | 17 | 74096 | 11 | 248 | 72
297 | Revision_297/fortran.c | M | 1480 | 1517 | 17 | 74097 | 11 | 367 | 72
297 | Revision_297/c.c | U | 638 | 649 | 17 | 74098 | 11 | 71 | 72
297 | Revision_297/c.c | U | 687 | 707 | 20 | 74099 | 12 | 72 | 73
297 | Revision_297/c.c | U | 804 | 812 | 20 | 74100 | 12 | 73 | 73
297 | Revision_297/c.c | U | 717 | 723 | 8 | 74101 | 13 | 74 | 71
297 | Revision_297/options.c | U | 466 | 473 | 8 | 74102 | 13 | 75 | 71
297 | Revision_297/c.c | U | 746 | 750 | 5 | 74103 | 14 | 76 | 75
297 | Revision_297/eiffel.c | U | 673 | 677 | 5 | 74104 | 14 | 249 | 75
297 | Revision_297/c.c | U | 1974 | 1978 | 5 | 74105 | 14 | 80 | 75
297 | Revision_297/sql.c | U | 475 | 479 | 5 | 74106 | 14 | 297 | 75
297 | Revision_297/fortran.c | M | 1600 | 1604 | 5 | 74107 | 14 | 78 | 75
297 | Revision_297/fortran.c | M | 1789 | 1793 | 5 | 74108 | 14 | 79 | 75
297 | Revision_297/eiffel.c | U | 660 | 664 | 5 | 74109 | 14 | 250 | 75
297 | Revision_297/sql.c | U | 327 | 331 | 5 | 74110 | 14 | 300 | 75
297 | Revision_297/readtags.c | U | 147 | 151 | 5 | 74111 | 14 | 87 | 75
297 | Revision_297/sql.c | U | 544 | 548 | 5 | 74112 | 14 | 298 | 75
297 | Revision_297/fortran.c | M | 1258 | 1262 | 5 | 74113 | 14 | 85 | 75
297 | Revision_297/fortran.c | M | 1271 | 1275 | 5 | 74114 | 14 | 100 | 75
297 | Revision_297/eiffel.c | U | 1014 | 1018 | 5 | 74115 | 14 | 269 | 75
297 | Revision_297/eiffel.c | U | 874 | 878 | 5 | 74116 | 14 | 269 | 75
297 | Revision_297/eiffel.c | U | 963 | 967 | 5 | 74117 | 14 | 269 | 75
297 | Revision_297/fortran.c | M | 1299 | 1303 | 5 | 74118 | 14 | 286 | 75
297 | Revision_297/c.c | U | 2437 | 2441 | 5 | 74119 | 14 | 86 | 75
297 | Revision_297/sql.c | U | 414 | 418 | 5 | 74120 | 14 | 299 | 75
297 | Revision_297/c.c | U | 2021 | 2025 | 5 | 74121 | 14 | 125 | 75
297 | Revision_297/strlist.c | U | 134 | 138 | 5 | 74122 | 14 | 126 | 75
297 | Revision_297/c.c | U | 1662 | 1666 | 5 | 74123 | 14 | 121 | 75
297 | Revision_297/c.c | U | 2040 | 2047 | 5 | 74124 | 14 | 244 | 75
297 | Revision_297/vstring.c | U | 35 | 40 | 5 | 74125 | 14 | 98 | 75
297 | Revision_297/c.c | U | 1671 | 1675 | 5 | 74126 | 14 | 331 | 75
297 | Revision_297/eiffel.c | U | 848 | 853 | 5 | 74127 | 14 | 151 | 75
297 | Revision_297/fortran.c | M | 1126 | 1130 | 5 | 74128 | 14 | 85 | 75
297 | Revision_297/ruby.c | U | 136 | 140 | 5 | 74129 | 14 | 19 | 75
297 | Revision_297/fortran.c | M | 550 | 554 | 5 | 74130 | 14 | 95 | 75
297 | Revision_297/eiffel.c | U | 1033 | 1037 | 5 | 74131 | 14 | 151 | 75
297 | Revision_297/c.c | U | 2502 | 2507 | 5 | 74132 | 14 | 94 | 75
297 | Revision_297/fortran.c | M | 1255 | 1263 | 5 | 74133 | 14 | 84 | 75
297 | Revision_297/readtags.c | U | 458 | 462 | 5 | 74134 | 14 | 90 | 75
297 | Revision_297/keyword.c | U | 185 | 189 | 5 | 74135 | 14 | 91 | 75
297 | Revision_297/options.c | U | 1005 | 1009 | 5 | 74136 | 14 | 89 | 75
297 | Revision_297/options.c | U | 668 | 672 | 5 | 74137 | 14 | 127 | 75
297 | Revision_297/fortran.c | M | 922 | 926 | 5 | 74138 | 14 | 128 | 75
297 | Revision_297/eiffel.c | U | 1069 | 1078 | 5 | 74139 | 14 | 101 | 75
297 | Revision_297/options.c | U | 1642 | 1646 | 5 | 74140 | 14 | 333 | 75
297 | Revision_297/options.c | U | 1181 | 1185 | 5 | 74141 | 14 | 129 | 75
297 | Revision_297/c.c | U | 756 | 776 | 43 | 74142 | 15 | 103 | 86
297 | Revision_297/c.c | U | 779 | 798 | 43 | 74143 | 15 | 332 | 86
297 | Revision_297/c.c | U | 882 | 901 | 43 | 74144 | 15 | 103 | 86
297 | Revision_297/c.c | U | 816 | 835 | 43 | 74145 | 15 | 316 | 86
297 | Revision_297/c.c | U | 801 | 814 | 24 | 74146 | 16 | 73 | 81
297 | Revision_297/fortran.c | M | 1214 | 1229 | 24 | 74147 | 16 | 368 | 81
297 | Revision_297/c.c | U | 838 | 849 | 12 | 74148 | 17 | 317 | 90
297 | Revision_297/c.c | U | 852 | 863 | 12 | 74149 | 17 | 318 | 90
297 | Revision_297/c.c | U | 1295 | 1302 | 7 | 74150 | 18 | 108 | 80
297 | Revision_297/c.c | U | 1304 | 1311 | 7 | 74151 | 18 | 109 | 80
297 | Revision_297/c.c | U | 1325 | 1332 | 7 | 74152 | 19 | 110 | 83
297 | Revision_297/c.c | U | 1335 | 1342 | 7 | 74153 | 19 | 111 | 83
297 | Revision_297/fortran.c | M | 583 | 589 | 7 | 74154 | 19 | 112 | 83
297 | Revision_297/c.c | U | 1391 | 1400 | 9 | 74155 | 20 | 294 | 71
297 | Revision_297/eiffel.c | U | 556 | 564 | 9 | 74156 | 20 | 295 | 71
297 | Revision_297/c.c | U | 1394 | 1398 | 5 | 74157 | 21 | 294 | 75
297 | Revision_297/readtags.c | U | 506 | 510 | 5 | 74158 | 21 | 90 | 75
297 | Revision_297/readtags.c | U | 683 | 687 | 5 | 74159 | 21 | 99 | 75
297 | Revision_297/c.c | U | 1715 | 1719 | 5 | 74160 | 22 | 118 | 75
297 | Revision_297/fortran.c | M | 750 | 754 | 5 | 74161 | 22 | 120 | 75
297 | Revision_297/eiffel.c | U | 419 | 423 | 5 | 74162 | 22 | 119 | 75
297 | Revision_297/c.c | U | 1862 | 1866 | 5 | 74163 | 23 | 121 | 75
297 | Revision_297/get.c | U | 588 | 592 | 5 | 74164 | 23 | 122 | 75
297 | Revision_297/c.c | U | 2002 | 2009 | 9 | 74165 | 24 | 28 | 71
297 | Revision_297/eiffel.c | U | 1066 | 1079 | 9 | 74166 | 24 | 156 | 71
297 | Revision_297/c.c | U | 2458 | 2463 | 6 | 74167 | 25 | 94 | 80
297 | Revision_297/sql.c | U | 491 | 496 | 6 | 74168 | 25 | 301 | 80
297 | Revision_297/c.c | U | 2542 | 2551 | 9 | 74169 | 26 | 130 | 71
297 | Revision_297/fortran.c | M | 368 | 377 | 9 | 74170 | 26 | 132 | 71
297 | Revision_297/sql.c | U | 189 | 198 | 9 | 74171 | 26 | 302 | 71
297 | Revision_297/eiffel.c | U | 215 | 224 | 9 | 74172 | 26 | 131 | 71
297 | Revision_297/asm.c | U | 121 | 129 | 9 | 74173 | 26 | 288 | 71
297 | Revision_297/eiffel.c | U | 287 | 301 | 9 | 74174 | 27 | 133 | 71
297 | Revision_297/sql.c | U | 222 | 234 | 9 | 74175 | 27 | 303 | 71
297 | Revision_297/beta.c | U | 71 | 82 | 9 | 74176 | 27 | 134 | 71
297 | Revision_297/parse.c | U | 46 | 57 | 9 | 74177 | 27 | 135 | 71
297 | Revision_297/sml.c | U | 73 | 79 | 9 | 74178 | 27 | 324 | 71
297 | Revision_297/eiffel.c | U | 289 | 299 | 9 | 74179 | 27 | 136 | 71
297 | Revision_297/sql.c | U | 224 | 233 | 9 | 74180 | 27 | 303 | 71
297 | Revision_297/eiffel.c | U | 367 | 376 | 8 | 74181 | 28 | 304 | 100
297 | Revision_297/sql.c | U | 241 | 248 | 8 | 74182 | 28 | 305 | 100
297 | Revision_297/eiffel.c | U | 382 | 407 | 23 | 74183 | 29 | 139 | 75
297 | Revision_297/fortran.c | M | 708 | 738 | 23 | 74184 | 29 | 140 | 75
297 | Revision_297/eiffel.c | U | 410 | 435 | 20 | 74185 | 30 | 141 | 94
297 | Revision_297/fortran.c | M | 741 | 766 | 20 | 74186 | 30 | 142 | 94
297 | Revision_297/eiffel.c | U | 547 | 551 | 5 | 74187 | 31 | 143 | 75
297 | Revision_297/fortran.c | U | 730 | 734 | 5 | 74188 | 31 | 144 | 75
297 | Revision_297/fortran.c | M | 901 | 905 | 5 | 74189 | 31 | 145 | 75
297 | Revision_297/eiffel.c | U | 572 | 584 | 11 | 74190 | 32 | 114 | 88
297 | Revision_297/fortran.c | M | 793 | 804 | 11 | 74191 | 32 | 116 | 88
297 | Revision_297/eiffel.c | U | 587 | 599 | 11 | 74192 | 32 | 117 | 88
297 | Revision_297/sql.c | U | 270 | 281 | 11 | 74193 | 32 | 306 | 88
297 | Revision_297/eiffel.c | U | 602 | 612 | 9 | 74194 | 33 | 146 | 87
297 | Revision_297/asm.c | U | 132 | 141 | 9 | 74195 | 33 | 270 | 87
297 | Revision_297/fortran.c | M | 811 | 821 | 9 | 74196 | 33 | 147 | 87
297 | Revision_297/eiffel.c | U | 720 | 727 | 8 | 74197 | 34 | 148 | 100
297 | Revision_297/fortran.c | M | 947 | 954 | 8 | 74198 | 34 | 149 | 100
297 | Revision_297/eiffel.c | U | 771 | 818 | 13 | 74199 | 35 | 349 | 72
297 | Revision_297/fortran.c | M | 1016 | 1027 | 13 | 74200 | 35 | 350 | 72
297 | Revision_297/eiffel.c | U | 836 | 854 | 12 | 74201 | 36 | 251 | 72
297 | Revision_297/fortran.c | M | 1283 | 1296 | 12 | 74202 | 36 | 336 | 72
297 | Revision_297/eiffel.c | U | 858 | 880 | 12 | 74203 | 36 | 252 | 72
297 | Revision_297/eiffel.c | U | 1008 | 1021 | 12 | 74204 | 36 | 253 | 72
297 | Revision_297/fortran.c | M | 1526 | 1534 | 12 | 74205 | 36 | 337 | 72
297 | Revision_297/eiffel.c | U | 1113 | 1137 | 22 | 74206 | 37 | 307 | 70
297 | Revision_297/sql.c | U | 445 | 470 | 22 | 74207 | 37 | 308 | 70
297 | Revision_297/eiffel.c | U | 1191 | 1197 | 6 | 74208 | 38 | 362 | 80
297 | Revision_297/fortran.c | M | 401 | 406 | 6 | 74209 | 38 | 363 | 80
297 | Revision_297/verilog.c | U | 147 | 153 | 7 | 74210 | 39 | 284 | 83
297 | Revision_297/lua.c | U | 81 | 88 | 7 | 74211 | 39 | 285 | 83
297 | Revision_297/vim.c | U | 56 | 60 | 5 | 74212 | 40 | 290 | 100
297 | Revision_297/vim.c | U | 62 | 66 | 5 | 74213 | 40 | 291 | 100
297 | Revision_297/python.c | U | 105 | 109 | 5 | 74214 | 41 | 278 | 75
297 | Revision_297/erlang.c | U | 58 | 62 | 5 | 74215 | 41 | 341 | 75
297 | Revision_297/options.c | U | 926 | 931 | 5 | 74216 | 41 | 280 | 75
297 | Revision_297/sml.c | U | 82 | 86 | 5 | 74217 | 41 | 325 | 75
297 | Revision_297/python.c | U | 113 | 122 | 9 | 74218 | 42 | 292 | 75
297 | Revision_297/tcl.c | U | 44 | 54 | 9 | 74219 | 42 | 293 | 75
297 | Revision_297/erlang.c | U | 66 | 75 | 9 | 74220 | 42 | 342 | 75
297 | Revision_297/python.c | U | 145 | 150 | 6 | 74221 | 43 | 343 | 80
297 | Revision_297/erlang.c | U | 108 | 113 | 6 | 74222 | 43 | 346 | 80
297 | Revision_297/erlang.c | U | 116 | 121 | 6 | 74223 | 43 | 344 | 80
297 | Revision_297/erlang.c | U | 97 | 105 | 6 | 74224 | 43 | 344 | 80
297 | Revision_297/python.c | U | 172 | 181 | 9 | 74225 | 44 | 326 | 85
297 | Revision_297/sml.c | U | 162 | 171 | 9 | 74226 | 44 | 327 | 85
297 | Revision_297/python.c | U | 200 | 205 | 6 | 74227 | 45 | 328 | 80
297 | Revision_297/sml.c | U | 180 | 185 | 6 | 74228 | 45 | 329 | 80
297 | Revision_297/perl.c | U | 56 | 60 | 5 | 74229 | 46 | 163 | 75
297 | Revision_297/pascal.c | U | 133 | 137 | 5 | 74230 | 46 | 164 | 75
297 | Revision_297/sort.c | U | 123 | 128 | 5 | 74231 | 47 | 281 | 100
297 | Revision_297/sort.c | U | 131 | 136 | 5 | 74232 | 47 | 282 | 100
297 | Revision_297/strlist.c | U | 32 | 38 | 8 | 74233 | 48 | 165 | 71
297 | Revision_297/vstring.c | U | 77 | 87 | 8 | 74234 | 48 | 166 | 71
297 | Revision_297/strlist.c | U | 147 | 154 | 8 | 74235 | 49 | 167 | 85
297 | Revision_297/strlist.c | U | 158 | 165 | 8 | 74236 | 49 | 168 | 85
297 | Revision_297/strlist.c | U | 169 | 176 | 8 | 74237 | 49 | 169 | 85
297 | Revision_297/pascal.c | U | 149 | 153 | 6 | 74238 | 50 | 319 | 75
297 | Revision_297/pascal.c | U | 175 | 181 | 6 | 74239 | 50 | 170 | 75
297 | Revision_297/pascal.c | U | 183 | 189 | 6 | 74240 | 50 | 171 | 75
297 | Revision_297/get.c | U | 297 | 309 | 10 | 74241 | 51 | 174 | 70
297 | Revision_297/parse.c | U | 557 | 571 | 10 | 74242 | 51 | 175 | 70
297 | Revision_297/read.c | U | 214 | 225 | 10 | 74243 | 51 | 176 | 70
297 | Revision_297/get.c | U | 461 | 472 | 10 | 74244 | 52 | 177 | 100
297 | Revision_297/get.c | U | 478 | 489 | 10 | 74245 | 52 | 178 | 100
297 | Revision_297/get.c | U | 535 | 540 | 6 | 74246 | 53 | 180 | 80
297 | Revision_297/read.c | U | 415 | 419 | 6 | 74247 | 53 | 181 | 80
297 | Revision_297/main.c | U | 179 | 192 | 6 | 74248 | 54 | 354 | 80
297 | Revision_297/options.c | U | 393 | 398 | 6 | 74249 | 54 | 355 | 80
297 | Revision_297/routines.c | U | 224 | 231 | 6 | 74250 | 55 | 254 | 80
297 | Revision_297/routines.c | U | 234 | 241 | 6 | 74251 | 55 | 255 | 80
297 | Revision_297/routines.c | U | 275 | 282 | 8 | 74252 | 56 | 256 | 83
297 | Revision_297/readtags.c | U | 119 | 126 | 8 | 74253 | 56 | 123 | 83
297 | Revision_297/routines.c | U | 285 | 292 | 8 | 74254 | 56 | 257 | 83
297 | Revision_297/readtags.c | U | 109 | 116 | 8 | 74255 | 56 | 238 | 83
297 | Revision_297/routines.c | U | 309 | 313 | 5 | 74256 | 57 | 258 | 75
297 | Revision_297/vstring.c | U | 125 | 129 | 5 | 74257 | 57 | 188 | 75
297 | Revision_297/vstring.c | U | 118 | 122 | 5 | 74258 | 57 | 189 | 75
297 | Revision_297/routines.c | U | 316 | 322 | 6 | 74259 | 58 | 259 | 100
297 | Revision_297/routines.c | U | 325 | 331 | 6 | 74260 | 58 | 260 | 100
297 | Revision_297/routines.c | U | 336 | 343 | 8 | 74261 | 59 | 261 | 100
297 | Revision_297/routines.c | U | 348 | 355 | 8 | 74262 | 59 | 262 | 100
297 | Revision_297/routines.c | U | 472 | 485 | 5 | 74263 | 60 | 267 | 75
297 | Revision_297/routines.c | U | 546 | 569 | 5 | 74264 | 60 | 268 | 75
297 | Revision_297/sh.c | U | 53 | 95 | 35 | 74265 | 61 | 338 | 70
297 | Revision_297/php.c | U | 42 | 92 | 35 | 74266 | 61 | 339 | 70
297 | Revision_297/beta.c | U | 136 | 143 | 6 | 74267 | 62 | 201 | 75
297 | Revision_297/beta.c | U | 207 | 215 | 6 | 74268 | 62 | 202 | 75
297 | Revision_297/beta.c | U | 154 | 158 | 5 | 74269 | 63 | 203 | 75
297 | Revision_297/beta.c | U | 160 | 164 | 5 | 74270 | 63 | 204 | 75
297 | Revision_297/beta.c | U | 167 | 171 | 5 | 74271 | 63 | 206 | 75
297 | Revision_297/beta.c | U | 280 | 284 | 5 | 74272 | 63 | 205 | 75
297 | Revision_297/beta.c | U | 274 | 278 | 5 | 74273 | 63 | 207 | 75
297 | Revision_297/sql.c | U | 388 | 394 | 6 | 74274 | 64 | 310 | 75
297 | Revision_297/sql.c | U | 559 | 565 | 6 | 74275 | 64 | 311 | 75
297 | Revision_297/fortran.c | M | 995 | 999 | 6 | 74276 | 64 | 312 | 75
297 | Revision_297/sql.c | U | 429 | 437 | 8 | 74277 | 65 | 313 | 71
297 | Revision_297/fortran.c | M | 1633 | 1639 | 8 | 74278 | 65 | 314 | 71
297 | Revision_297/parse.c | U | 98 | 108 | 11 | 74279 | 66 | 208 | 88
297 | Revision_297/parse.c | U | 111 | 122 | 11 | 74280 | 66 | 209 | 88
297 | Revision_297/parse.c | U | 272 | 276 | 5 | 74281 | 67 | 356 | 75
297 | Revision_297/parse.c | U | 527 | 531 | 5 | 74282 | 67 | 357 | 75
297 | Revision_297/parse.c | U | 546 | 550 | 5 | 74283 | 67 | 358 | 75
297 | Revision_297/readtags.c | U | 545 | 551 | 6 | 74284 | 68 | 239 | 100
297 | Revision_297/readtags.c | U | 553 | 559 | 6 | 74285 | 68 | 240 | 100
297 | Revision_297/readtags.c | U | 588 | 592 | 6 | 74286 | 69 | 123 | 75
297 | Revision_297/readtags.c | U | 643 | 649 | 6 | 74287 | 69 | 124 | 75
297 | Revision_297/readtags.c | U | 720 | 728 | 8 | 74288 | 70 | 210 | 83
297 | Revision_297/readtags.c | U | 775 | 783 | 8 | 74289 | 70 | 211 | 83
297 | Revision_297/readtags.c | U | 731 | 739 | 8 | 74290 | 70 | 212 | 83
297 | Revision_297/readtags.c | U | 742 | 747 | 6 | 74291 | 71 | 241 | 80
297 | Revision_297/readtags.c | U | 759 | 764 | 6 | 74292 | 71 | 242 | 80
297 | Revision_297/readtags.c | U | 767 | 772 | 6 | 74293 | 71 | 287 | 80
297 | Revision_297/fortran.c | M | 1186 | 1207 | 23 | 74294 | 72 | 369 | 72
297 | Revision_297/fortran.c | M | 1666 | 1689 | 23 | 74295 | 72 | 366 | 72
297 | Revision_297/fortran.c | M | 1240 | 1246 | 7 | 74296 | 73 | 85 | 83
297 | Revision_297/fortran.c | M | 1269 | 1277 | 7 | 74297 | 73 | 100 | 83
297 | Revision_297/fortran.c | M | 1287 | 1293 | 7 | 74298 | 73 | 84 | 83
297 | Revision_297/fortran.c | U | 1361 | 1369 | 10 | 74299 | 74 | 314 | 77
297 | Revision_297/fortran.c | M | 1400 | 1409 | 10 | 74300 | 74 | 59 | 77
297 | Revision_297/fortran.c | M | 1441 | 1459 | 17 | 74301 | 75 | 220 | 73
297 | Revision_297/fortran.c | M | 1785 | 1804 | 17 | 74302 | 75 | 353 | 73
297 | Revision_297/fortran.c | M | 1856 | 1873 | 17 | 74303 | 75 | 221 | 73
297 | Revision_297/fortran.c | A | 1928 | 1945 | 17 | 74304 | 75 | 370 | 73
297 | Revision_297/fortran.c | M | 1607 | 1622 | 20 | 74305 | 76 | 220 | 84
297 | Revision_297/fortran.c | M | 1821 | 1837 | 20 | 74306 | 76 | 353 | 84
297 | Revision_297/asm.c | U | 245 | 258 | 11 | 74307 | 77 | 289 | 77
297 | Revision_297/asm.c | U | 263 | 273 | 11 | 74308 | 77 | 279 | 77
297 | Revision_297/scheme.c | U | 70 | 78 | 8 | 74309 | 78 | 222 | 71
297 | Revision_297/scheme.c | U | 85 | 93 | 8 | 74310 | 78 | 223 | 71
297 | Revision_297/options.c | U | 365 | 371 | 6 | 74311 | 79 | 224 | 100
297 | Revision_297/options.c | U | 374 | 380 | 6 | 74312 | 79 | 225 | 100
297 | Revision_297/options.c | U | 537 | 543 | 7 | 74313 | 80 | 226 | 100
297 | Revision_297/options.c | U | 555 | 561 | 7 | 74314 | 80 | 227 | 100
297 | Revision_297/options.c | U | 546 | 552 | 7 | 74315 | 80 | 228 | 100
297 | Revision_297/options.c | U | 564 | 570 | 7 | 74316 | 80 | 229 | 100
297 | Revision_297/options.c | U | 945 | 949 | 5 | 74317 | 81 | 230 | 75
297 | Revision_297/options.c | U | 971 | 975 | 5 | 74318 | 81 | 231 | 75
297 | Revision_297/options.c | U | 1065 | 1069 | 5 | 74319 | 82 | 232 | 100
297 | Revision_297/options.c | U | 1071 | 1075 | 5 | 74320 | 82 | 233 | 100
297 | Revision_297/options.c | U | 1116 | 1128 | 12 | 74321 | 83 | 360 | 100
297 | Revision_297/options.c | U | 1132 | 1144 | 12 | 74322 | 83 | 235 | 100
297 | Revision_297/options.c | U | 1384 | 1401 | 15 | 74323 | 84 | 236 | 91
297 | Revision_297/options.c | U | 1422 | 1439 | 15 | 74324 | 84 | 237 | 91
