Revision | filePath | changeType | StartLine | EndLine | Nlines | cloneId | classId | globalCloneId | Similarity
298 | Revision_298/lisp.c | U | 91 | 97 | 7 | 74325 | 1 | 1 | 83
298 | Revision_298/lisp.c | U | 112 | 118 | 7 | 74326 | 1 | 2 | 83
298 | Revision_298/lisp.c | U | 127 | 137 | 9 | 74327 | 2 | 3 | 70
298 | Revision_298/cobol.c | U | 40 | 48 | 9 | 74328 | 2 | 320 | 70
298 | Revision_298/c.c | U | 2584 | 2593 | 9 | 74329 | 2 | 12 | 70
298 | Revision_298/c.c | U | 2596 | 2611 | 9 | 74330 | 2 | 8 | 70
298 | Revision_298/c.c | U | 2614 | 2623 | 9 | 74331 | 2 | 15 | 70
298 | Revision_298/c.c | U | 2626 | 2635 | 9 | 74332 | 2 | 315 | 70
298 | Revision_298/c.c | U | 2638 | 2647 | 9 | 74333 | 2 | 330 | 70
298 | Revision_298/fortran.c | U | 2062 | 2077 | 9 | 74334 | 2 | 21 | 70
298 | Revision_298/eiffel.c | U | 1222 | 1231 | 9 | 74335 | 2 | 9 | 70
298 | Revision_298/sql.c | U | 608 | 617 | 9 | 74336 | 2 | 296 | 70
298 | Revision_298/lua.c | U | 123 | 131 | 9 | 74337 | 2 | 243 | 70
298 | Revision_298/tcl.c | U | 106 | 114 | 9 | 74338 | 2 | 18 | 70
298 | Revision_298/scheme.c | U | 99 | 109 | 9 | 74339 | 2 | 16 | 70
298 | Revision_298/perl.c | U | 109 | 117 | 9 | 74340 | 2 | 7 | 70
298 | Revision_298/ruby.c | U | 167 | 175 | 9 | 74341 | 2 | 19 | 70
298 | Revision_298/python.c | U | 212 | 220 | 9 | 74342 | 2 | 13 | 70
298 | Revision_298/vim.c | U | 168 | 176 | 9 | 74343 | 2 | 20 | 70
298 | Revision_298/pascal.c | U | 255 | 263 | 9 | 74344 | 2 | 14 | 70
298 | Revision_298/verilog.c | U | 160 | 168 | 9 | 74345 | 2 | 283 | 70
298 | Revision_298/asp.c | U | 181 | 189 | 9 | 74346 | 2 | 4 | 70
298 | Revision_298/awk.c | U | 71 | 79 | 9 | 74347 | 2 | 10 | 70
298 | Revision_298/sml.c | U | 192 | 200 | 9 | 74348 | 2 | 321 | 70
298 | Revision_298/php.c | U | 95 | 103 | 9 | 74349 | 2 | 22 | 70
298 | Revision_298/sh.c | U | 98 | 108 | 9 | 74350 | 2 | 17 | 70
298 | Revision_298/beta.c | U | 313 | 321 | 9 | 74351 | 2 | 5 | 70
298 | Revision_298/erlang.c | U | 179 | 187 | 9 | 74352 | 2 | 340 | 70
298 | Revision_298/keyword.c | U | 107 | 116 | 9 | 74353 | 2 | 27 | 70
298 | Revision_298/jscript.c | U | 31 | 38 | 9 | 74354 | 2 | 364 | 70
298 | Revision_298/rexx.c | U | 30 | 37 | 9 | 74355 | 2 | 26 | 70
298 | Revision_298/yacc.c | U | 31 | 38 | 9 | 74356 | 2 | 23 | 70
298 | Revision_298/slang.c | U | 34 | 41 | 9 | 74357 | 2 | 24 | 70
298 | Revision_298/html.c | U | 40 | 47 | 9 | 74358 | 2 | 365 | 70
298 | Revision_298/make.c | U | 91 | 101 | 9 | 74359 | 2 | 25 | 70
298 | Revision_298/asm.c | U | 368 | 387 | 9 | 74360 | 2 | 274 | 70
298 | Revision_298/sql.c | U | 201 | 209 | 9 | 74361 | 2 | 309 | 70
298 | Revision_298/c.c | U | 2050 | 2055 | 9 | 74362 | 2 | 28 | 70
298 | Revision_298/options.c | U | 527 | 532 | 9 | 74363 | 2 | 29 | 70
298 | Revision_298/options.c | U | 620 | 626 | 9 | 74364 | 2 | 30 | 70
298 | Revision_298/fortran.c | U | 384 | 396 | 9 | 74365 | 2 | 158 | 70
298 | Revision_298/c.c | U | 2079 | 2087 | 9 | 74366 | 2 | 31 | 70
298 | Revision_298/eiffel.c | U | 1176 | 1188 | 9 | 74367 | 2 | 157 | 70
298 | Revision_298/options.c | U | 800 | 810 | 9 | 74368 | 2 | 32 | 70
298 | Revision_298/asp.c | U | 70 | 89 | 15 | 74369 | 3 | 33 | 100
298 | Revision_298/asp.c | U | 93 | 112 | 15 | 74370 | 3 | 34 | 100
298 | Revision_298/asp.c | U | 116 | 132 | 14 | 74371 | 4 | 35 | 72
298 | Revision_298/asp.c | U | 136 | 151 | 14 | 74372 | 4 | 36 | 72
298 | Revision_298/ruby.c | U | 96 | 111 | 14 | 74373 | 4 | 42 | 72
298 | Revision_298/ruby.c | U | 79 | 94 | 14 | 74374 | 4 | 42 | 72
298 | Revision_298/php.c | U | 75 | 88 | 14 | 74375 | 4 | 40 | 72
298 | Revision_298/vim.c | U | 121 | 135 | 14 | 74376 | 4 | 159 | 72
298 | Revision_298/asp.c | U | 155 | 170 | 14 | 74377 | 4 | 36 | 72
298 | Revision_298/php.c | U | 55 | 72 | 14 | 74378 | 4 | 173 | 72
298 | Revision_298/vim.c | U | 95 | 110 | 14 | 74379 | 4 | 334 | 72
298 | Revision_298/vim.c | U | 143 | 162 | 14 | 74380 | 4 | 160 | 72
298 | Revision_298/vim.c | U | 114 | 136 | 14 | 74381 | 4 | 160 | 72
298 | Revision_298/args.c | U | 85 | 92 | 8 | 74382 | 5 | 43 | 100
298 | Revision_298/args.c | U | 159 | 166 | 8 | 74383 | 5 | 44 | 100
298 | Revision_298/args.c | U | 144 | 148 | 5 | 74384 | 6 | 322 | 75
298 | Revision_298/sml.c | U | 174 | 178 | 5 | 74385 | 6 | 323 | 75
298 | Revision_298/readtags.c | U | 702 | 706 | 5 | 74386 | 6 | 212 | 75
298 | Revision_298/args.c | U | 181 | 189 | 9 | 74387 | 7 | 45 | 75
298 | Revision_298/args.c | U | 192 | 199 | 9 | 74388 | 7 | 46 | 75
298 | Revision_298/args.c | U | 202 | 210 | 9 | 74389 | 7 | 47 | 75
298 | Revision_298/args.c | U | 265 | 271 | 6 | 74390 | 8 | 48 | 80
298 | Revision_298/options.c | U | 573 | 578 | 6 | 74391 | 8 | 49 | 80
298 | Revision_298/fortran.c | U | 844 | 849 | 6 | 74392 | 8 | 50 | 80
298 | Revision_298/c.c | U | 507 | 513 | 7 | 74393 | 9 | 51 | 80
298 | Revision_298/vstring.c | U | 67 | 74 | 7 | 74394 | 9 | 52 | 80
298 | Revision_298/c.c | U | 516 | 523 | 6 | 74395 | 10 | 53 | 80
298 | Revision_298/c.c | U | 526 | 533 | 6 | 74396 | 10 | 54 | 80
298 | Revision_298/c.c | U | 635 | 651 | 17 | 74397 | 11 | 55 | 72
298 | Revision_298/fortran.c | U | 1030 | 1050 | 17 | 74398 | 11 | 58 | 72
298 | Revision_298/fortran.c | U | 1746 | 1762 | 17 | 74399 | 11 | 59 | 72
298 | Revision_298/c.c | U | 654 | 670 | 17 | 74400 | 11 | 60 | 72
298 | Revision_298/c.c | U | 1094 | 1112 | 17 | 74401 | 11 | 57 | 72
298 | Revision_298/c.c | U | 1171 | 1185 | 17 | 74402 | 11 | 56 | 72
298 | Revision_298/fortran.c | U | 1663 | 1691 | 17 | 74403 | 11 | 366 | 72
298 | Revision_298/c.c | U | 2385 | 2404 | 17 | 74404 | 11 | 61 | 72
298 | Revision_298/fortran.c | U | 1033 | 1048 | 17 | 74405 | 11 | 58 | 72
298 | Revision_298/c.c | U | 657 | 668 | 17 | 74406 | 11 | 63 | 72
298 | Revision_298/c.c | U | 1097 | 1110 | 17 | 74407 | 11 | 57 | 72
298 | Revision_298/fortran.c | U | 1480 | 1517 | 17 | 74408 | 11 | 367 | 72
298 | Revision_298/eiffel.c | U | 905 | 947 | 17 | 74409 | 11 | 248 | 72
298 | Revision_298/c.c | U | 2387 | 2401 | 17 | 74410 | 11 | 64 | 72
298 | Revision_298/fortran.c | U | 1749 | 1760 | 17 | 74411 | 11 | 65 | 72
298 | Revision_298/c.c | U | 638 | 649 | 17 | 74412 | 11 | 71 | 72
298 | Revision_298/c.c | U | 687 | 707 | 20 | 74413 | 12 | 72 | 73
298 | Revision_298/c.c | U | 804 | 812 | 20 | 74414 | 12 | 73 | 73
298 | Revision_298/c.c | U | 717 | 723 | 8 | 74415 | 13 | 74 | 71
298 | Revision_298/options.c | U | 466 | 473 | 8 | 74416 | 13 | 75 | 71
298 | Revision_298/c.c | U | 746 | 750 | 5 | 74417 | 14 | 76 | 75
298 | Revision_298/c.c | U | 1974 | 1978 | 5 | 74418 | 14 | 80 | 75
298 | Revision_298/eiffel.c | U | 673 | 677 | 5 | 74419 | 14 | 249 | 75
298 | Revision_298/fortran.c | U | 1789 | 1793 | 5 | 74420 | 14 | 79 | 75
298 | Revision_298/sql.c | U | 475 | 479 | 5 | 74421 | 14 | 297 | 75
298 | Revision_298/fortran.c | U | 1600 | 1604 | 5 | 74422 | 14 | 78 | 75
298 | Revision_298/readtags.c | U | 147 | 151 | 5 | 74423 | 14 | 87 | 75
298 | Revision_298/sql.c | U | 327 | 331 | 5 | 74424 | 14 | 300 | 75
298 | Revision_298/eiffel.c | U | 660 | 664 | 5 | 74425 | 14 | 250 | 75
298 | Revision_298/fortran.c | U | 1258 | 1262 | 5 | 74426 | 14 | 85 | 75
298 | Revision_298/sql.c | U | 544 | 548 | 5 | 74427 | 14 | 298 | 75
298 | Revision_298/fortran.c | U | 1299 | 1303 | 5 | 74428 | 14 | 100 | 75
298 | Revision_298/eiffel.c | U | 1014 | 1018 | 5 | 74429 | 14 | 269 | 75
298 | Revision_298/sql.c | U | 414 | 418 | 5 | 74430 | 14 | 299 | 75
298 | Revision_298/eiffel.c | U | 963 | 967 | 5 | 74431 | 14 | 269 | 75
298 | Revision_298/c.c | U | 2437 | 2441 | 5 | 74432 | 14 | 86 | 75
298 | Revision_298/eiffel.c | U | 874 | 878 | 5 | 74433 | 14 | 269 | 75
298 | Revision_298/fortran.c | U | 1271 | 1275 | 5 | 74434 | 14 | 286 | 75
298 | Revision_298/c.c | U | 2040 | 2047 | 5 | 74435 | 14 | 244 | 75
298 | Revision_298/c.c | U | 1662 | 1666 | 5 | 74436 | 14 | 121 | 75
298 | Revision_298/c.c | U | 1671 | 1675 | 5 | 74437 | 14 | 331 | 75
298 | Revision_298/vstring.c | U | 35 | 40 | 5 | 74438 | 14 | 98 | 75
298 | Revision_298/c.c | U | 2021 | 2025 | 5 | 74439 | 14 | 125 | 75
298 | Revision_298/strlist.c | U | 134 | 138 | 5 | 74440 | 14 | 126 | 75
298 | Revision_298/eiffel.c | U | 1033 | 1037 | 5 | 74441 | 14 | 151 | 75
298 | Revision_298/eiffel.c | U | 848 | 853 | 5 | 74442 | 14 | 151 | 75
298 | Revision_298/fortran.c | U | 550 | 554 | 5 | 74443 | 14 | 95 | 75
298 | Revision_298/fortran.c | U | 1126 | 1130 | 5 | 74444 | 14 | 85 | 75
298 | Revision_298/ruby.c | U | 136 | 140 | 5 | 74445 | 14 | 19 | 75
298 | Revision_298/c.c | U | 2502 | 2507 | 5 | 74446 | 14 | 94 | 75
298 | Revision_298/fortran.c | U | 1255 | 1263 | 5 | 74447 | 14 | 84 | 75
298 | Revision_298/readtags.c | U | 458 | 462 | 5 | 74448 | 14 | 90 | 75
298 | Revision_298/keyword.c | U | 185 | 189 | 5 | 74449 | 14 | 91 | 75
298 | Revision_298/options.c | U | 1005 | 1009 | 5 | 74450 | 14 | 89 | 75
298 | Revision_298/options.c | U | 668 | 672 | 5 | 74451 | 14 | 127 | 75
298 | Revision_298/fortran.c | U | 922 | 926 | 5 | 74452 | 14 | 128 | 75
298 | Revision_298/eiffel.c | U | 1069 | 1078 | 5 | 74453 | 14 | 101 | 75
298 | Revision_298/options.c | U | 1642 | 1646 | 5 | 74454 | 14 | 333 | 75
298 | Revision_298/options.c | U | 1181 | 1185 | 5 | 74455 | 14 | 129 | 75
298 | Revision_298/c.c | U | 756 | 776 | 43 | 74456 | 15 | 103 | 86
298 | Revision_298/c.c | U | 882 | 901 | 43 | 74457 | 15 | 103 | 86
298 | Revision_298/c.c | U | 779 | 798 | 43 | 74458 | 15 | 332 | 86
298 | Revision_298/c.c | U | 816 | 835 | 43 | 74459 | 15 | 316 | 86
298 | Revision_298/c.c | U | 801 | 814 | 24 | 74460 | 16 | 73 | 81
298 | Revision_298/fortran.c | U | 1214 | 1229 | 24 | 74461 | 16 | 368 | 81
298 | Revision_298/c.c | U | 838 | 849 | 12 | 74462 | 17 | 317 | 90
298 | Revision_298/c.c | U | 852 | 863 | 12 | 74463 | 17 | 318 | 90
298 | Revision_298/c.c | U | 1295 | 1302 | 7 | 74464 | 18 | 108 | 80
298 | Revision_298/c.c | U | 1304 | 1311 | 7 | 74465 | 18 | 109 | 80
298 | Revision_298/c.c | U | 1325 | 1332 | 7 | 74466 | 19 | 110 | 83
298 | Revision_298/fortran.c | U | 583 | 589 | 7 | 74467 | 19 | 112 | 83
298 | Revision_298/c.c | U | 1335 | 1342 | 7 | 74468 | 19 | 111 | 83
298 | Revision_298/c.c | U | 1391 | 1400 | 9 | 74469 | 20 | 294 | 71
298 | Revision_298/eiffel.c | U | 556 | 564 | 9 | 74470 | 20 | 295 | 71
298 | Revision_298/c.c | U | 1394 | 1398 | 5 | 74471 | 21 | 294 | 75
298 | Revision_298/readtags.c | U | 506 | 510 | 5 | 74472 | 21 | 90 | 75
298 | Revision_298/readtags.c | U | 683 | 687 | 5 | 74473 | 21 | 99 | 75
298 | Revision_298/c.c | U | 1715 | 1719 | 5 | 74474 | 22 | 118 | 75
298 | Revision_298/fortran.c | U | 750 | 754 | 5 | 74475 | 22 | 120 | 75
298 | Revision_298/eiffel.c | U | 419 | 423 | 5 | 74476 | 22 | 119 | 75
298 | Revision_298/c.c | U | 1862 | 1866 | 5 | 74477 | 23 | 121 | 75
298 | Revision_298/get.c | U | 588 | 592 | 5 | 74478 | 23 | 122 | 75
298 | Revision_298/c.c | U | 2002 | 2009 | 9 | 74479 | 24 | 28 | 71
298 | Revision_298/eiffel.c | U | 1066 | 1079 | 9 | 74480 | 24 | 156 | 71
298 | Revision_298/c.c | U | 2458 | 2463 | 6 | 74481 | 25 | 94 | 80
298 | Revision_298/sql.c | U | 491 | 496 | 6 | 74482 | 25 | 301 | 80
298 | Revision_298/c.c | U | 2542 | 2551 | 9 | 74483 | 26 | 130 | 71
298 | Revision_298/eiffel.c | U | 215 | 224 | 9 | 74484 | 26 | 131 | 71
298 | Revision_298/sql.c | U | 189 | 198 | 9 | 74485 | 26 | 302 | 71
298 | Revision_298/asm.c | U | 121 | 129 | 9 | 74486 | 26 | 288 | 71
298 | Revision_298/fortran.c | U | 368 | 377 | 9 | 74487 | 26 | 132 | 71
298 | Revision_298/eiffel.c | U | 287 | 301 | 9 | 74488 | 27 | 133 | 71
298 | Revision_298/beta.c | U | 71 | 82 | 9 | 74489 | 27 | 134 | 71
298 | Revision_298/sql.c | U | 222 | 234 | 9 | 74490 | 27 | 303 | 71
298 | Revision_298/parse.c | U | 46 | 57 | 9 | 74491 | 27 | 135 | 71
298 | Revision_298/sml.c | U | 73 | 79 | 9 | 74492 | 27 | 324 | 71
298 | Revision_298/sql.c | U | 224 | 233 | 9 | 74493 | 27 | 303 | 71
298 | Revision_298/eiffel.c | U | 289 | 299 | 9 | 74494 | 27 | 136 | 71
298 | Revision_298/eiffel.c | U | 367 | 376 | 8 | 74495 | 28 | 304 | 100
298 | Revision_298/sql.c | U | 241 | 248 | 8 | 74496 | 28 | 305 | 100
298 | Revision_298/eiffel.c | U | 382 | 407 | 23 | 74497 | 29 | 139 | 75
298 | Revision_298/fortran.c | U | 708 | 738 | 23 | 74498 | 29 | 140 | 75
298 | Revision_298/eiffel.c | U | 410 | 435 | 20 | 74499 | 30 | 141 | 94
298 | Revision_298/fortran.c | U | 741 | 766 | 20 | 74500 | 30 | 142 | 94
298 | Revision_298/eiffel.c | U | 547 | 551 | 5 | 74501 | 31 | 143 | 75
298 | Revision_298/fortran.c | U | 901 | 905 | 5 | 74502 | 31 | 145 | 75
298 | Revision_298/fortran.c | U | 730 | 734 | 5 | 74503 | 31 | 144 | 75
298 | Revision_298/eiffel.c | U | 572 | 584 | 11 | 74504 | 32 | 114 | 88
298 | Revision_298/eiffel.c | U | 587 | 599 | 11 | 74505 | 32 | 117 | 88
298 | Revision_298/fortran.c | U | 793 | 804 | 11 | 74506 | 32 | 116 | 88
298 | Revision_298/sql.c | U | 270 | 281 | 11 | 74507 | 32 | 306 | 88
298 | Revision_298/eiffel.c | U | 602 | 612 | 9 | 74508 | 33 | 146 | 87
298 | Revision_298/fortran.c | U | 811 | 821 | 9 | 74509 | 33 | 147 | 87
298 | Revision_298/asm.c | U | 132 | 141 | 9 | 74510 | 33 | 270 | 87
298 | Revision_298/eiffel.c | U | 720 | 727 | 8 | 74511 | 34 | 148 | 100
298 | Revision_298/fortran.c | U | 947 | 954 | 8 | 74512 | 34 | 149 | 100
298 | Revision_298/eiffel.c | U | 771 | 818 | 13 | 74513 | 35 | 349 | 72
298 | Revision_298/fortran.c | U | 1016 | 1027 | 13 | 74514 | 35 | 350 | 72
298 | Revision_298/eiffel.c | U | 836 | 854 | 13 | 74515 | 36 | 251 | 72
298 | Revision_298/eiffel.c | U | 858 | 880 | 13 | 74516 | 36 | 252 | 72
298 | Revision_298/fortran.c | U | 1283 | 1296 | 13 | 74517 | 36 | 336 | 72
298 | Revision_298/eiffel.c | U | 1008 | 1021 | 13 | 74518 | 36 | 253 | 72
298 | Revision_298/fortran.c | U | 1526 | 1534 | 13 | 74519 | 36 | 337 | 72
298 | Revision_298/eiffel.c | U | 1113 | 1137 | 22 | 74520 | 37 | 307 | 70
298 | Revision_298/sql.c | U | 445 | 470 | 22 | 74521 | 37 | 308 | 70
298 | Revision_298/eiffel.c | U | 1191 | 1197 | 6 | 74522 | 38 | 362 | 80
298 | Revision_298/fortran.c | U | 401 | 406 | 6 | 74523 | 38 | 363 | 80
298 | Revision_298/verilog.c | U | 147 | 153 | 7 | 74524 | 39 | 284 | 83
298 | Revision_298/lua.c | U | 81 | 88 | 7 | 74525 | 39 | 285 | 83
298 | Revision_298/vim.c | U | 56 | 60 | 5 | 74526 | 40 | 290 | 100
298 | Revision_298/vim.c | U | 62 | 66 | 5 | 74527 | 40 | 291 | 100
298 | Revision_298/python.c | U | 105 | 109 | 5 | 74528 | 41 | 278 | 75
298 | Revision_298/erlang.c | U | 58 | 62 | 5 | 74529 | 41 | 341 | 75
298 | Revision_298/sml.c | U | 82 | 86 | 5 | 74530 | 41 | 325 | 75
298 | Revision_298/options.c | U | 926 | 931 | 5 | 74531 | 41 | 280 | 75
298 | Revision_298/python.c | U | 113 | 122 | 9 | 74532 | 42 | 292 | 75
298 | Revision_298/erlang.c | U | 66 | 75 | 9 | 74533 | 42 | 342 | 75
298 | Revision_298/tcl.c | U | 44 | 54 | 9 | 74534 | 42 | 293 | 75
298 | Revision_298/python.c | U | 145 | 150 | 6 | 74535 | 43 | 343 | 80
298 | Revision_298/erlang.c | U | 116 | 121 | 6 | 74536 | 43 | 346 | 80
298 | Revision_298/erlang.c | U | 108 | 113 | 6 | 74537 | 43 | 344 | 80
298 | Revision_298/erlang.c | U | 97 | 105 | 6 | 74538 | 43 | 344 | 80
298 | Revision_298/python.c | U | 172 | 181 | 9 | 74539 | 44 | 326 | 85
298 | Revision_298/sml.c | U | 162 | 171 | 9 | 74540 | 44 | 327 | 85
298 | Revision_298/python.c | U | 200 | 205 | 6 | 74541 | 45 | 328 | 80
298 | Revision_298/sml.c | U | 180 | 185 | 6 | 74542 | 45 | 329 | 80
298 | Revision_298/perl.c | U | 56 | 60 | 5 | 74543 | 46 | 163 | 75
298 | Revision_298/pascal.c | U | 133 | 137 | 5 | 74544 | 46 | 164 | 75
298 | Revision_298/sort.c | U | 123 | 128 | 5 | 74545 | 47 | 281 | 100
298 | Revision_298/sort.c | U | 131 | 136 | 5 | 74546 | 47 | 282 | 100
298 | Revision_298/strlist.c | U | 32 | 38 | 8 | 74547 | 48 | 165 | 71
298 | Revision_298/vstring.c | U | 77 | 87 | 8 | 74548 | 48 | 166 | 71
298 | Revision_298/strlist.c | U | 147 | 154 | 8 | 74549 | 49 | 167 | 85
298 | Revision_298/strlist.c | U | 158 | 165 | 8 | 74550 | 49 | 168 | 85
298 | Revision_298/strlist.c | U | 169 | 176 | 8 | 74551 | 49 | 169 | 85
298 | Revision_298/pascal.c | U | 149 | 153 | 6 | 74552 | 50 | 319 | 75
298 | Revision_298/pascal.c | U | 183 | 189 | 6 | 74553 | 50 | 171 | 75
298 | Revision_298/pascal.c | U | 175 | 181 | 6 | 74554 | 50 | 170 | 75
298 | Revision_298/get.c | U | 297 | 309 | 10 | 74555 | 51 | 174 | 70
298 | Revision_298/read.c | U | 214 | 225 | 10 | 74556 | 51 | 176 | 70
298 | Revision_298/parse.c | U | 557 | 571 | 10 | 74557 | 51 | 175 | 70
298 | Revision_298/get.c | U | 461 | 472 | 10 | 74558 | 52 | 177 | 100
298 | Revision_298/get.c | U | 478 | 489 | 10 | 74559 | 52 | 178 | 100
298 | Revision_298/get.c | U | 535 | 540 | 6 | 74560 | 53 | 180 | 80
298 | Revision_298/read.c | U | 415 | 419 | 6 | 74561 | 53 | 181 | 80
298 | Revision_298/main.c | U | 179 | 192 | 6 | 74562 | 54 | 354 | 80
298 | Revision_298/options.c | U | 393 | 398 | 6 | 74563 | 54 | 355 | 80
298 | Revision_298/routines.c | U | 224 | 231 | 6 | 74564 | 55 | 254 | 80
298 | Revision_298/routines.c | U | 234 | 241 | 6 | 74565 | 55 | 255 | 80
298 | Revision_298/routines.c | U | 275 | 282 | 8 | 74566 | 56 | 256 | 83
298 | Revision_298/readtags.c | U | 119 | 126 | 8 | 74567 | 56 | 123 | 83
298 | Revision_298/routines.c | U | 285 | 292 | 8 | 74568 | 56 | 257 | 83
298 | Revision_298/readtags.c | U | 109 | 116 | 8 | 74569 | 56 | 238 | 83
298 | Revision_298/routines.c | U | 309 | 313 | 5 | 74570 | 57 | 258 | 75
298 | Revision_298/vstring.c | U | 125 | 129 | 5 | 74571 | 57 | 188 | 75
298 | Revision_298/vstring.c | U | 118 | 122 | 5 | 74572 | 57 | 189 | 75
298 | Revision_298/routines.c | U | 316 | 322 | 6 | 74573 | 58 | 259 | 100
298 | Revision_298/routines.c | U | 325 | 331 | 6 | 74574 | 58 | 260 | 100
298 | Revision_298/routines.c | U | 336 | 343 | 8 | 74575 | 59 | 261 | 100
298 | Revision_298/routines.c | U | 348 | 355 | 8 | 74576 | 59 | 262 | 100
298 | Revision_298/routines.c | U | 472 | 485 | 5 | 74577 | 60 | 267 | 75
298 | Revision_298/routines.c | U | 546 | 569 | 5 | 74578 | 60 | 268 | 75
298 | Revision_298/sh.c | U | 53 | 95 | 35 | 74579 | 61 | 338 | 70
298 | Revision_298/php.c | U | 42 | 92 | 35 | 74580 | 61 | 339 | 70
298 | Revision_298/beta.c | U | 136 | 143 | 6 | 74581 | 62 | 201 | 75
298 | Revision_298/beta.c | U | 207 | 215 | 6 | 74582 | 62 | 202 | 75
298 | Revision_298/beta.c | U | 154 | 158 | 5 | 74583 | 63 | 203 | 75
298 | Revision_298/beta.c | U | 280 | 284 | 5 | 74584 | 63 | 205 | 75
298 | Revision_298/beta.c | U | 274 | 278 | 5 | 74585 | 63 | 207 | 75
298 | Revision_298/beta.c | U | 167 | 171 | 5 | 74586 | 63 | 204 | 75
298 | Revision_298/beta.c | U | 160 | 164 | 5 | 74587 | 63 | 206 | 75
298 | Revision_298/sql.c | U | 388 | 394 | 6 | 74588 | 64 | 310 | 75
298 | Revision_298/sql.c | U | 559 | 565 | 6 | 74589 | 64 | 311 | 75
298 | Revision_298/fortran.c | U | 995 | 999 | 6 | 74590 | 64 | 312 | 75
298 | Revision_298/sql.c | U | 429 | 437 | 8 | 74591 | 65 | 313 | 71
298 | Revision_298/fortran.c | U | 1633 | 1639 | 8 | 74592 | 65 | 314 | 71
298 | Revision_298/parse.c | U | 98 | 108 | 11 | 74593 | 66 | 208 | 88
298 | Revision_298/parse.c | U | 111 | 122 | 11 | 74594 | 66 | 209 | 88
298 | Revision_298/parse.c | U | 272 | 276 | 5 | 74595 | 67 | 356 | 75
298 | Revision_298/parse.c | U | 527 | 531 | 5 | 74596 | 67 | 357 | 75
298 | Revision_298/parse.c | U | 546 | 550 | 5 | 74597 | 67 | 358 | 75
298 | Revision_298/readtags.c | U | 545 | 551 | 6 | 74598 | 68 | 239 | 100
298 | Revision_298/readtags.c | U | 553 | 559 | 6 | 74599 | 68 | 240 | 100
298 | Revision_298/readtags.c | U | 588 | 592 | 6 | 74600 | 69 | 123 | 75
298 | Revision_298/readtags.c | U | 643 | 649 | 6 | 74601 | 69 | 124 | 75
298 | Revision_298/readtags.c | U | 720 | 728 | 8 | 74602 | 70 | 210 | 83
298 | Revision_298/readtags.c | U | 775 | 783 | 8 | 74603 | 70 | 211 | 83
298 | Revision_298/readtags.c | U | 731 | 739 | 8 | 74604 | 70 | 212 | 83
298 | Revision_298/readtags.c | U | 742 | 747 | 6 | 74605 | 71 | 241 | 80
298 | Revision_298/readtags.c | U | 767 | 772 | 6 | 74606 | 71 | 242 | 80
298 | Revision_298/readtags.c | U | 759 | 764 | 6 | 74607 | 71 | 287 | 80
298 | Revision_298/fortran.c | U | 1186 | 1207 | 23 | 74608 | 72 | 369 | 72
298 | Revision_298/fortran.c | U | 1666 | 1689 | 23 | 74609 | 72 | 366 | 72
298 | Revision_298/fortran.c | U | 1240 | 1246 | 7 | 74610 | 73 | 85 | 83
298 | Revision_298/fortran.c | U | 1287 | 1293 | 7 | 74611 | 73 | 84 | 83
298 | Revision_298/fortran.c | U | 1269 | 1277 | 7 | 74612 | 73 | 100 | 83
298 | Revision_298/fortran.c | U | 1361 | 1369 | 10 | 74613 | 74 | 314 | 77
298 | Revision_298/fortran.c | U | 1400 | 1409 | 10 | 74614 | 74 | 59 | 77
298 | Revision_298/fortran.c | U | 1441 | 1459 | 17 | 74615 | 75 | 220 | 73
298 | Revision_298/fortran.c | U | 1856 | 1873 | 17 | 74616 | 75 | 353 | 73
298 | Revision_298/fortran.c | U | 1785 | 1804 | 17 | 74617 | 75 | 221 | 73
298 | Revision_298/fortran.c | U | 1928 | 1945 | 17 | 74618 | 75 | 370 | 73
298 | Revision_298/fortran.c | U | 1607 | 1622 | 20 | 74619 | 76 | 220 | 84
298 | Revision_298/fortran.c | U | 1821 | 1837 | 20 | 74620 | 76 | 353 | 84
298 | Revision_298/asm.c | U | 245 | 258 | 11 | 74621 | 77 | 289 | 77
298 | Revision_298/asm.c | U | 263 | 273 | 11 | 74622 | 77 | 279 | 77
298 | Revision_298/scheme.c | U | 70 | 78 | 8 | 74623 | 78 | 222 | 71
298 | Revision_298/scheme.c | U | 85 | 93 | 8 | 74624 | 78 | 223 | 71
298 | Revision_298/options.c | U | 365 | 371 | 6 | 74625 | 79 | 224 | 100
298 | Revision_298/options.c | U | 374 | 380 | 6 | 74626 | 79 | 225 | 100
298 | Revision_298/options.c | U | 537 | 543 | 7 | 74627 | 80 | 226 | 100
298 | Revision_298/options.c | U | 564 | 570 | 7 | 74628 | 80 | 227 | 100
298 | Revision_298/options.c | U | 546 | 552 | 7 | 74629 | 80 | 228 | 100
298 | Revision_298/options.c | U | 555 | 561 | 7 | 74630 | 80 | 229 | 100
298 | Revision_298/options.c | U | 945 | 949 | 5 | 74631 | 81 | 230 | 75
298 | Revision_298/options.c | U | 971 | 975 | 5 | 74632 | 81 | 231 | 75
298 | Revision_298/options.c | U | 1065 | 1069 | 5 | 74633 | 82 | 232 | 100
298 | Revision_298/options.c | U | 1071 | 1075 | 5 | 74634 | 82 | 233 | 100
298 | Revision_298/options.c | U | 1116 | 1128 | 12 | 74635 | 83 | 360 | 100
298 | Revision_298/options.c | U | 1132 | 1144 | 12 | 74636 | 83 | 235 | 100
298 | Revision_298/options.c | U | 1384 | 1401 | 15 | 74637 | 84 | 236 | 91
298 | Revision_298/options.c | U | 1422 | 1439 | 15 | 74638 | 84 | 237 | 91
