Revision | filePath | changeType | StartLine | EndLine | Nlines | cloneId | classId | globalCloneId | Similarity
312 | Revision_312/lisp.c | U | 91 | 97 | 7 | 78723 | 1 | 1 | 83
312 | Revision_312/lisp.c | U | 112 | 118 | 7 | 78724 | 1 | 2 | 83
312 | Revision_312/lisp.c | U | 127 | 137 | 9 | 78725 | 2 | 3 | 70
312 | Revision_312/cobol.c | U | 40 | 48 | 9 | 78726 | 2 | 320 | 70
312 | Revision_312/sh.c | U | 98 | 108 | 9 | 78727 | 2 | 17 | 70
312 | Revision_312/beta.c | U | 313 | 321 | 9 | 78728 | 2 | 5 | 70
312 | Revision_312/erlang.c | U | 179 | 187 | 9 | 78729 | 2 | 340 | 70
312 | Revision_312/scheme.c | U | 99 | 109 | 9 | 78730 | 2 | 16 | 70
312 | Revision_312/vim.c | U | 168 | 176 | 9 | 78731 | 2 | 20 | 70
312 | Revision_312/tcl.c | U | 106 | 114 | 9 | 78732 | 2 | 18 | 70
312 | Revision_312/sml.c | U | 192 | 200 | 9 | 78733 | 2 | 321 | 70
312 | Revision_312/fortran.c | U | 2152 | 2167 | 9 | 78734 | 2 | 21 | 70
312 | Revision_312/php.c | U | 95 | 103 | 9 | 78735 | 2 | 22 | 70
312 | Revision_312/python.c | U | 213 | 221 | 9 | 78736 | 2 | 13 | 70
312 | Revision_312/sql.c | U | 608 | 617 | 9 | 78737 | 2 | 296 | 70
312 | Revision_312/eiffel.c | U | 1222 | 1231 | 9 | 78738 | 2 | 9 | 70
312 | Revision_312/c.c | U | 2586 | 2595 | 9 | 78739 | 2 | 12 | 70
312 | Revision_312/c.c | U | 2598 | 2613 | 9 | 78740 | 2 | 8 | 70
312 | Revision_312/c.c | U | 2616 | 2625 | 9 | 78741 | 2 | 15 | 70
312 | Revision_312/c.c | U | 2628 | 2637 | 9 | 78742 | 2 | 315 | 70
312 | Revision_312/c.c | U | 2640 | 2649 | 9 | 78743 | 2 | 330 | 70
312 | Revision_312/perl.c | U | 109 | 117 | 9 | 78744 | 2 | 7 | 70
312 | Revision_312/lua.c | U | 123 | 131 | 9 | 78745 | 2 | 243 | 70
312 | Revision_312/ruby.c | U | 167 | 175 | 9 | 78746 | 2 | 19 | 70
312 | Revision_312/awk.c | U | 71 | 79 | 9 | 78747 | 2 | 10 | 70
312 | Revision_312/pascal.c | U | 255 | 263 | 9 | 78748 | 2 | 14 | 70
312 | Revision_312/verilog.c | U | 160 | 168 | 9 | 78749 | 2 | 283 | 70
312 | Revision_312/asp.c | U | 181 | 189 | 9 | 78750 | 2 | 4 | 70
312 | Revision_312/yacc.c | U | 31 | 38 | 9 | 78751 | 2 | 23 | 70
312 | Revision_312/html.c | U | 40 | 47 | 9 | 78752 | 2 | 365 | 70
312 | Revision_312/jscript.c | U | 31 | 38 | 9 | 78753 | 2 | 364 | 70
312 | Revision_312/slang.c | U | 34 | 41 | 9 | 78754 | 2 | 24 | 70
312 | Revision_312/rexx.c | U | 30 | 37 | 9 | 78755 | 2 | 26 | 70
312 | Revision_312/keyword.c | U | 107 | 116 | 9 | 78756 | 2 | 27 | 70
312 | Revision_312/make.c | U | 91 | 101 | 9 | 78757 | 2 | 25 | 70
312 | Revision_312/asm.c | U | 368 | 387 | 9 | 78758 | 2 | 274 | 70
312 | Revision_312/fortran.c | U | 416 | 428 | 9 | 78759 | 2 | 158 | 70
312 | Revision_312/options.c | U | 527 | 532 | 9 | 78760 | 2 | 29 | 70
312 | Revision_312/c.c | U | 2052 | 2057 | 9 | 78761 | 2 | 28 | 70
312 | Revision_312/sql.c | U | 201 | 209 | 9 | 78762 | 2 | 309 | 70
312 | Revision_312/options.c | U | 620 | 626 | 9 | 78763 | 2 | 30 | 70
312 | Revision_312/eiffel.c | U | 1176 | 1188 | 9 | 78764 | 2 | 157 | 70
312 | Revision_312/c.c | M | 2081 | 2089 | 9 | 78765 | 2 | 31 | 70
312 | Revision_312/asp.c | U | 70 | 89 | 15 | 78766 | 3 | 33 | 100
312 | Revision_312/asp.c | U | 93 | 112 | 15 | 78767 | 3 | 34 | 100
312 | Revision_312/asp.c | U | 116 | 132 | 14 | 78768 | 4 | 35 | 72
312 | Revision_312/asp.c | U | 136 | 151 | 14 | 78769 | 4 | 36 | 72
312 | Revision_312/php.c | U | 75 | 88 | 14 | 78770 | 4 | 40 | 72
312 | Revision_312/asp.c | U | 155 | 170 | 14 | 78771 | 4 | 36 | 72
312 | Revision_312/vim.c | U | 121 | 135 | 14 | 78772 | 4 | 159 | 72
312 | Revision_312/ruby.c | U | 96 | 111 | 14 | 78773 | 4 | 42 | 72
312 | Revision_312/php.c | U | 55 | 72 | 14 | 78774 | 4 | 173 | 72
312 | Revision_312/ruby.c | U | 79 | 94 | 14 | 78775 | 4 | 42 | 72
312 | Revision_312/vim.c | U | 95 | 110 | 14 | 78776 | 4 | 334 | 72
312 | Revision_312/vim.c | U | 143 | 162 | 14 | 78777 | 4 | 160 | 72
312 | Revision_312/vim.c | U | 114 | 136 | 14 | 78778 | 4 | 160 | 72
312 | Revision_312/args.c | U | 85 | 92 | 8 | 78779 | 5 | 43 | 100
312 | Revision_312/args.c | U | 159 | 166 | 8 | 78780 | 5 | 44 | 100
312 | Revision_312/args.c | U | 144 | 148 | 5 | 78781 | 6 | 322 | 75
312 | Revision_312/sml.c | U | 174 | 178 | 5 | 78782 | 6 | 323 | 75
312 | Revision_312/readtags.c | U | 702 | 706 | 5 | 78783 | 6 | 212 | 75
312 | Revision_312/args.c | U | 181 | 189 | 9 | 78784 | 7 | 45 | 75
312 | Revision_312/args.c | U | 202 | 210 | 9 | 78785 | 7 | 46 | 75
312 | Revision_312/args.c | U | 192 | 199 | 9 | 78786 | 7 | 47 | 75
312 | Revision_312/args.c | U | 265 | 271 | 6 | 78787 | 8 | 48 | 80
312 | Revision_312/options.c | U | 573 | 578 | 6 | 78788 | 8 | 49 | 80
312 | Revision_312/fortran.c | U | 886 | 891 | 6 | 78789 | 8 | 50 | 80
312 | Revision_312/c.c | U | 509 | 515 | 7 | 78790 | 9 | 51 | 80
312 | Revision_312/vstring.c | U | 67 | 74 | 7 | 78791 | 9 | 52 | 80
312 | Revision_312/c.c | U | 518 | 525 | 6 | 78792 | 10 | 53 | 80
312 | Revision_312/c.c | U | 528 | 535 | 6 | 78793 | 10 | 54 | 80
312 | Revision_312/c.c | U | 637 | 653 | 17 | 78794 | 11 | 55 | 72
312 | Revision_312/c.c | U | 1096 | 1114 | 17 | 78795 | 11 | 60 | 72
312 | Revision_312/fortran.c | U | 1073 | 1093 | 17 | 78796 | 11 | 58 | 72
312 | Revision_312/c.c | U | 1173 | 1187 | 17 | 78797 | 11 | 56 | 72
312 | Revision_312/c.c | U | 656 | 672 | 17 | 78798 | 11 | 57 | 72
312 | Revision_312/fortran.c | U | 1096 | 1111 | 17 | 78799 | 11 | 375 | 72
312 | Revision_312/fortran.c | U | 1832 | 1848 | 17 | 78800 | 11 | 59 | 72
312 | Revision_312/fortran.c | U | 1749 | 1777 | 17 | 78801 | 11 | 366 | 72
312 | Revision_312/c.c | U | 659 | 670 | 17 | 78802 | 11 | 63 | 72
312 | Revision_312/c.c | U | 1099 | 1112 | 17 | 78803 | 11 | 57 | 72
312 | Revision_312/c.c | U | 2387 | 2406 | 17 | 78804 | 11 | 61 | 72
312 | Revision_312/fortran.c | U | 1076 | 1091 | 17 | 78805 | 11 | 58 | 72
312 | Revision_312/fortran.c | U | 1549 | 1586 | 17 | 78806 | 11 | 367 | 72
312 | Revision_312/c.c | U | 2389 | 2403 | 17 | 78807 | 11 | 64 | 72
312 | Revision_312/fortran.c | U | 1835 | 1846 | 17 | 78808 | 11 | 65 | 72
312 | Revision_312/eiffel.c | U | 905 | 947 | 17 | 78809 | 11 | 248 | 72
312 | Revision_312/c.c | U | 640 | 651 | 17 | 78810 | 11 | 71 | 72
312 | Revision_312/c.c | U | 689 | 709 | 20 | 78811 | 12 | 72 | 72
312 | Revision_312/c.c | U | 806 | 814 | 20 | 78812 | 12 | 73 | 72
312 | Revision_312/fortran.c | U | 1263 | 1273 | 20 | 78813 | 12 | 337 | 72
312 | Revision_312/c.c | U | 719 | 725 | 8 | 78814 | 13 | 74 | 71
312 | Revision_312/options.c | U | 466 | 473 | 8 | 78815 | 13 | 75 | 71
312 | Revision_312/c.c | U | 748 | 752 | 5 | 78816 | 14 | 76 | 75
312 | Revision_312/sql.c | U | 475 | 479 | 5 | 78817 | 14 | 297 | 75
312 | Revision_312/fortran.c | U | 1875 | 1879 | 5 | 78818 | 14 | 79 | 75
312 | Revision_312/eiffel.c | U | 673 | 677 | 5 | 78819 | 14 | 249 | 75
312 | Revision_312/c.c | U | 1976 | 1980 | 5 | 78820 | 14 | 80 | 75
312 | Revision_312/eiffel.c | U | 874 | 878 | 5 | 78821 | 14 | 269 | 75
312 | Revision_312/eiffel.c | U | 963 | 967 | 5 | 78822 | 14 | 269 | 75
312 | Revision_312/eiffel.c | U | 1014 | 1018 | 5 | 78823 | 14 | 269 | 75
312 | Revision_312/sql.c | U | 544 | 548 | 5 | 78824 | 14 | 298 | 75
312 | Revision_312/sql.c | U | 414 | 418 | 5 | 78825 | 14 | 299 | 75
312 | Revision_312/fortran.c | U | 1304 | 1308 | 5 | 78826 | 14 | 85 | 75
312 | Revision_312/c.c | U | 2439 | 2443 | 5 | 78827 | 14 | 86 | 75
312 | Revision_312/eiffel.c | U | 660 | 664 | 5 | 78828 | 14 | 250 | 75
312 | Revision_312/sql.c | U | 327 | 331 | 5 | 78829 | 14 | 300 | 75
312 | Revision_312/readtags.c | U | 147 | 151 | 5 | 78830 | 14 | 87 | 75
312 | Revision_312/eiffel.c | U | 1033 | 1037 | 5 | 78831 | 14 | 151 | 75
312 | Revision_312/fortran.c | U | 1172 | 1176 | 5 | 78832 | 14 | 85 | 75
312 | Revision_312/ruby.c | U | 136 | 140 | 5 | 78833 | 14 | 19 | 75
312 | Revision_312/c.c | U | 2504 | 2509 | 5 | 78834 | 14 | 94 | 75
312 | Revision_312/fortran.c | U | 1301 | 1309 | 5 | 78835 | 14 | 84 | 75
312 | Revision_312/fortran.c | U | 1513 | 1518 | 5 | 78836 | 14 | 79 | 75
312 | Revision_312/fortran.c | U | 592 | 596 | 5 | 78837 | 14 | 95 | 75
312 | Revision_312/options.c | U | 1005 | 1009 | 5 | 78838 | 14 | 89 | 75
312 | Revision_312/keyword.c | U | 185 | 189 | 5 | 78839 | 14 | 91 | 75
312 | Revision_312/readtags.c | U | 458 | 462 | 5 | 78840 | 14 | 90 | 75
312 | Revision_312/eiffel.c | U | 848 | 853 | 5 | 78841 | 14 | 151 | 75
312 | Revision_312/c.c | U | 2023 | 2027 | 5 | 78842 | 14 | 125 | 75
312 | Revision_312/strlist.c | U | 134 | 138 | 5 | 78843 | 14 | 126 | 75
312 | Revision_312/c.c | U | 1664 | 1668 | 5 | 78844 | 14 | 121 | 75
312 | Revision_312/c.c | U | 1673 | 1677 | 5 | 78845 | 14 | 331 | 75
312 | Revision_312/fortran.c | U | 1685 | 1689 | 5 | 78846 | 14 | 373 | 75
312 | Revision_312/vstring.c | U | 35 | 40 | 5 | 78847 | 14 | 98 | 75
312 | Revision_312/c.c | U | 2042 | 2049 | 5 | 78848 | 14 | 244 | 75
312 | Revision_312/eiffel.c | U | 1069 | 1078 | 5 | 78849 | 14 | 101 | 75
312 | Revision_312/options.c | U | 1642 | 1646 | 5 | 78850 | 14 | 333 | 75
312 | Revision_312/options.c | U | 668 | 672 | 5 | 78851 | 14 | 127 | 75
312 | Revision_312/fortran.c | U | 965 | 969 | 5 | 78852 | 14 | 128 | 75
312 | Revision_312/fortran.c | U | 1506 | 1511 | 5 | 78853 | 14 | 79 | 75
312 | Revision_312/options.c | U | 1181 | 1185 | 5 | 78854 | 14 | 129 | 75
312 | Revision_312/c.c | U | 758 | 778 | 43 | 78855 | 15 | 103 | 86
312 | Revision_312/c.c | U | 884 | 903 | 43 | 78856 | 15 | 103 | 86
312 | Revision_312/c.c | U | 781 | 800 | 43 | 78857 | 15 | 332 | 86
312 | Revision_312/c.c | U | 818 | 837 | 43 | 78858 | 15 | 316 | 86
312 | Revision_312/c.c | U | 803 | 816 | 24 | 78859 | 16 | 73 | 77
312 | Revision_312/fortran.c | U | 1260 | 1275 | 24 | 78860 | 16 | 337 | 77
312 | Revision_312/c.c | U | 840 | 851 | 12 | 78861 | 17 | 317 | 90
312 | Revision_312/c.c | U | 854 | 865 | 12 | 78862 | 17 | 318 | 90
312 | Revision_312/c.c | U | 1297 | 1304 | 7 | 78863 | 18 | 108 | 80
312 | Revision_312/c.c | U | 1306 | 1313 | 7 | 78864 | 18 | 109 | 80
312 | Revision_312/c.c | U | 1327 | 1334 | 7 | 78865 | 19 | 110 | 83
312 | Revision_312/c.c | U | 1337 | 1344 | 7 | 78866 | 19 | 111 | 83
312 | Revision_312/fortran.c | U | 625 | 631 | 7 | 78867 | 19 | 112 | 83
312 | Revision_312/c.c | U | 1393 | 1402 | 9 | 78868 | 20 | 294 | 71
312 | Revision_312/eiffel.c | U | 556 | 564 | 9 | 78869 | 20 | 295 | 71
312 | Revision_312/c.c | U | 1396 | 1400 | 5 | 78870 | 21 | 294 | 75
312 | Revision_312/readtags.c | U | 506 | 510 | 5 | 78871 | 21 | 90 | 75
312 | Revision_312/readtags.c | U | 683 | 687 | 5 | 78872 | 21 | 99 | 75
312 | Revision_312/c.c | U | 1717 | 1721 | 5 | 78873 | 22 | 118 | 75
312 | Revision_312/eiffel.c | U | 419 | 423 | 5 | 78874 | 22 | 119 | 75
312 | Revision_312/fortran.c | U | 792 | 796 | 5 | 78875 | 22 | 120 | 75
312 | Revision_312/c.c | U | 1864 | 1868 | 5 | 78876 | 23 | 121 | 75
312 | Revision_312/get.c | U | 588 | 592 | 5 | 78877 | 23 | 122 | 75
312 | Revision_312/c.c | U | 2004 | 2011 | 9 | 78878 | 24 | 28 | 71
312 | Revision_312/eiffel.c | U | 1066 | 1079 | 9 | 78879 | 24 | 156 | 71
312 | Revision_312/c.c | U | 2460 | 2465 | 6 | 78880 | 25 | 94 | 80
312 | Revision_312/sql.c | U | 491 | 496 | 6 | 78881 | 25 | 301 | 80
312 | Revision_312/c.c | U | 2544 | 2553 | 9 | 78882 | 26 | 130 | 71
312 | Revision_312/eiffel.c | U | 215 | 224 | 9 | 78883 | 26 | 131 | 71
312 | Revision_312/sql.c | U | 189 | 198 | 9 | 78884 | 26 | 302 | 71
312 | Revision_312/asm.c | U | 121 | 129 | 9 | 78885 | 26 | 288 | 71
312 | Revision_312/fortran.c | U | 400 | 409 | 9 | 78886 | 26 | 132 | 71
312 | Revision_312/eiffel.c | U | 287 | 301 | 9 | 78887 | 27 | 133 | 71
312 | Revision_312/sql.c | U | 222 | 234 | 9 | 78888 | 27 | 303 | 71
312 | Revision_312/beta.c | U | 71 | 82 | 9 | 78889 | 27 | 134 | 71
312 | Revision_312/parse.c | U | 46 | 57 | 9 | 78890 | 27 | 135 | 71
312 | Revision_312/sml.c | U | 73 | 79 | 9 | 78891 | 27 | 324 | 71
312 | Revision_312/sql.c | U | 224 | 233 | 9 | 78892 | 27 | 303 | 71
312 | Revision_312/eiffel.c | U | 289 | 299 | 9 | 78893 | 27 | 136 | 71
312 | Revision_312/eiffel.c | U | 367 | 376 | 8 | 78894 | 28 | 304 | 100
312 | Revision_312/sql.c | U | 241 | 248 | 8 | 78895 | 28 | 305 | 100
312 | Revision_312/eiffel.c | U | 382 | 407 | 23 | 78896 | 29 | 139 | 75
312 | Revision_312/fortran.c | U | 750 | 780 | 23 | 78897 | 29 | 140 | 75
312 | Revision_312/eiffel.c | U | 410 | 435 | 20 | 78898 | 30 | 141 | 94
312 | Revision_312/fortran.c | U | 783 | 808 | 20 | 78899 | 30 | 142 | 94
312 | Revision_312/eiffel.c | U | 547 | 551 | 5 | 78900 | 31 | 143 | 75
312 | Revision_312/fortran.c | U | 944 | 948 | 5 | 78901 | 31 | 145 | 75
312 | Revision_312/fortran.c | U | 772 | 776 | 5 | 78902 | 31 | 144 | 75
312 | Revision_312/eiffel.c | U | 572 | 584 | 11 | 78903 | 32 | 114 | 88
312 | Revision_312/fortran.c | U | 835 | 846 | 11 | 78904 | 32 | 116 | 88
312 | Revision_312/sql.c | U | 270 | 281 | 11 | 78905 | 32 | 306 | 88
312 | Revision_312/eiffel.c | U | 587 | 599 | 11 | 78906 | 32 | 117 | 88
312 | Revision_312/eiffel.c | U | 602 | 612 | 9 | 78907 | 33 | 146 | 87
312 | Revision_312/asm.c | U | 132 | 141 | 9 | 78908 | 33 | 270 | 87
312 | Revision_312/fortran.c | U | 853 | 863 | 9 | 78909 | 33 | 147 | 87
312 | Revision_312/eiffel.c | U | 720 | 727 | 8 | 78910 | 34 | 148 | 100
312 | Revision_312/fortran.c | U | 990 | 997 | 8 | 78911 | 34 | 149 | 100
312 | Revision_312/eiffel.c | U | 771 | 818 | 13 | 78912 | 35 | 349 | 72
312 | Revision_312/fortran.c | U | 1059 | 1070 | 13 | 78913 | 35 | 350 | 72
312 | Revision_312/eiffel.c | U | 836 | 854 | 13 | 78914 | 36 | 251 | 72
312 | Revision_312/eiffel.c | U | 858 | 880 | 13 | 78915 | 36 | 252 | 72
312 | Revision_312/fortran.c | U | 1341 | 1354 | 13 | 78916 | 36 | 336 | 72
312 | Revision_312/eiffel.c | U | 1008 | 1021 | 13 | 78917 | 36 | 253 | 72
312 | Revision_312/fortran.c | U | 1595 | 1603 | 13 | 78918 | 36 | 337 | 72
312 | Revision_312/eiffel.c | U | 1113 | 1137 | 22 | 78919 | 37 | 307 | 70
312 | Revision_312/sql.c | U | 445 | 470 | 22 | 78920 | 37 | 308 | 70
312 | Revision_312/eiffel.c | U | 1191 | 1197 | 6 | 78921 | 38 | 362 | 80
312 | Revision_312/fortran.c | U | 442 | 447 | 6 | 78922 | 38 | 363 | 80
312 | Revision_312/verilog.c | U | 147 | 153 | 7 | 78923 | 39 | 284 | 83
312 | Revision_312/lua.c | U | 81 | 88 | 7 | 78924 | 39 | 285 | 83
312 | Revision_312/vim.c | U | 56 | 60 | 5 | 78925 | 40 | 290 | 100
312 | Revision_312/vim.c | U | 62 | 66 | 5 | 78926 | 40 | 291 | 100
312 | Revision_312/python.c | U | 105 | 109 | 5 | 78927 | 41 | 278 | 75
312 | Revision_312/options.c | U | 926 | 931 | 5 | 78928 | 41 | 280 | 75
312 | Revision_312/erlang.c | U | 58 | 62 | 5 | 78929 | 41 | 341 | 75
312 | Revision_312/sml.c | U | 82 | 86 | 5 | 78930 | 41 | 325 | 75
312 | Revision_312/python.c | U | 113 | 122 | 9 | 78931 | 42 | 292 | 75
312 | Revision_312/erlang.c | U | 66 | 75 | 9 | 78932 | 42 | 342 | 75
312 | Revision_312/tcl.c | U | 44 | 54 | 9 | 78933 | 42 | 293 | 75
312 | Revision_312/python.c | U | 145 | 150 | 6 | 78934 | 43 | 343 | 71
312 | Revision_312/erlang.c | U | 116 | 121 | 6 | 78935 | 43 | 346 | 71
312 | Revision_312/erlang.c | U | 108 | 113 | 6 | 78936 | 43 | 344 | 71
312 | Revision_312/erlang.c | U | 97 | 105 | 6 | 78937 | 43 | 344 | 71
312 | Revision_312/main.c | U | 358 | 365 | 6 | 78938 | 43 | 377 | 71
312 | Revision_312/main.c | U | 277 | 283 | 6 | 78939 | 43 | 376 | 71
312 | Revision_312/python.c | U | 172 | 181 | 9 | 78940 | 44 | 326 | 85
312 | Revision_312/sml.c | U | 162 | 171 | 9 | 78941 | 44 | 327 | 85
312 | Revision_312/python.c | U | 201 | 206 | 6 | 78942 | 45 | 328 | 80
312 | Revision_312/sml.c | U | 180 | 185 | 6 | 78943 | 45 | 329 | 80
312 | Revision_312/perl.c | U | 56 | 60 | 5 | 78944 | 46 | 163 | 75
312 | Revision_312/pascal.c | U | 133 | 137 | 5 | 78945 | 46 | 164 | 75
312 | Revision_312/sort.c | U | 123 | 128 | 5 | 78946 | 47 | 281 | 100
312 | Revision_312/sort.c | U | 131 | 136 | 5 | 78947 | 47 | 282 | 100
312 | Revision_312/strlist.c | U | 32 | 38 | 8 | 78948 | 48 | 165 | 71
312 | Revision_312/vstring.c | U | 77 | 87 | 8 | 78949 | 48 | 166 | 71
312 | Revision_312/strlist.c | U | 147 | 154 | 8 | 78950 | 49 | 167 | 85
312 | Revision_312/strlist.c | U | 158 | 165 | 8 | 78951 | 49 | 168 | 85
312 | Revision_312/strlist.c | U | 169 | 176 | 8 | 78952 | 49 | 169 | 85
312 | Revision_312/pascal.c | U | 149 | 153 | 6 | 78953 | 50 | 319 | 75
312 | Revision_312/pascal.c | U | 175 | 181 | 6 | 78954 | 50 | 170 | 75
312 | Revision_312/pascal.c | U | 183 | 189 | 6 | 78955 | 50 | 171 | 75
312 | Revision_312/get.c | U | 297 | 309 | 10 | 78956 | 51 | 174 | 70
312 | Revision_312/parse.c | U | 557 | 571 | 10 | 78957 | 51 | 175 | 70
312 | Revision_312/read.c | U | 214 | 225 | 10 | 78958 | 51 | 176 | 70
312 | Revision_312/get.c | U | 461 | 472 | 10 | 78959 | 52 | 177 | 100
312 | Revision_312/get.c | U | 478 | 489 | 10 | 78960 | 52 | 178 | 100
312 | Revision_312/get.c | U | 535 | 540 | 6 | 78961 | 53 | 180 | 80
312 | Revision_312/read.c | U | 415 | 419 | 6 | 78962 | 53 | 181 | 80
312 | Revision_312/main.c | U | 179 | 192 | 6 | 78963 | 54 | 354 | 80
312 | Revision_312/options.c | U | 393 | 398 | 6 | 78964 | 54 | 355 | 80
312 | Revision_312/routines.c | U | 224 | 231 | 6 | 78965 | 55 | 254 | 80
312 | Revision_312/routines.c | U | 234 | 241 | 6 | 78966 | 55 | 255 | 80
312 | Revision_312/routines.c | U | 275 | 282 | 8 | 78967 | 56 | 256 | 83
312 | Revision_312/readtags.c | U | 119 | 126 | 8 | 78968 | 56 | 123 | 83
312 | Revision_312/readtags.c | U | 109 | 116 | 8 | 78969 | 56 | 238 | 83
312 | Revision_312/routines.c | U | 285 | 292 | 8 | 78970 | 56 | 257 | 83
312 | Revision_312/routines.c | U | 309 | 313 | 5 | 78971 | 57 | 258 | 75
312 | Revision_312/vstring.c | U | 125 | 129 | 5 | 78972 | 57 | 188 | 75
312 | Revision_312/vstring.c | U | 118 | 122 | 5 | 78973 | 57 | 189 | 75
312 | Revision_312/routines.c | U | 316 | 322 | 6 | 78974 | 58 | 259 | 100
312 | Revision_312/routines.c | U | 325 | 331 | 6 | 78975 | 58 | 260 | 100
312 | Revision_312/routines.c | U | 336 | 343 | 8 | 78976 | 59 | 261 | 100
312 | Revision_312/routines.c | U | 348 | 355 | 8 | 78977 | 59 | 262 | 100
312 | Revision_312/routines.c | U | 472 | 485 | 5 | 78978 | 60 | 267 | 75
312 | Revision_312/routines.c | U | 546 | 569 | 5 | 78979 | 60 | 268 | 75
312 | Revision_312/sh.c | U | 53 | 95 | 35 | 78980 | 61 | 338 | 70
312 | Revision_312/php.c | U | 42 | 92 | 35 | 78981 | 61 | 339 | 70
312 | Revision_312/beta.c | U | 136 | 143 | 6 | 78982 | 62 | 201 | 75
312 | Revision_312/beta.c | U | 207 | 215 | 6 | 78983 | 62 | 202 | 75
312 | Revision_312/beta.c | U | 154 | 158 | 5 | 78984 | 63 | 203 | 75
312 | Revision_312/beta.c | U | 167 | 171 | 5 | 78985 | 63 | 204 | 75
312 | Revision_312/beta.c | U | 274 | 278 | 5 | 78986 | 63 | 205 | 75
312 | Revision_312/beta.c | U | 280 | 284 | 5 | 78987 | 63 | 207 | 75
312 | Revision_312/beta.c | U | 160 | 164 | 5 | 78988 | 63 | 206 | 75
312 | Revision_312/sql.c | U | 388 | 394 | 6 | 78989 | 64 | 310 | 75
312 | Revision_312/fortran.c | U | 1038 | 1042 | 6 | 78990 | 64 | 312 | 75
312 | Revision_312/sql.c | U | 559 | 565 | 6 | 78991 | 64 | 311 | 75
312 | Revision_312/sql.c | U | 429 | 437 | 8 | 78992 | 65 | 313 | 71
312 | Revision_312/fortran.c | U | 1719 | 1725 | 8 | 78993 | 65 | 314 | 71
312 | Revision_312/parse.c | U | 98 | 108 | 11 | 78994 | 66 | 208 | 88
312 | Revision_312/parse.c | U | 111 | 122 | 11 | 78995 | 66 | 209 | 88
312 | Revision_312/parse.c | U | 272 | 276 | 5 | 78996 | 67 | 356 | 75
312 | Revision_312/parse.c | U | 527 | 531 | 5 | 78997 | 67 | 357 | 75
312 | Revision_312/parse.c | U | 546 | 550 | 5 | 78998 | 67 | 358 | 75
312 | Revision_312/readtags.c | U | 545 | 551 | 6 | 78999 | 68 | 239 | 100
312 | Revision_312/readtags.c | U | 553 | 559 | 6 | 79000 | 68 | 240 | 100
312 | Revision_312/readtags.c | U | 588 | 592 | 6 | 79001 | 69 | 123 | 75
312 | Revision_312/readtags.c | U | 643 | 649 | 6 | 79002 | 69 | 124 | 75
312 | Revision_312/readtags.c | U | 720 | 728 | 8 | 79003 | 70 | 210 | 83
312 | Revision_312/readtags.c | U | 775 | 783 | 8 | 79004 | 70 | 211 | 83
312 | Revision_312/readtags.c | U | 731 | 739 | 8 | 79005 | 70 | 212 | 83
312 | Revision_312/readtags.c | U | 742 | 747 | 6 | 79006 | 71 | 241 | 80
312 | Revision_312/readtags.c | U | 767 | 772 | 6 | 79007 | 71 | 242 | 80
312 | Revision_312/readtags.c | U | 759 | 764 | 6 | 79008 | 71 | 287 | 80
312 | Revision_312/fortran.c | U | 1232 | 1253 | 23 | 79009 | 72 | 369 | 72
312 | Revision_312/fortran.c | U | 1752 | 1775 | 23 | 79010 | 72 | 366 | 72
312 | Revision_312/fortran.c | U | 1286 | 1292 | 7 | 79011 | 73 | 85 | 83
312 | Revision_312/fortran.c | U | 1345 | 1351 | 7 | 79012 | 73 | 84 | 83
312 | Revision_312/fortran.c | U | 1412 | 1420 | 10 | 79013 | 74 | 314 | 77
312 | Revision_312/fortran.c | U | 1451 | 1460 | 10 | 79014 | 74 | 59 | 77
312 | Revision_312/fortran.c | U | 1498 | 1504 | 8 | 79015 | 75 | 65 | 71
312 | Revision_312/fortran.c | U | 1674 | 1683 | 8 | 79016 | 75 | 221 | 71
312 | Revision_312/fortran.c | U | 1692 | 1707 | 20 | 79017 | 76 | 21 | 84
312 | Revision_312/fortran.c | U | 1907 | 1923 | 20 | 79018 | 76 | 374 | 84
312 | Revision_312/fortran.c | U | 1871 | 1890 | 17 | 79019 | 77 | 220 | 75
312 | Revision_312/fortran.c | U | 1942 | 1959 | 17 | 79020 | 77 | 221 | 75
312 | Revision_312/fortran.c | U | 2014 | 2035 | 17 | 79021 | 77 | 372 | 75
312 | Revision_312/asm.c | U | 245 | 258 | 11 | 79022 | 78 | 289 | 77
312 | Revision_312/asm.c | U | 263 | 273 | 11 | 79023 | 78 | 279 | 77
312 | Revision_312/scheme.c | U | 70 | 78 | 8 | 79024 | 79 | 222 | 71
312 | Revision_312/scheme.c | U | 85 | 93 | 8 | 79025 | 79 | 223 | 71
312 | Revision_312/options.c | U | 365 | 371 | 6 | 79026 | 80 | 224 | 100
312 | Revision_312/options.c | U | 374 | 380 | 6 | 79027 | 80 | 225 | 100
312 | Revision_312/options.c | U | 537 | 543 | 7 | 79028 | 81 | 226 | 100
312 | Revision_312/options.c | U | 546 | 552 | 7 | 79029 | 81 | 227 | 100
312 | Revision_312/options.c | U | 555 | 561 | 7 | 79030 | 81 | 228 | 100
312 | Revision_312/options.c | U | 564 | 570 | 7 | 79031 | 81 | 229 | 100
312 | Revision_312/options.c | U | 945 | 949 | 5 | 79032 | 82 | 230 | 75
312 | Revision_312/options.c | U | 971 | 975 | 5 | 79033 | 82 | 231 | 75
312 | Revision_312/options.c | U | 1065 | 1069 | 5 | 79034 | 83 | 232 | 100
312 | Revision_312/options.c | U | 1071 | 1075 | 5 | 79035 | 83 | 233 | 100
312 | Revision_312/options.c | U | 1116 | 1128 | 12 | 79036 | 84 | 360 | 100
312 | Revision_312/options.c | U | 1132 | 1144 | 12 | 79037 | 84 | 235 | 100
312 | Revision_312/options.c | U | 1384 | 1401 | 15 | 79038 | 85 | 236 | 91
312 | Revision_312/options.c | U | 1422 | 1439 | 15 | 79039 | 85 | 237 | 91
