Revision | filePath | changeType | StartLine | EndLine | Nlines | cloneId | classId | globalCloneId | Similarity
313 | Revision_313/lisp.c | U | 91 | 97 | 7 | 79040 | 1 | 1 | 83
313 | Revision_313/lisp.c | U | 112 | 118 | 7 | 79041 | 1 | 2 | 83
313 | Revision_313/lisp.c | U | 127 | 137 | 9 | 79042 | 2 | 3 | 70
313 | Revision_313/cobol.c | U | 40 | 48 | 9 | 79043 | 2 | 320 | 70
313 | Revision_313/sh.c | U | 98 | 108 | 9 | 79044 | 2 | 17 | 70
313 | Revision_313/beta.c | U | 313 | 321 | 9 | 79045 | 2 | 5 | 70
313 | Revision_313/erlang.c | U | 179 | 187 | 9 | 79046 | 2 | 340 | 70
313 | Revision_313/scheme.c | U | 99 | 109 | 9 | 79047 | 2 | 16 | 70
313 | Revision_313/vim.c | U | 168 | 176 | 9 | 79048 | 2 | 20 | 70
313 | Revision_313/tcl.c | U | 106 | 114 | 9 | 79049 | 2 | 18 | 70
313 | Revision_313/sml.c | U | 192 | 200 | 9 | 79050 | 2 | 321 | 70
313 | Revision_313/fortran.c | U | 2152 | 2167 | 9 | 79051 | 2 | 21 | 70
313 | Revision_313/php.c | U | 95 | 103 | 9 | 79052 | 2 | 22 | 70
313 | Revision_313/python.c | U | 213 | 221 | 9 | 79053 | 2 | 13 | 70
313 | Revision_313/sql.c | U | 608 | 617 | 9 | 79054 | 2 | 296 | 70
313 | Revision_313/eiffel.c | U | 1222 | 1231 | 9 | 79055 | 2 | 9 | 70
313 | Revision_313/c.c | U | 2586 | 2595 | 9 | 79056 | 2 | 12 | 70
313 | Revision_313/c.c | U | 2598 | 2613 | 9 | 79057 | 2 | 8 | 70
313 | Revision_313/c.c | U | 2616 | 2625 | 9 | 79058 | 2 | 15 | 70
313 | Revision_313/c.c | U | 2628 | 2637 | 9 | 79059 | 2 | 315 | 70
313 | Revision_313/c.c | U | 2640 | 2649 | 9 | 79060 | 2 | 330 | 70
313 | Revision_313/perl.c | U | 109 | 117 | 9 | 79061 | 2 | 7 | 70
313 | Revision_313/lua.c | U | 123 | 131 | 9 | 79062 | 2 | 243 | 70
313 | Revision_313/ruby.c | U | 167 | 175 | 9 | 79063 | 2 | 19 | 70
313 | Revision_313/awk.c | U | 71 | 79 | 9 | 79064 | 2 | 10 | 70
313 | Revision_313/pascal.c | U | 255 | 263 | 9 | 79065 | 2 | 14 | 70
313 | Revision_313/verilog.c | U | 160 | 168 | 9 | 79066 | 2 | 283 | 70
313 | Revision_313/asp.c | U | 181 | 189 | 9 | 79067 | 2 | 4 | 70
313 | Revision_313/yacc.c | U | 31 | 38 | 9 | 79068 | 2 | 23 | 70
313 | Revision_313/rexx.c | U | 30 | 37 | 9 | 79069 | 2 | 26 | 70
313 | Revision_313/jscript.c | U | 31 | 38 | 9 | 79070 | 2 | 364 | 70
313 | Revision_313/keyword.c | U | 107 | 116 | 9 | 79071 | 2 | 27 | 70
313 | Revision_313/slang.c | U | 34 | 41 | 9 | 79072 | 2 | 24 | 70
313 | Revision_313/html.c | U | 40 | 47 | 9 | 79073 | 2 | 365 | 70
313 | Revision_313/make.c | U | 91 | 101 | 9 | 79074 | 2 | 25 | 70
313 | Revision_313/asm.c | U | 368 | 387 | 9 | 79075 | 2 | 274 | 70
313 | Revision_313/c.c | U | 2052 | 2057 | 9 | 79076 | 2 | 28 | 70
313 | Revision_313/options.c | U | 527 | 532 | 9 | 79077 | 2 | 29 | 70
313 | Revision_313/sql.c | U | 201 | 209 | 9 | 79078 | 2 | 309 | 70
313 | Revision_313/options.c | U | 620 | 626 | 9 | 79079 | 2 | 30 | 70
313 | Revision_313/fortran.c | U | 416 | 428 | 9 | 79080 | 2 | 158 | 70
313 | Revision_313/c.c | U | 2081 | 2089 | 9 | 79081 | 2 | 31 | 70
313 | Revision_313/eiffel.c | U | 1176 | 1188 | 9 | 79082 | 2 | 157 | 70
313 | Revision_313/asp.c | U | 70 | 89 | 15 | 79083 | 3 | 33 | 100
313 | Revision_313/asp.c | U | 93 | 112 | 15 | 79084 | 3 | 34 | 100
313 | Revision_313/asp.c | U | 116 | 132 | 14 | 79085 | 4 | 35 | 72
313 | Revision_313/asp.c | U | 136 | 151 | 14 | 79086 | 4 | 36 | 72
313 | Revision_313/php.c | U | 75 | 88 | 14 | 79087 | 4 | 40 | 72
313 | Revision_313/asp.c | U | 155 | 170 | 14 | 79088 | 4 | 36 | 72
313 | Revision_313/vim.c | U | 121 | 135 | 14 | 79089 | 4 | 159 | 72
313 | Revision_313/ruby.c | U | 96 | 111 | 14 | 79090 | 4 | 42 | 72
313 | Revision_313/php.c | U | 55 | 72 | 14 | 79091 | 4 | 173 | 72
313 | Revision_313/ruby.c | U | 79 | 94 | 14 | 79092 | 4 | 42 | 72
313 | Revision_313/vim.c | U | 95 | 110 | 14 | 79093 | 4 | 334 | 72
313 | Revision_313/vim.c | U | 143 | 162 | 14 | 79094 | 4 | 160 | 72
313 | Revision_313/vim.c | U | 114 | 136 | 14 | 79095 | 4 | 160 | 72
313 | Revision_313/args.c | U | 85 | 92 | 8 | 79096 | 5 | 43 | 100
313 | Revision_313/args.c | U | 159 | 166 | 8 | 79097 | 5 | 44 | 100
313 | Revision_313/args.c | U | 144 | 148 | 5 | 79098 | 6 | 322 | 75
313 | Revision_313/sml.c | U | 174 | 178 | 5 | 79099 | 6 | 323 | 75
313 | Revision_313/readtags.c | U | 702 | 706 | 5 | 79100 | 6 | 212 | 75
313 | Revision_313/args.c | U | 181 | 189 | 9 | 79101 | 7 | 45 | 75
313 | Revision_313/args.c | U | 202 | 210 | 9 | 79102 | 7 | 46 | 75
313 | Revision_313/args.c | U | 192 | 199 | 9 | 79103 | 7 | 47 | 75
313 | Revision_313/args.c | U | 265 | 271 | 6 | 79104 | 8 | 48 | 80
313 | Revision_313/options.c | U | 573 | 578 | 6 | 79105 | 8 | 49 | 80
313 | Revision_313/fortran.c | U | 886 | 891 | 6 | 79106 | 8 | 50 | 80
313 | Revision_313/c.c | U | 509 | 515 | 7 | 79107 | 9 | 51 | 80
313 | Revision_313/vstring.c | U | 67 | 74 | 7 | 79108 | 9 | 52 | 80
313 | Revision_313/c.c | U | 518 | 525 | 6 | 79109 | 10 | 53 | 80
313 | Revision_313/c.c | U | 528 | 535 | 6 | 79110 | 10 | 54 | 80
313 | Revision_313/c.c | U | 637 | 653 | 17 | 79111 | 11 | 55 | 72
313 | Revision_313/c.c | U | 1096 | 1114 | 17 | 79112 | 11 | 60 | 72
313 | Revision_313/fortran.c | U | 1073 | 1093 | 17 | 79113 | 11 | 58 | 72
313 | Revision_313/c.c | U | 1173 | 1187 | 17 | 79114 | 11 | 56 | 72
313 | Revision_313/c.c | U | 656 | 672 | 17 | 79115 | 11 | 57 | 72
313 | Revision_313/fortran.c | U | 1096 | 1111 | 17 | 79116 | 11 | 375 | 72
313 | Revision_313/fortran.c | U | 1832 | 1848 | 17 | 79117 | 11 | 59 | 72
313 | Revision_313/fortran.c | U | 1749 | 1777 | 17 | 79118 | 11 | 366 | 72
313 | Revision_313/c.c | U | 2387 | 2406 | 17 | 79119 | 11 | 61 | 72
313 | Revision_313/c.c | U | 659 | 670 | 17 | 79120 | 11 | 63 | 72
313 | Revision_313/fortran.c | U | 1076 | 1091 | 17 | 79121 | 11 | 58 | 72
313 | Revision_313/c.c | U | 1099 | 1112 | 17 | 79122 | 11 | 57 | 72
313 | Revision_313/fortran.c | U | 1549 | 1586 | 17 | 79123 | 11 | 367 | 72
313 | Revision_313/eiffel.c | U | 905 | 947 | 17 | 79124 | 11 | 248 | 72
313 | Revision_313/c.c | U | 2389 | 2403 | 17 | 79125 | 11 | 64 | 72
313 | Revision_313/fortran.c | U | 1835 | 1846 | 17 | 79126 | 11 | 65 | 72
313 | Revision_313/c.c | U | 640 | 651 | 17 | 79127 | 11 | 71 | 72
313 | Revision_313/c.c | U | 689 | 709 | 20 | 79128 | 12 | 72 | 72
313 | Revision_313/c.c | U | 806 | 814 | 20 | 79129 | 12 | 73 | 72
313 | Revision_313/fortran.c | U | 1263 | 1273 | 20 | 79130 | 12 | 337 | 72
313 | Revision_313/c.c | U | 719 | 725 | 8 | 79131 | 13 | 74 | 71
313 | Revision_313/options.c | U | 466 | 473 | 8 | 79132 | 13 | 75 | 71
313 | Revision_313/c.c | U | 748 | 752 | 5 | 79133 | 14 | 76 | 75
313 | Revision_313/sql.c | U | 475 | 479 | 5 | 79134 | 14 | 297 | 75
313 | Revision_313/fortran.c | U | 1875 | 1879 | 5 | 79135 | 14 | 79 | 75
313 | Revision_313/eiffel.c | U | 673 | 677 | 5 | 79136 | 14 | 249 | 75
313 | Revision_313/c.c | U | 1976 | 1980 | 5 | 79137 | 14 | 80 | 75
313 | Revision_313/eiffel.c | U | 1014 | 1018 | 5 | 79138 | 14 | 269 | 75
313 | Revision_313/sql.c | U | 544 | 548 | 5 | 79139 | 14 | 298 | 75
313 | Revision_313/fortran.c | U | 1304 | 1308 | 5 | 79140 | 14 | 85 | 75
313 | Revision_313/c.c | U | 2439 | 2443 | 5 | 79141 | 14 | 86 | 75
313 | Revision_313/sql.c | U | 414 | 418 | 5 | 79142 | 14 | 299 | 75
313 | Revision_313/eiffel.c | U | 963 | 967 | 5 | 79143 | 14 | 269 | 75
313 | Revision_313/eiffel.c | U | 874 | 878 | 5 | 79144 | 14 | 269 | 75
313 | Revision_313/eiffel.c | U | 660 | 664 | 5 | 79145 | 14 | 250 | 75
313 | Revision_313/sql.c | U | 327 | 331 | 5 | 79146 | 14 | 300 | 75
313 | Revision_313/readtags.c | U | 147 | 151 | 5 | 79147 | 14 | 87 | 75
313 | Revision_313/fortran.c | U | 1172 | 1176 | 5 | 79148 | 14 | 85 | 75
313 | Revision_313/c.c | U | 2504 | 2509 | 5 | 79149 | 14 | 94 | 75
313 | Revision_313/fortran.c | U | 1513 | 1518 | 5 | 79150 | 14 | 79 | 75
313 | Revision_313/fortran.c | U | 1301 | 1309 | 5 | 79151 | 14 | 84 | 75
313 | Revision_313/eiffel.c | U | 848 | 853 | 5 | 79152 | 14 | 151 | 75
313 | Revision_313/ruby.c | U | 136 | 140 | 5 | 79153 | 14 | 19 | 75
313 | Revision_313/fortran.c | U | 592 | 596 | 5 | 79154 | 14 | 95 | 75
313 | Revision_313/eiffel.c | U | 1033 | 1037 | 5 | 79155 | 14 | 151 | 75
313 | Revision_313/readtags.c | U | 458 | 462 | 5 | 79156 | 14 | 90 | 75
313 | Revision_313/keyword.c | U | 185 | 189 | 5 | 79157 | 14 | 91 | 75
313 | Revision_313/options.c | U | 1005 | 1009 | 5 | 79158 | 14 | 89 | 75
313 | Revision_313/c.c | U | 2023 | 2027 | 5 | 79159 | 14 | 125 | 75
313 | Revision_313/strlist.c | U | 134 | 138 | 5 | 79160 | 14 | 126 | 75
313 | Revision_313/c.c | U | 1673 | 1677 | 5 | 79161 | 14 | 121 | 75
313 | Revision_313/c.c | U | 1664 | 1668 | 5 | 79162 | 14 | 331 | 75
313 | Revision_313/c.c | U | 2042 | 2049 | 5 | 79163 | 14 | 244 | 75
313 | Revision_313/vstring.c | U | 35 | 40 | 5 | 79164 | 14 | 98 | 75
313 | Revision_313/fortran.c | U | 1685 | 1689 | 5 | 79165 | 14 | 373 | 75
313 | Revision_313/eiffel.c | U | 1069 | 1078 | 5 | 79166 | 14 | 101 | 75
313 | Revision_313/options.c | U | 1642 | 1646 | 5 | 79167 | 14 | 333 | 75
313 | Revision_313/options.c | U | 668 | 672 | 5 | 79168 | 14 | 127 | 75
313 | Revision_313/fortran.c | U | 965 | 969 | 5 | 79169 | 14 | 128 | 75
313 | Revision_313/fortran.c | U | 1506 | 1511 | 5 | 79170 | 14 | 79 | 75
313 | Revision_313/options.c | U | 1181 | 1185 | 5 | 79171 | 14 | 129 | 75
313 | Revision_313/c.c | U | 758 | 778 | 43 | 79172 | 15 | 103 | 86
313 | Revision_313/c.c | U | 884 | 903 | 43 | 79173 | 15 | 103 | 86
313 | Revision_313/c.c | U | 781 | 800 | 43 | 79174 | 15 | 332 | 86
313 | Revision_313/c.c | U | 818 | 837 | 43 | 79175 | 15 | 316 | 86
313 | Revision_313/c.c | U | 803 | 816 | 24 | 79176 | 16 | 73 | 77
313 | Revision_313/fortran.c | U | 1260 | 1275 | 24 | 79177 | 16 | 337 | 77
313 | Revision_313/c.c | U | 840 | 851 | 12 | 79178 | 17 | 317 | 90
313 | Revision_313/c.c | U | 854 | 865 | 12 | 79179 | 17 | 318 | 90
313 | Revision_313/c.c | U | 1297 | 1304 | 7 | 79180 | 18 | 108 | 80
313 | Revision_313/c.c | U | 1306 | 1313 | 7 | 79181 | 18 | 109 | 80
313 | Revision_313/c.c | U | 1327 | 1334 | 7 | 79182 | 19 | 110 | 83
313 | Revision_313/c.c | U | 1337 | 1344 | 7 | 79183 | 19 | 111 | 83
313 | Revision_313/fortran.c | U | 625 | 631 | 7 | 79184 | 19 | 112 | 83
313 | Revision_313/c.c | U | 1393 | 1402 | 9 | 79185 | 20 | 294 | 71
313 | Revision_313/eiffel.c | U | 556 | 564 | 9 | 79186 | 20 | 295 | 71
313 | Revision_313/c.c | U | 1396 | 1400 | 5 | 79187 | 21 | 294 | 75
313 | Revision_313/readtags.c | U | 506 | 510 | 5 | 79188 | 21 | 90 | 75
313 | Revision_313/readtags.c | U | 683 | 687 | 5 | 79189 | 21 | 99 | 75
313 | Revision_313/c.c | U | 1717 | 1721 | 5 | 79190 | 22 | 118 | 75
313 | Revision_313/fortran.c | U | 792 | 796 | 5 | 79191 | 22 | 120 | 75
313 | Revision_313/eiffel.c | U | 419 | 423 | 5 | 79192 | 22 | 119 | 75
313 | Revision_313/c.c | U | 1864 | 1868 | 5 | 79193 | 23 | 121 | 75
313 | Revision_313/get.c | U | 588 | 592 | 5 | 79194 | 23 | 122 | 75
313 | Revision_313/c.c | U | 2004 | 2011 | 9 | 79195 | 24 | 28 | 71
313 | Revision_313/eiffel.c | U | 1066 | 1079 | 9 | 79196 | 24 | 156 | 71
313 | Revision_313/c.c | U | 2460 | 2465 | 6 | 79197 | 25 | 94 | 80
313 | Revision_313/sql.c | U | 491 | 496 | 6 | 79198 | 25 | 301 | 80
313 | Revision_313/c.c | U | 2544 | 2553 | 9 | 79199 | 26 | 130 | 71
313 | Revision_313/asm.c | U | 121 | 129 | 9 | 79200 | 26 | 288 | 71
313 | Revision_313/fortran.c | U | 400 | 409 | 9 | 79201 | 26 | 132 | 71
313 | Revision_313/eiffel.c | U | 215 | 224 | 9 | 79202 | 26 | 131 | 71
313 | Revision_313/sql.c | U | 189 | 198 | 9 | 79203 | 26 | 302 | 71
313 | Revision_313/eiffel.c | U | 287 | 301 | 9 | 79204 | 27 | 133 | 71
313 | Revision_313/sql.c | U | 222 | 234 | 9 | 79205 | 27 | 303 | 71
313 | Revision_313/beta.c | U | 71 | 82 | 9 | 79206 | 27 | 134 | 71
313 | Revision_313/sml.c | U | 73 | 79 | 9 | 79207 | 27 | 324 | 71
313 | Revision_313/parse.c | U | 46 | 57 | 9 | 79208 | 27 | 135 | 71
313 | Revision_313/eiffel.c | U | 289 | 299 | 9 | 79209 | 27 | 136 | 71
313 | Revision_313/sql.c | U | 224 | 233 | 9 | 79210 | 27 | 303 | 71
313 | Revision_313/eiffel.c | U | 367 | 376 | 8 | 79211 | 28 | 304 | 100
313 | Revision_313/sql.c | U | 241 | 248 | 8 | 79212 | 28 | 305 | 100
313 | Revision_313/eiffel.c | U | 382 | 407 | 23 | 79213 | 29 | 139 | 75
313 | Revision_313/fortran.c | U | 750 | 780 | 23 | 79214 | 29 | 140 | 75
313 | Revision_313/eiffel.c | U | 410 | 435 | 20 | 79215 | 30 | 141 | 94
313 | Revision_313/fortran.c | U | 783 | 808 | 20 | 79216 | 30 | 142 | 94
313 | Revision_313/eiffel.c | U | 547 | 551 | 5 | 79217 | 31 | 143 | 75
313 | Revision_313/fortran.c | U | 772 | 776 | 5 | 79218 | 31 | 144 | 75
313 | Revision_313/fortran.c | U | 944 | 948 | 5 | 79219 | 31 | 145 | 75
313 | Revision_313/eiffel.c | U | 572 | 584 | 11 | 79220 | 32 | 114 | 88
313 | Revision_313/eiffel.c | U | 587 | 599 | 11 | 79221 | 32 | 117 | 88
313 | Revision_313/sql.c | U | 270 | 281 | 11 | 79222 | 32 | 306 | 88
313 | Revision_313/fortran.c | U | 835 | 846 | 11 | 79223 | 32 | 116 | 88
313 | Revision_313/eiffel.c | U | 602 | 612 | 9 | 79224 | 33 | 146 | 87
313 | Revision_313/fortran.c | U | 853 | 863 | 9 | 79225 | 33 | 147 | 87
313 | Revision_313/asm.c | U | 132 | 141 | 9 | 79226 | 33 | 270 | 87
313 | Revision_313/eiffel.c | U | 720 | 727 | 8 | 79227 | 34 | 148 | 100
313 | Revision_313/fortran.c | U | 990 | 997 | 8 | 79228 | 34 | 149 | 100
313 | Revision_313/eiffel.c | U | 771 | 818 | 13 | 79229 | 35 | 349 | 72
313 | Revision_313/fortran.c | U | 1059 | 1070 | 13 | 79230 | 35 | 350 | 72
313 | Revision_313/eiffel.c | U | 836 | 854 | 13 | 79231 | 36 | 251 | 72
313 | Revision_313/eiffel.c | U | 858 | 880 | 13 | 79232 | 36 | 252 | 72
313 | Revision_313/fortran.c | U | 1341 | 1354 | 13 | 79233 | 36 | 336 | 72
313 | Revision_313/eiffel.c | U | 1008 | 1021 | 13 | 79234 | 36 | 253 | 72
313 | Revision_313/fortran.c | U | 1595 | 1603 | 13 | 79235 | 36 | 337 | 72
313 | Revision_313/eiffel.c | U | 1113 | 1137 | 22 | 79236 | 37 | 307 | 70
313 | Revision_313/sql.c | U | 445 | 470 | 22 | 79237 | 37 | 308 | 70
313 | Revision_313/eiffel.c | U | 1191 | 1197 | 6 | 79238 | 38 | 362 | 80
313 | Revision_313/fortran.c | U | 442 | 447 | 6 | 79239 | 38 | 363 | 80
313 | Revision_313/verilog.c | U | 147 | 153 | 7 | 79240 | 39 | 284 | 83
313 | Revision_313/lua.c | U | 81 | 88 | 7 | 79241 | 39 | 285 | 83
313 | Revision_313/vim.c | U | 56 | 60 | 5 | 79242 | 40 | 290 | 100
313 | Revision_313/vim.c | U | 62 | 66 | 5 | 79243 | 40 | 291 | 100
313 | Revision_313/python.c | U | 105 | 109 | 5 | 79244 | 41 | 278 | 75
313 | Revision_313/sml.c | U | 82 | 86 | 5 | 79245 | 41 | 325 | 75
313 | Revision_313/options.c | U | 926 | 931 | 5 | 79246 | 41 | 280 | 75
313 | Revision_313/erlang.c | U | 58 | 62 | 5 | 79247 | 41 | 341 | 75
313 | Revision_313/python.c | U | 113 | 122 | 9 | 79248 | 42 | 292 | 75
313 | Revision_313/erlang.c | U | 66 | 75 | 9 | 79249 | 42 | 342 | 75
313 | Revision_313/tcl.c | U | 44 | 54 | 9 | 79250 | 42 | 293 | 75
313 | Revision_313/python.c | U | 145 | 150 | 6 | 79251 | 43 | 343 | 71
313 | Revision_313/erlang.c | U | 116 | 121 | 6 | 79252 | 43 | 346 | 71
313 | Revision_313/erlang.c | U | 108 | 113 | 6 | 79253 | 43 | 344 | 71
313 | Revision_313/erlang.c | U | 97 | 105 | 6 | 79254 | 43 | 344 | 71
313 | Revision_313/main.c | U | 277 | 283 | 6 | 79255 | 43 | 376 | 71
313 | Revision_313/main.c | U | 358 | 365 | 6 | 79256 | 43 | 377 | 71
313 | Revision_313/python.c | U | 172 | 181 | 9 | 79257 | 44 | 326 | 85
313 | Revision_313/sml.c | U | 162 | 171 | 9 | 79258 | 44 | 327 | 85
313 | Revision_313/python.c | U | 201 | 206 | 6 | 79259 | 45 | 328 | 80
313 | Revision_313/sml.c | U | 180 | 185 | 6 | 79260 | 45 | 329 | 80
313 | Revision_313/perl.c | U | 56 | 60 | 5 | 79261 | 46 | 163 | 75
313 | Revision_313/pascal.c | U | 133 | 137 | 5 | 79262 | 46 | 164 | 75
313 | Revision_313/sort.c | U | 123 | 128 | 5 | 79263 | 47 | 281 | 100
313 | Revision_313/sort.c | U | 131 | 136 | 5 | 79264 | 47 | 282 | 100
313 | Revision_313/strlist.c | U | 32 | 38 | 8 | 79265 | 48 | 165 | 71
313 | Revision_313/vstring.c | U | 77 | 87 | 8 | 79266 | 48 | 166 | 71
313 | Revision_313/strlist.c | U | 147 | 154 | 8 | 79267 | 49 | 167 | 85
313 | Revision_313/strlist.c | U | 169 | 176 | 8 | 79268 | 49 | 168 | 85
313 | Revision_313/strlist.c | U | 158 | 165 | 8 | 79269 | 49 | 169 | 85
313 | Revision_313/pascal.c | U | 149 | 153 | 6 | 79270 | 50 | 319 | 75
313 | Revision_313/pascal.c | U | 183 | 189 | 6 | 79271 | 50 | 171 | 75
313 | Revision_313/pascal.c | U | 175 | 181 | 6 | 79272 | 50 | 170 | 75
313 | Revision_313/get.c | U | 297 | 309 | 10 | 79273 | 51 | 174 | 70
313 | Revision_313/read.c | U | 214 | 225 | 10 | 79274 | 51 | 176 | 70
313 | Revision_313/parse.c | U | 557 | 571 | 10 | 79275 | 51 | 175 | 70
313 | Revision_313/get.c | U | 461 | 472 | 10 | 79276 | 52 | 177 | 100
313 | Revision_313/get.c | U | 478 | 489 | 10 | 79277 | 52 | 178 | 100
313 | Revision_313/get.c | U | 535 | 540 | 6 | 79278 | 53 | 180 | 80
313 | Revision_313/read.c | U | 415 | 419 | 6 | 79279 | 53 | 181 | 80
313 | Revision_313/main.c | U | 179 | 192 | 6 | 79280 | 54 | 354 | 80
313 | Revision_313/options.c | U | 393 | 398 | 6 | 79281 | 54 | 355 | 80
313 | Revision_313/routines.c | U | 224 | 231 | 6 | 79282 | 55 | 254 | 80
313 | Revision_313/routines.c | U | 234 | 241 | 6 | 79283 | 55 | 255 | 80
313 | Revision_313/routines.c | U | 275 | 282 | 8 | 79284 | 56 | 256 | 83
313 | Revision_313/readtags.c | U | 119 | 126 | 8 | 79285 | 56 | 123 | 83
313 | Revision_313/readtags.c | U | 109 | 116 | 8 | 79286 | 56 | 238 | 83
313 | Revision_313/routines.c | U | 285 | 292 | 8 | 79287 | 56 | 257 | 83
313 | Revision_313/routines.c | U | 309 | 313 | 5 | 79288 | 57 | 258 | 75
313 | Revision_313/vstring.c | U | 125 | 129 | 5 | 79289 | 57 | 188 | 75
313 | Revision_313/vstring.c | U | 118 | 122 | 5 | 79290 | 57 | 189 | 75
313 | Revision_313/routines.c | U | 316 | 322 | 6 | 79291 | 58 | 259 | 100
313 | Revision_313/routines.c | U | 325 | 331 | 6 | 79292 | 58 | 260 | 100
313 | Revision_313/routines.c | U | 336 | 343 | 8 | 79293 | 59 | 261 | 100
313 | Revision_313/routines.c | U | 348 | 355 | 8 | 79294 | 59 | 262 | 100
313 | Revision_313/routines.c | U | 472 | 485 | 5 | 79295 | 60 | 267 | 75
313 | Revision_313/routines.c | U | 546 | 569 | 5 | 79296 | 60 | 268 | 75
313 | Revision_313/sh.c | U | 53 | 95 | 35 | 79297 | 61 | 338 | 70
313 | Revision_313/php.c | U | 42 | 92 | 35 | 79298 | 61 | 339 | 70
313 | Revision_313/beta.c | U | 136 | 143 | 6 | 79299 | 62 | 201 | 75
313 | Revision_313/beta.c | U | 207 | 215 | 6 | 79300 | 62 | 202 | 75
313 | Revision_313/beta.c | U | 154 | 158 | 5 | 79301 | 63 | 203 | 75
313 | Revision_313/beta.c | U | 274 | 278 | 5 | 79302 | 63 | 205 | 75
313 | Revision_313/beta.c | U | 280 | 284 | 5 | 79303 | 63 | 207 | 75
313 | Revision_313/beta.c | U | 160 | 164 | 5 | 79304 | 63 | 204 | 75
313 | Revision_313/beta.c | U | 167 | 171 | 5 | 79305 | 63 | 206 | 75
313 | Revision_313/sql.c | U | 388 | 394 | 6 | 79306 | 64 | 310 | 75
313 | Revision_313/fortran.c | U | 1038 | 1042 | 6 | 79307 | 64 | 312 | 75
313 | Revision_313/sql.c | U | 559 | 565 | 6 | 79308 | 64 | 311 | 75
313 | Revision_313/sql.c | U | 429 | 437 | 8 | 79309 | 65 | 313 | 71
313 | Revision_313/fortran.c | U | 1719 | 1725 | 8 | 79310 | 65 | 314 | 71
313 | Revision_313/parse.c | U | 98 | 108 | 11 | 79311 | 66 | 208 | 88
313 | Revision_313/parse.c | U | 111 | 122 | 11 | 79312 | 66 | 209 | 88
313 | Revision_313/parse.c | U | 272 | 276 | 5 | 79313 | 67 | 356 | 75
313 | Revision_313/parse.c | U | 527 | 531 | 5 | 79314 | 67 | 357 | 75
313 | Revision_313/parse.c | U | 546 | 550 | 5 | 79315 | 67 | 358 | 75
313 | Revision_313/readtags.c | U | 545 | 551 | 6 | 79316 | 68 | 239 | 100
313 | Revision_313/readtags.c | U | 553 | 559 | 6 | 79317 | 68 | 240 | 100
313 | Revision_313/readtags.c | U | 588 | 592 | 6 | 79318 | 69 | 123 | 75
313 | Revision_313/readtags.c | U | 643 | 649 | 6 | 79319 | 69 | 124 | 75
313 | Revision_313/readtags.c | U | 720 | 728 | 8 | 79320 | 70 | 210 | 83
313 | Revision_313/readtags.c | U | 775 | 783 | 8 | 79321 | 70 | 211 | 83
313 | Revision_313/readtags.c | U | 731 | 739 | 8 | 79322 | 70 | 212 | 83
313 | Revision_313/readtags.c | U | 742 | 747 | 6 | 79323 | 71 | 241 | 80
313 | Revision_313/readtags.c | U | 759 | 764 | 6 | 79324 | 71 | 242 | 80
313 | Revision_313/readtags.c | U | 767 | 772 | 6 | 79325 | 71 | 287 | 80
313 | Revision_313/fortran.c | U | 1232 | 1253 | 23 | 79326 | 72 | 369 | 72
313 | Revision_313/fortran.c | U | 1752 | 1775 | 23 | 79327 | 72 | 366 | 72
313 | Revision_313/fortran.c | U | 1286 | 1292 | 7 | 79328 | 73 | 85 | 83
313 | Revision_313/fortran.c | U | 1345 | 1351 | 7 | 79329 | 73 | 84 | 83
313 | Revision_313/fortran.c | U | 1412 | 1420 | 10 | 79330 | 74 | 314 | 77
313 | Revision_313/fortran.c | U | 1451 | 1460 | 10 | 79331 | 74 | 59 | 77
313 | Revision_313/fortran.c | U | 1498 | 1504 | 8 | 79332 | 75 | 65 | 71
313 | Revision_313/fortran.c | U | 1674 | 1683 | 8 | 79333 | 75 | 221 | 71
313 | Revision_313/fortran.c | U | 1692 | 1707 | 20 | 79334 | 76 | 21 | 84
313 | Revision_313/fortran.c | U | 1907 | 1923 | 20 | 79335 | 76 | 374 | 84
313 | Revision_313/fortran.c | U | 1871 | 1890 | 17 | 79336 | 77 | 220 | 75
313 | Revision_313/fortran.c | U | 1942 | 1959 | 17 | 79337 | 77 | 221 | 75
313 | Revision_313/fortran.c | U | 2014 | 2035 | 17 | 79338 | 77 | 372 | 75
313 | Revision_313/asm.c | U | 245 | 258 | 11 | 79339 | 78 | 289 | 77
313 | Revision_313/asm.c | U | 263 | 273 | 11 | 79340 | 78 | 279 | 77
313 | Revision_313/scheme.c | U | 70 | 78 | 8 | 79341 | 79 | 222 | 71
313 | Revision_313/scheme.c | U | 85 | 93 | 8 | 79342 | 79 | 223 | 71
313 | Revision_313/options.c | U | 365 | 371 | 6 | 79343 | 80 | 224 | 100
313 | Revision_313/options.c | U | 374 | 380 | 6 | 79344 | 80 | 225 | 100
313 | Revision_313/options.c | U | 537 | 543 | 7 | 79345 | 81 | 226 | 100
313 | Revision_313/options.c | U | 555 | 561 | 7 | 79346 | 81 | 227 | 100
313 | Revision_313/options.c | U | 564 | 570 | 7 | 79347 | 81 | 228 | 100
313 | Revision_313/options.c | U | 546 | 552 | 7 | 79348 | 81 | 229 | 100
313 | Revision_313/options.c | U | 945 | 949 | 5 | 79349 | 82 | 230 | 75
313 | Revision_313/options.c | U | 971 | 975 | 5 | 79350 | 82 | 231 | 75
313 | Revision_313/options.c | U | 1065 | 1069 | 5 | 79351 | 83 | 232 | 100
313 | Revision_313/options.c | U | 1071 | 1075 | 5 | 79352 | 83 | 233 | 100
313 | Revision_313/options.c | U | 1116 | 1128 | 12 | 79353 | 84 | 360 | 100
313 | Revision_313/options.c | U | 1132 | 1144 | 12 | 79354 | 84 | 235 | 100
313 | Revision_313/options.c | U | 1384 | 1401 | 15 | 79355 | 85 | 236 | 91
313 | Revision_313/options.c | U | 1422 | 1439 | 15 | 79356 | 85 | 237 | 91
