Revision | filePath | changeType | StartLine | EndLine | Nlines | cloneId | classId | globalCloneId | Similarity
315 | Revision_315/lisp.c | U | 91 | 97 | 7 | 79674 | 1 | 1 | 83
315 | Revision_315/lisp.c | U | 112 | 118 | 7 | 79675 | 1 | 2 | 83
315 | Revision_315/lisp.c | U | 127 | 137 | 9 | 79676 | 2 | 3 | 70
315 | Revision_315/cobol.c | U | 40 | 48 | 9 | 79677 | 2 | 320 | 70
315 | Revision_315/sh.c | U | 98 | 108 | 9 | 79678 | 2 | 17 | 70
315 | Revision_315/beta.c | U | 313 | 321 | 9 | 79679 | 2 | 5 | 70
315 | Revision_315/erlang.c | U | 179 | 187 | 9 | 79680 | 2 | 340 | 70
315 | Revision_315/scheme.c | U | 99 | 109 | 9 | 79681 | 2 | 16 | 70
315 | Revision_315/vim.c | U | 168 | 176 | 9 | 79682 | 2 | 20 | 70
315 | Revision_315/tcl.c | U | 106 | 114 | 9 | 79683 | 2 | 18 | 70
315 | Revision_315/sml.c | U | 192 | 200 | 9 | 79684 | 2 | 321 | 70
315 | Revision_315/fortran.c | U | 2152 | 2167 | 9 | 79685 | 2 | 21 | 70
315 | Revision_315/php.c | U | 95 | 103 | 9 | 79686 | 2 | 22 | 70
315 | Revision_315/python.c | U | 213 | 221 | 9 | 79687 | 2 | 13 | 70
315 | Revision_315/sql.c | U | 608 | 617 | 9 | 79688 | 2 | 296 | 70
315 | Revision_315/eiffel.c | U | 1222 | 1231 | 9 | 79689 | 2 | 9 | 70
315 | Revision_315/c.c | U | 2586 | 2595 | 9 | 79690 | 2 | 12 | 70
315 | Revision_315/c.c | U | 2598 | 2613 | 9 | 79691 | 2 | 8 | 70
315 | Revision_315/c.c | U | 2616 | 2625 | 9 | 79692 | 2 | 15 | 70
315 | Revision_315/c.c | U | 2628 | 2637 | 9 | 79693 | 2 | 315 | 70
315 | Revision_315/c.c | U | 2640 | 2649 | 9 | 79694 | 2 | 330 | 70
315 | Revision_315/perl.c | U | 109 | 117 | 9 | 79695 | 2 | 7 | 70
315 | Revision_315/lua.c | U | 123 | 131 | 9 | 79696 | 2 | 243 | 70
315 | Revision_315/ruby.c | U | 167 | 175 | 9 | 79697 | 2 | 19 | 70
315 | Revision_315/awk.c | U | 71 | 79 | 9 | 79698 | 2 | 10 | 70
315 | Revision_315/pascal.c | U | 255 | 263 | 9 | 79699 | 2 | 14 | 70
315 | Revision_315/verilog.c | U | 160 | 168 | 9 | 79700 | 2 | 283 | 70
315 | Revision_315/asp.c | U | 181 | 189 | 9 | 79701 | 2 | 4 | 70
315 | Revision_315/slang.c | U | 34 | 41 | 9 | 79702 | 2 | 24 | 70
315 | Revision_315/keyword.c | U | 107 | 116 | 9 | 79703 | 2 | 27 | 70
315 | Revision_315/yacc.c | U | 31 | 38 | 9 | 79704 | 2 | 23 | 70
315 | Revision_315/html.c | U | 40 | 47 | 9 | 79705 | 2 | 365 | 70
315 | Revision_315/jscript.c | U | 31 | 38 | 9 | 79706 | 2 | 364 | 70
315 | Revision_315/rexx.c | U | 30 | 37 | 9 | 79707 | 2 | 26 | 70
315 | Revision_315/make.c | U | 91 | 101 | 9 | 79708 | 2 | 25 | 70
315 | Revision_315/asm.c | U | 368 | 387 | 9 | 79709 | 2 | 274 | 70
315 | Revision_315/sql.c | U | 201 | 209 | 9 | 79710 | 2 | 309 | 70
315 | Revision_315/options.c | U | 527 | 532 | 9 | 79711 | 2 | 29 | 70
315 | Revision_315/fortran.c | U | 416 | 428 | 9 | 79712 | 2 | 158 | 70
315 | Revision_315/c.c | U | 2052 | 2057 | 9 | 79713 | 2 | 28 | 70
315 | Revision_315/options.c | U | 620 | 626 | 9 | 79714 | 2 | 30 | 70
315 | Revision_315/eiffel.c | U | 1176 | 1188 | 9 | 79715 | 2 | 157 | 70
315 | Revision_315/c.c | U | 2081 | 2089 | 9 | 79716 | 2 | 31 | 70
315 | Revision_315/asp.c | U | 70 | 89 | 15 | 79717 | 3 | 33 | 100
315 | Revision_315/asp.c | U | 93 | 112 | 15 | 79718 | 3 | 34 | 100
315 | Revision_315/asp.c | U | 116 | 132 | 14 | 79719 | 4 | 35 | 72
315 | Revision_315/asp.c | U | 136 | 151 | 14 | 79720 | 4 | 36 | 72
315 | Revision_315/php.c | U | 75 | 88 | 14 | 79721 | 4 | 40 | 72
315 | Revision_315/asp.c | U | 155 | 170 | 14 | 79722 | 4 | 36 | 72
315 | Revision_315/vim.c | U | 121 | 135 | 14 | 79723 | 4 | 159 | 72
315 | Revision_315/ruby.c | U | 96 | 111 | 14 | 79724 | 4 | 42 | 72
315 | Revision_315/php.c | U | 55 | 72 | 14 | 79725 | 4 | 173 | 72
315 | Revision_315/ruby.c | U | 79 | 94 | 14 | 79726 | 4 | 42 | 72
315 | Revision_315/vim.c | U | 95 | 110 | 14 | 79727 | 4 | 334 | 72
315 | Revision_315/vim.c | U | 143 | 162 | 14 | 79728 | 4 | 160 | 72
315 | Revision_315/vim.c | U | 114 | 136 | 14 | 79729 | 4 | 160 | 72
315 | Revision_315/args.c | U | 85 | 92 | 8 | 79730 | 5 | 43 | 100
315 | Revision_315/args.c | U | 159 | 166 | 8 | 79731 | 5 | 44 | 100
315 | Revision_315/args.c | U | 144 | 148 | 5 | 79732 | 6 | 322 | 75
315 | Revision_315/sml.c | U | 174 | 178 | 5 | 79733 | 6 | 323 | 75
315 | Revision_315/readtags.c | U | 702 | 706 | 5 | 79734 | 6 | 212 | 75
315 | Revision_315/args.c | U | 181 | 189 | 9 | 79735 | 7 | 45 | 75
315 | Revision_315/args.c | U | 202 | 210 | 9 | 79736 | 7 | 46 | 75
315 | Revision_315/args.c | U | 192 | 199 | 9 | 79737 | 7 | 47 | 75
315 | Revision_315/args.c | U | 265 | 271 | 6 | 79738 | 8 | 48 | 80
315 | Revision_315/options.c | U | 573 | 578 | 6 | 79739 | 8 | 49 | 80
315 | Revision_315/fortran.c | U | 886 | 891 | 6 | 79740 | 8 | 50 | 80
315 | Revision_315/c.c | U | 509 | 515 | 7 | 79741 | 9 | 51 | 80
315 | Revision_315/vstring.c | U | 67 | 74 | 7 | 79742 | 9 | 52 | 80
315 | Revision_315/c.c | U | 518 | 525 | 6 | 79743 | 10 | 53 | 80
315 | Revision_315/c.c | U | 528 | 535 | 6 | 79744 | 10 | 54 | 80
315 | Revision_315/c.c | U | 637 | 653 | 17 | 79745 | 11 | 55 | 72
315 | Revision_315/c.c | U | 1096 | 1114 | 17 | 79746 | 11 | 60 | 72
315 | Revision_315/fortran.c | U | 1073 | 1093 | 17 | 79747 | 11 | 58 | 72
315 | Revision_315/c.c | U | 1173 | 1187 | 17 | 79748 | 11 | 56 | 72
315 | Revision_315/c.c | U | 656 | 672 | 17 | 79749 | 11 | 57 | 72
315 | Revision_315/fortran.c | U | 1096 | 1111 | 17 | 79750 | 11 | 375 | 72
315 | Revision_315/fortran.c | U | 1832 | 1848 | 17 | 79751 | 11 | 59 | 72
315 | Revision_315/fortran.c | U | 1749 | 1777 | 17 | 79752 | 11 | 366 | 72
315 | Revision_315/c.c | U | 2387 | 2406 | 17 | 79753 | 11 | 61 | 72
315 | Revision_315/c.c | U | 659 | 670 | 17 | 79754 | 11 | 63 | 72
315 | Revision_315/fortran.c | U | 1076 | 1091 | 17 | 79755 | 11 | 58 | 72
315 | Revision_315/c.c | U | 1099 | 1112 | 17 | 79756 | 11 | 57 | 72
315 | Revision_315/fortran.c | U | 1549 | 1586 | 17 | 79757 | 11 | 367 | 72
315 | Revision_315/eiffel.c | U | 905 | 947 | 17 | 79758 | 11 | 248 | 72
315 | Revision_315/c.c | U | 2389 | 2403 | 17 | 79759 | 11 | 64 | 72
315 | Revision_315/fortran.c | U | 1835 | 1846 | 17 | 79760 | 11 | 65 | 72
315 | Revision_315/c.c | U | 640 | 651 | 17 | 79761 | 11 | 71 | 72
315 | Revision_315/c.c | U | 689 | 709 | 20 | 79762 | 12 | 72 | 72
315 | Revision_315/c.c | U | 806 | 814 | 20 | 79763 | 12 | 73 | 72
315 | Revision_315/fortran.c | U | 1263 | 1273 | 20 | 79764 | 12 | 337 | 72
315 | Revision_315/c.c | U | 719 | 725 | 8 | 79765 | 13 | 74 | 71
315 | Revision_315/options.c | U | 466 | 473 | 8 | 79766 | 13 | 75 | 71
315 | Revision_315/c.c | U | 748 | 752 | 5 | 79767 | 14 | 76 | 75
315 | Revision_315/c.c | U | 1976 | 1980 | 5 | 79768 | 14 | 80 | 75
315 | Revision_315/fortran.c | U | 1875 | 1879 | 5 | 79769 | 14 | 79 | 75
315 | Revision_315/eiffel.c | U | 673 | 677 | 5 | 79770 | 14 | 249 | 75
315 | Revision_315/sql.c | U | 475 | 479 | 5 | 79771 | 14 | 297 | 75
315 | Revision_315/readtags.c | U | 147 | 151 | 5 | 79772 | 14 | 87 | 75
315 | Revision_315/c.c | U | 2439 | 2443 | 5 | 79773 | 14 | 86 | 75
315 | Revision_315/fortran.c | U | 1304 | 1308 | 5 | 79774 | 14 | 85 | 75
315 | Revision_315/eiffel.c | U | 1014 | 1018 | 5 | 79775 | 14 | 269 | 75
315 | Revision_315/eiffel.c | U | 963 | 967 | 5 | 79776 | 14 | 269 | 75
315 | Revision_315/eiffel.c | U | 874 | 878 | 5 | 79777 | 14 | 269 | 75
315 | Revision_315/sql.c | U | 414 | 418 | 5 | 79778 | 14 | 298 | 75
315 | Revision_315/sql.c | U | 544 | 548 | 5 | 79779 | 14 | 299 | 75
315 | Revision_315/eiffel.c | U | 660 | 664 | 5 | 79780 | 14 | 250 | 75
315 | Revision_315/sql.c | U | 327 | 331 | 5 | 79781 | 14 | 300 | 75
315 | Revision_315/c.c | U | 1664 | 1668 | 5 | 79782 | 14 | 121 | 75
315 | Revision_315/vstring.c | U | 35 | 40 | 5 | 79783 | 14 | 98 | 75
315 | Revision_315/c.c | U | 1673 | 1677 | 5 | 79784 | 14 | 331 | 75
315 | Revision_315/c.c | U | 2042 | 2049 | 5 | 79785 | 14 | 244 | 75
315 | Revision_315/fortran.c | U | 1685 | 1689 | 5 | 79786 | 14 | 373 | 75
315 | Revision_315/eiffel.c | U | 848 | 853 | 5 | 79787 | 14 | 151 | 75
315 | Revision_315/ruby.c | U | 136 | 140 | 5 | 79788 | 14 | 19 | 75
315 | Revision_315/fortran.c | U | 592 | 596 | 5 | 79789 | 14 | 95 | 75
315 | Revision_315/eiffel.c | U | 1033 | 1037 | 5 | 79790 | 14 | 151 | 75
315 | Revision_315/fortran.c | U | 1172 | 1176 | 5 | 79791 | 14 | 85 | 75
315 | Revision_315/c.c | U | 2504 | 2509 | 5 | 79792 | 14 | 94 | 75
315 | Revision_315/fortran.c | U | 1301 | 1309 | 5 | 79793 | 14 | 84 | 75
315 | Revision_315/fortran.c | U | 1513 | 1518 | 5 | 79794 | 14 | 79 | 75
315 | Revision_315/readtags.c | U | 458 | 462 | 5 | 79795 | 14 | 90 | 75
315 | Revision_315/options.c | U | 1005 | 1009 | 5 | 79796 | 14 | 89 | 75
315 | Revision_315/keyword.c | U | 185 | 189 | 5 | 79797 | 14 | 91 | 75
315 | Revision_315/strlist.c | U | 134 | 138 | 5 | 79798 | 14 | 126 | 75
315 | Revision_315/c.c | U | 2023 | 2027 | 5 | 79799 | 14 | 125 | 75
315 | Revision_315/fortran.c | U | 1506 | 1511 | 5 | 79800 | 14 | 79 | 75
315 | Revision_315/options.c | U | 1642 | 1646 | 5 | 79801 | 14 | 333 | 75
315 | Revision_315/eiffel.c | U | 1069 | 1078 | 5 | 79802 | 14 | 101 | 75
315 | Revision_315/fortran.c | U | 965 | 969 | 5 | 79803 | 14 | 128 | 75
315 | Revision_315/options.c | U | 668 | 672 | 5 | 79804 | 14 | 127 | 75
315 | Revision_315/options.c | U | 1181 | 1185 | 5 | 79805 | 14 | 129 | 75
315 | Revision_315/c.c | U | 758 | 778 | 43 | 79806 | 15 | 103 | 86
315 | Revision_315/c.c | U | 884 | 903 | 43 | 79807 | 15 | 103 | 86
315 | Revision_315/c.c | U | 781 | 800 | 43 | 79808 | 15 | 332 | 86
315 | Revision_315/c.c | U | 818 | 837 | 43 | 79809 | 15 | 316 | 86
315 | Revision_315/c.c | U | 803 | 816 | 24 | 79810 | 16 | 73 | 77
315 | Revision_315/fortran.c | U | 1260 | 1275 | 24 | 79811 | 16 | 337 | 77
315 | Revision_315/c.c | U | 840 | 851 | 12 | 79812 | 17 | 317 | 90
315 | Revision_315/c.c | U | 854 | 865 | 12 | 79813 | 17 | 318 | 90
315 | Revision_315/c.c | U | 1297 | 1304 | 7 | 79814 | 18 | 108 | 80
315 | Revision_315/c.c | U | 1306 | 1313 | 7 | 79815 | 18 | 109 | 80
315 | Revision_315/c.c | U | 1327 | 1334 | 7 | 79816 | 19 | 110 | 83
315 | Revision_315/c.c | U | 1337 | 1344 | 7 | 79817 | 19 | 111 | 83
315 | Revision_315/fortran.c | U | 625 | 631 | 7 | 79818 | 19 | 112 | 83
315 | Revision_315/c.c | U | 1393 | 1402 | 9 | 79819 | 20 | 294 | 71
315 | Revision_315/eiffel.c | U | 556 | 564 | 9 | 79820 | 20 | 295 | 71
315 | Revision_315/c.c | U | 1396 | 1400 | 5 | 79821 | 21 | 294 | 75
315 | Revision_315/readtags.c | U | 506 | 510 | 5 | 79822 | 21 | 90 | 75
315 | Revision_315/readtags.c | U | 683 | 687 | 5 | 79823 | 21 | 99 | 75
315 | Revision_315/c.c | U | 1717 | 1721 | 5 | 79824 | 22 | 118 | 75
315 | Revision_315/eiffel.c | U | 419 | 423 | 5 | 79825 | 22 | 119 | 75
315 | Revision_315/fortran.c | U | 792 | 796 | 5 | 79826 | 22 | 120 | 75
315 | Revision_315/c.c | U | 1864 | 1868 | 5 | 79827 | 23 | 121 | 75
315 | Revision_315/get.c | U | 588 | 592 | 5 | 79828 | 23 | 122 | 75
315 | Revision_315/c.c | U | 2004 | 2011 | 9 | 79829 | 24 | 28 | 71
315 | Revision_315/eiffel.c | U | 1066 | 1079 | 9 | 79830 | 24 | 156 | 71
315 | Revision_315/c.c | U | 2460 | 2465 | 6 | 79831 | 25 | 94 | 80
315 | Revision_315/sql.c | U | 491 | 496 | 6 | 79832 | 25 | 301 | 80
315 | Revision_315/c.c | U | 2544 | 2553 | 9 | 79833 | 26 | 130 | 71
315 | Revision_315/fortran.c | U | 400 | 409 | 9 | 79834 | 26 | 132 | 71
315 | Revision_315/asm.c | U | 121 | 129 | 9 | 79835 | 26 | 288 | 71
315 | Revision_315/eiffel.c | U | 215 | 224 | 9 | 79836 | 26 | 131 | 71
315 | Revision_315/sql.c | U | 189 | 198 | 9 | 79837 | 26 | 302 | 71
315 | Revision_315/eiffel.c | U | 287 | 301 | 9 | 79838 | 27 | 133 | 71
315 | Revision_315/beta.c | U | 71 | 82 | 9 | 79839 | 27 | 134 | 71
315 | Revision_315/sql.c | U | 222 | 234 | 9 | 79840 | 27 | 303 | 71
315 | Revision_315/sml.c | U | 73 | 79 | 9 | 79841 | 27 | 324 | 71
315 | Revision_315/parse.c | U | 46 | 57 | 9 | 79842 | 27 | 135 | 71
315 | Revision_315/sql.c | U | 224 | 233 | 9 | 79843 | 27 | 303 | 71
315 | Revision_315/eiffel.c | U | 289 | 299 | 9 | 79844 | 27 | 136 | 71
315 | Revision_315/eiffel.c | U | 367 | 376 | 8 | 79845 | 28 | 304 | 100
315 | Revision_315/sql.c | U | 241 | 248 | 8 | 79846 | 28 | 305 | 100
315 | Revision_315/eiffel.c | U | 382 | 407 | 23 | 79847 | 29 | 139 | 75
315 | Revision_315/fortran.c | U | 750 | 780 | 23 | 79848 | 29 | 140 | 75
315 | Revision_315/eiffel.c | U | 410 | 435 | 20 | 79849 | 30 | 141 | 94
315 | Revision_315/fortran.c | U | 783 | 808 | 20 | 79850 | 30 | 142 | 94
315 | Revision_315/eiffel.c | U | 547 | 551 | 5 | 79851 | 31 | 143 | 75
315 | Revision_315/fortran.c | U | 772 | 776 | 5 | 79852 | 31 | 144 | 75
315 | Revision_315/fortran.c | U | 944 | 948 | 5 | 79853 | 31 | 145 | 75
315 | Revision_315/eiffel.c | U | 572 | 584 | 11 | 79854 | 32 | 114 | 88
315 | Revision_315/sql.c | U | 270 | 281 | 11 | 79855 | 32 | 306 | 88
315 | Revision_315/eiffel.c | U | 587 | 599 | 11 | 79856 | 32 | 117 | 88
315 | Revision_315/fortran.c | U | 835 | 846 | 11 | 79857 | 32 | 116 | 88
315 | Revision_315/eiffel.c | U | 602 | 612 | 9 | 79858 | 33 | 146 | 87
315 | Revision_315/fortran.c | U | 853 | 863 | 9 | 79859 | 33 | 147 | 87
315 | Revision_315/asm.c | U | 132 | 141 | 9 | 79860 | 33 | 270 | 87
315 | Revision_315/eiffel.c | U | 720 | 727 | 8 | 79861 | 34 | 148 | 100
315 | Revision_315/fortran.c | U | 990 | 997 | 8 | 79862 | 34 | 149 | 100
315 | Revision_315/eiffel.c | U | 771 | 818 | 13 | 79863 | 35 | 349 | 72
315 | Revision_315/fortran.c | U | 1059 | 1070 | 13 | 79864 | 35 | 350 | 72
315 | Revision_315/eiffel.c | U | 836 | 854 | 13 | 79865 | 36 | 251 | 72
315 | Revision_315/eiffel.c | U | 858 | 880 | 13 | 79866 | 36 | 252 | 72
315 | Revision_315/fortran.c | U | 1341 | 1354 | 13 | 79867 | 36 | 336 | 72
315 | Revision_315/eiffel.c | U | 1008 | 1021 | 13 | 79868 | 36 | 253 | 72
315 | Revision_315/fortran.c | U | 1595 | 1603 | 13 | 79869 | 36 | 337 | 72
315 | Revision_315/eiffel.c | U | 1113 | 1137 | 22 | 79870 | 37 | 307 | 70
315 | Revision_315/sql.c | U | 445 | 470 | 22 | 79871 | 37 | 308 | 70
315 | Revision_315/eiffel.c | U | 1191 | 1197 | 6 | 79872 | 38 | 362 | 80
315 | Revision_315/fortran.c | U | 442 | 447 | 6 | 79873 | 38 | 363 | 80
315 | Revision_315/verilog.c | U | 147 | 153 | 7 | 79874 | 39 | 284 | 83
315 | Revision_315/lua.c | U | 81 | 88 | 7 | 79875 | 39 | 285 | 83
315 | Revision_315/vim.c | U | 56 | 60 | 5 | 79876 | 40 | 290 | 100
315 | Revision_315/vim.c | U | 62 | 66 | 5 | 79877 | 40 | 291 | 100
315 | Revision_315/python.c | U | 105 | 109 | 5 | 79878 | 41 | 278 | 75
315 | Revision_315/erlang.c | U | 58 | 62 | 5 | 79879 | 41 | 341 | 75
315 | Revision_315/sml.c | U | 82 | 86 | 5 | 79880 | 41 | 325 | 75
315 | Revision_315/options.c | U | 926 | 931 | 5 | 79881 | 41 | 280 | 75
315 | Revision_315/python.c | U | 113 | 122 | 9 | 79882 | 42 | 292 | 75
315 | Revision_315/erlang.c | U | 66 | 75 | 9 | 79883 | 42 | 342 | 75
315 | Revision_315/tcl.c | U | 44 | 54 | 9 | 79884 | 42 | 293 | 75
315 | Revision_315/python.c | U | 145 | 150 | 6 | 79885 | 43 | 343 | 71
315 | Revision_315/erlang.c | U | 116 | 121 | 6 | 79886 | 43 | 346 | 71
315 | Revision_315/erlang.c | U | 108 | 113 | 6 | 79887 | 43 | 344 | 71
315 | Revision_315/erlang.c | U | 97 | 105 | 6 | 79888 | 43 | 344 | 71
315 | Revision_315/main.c | U | 358 | 365 | 6 | 79889 | 43 | 377 | 71
315 | Revision_315/main.c | U | 277 | 283 | 6 | 79890 | 43 | 376 | 71
315 | Revision_315/python.c | U | 172 | 181 | 9 | 79891 | 44 | 326 | 85
315 | Revision_315/sml.c | U | 162 | 171 | 9 | 79892 | 44 | 327 | 85
315 | Revision_315/python.c | U | 201 | 206 | 6 | 79893 | 45 | 328 | 80
315 | Revision_315/sml.c | U | 180 | 185 | 6 | 79894 | 45 | 329 | 80
315 | Revision_315/perl.c | U | 56 | 60 | 5 | 79895 | 46 | 163 | 75
315 | Revision_315/pascal.c | U | 133 | 137 | 5 | 79896 | 46 | 164 | 75
315 | Revision_315/sort.c | U | 123 | 128 | 5 | 79897 | 47 | 281 | 100
315 | Revision_315/sort.c | U | 131 | 136 | 5 | 79898 | 47 | 282 | 100
315 | Revision_315/strlist.c | U | 32 | 38 | 8 | 79899 | 48 | 165 | 71
315 | Revision_315/vstring.c | U | 77 | 87 | 8 | 79900 | 48 | 166 | 71
315 | Revision_315/strlist.c | U | 147 | 154 | 8 | 79901 | 49 | 167 | 85
315 | Revision_315/strlist.c | U | 169 | 176 | 8 | 79902 | 49 | 168 | 85
315 | Revision_315/strlist.c | U | 158 | 165 | 8 | 79903 | 49 | 169 | 85
315 | Revision_315/pascal.c | U | 149 | 153 | 6 | 79904 | 50 | 319 | 75
315 | Revision_315/pascal.c | U | 183 | 189 | 6 | 79905 | 50 | 171 | 75
315 | Revision_315/pascal.c | U | 175 | 181 | 6 | 79906 | 50 | 170 | 75
315 | Revision_315/get.c | U | 297 | 309 | 10 | 79907 | 51 | 174 | 70
315 | Revision_315/read.c | U | 214 | 225 | 10 | 79908 | 51 | 176 | 70
315 | Revision_315/parse.c | U | 557 | 571 | 10 | 79909 | 51 | 175 | 70
315 | Revision_315/get.c | U | 461 | 472 | 10 | 79910 | 52 | 177 | 100
315 | Revision_315/get.c | U | 478 | 489 | 10 | 79911 | 52 | 178 | 100
315 | Revision_315/get.c | U | 535 | 540 | 6 | 79912 | 53 | 180 | 80
315 | Revision_315/read.c | U | 415 | 419 | 6 | 79913 | 53 | 181 | 80
315 | Revision_315/main.c | U | 179 | 192 | 6 | 79914 | 54 | 354 | 80
315 | Revision_315/options.c | U | 393 | 398 | 6 | 79915 | 54 | 355 | 80
315 | Revision_315/routines.c | U | 224 | 231 | 6 | 79916 | 55 | 254 | 80
315 | Revision_315/routines.c | U | 234 | 241 | 6 | 79917 | 55 | 255 | 80
315 | Revision_315/routines.c | U | 275 | 282 | 8 | 79918 | 56 | 256 | 83
315 | Revision_315/readtags.c | U | 119 | 126 | 8 | 79919 | 56 | 123 | 83
315 | Revision_315/routines.c | U | 285 | 292 | 8 | 79920 | 56 | 257 | 83
315 | Revision_315/readtags.c | U | 109 | 116 | 8 | 79921 | 56 | 238 | 83
315 | Revision_315/routines.c | U | 309 | 313 | 5 | 79922 | 57 | 258 | 75
315 | Revision_315/vstring.c | U | 125 | 129 | 5 | 79923 | 57 | 188 | 75
315 | Revision_315/vstring.c | U | 118 | 122 | 5 | 79924 | 57 | 189 | 75
315 | Revision_315/routines.c | U | 316 | 322 | 6 | 79925 | 58 | 259 | 100
315 | Revision_315/routines.c | U | 325 | 331 | 6 | 79926 | 58 | 260 | 100
315 | Revision_315/routines.c | U | 336 | 343 | 8 | 79927 | 59 | 261 | 100
315 | Revision_315/routines.c | U | 348 | 355 | 8 | 79928 | 59 | 262 | 100
315 | Revision_315/routines.c | U | 472 | 485 | 5 | 79929 | 60 | 267 | 75
315 | Revision_315/routines.c | U | 546 | 569 | 5 | 79930 | 60 | 268 | 75
315 | Revision_315/sh.c | U | 53 | 95 | 35 | 79931 | 61 | 338 | 70
315 | Revision_315/php.c | U | 42 | 92 | 35 | 79932 | 61 | 339 | 70
315 | Revision_315/beta.c | U | 136 | 143 | 6 | 79933 | 62 | 201 | 75
315 | Revision_315/beta.c | U | 207 | 215 | 6 | 79934 | 62 | 202 | 75
315 | Revision_315/beta.c | U | 154 | 158 | 5 | 79935 | 63 | 203 | 75
315 | Revision_315/beta.c | U | 160 | 164 | 5 | 79936 | 63 | 204 | 75
315 | Revision_315/beta.c | U | 280 | 284 | 5 | 79937 | 63 | 205 | 75
315 | Revision_315/beta.c | U | 167 | 171 | 5 | 79938 | 63 | 206 | 75
315 | Revision_315/beta.c | U | 274 | 278 | 5 | 79939 | 63 | 207 | 75
315 | Revision_315/sql.c | U | 388 | 394 | 6 | 79940 | 64 | 310 | 75
315 | Revision_315/sql.c | U | 559 | 565 | 6 | 79941 | 64 | 311 | 75
315 | Revision_315/fortran.c | U | 1038 | 1042 | 6 | 79942 | 64 | 312 | 75
315 | Revision_315/sql.c | U | 429 | 437 | 8 | 79943 | 65 | 313 | 71
315 | Revision_315/fortran.c | U | 1719 | 1725 | 8 | 79944 | 65 | 314 | 71
315 | Revision_315/parse.c | U | 98 | 108 | 11 | 79945 | 66 | 208 | 88
315 | Revision_315/parse.c | U | 111 | 122 | 11 | 79946 | 66 | 209 | 88
315 | Revision_315/parse.c | U | 272 | 276 | 5 | 79947 | 67 | 356 | 75
315 | Revision_315/parse.c | U | 546 | 550 | 5 | 79948 | 67 | 357 | 75
315 | Revision_315/parse.c | U | 527 | 531 | 5 | 79949 | 67 | 358 | 75
315 | Revision_315/readtags.c | U | 545 | 551 | 6 | 79950 | 68 | 239 | 100
315 | Revision_315/readtags.c | U | 553 | 559 | 6 | 79951 | 68 | 240 | 100
315 | Revision_315/readtags.c | U | 588 | 592 | 6 | 79952 | 69 | 123 | 75
315 | Revision_315/readtags.c | U | 643 | 649 | 6 | 79953 | 69 | 124 | 75
315 | Revision_315/readtags.c | U | 720 | 728 | 8 | 79954 | 70 | 210 | 83
315 | Revision_315/readtags.c | U | 775 | 783 | 8 | 79955 | 70 | 211 | 83
315 | Revision_315/readtags.c | U | 731 | 739 | 8 | 79956 | 70 | 212 | 83
315 | Revision_315/readtags.c | U | 742 | 747 | 6 | 79957 | 71 | 241 | 80
315 | Revision_315/readtags.c | U | 759 | 764 | 6 | 79958 | 71 | 242 | 80
315 | Revision_315/readtags.c | U | 767 | 772 | 6 | 79959 | 71 | 287 | 80
315 | Revision_315/fortran.c | U | 1232 | 1253 | 23 | 79960 | 72 | 369 | 72
315 | Revision_315/fortran.c | U | 1752 | 1775 | 23 | 79961 | 72 | 366 | 72
315 | Revision_315/fortran.c | U | 1286 | 1292 | 7 | 79962 | 73 | 85 | 83
315 | Revision_315/fortran.c | U | 1345 | 1351 | 7 | 79963 | 73 | 84 | 83
315 | Revision_315/fortran.c | U | 1412 | 1420 | 10 | 79964 | 74 | 314 | 77
315 | Revision_315/fortran.c | U | 1451 | 1460 | 10 | 79965 | 74 | 59 | 77
315 | Revision_315/fortran.c | U | 1498 | 1504 | 8 | 79966 | 75 | 65 | 71
315 | Revision_315/fortran.c | U | 1674 | 1683 | 8 | 79967 | 75 | 221 | 71
315 | Revision_315/fortran.c | U | 1692 | 1707 | 20 | 79968 | 76 | 21 | 84
315 | Revision_315/fortran.c | U | 1907 | 1923 | 20 | 79969 | 76 | 374 | 84
315 | Revision_315/fortran.c | U | 1871 | 1890 | 17 | 79970 | 77 | 220 | 75
315 | Revision_315/fortran.c | U | 1942 | 1959 | 17 | 79971 | 77 | 221 | 75
315 | Revision_315/fortran.c | U | 2014 | 2035 | 17 | 79972 | 77 | 372 | 75
315 | Revision_315/asm.c | U | 245 | 258 | 11 | 79973 | 78 | 289 | 77
315 | Revision_315/asm.c | U | 263 | 273 | 11 | 79974 | 78 | 279 | 77
315 | Revision_315/scheme.c | U | 70 | 78 | 8 | 79975 | 79 | 222 | 71
315 | Revision_315/scheme.c | U | 85 | 93 | 8 | 79976 | 79 | 223 | 71
315 | Revision_315/options.c | U | 365 | 371 | 6 | 79977 | 80 | 224 | 100
315 | Revision_315/options.c | U | 374 | 380 | 6 | 79978 | 80 | 225 | 100
315 | Revision_315/options.c | U | 537 | 543 | 7 | 79979 | 81 | 226 | 100
315 | Revision_315/options.c | U | 546 | 552 | 7 | 79980 | 81 | 227 | 100
315 | Revision_315/options.c | U | 555 | 561 | 7 | 79981 | 81 | 228 | 100
315 | Revision_315/options.c | U | 564 | 570 | 7 | 79982 | 81 | 229 | 100
315 | Revision_315/options.c | U | 945 | 949 | 5 | 79983 | 82 | 230 | 75
315 | Revision_315/options.c | U | 971 | 975 | 5 | 79984 | 82 | 231 | 75
315 | Revision_315/options.c | U | 1065 | 1069 | 5 | 79985 | 83 | 232 | 100
315 | Revision_315/options.c | U | 1071 | 1075 | 5 | 79986 | 83 | 233 | 100
315 | Revision_315/options.c | U | 1116 | 1128 | 12 | 79987 | 84 | 360 | 100
315 | Revision_315/options.c | U | 1132 | 1144 | 12 | 79988 | 84 | 235 | 100
315 | Revision_315/options.c | U | 1384 | 1401 | 15 | 79989 | 85 | 236 | 91
315 | Revision_315/options.c | U | 1422 | 1439 | 15 | 79990 | 85 | 237 | 91
