Revision | filePath | changeType | StartLine | EndLine | Nlines | cloneId | classId | globalCloneId | Similarity
322 | Revision_322/lisp.c | U | 91 | 97 | 7 | 81893 | 1 | 1 | 83
322 | Revision_322/lisp.c | U | 112 | 118 | 7 | 81894 | 1 | 2 | 83
322 | Revision_322/lisp.c | U | 127 | 137 | 9 | 81895 | 2 | 3 | 70
322 | Revision_322/cobol.c | U | 40 | 48 | 9 | 81896 | 2 | 320 | 70
322 | Revision_322/sh.c | U | 98 | 108 | 9 | 81897 | 2 | 17 | 70
322 | Revision_322/beta.c | U | 313 | 321 | 9 | 81898 | 2 | 5 | 70
322 | Revision_322/erlang.c | U | 179 | 187 | 9 | 81899 | 2 | 340 | 70
322 | Revision_322/scheme.c | U | 99 | 109 | 9 | 81900 | 2 | 16 | 70
322 | Revision_322/vim.c | U | 168 | 176 | 9 | 81901 | 2 | 20 | 70
322 | Revision_322/tcl.c | U | 106 | 114 | 9 | 81902 | 2 | 18 | 70
322 | Revision_322/sml.c | U | 192 | 200 | 9 | 81903 | 2 | 321 | 70
322 | Revision_322/fortran.c | U | 2152 | 2167 | 9 | 81904 | 2 | 21 | 70
322 | Revision_322/php.c | U | 95 | 103 | 9 | 81905 | 2 | 22 | 70
322 | Revision_322/python.c | U | 213 | 221 | 9 | 81906 | 2 | 13 | 70
322 | Revision_322/sql.c | U | 608 | 617 | 9 | 81907 | 2 | 296 | 70
322 | Revision_322/eiffel.c | U | 1222 | 1231 | 9 | 81908 | 2 | 9 | 70
322 | Revision_322/c.c | U | 2586 | 2595 | 9 | 81909 | 2 | 12 | 70
322 | Revision_322/c.c | U | 2598 | 2613 | 9 | 81910 | 2 | 8 | 70
322 | Revision_322/c.c | U | 2616 | 2625 | 9 | 81911 | 2 | 15 | 70
322 | Revision_322/c.c | U | 2628 | 2637 | 9 | 81912 | 2 | 315 | 70
322 | Revision_322/c.c | U | 2640 | 2649 | 9 | 81913 | 2 | 330 | 70
322 | Revision_322/perl.c | U | 109 | 117 | 9 | 81914 | 2 | 7 | 70
322 | Revision_322/lua.c | U | 123 | 131 | 9 | 81915 | 2 | 243 | 70
322 | Revision_322/ruby.c | U | 167 | 175 | 9 | 81916 | 2 | 19 | 70
322 | Revision_322/awk.c | U | 71 | 79 | 9 | 81917 | 2 | 10 | 70
322 | Revision_322/pascal.c | U | 255 | 263 | 9 | 81918 | 2 | 14 | 70
322 | Revision_322/verilog.c | U | 160 | 168 | 9 | 81919 | 2 | 283 | 70
322 | Revision_322/asp.c | U | 181 | 189 | 9 | 81920 | 2 | 4 | 70
322 | Revision_322/keyword.c | U | 107 | 116 | 9 | 81921 | 2 | 27 | 70
322 | Revision_322/jscript.c | U | 31 | 38 | 9 | 81922 | 2 | 364 | 70
322 | Revision_322/slang.c | U | 34 | 41 | 9 | 81923 | 2 | 24 | 70
322 | Revision_322/yacc.c | U | 31 | 38 | 9 | 81924 | 2 | 23 | 70
322 | Revision_322/html.c | U | 40 | 47 | 9 | 81925 | 2 | 365 | 70
322 | Revision_322/rexx.c | U | 30 | 37 | 9 | 81926 | 2 | 26 | 70
322 | Revision_322/make.c | U | 91 | 101 | 9 | 81927 | 2 | 25 | 70
322 | Revision_322/asm.c | U | 368 | 387 | 9 | 81928 | 2 | 274 | 70
322 | Revision_322/options.c | U | 620 | 626 | 9 | 81929 | 2 | 29 | 70
322 | Revision_322/c.c | U | 2052 | 2057 | 9 | 81930 | 2 | 28 | 70
322 | Revision_322/sql.c | U | 201 | 209 | 9 | 81931 | 2 | 309 | 70
322 | Revision_322/fortran.c | U | 416 | 428 | 9 | 81932 | 2 | 158 | 70
322 | Revision_322/options.c | U | 527 | 532 | 9 | 81933 | 2 | 30 | 70
322 | Revision_322/c.c | U | 2081 | 2089 | 9 | 81934 | 2 | 31 | 70
322 | Revision_322/eiffel.c | U | 1176 | 1188 | 9 | 81935 | 2 | 157 | 70
322 | Revision_322/asp.c | U | 70 | 89 | 15 | 81936 | 3 | 33 | 100
322 | Revision_322/asp.c | U | 93 | 112 | 15 | 81937 | 3 | 34 | 100
322 | Revision_322/asp.c | U | 116 | 132 | 14 | 81938 | 4 | 35 | 72
322 | Revision_322/asp.c | U | 136 | 151 | 14 | 81939 | 4 | 36 | 72
322 | Revision_322/php.c | U | 75 | 88 | 14 | 81940 | 4 | 40 | 72
322 | Revision_322/asp.c | U | 155 | 170 | 14 | 81941 | 4 | 36 | 72
322 | Revision_322/vim.c | U | 121 | 135 | 14 | 81942 | 4 | 159 | 72
322 | Revision_322/ruby.c | U | 96 | 111 | 14 | 81943 | 4 | 42 | 72
322 | Revision_322/php.c | U | 55 | 72 | 14 | 81944 | 4 | 173 | 72
322 | Revision_322/ruby.c | U | 79 | 94 | 14 | 81945 | 4 | 42 | 72
322 | Revision_322/vim.c | U | 95 | 110 | 14 | 81946 | 4 | 334 | 72
322 | Revision_322/vim.c | U | 143 | 162 | 14 | 81947 | 4 | 160 | 72
322 | Revision_322/vim.c | U | 114 | 136 | 14 | 81948 | 4 | 160 | 72
322 | Revision_322/args.c | U | 85 | 92 | 8 | 81949 | 5 | 43 | 100
322 | Revision_322/args.c | U | 159 | 166 | 8 | 81950 | 5 | 44 | 100
322 | Revision_322/args.c | U | 144 | 148 | 5 | 81951 | 6 | 322 | 75
322 | Revision_322/sml.c | U | 174 | 178 | 5 | 81952 | 6 | 323 | 75
322 | Revision_322/readtags.c | U | 702 | 706 | 5 | 81953 | 6 | 212 | 75
322 | Revision_322/args.c | U | 181 | 189 | 9 | 81954 | 7 | 45 | 75
322 | Revision_322/args.c | U | 202 | 210 | 9 | 81955 | 7 | 46 | 75
322 | Revision_322/args.c | U | 192 | 199 | 9 | 81956 | 7 | 47 | 75
322 | Revision_322/args.c | U | 265 | 271 | 6 | 81957 | 8 | 48 | 80
322 | Revision_322/options.c | U | 573 | 578 | 6 | 81958 | 8 | 49 | 80
322 | Revision_322/fortran.c | U | 886 | 891 | 6 | 81959 | 8 | 50 | 80
322 | Revision_322/c.c | U | 509 | 515 | 7 | 81960 | 9 | 51 | 80
322 | Revision_322/vstring.c | U | 67 | 74 | 7 | 81961 | 9 | 52 | 80
322 | Revision_322/c.c | U | 518 | 525 | 6 | 81962 | 10 | 53 | 80
322 | Revision_322/c.c | U | 528 | 535 | 6 | 81963 | 10 | 54 | 80
322 | Revision_322/c.c | U | 637 | 653 | 17 | 81964 | 11 | 55 | 72
322 | Revision_322/c.c | U | 1096 | 1114 | 17 | 81965 | 11 | 60 | 72
322 | Revision_322/fortran.c | U | 1073 | 1093 | 17 | 81966 | 11 | 58 | 72
322 | Revision_322/c.c | U | 1173 | 1187 | 17 | 81967 | 11 | 56 | 72
322 | Revision_322/c.c | U | 656 | 672 | 17 | 81968 | 11 | 57 | 72
322 | Revision_322/fortran.c | U | 1096 | 1111 | 17 | 81969 | 11 | 375 | 72
322 | Revision_322/fortran.c | U | 1832 | 1848 | 17 | 81970 | 11 | 59 | 72
322 | Revision_322/fortran.c | U | 1749 | 1777 | 17 | 81971 | 11 | 366 | 72
322 | Revision_322/c.c | U | 2387 | 2406 | 17 | 81972 | 11 | 61 | 72
322 | Revision_322/c.c | U | 659 | 670 | 17 | 81973 | 11 | 63 | 72
322 | Revision_322/fortran.c | U | 1076 | 1091 | 17 | 81974 | 11 | 58 | 72
322 | Revision_322/c.c | U | 1099 | 1112 | 17 | 81975 | 11 | 57 | 72
322 | Revision_322/fortran.c | U | 1549 | 1586 | 17 | 81976 | 11 | 367 | 72
322 | Revision_322/eiffel.c | U | 905 | 947 | 17 | 81977 | 11 | 248 | 72
322 | Revision_322/c.c | U | 2389 | 2403 | 17 | 81978 | 11 | 64 | 72
322 | Revision_322/fortran.c | U | 1835 | 1846 | 17 | 81979 | 11 | 65 | 72
322 | Revision_322/c.c | U | 640 | 651 | 17 | 81980 | 11 | 71 | 72
322 | Revision_322/c.c | U | 689 | 709 | 20 | 81981 | 12 | 72 | 72
322 | Revision_322/c.c | U | 806 | 814 | 20 | 81982 | 12 | 73 | 72
322 | Revision_322/fortran.c | U | 1263 | 1273 | 20 | 81983 | 12 | 337 | 72
322 | Revision_322/c.c | U | 719 | 725 | 8 | 81984 | 13 | 74 | 71
322 | Revision_322/options.c | U | 466 | 473 | 8 | 81985 | 13 | 75 | 71
322 | Revision_322/c.c | U | 748 | 752 | 5 | 81986 | 14 | 76 | 75
322 | Revision_322/sql.c | U | 475 | 479 | 5 | 81987 | 14 | 297 | 75
322 | Revision_322/fortran.c | U | 1875 | 1879 | 5 | 81988 | 14 | 79 | 75
322 | Revision_322/eiffel.c | U | 673 | 677 | 5 | 81989 | 14 | 249 | 75
322 | Revision_322/c.c | U | 1976 | 1980 | 5 | 81990 | 14 | 80 | 75
322 | Revision_322/sql.c | U | 414 | 418 | 5 | 81991 | 14 | 298 | 75
322 | Revision_322/eiffel.c | U | 963 | 967 | 5 | 81992 | 14 | 269 | 75
322 | Revision_322/eiffel.c | U | 874 | 878 | 5 | 81993 | 14 | 269 | 75
322 | Revision_322/eiffel.c | U | 1014 | 1018 | 5 | 81994 | 14 | 269 | 75
322 | Revision_322/sql.c | U | 544 | 548 | 5 | 81995 | 14 | 299 | 75
322 | Revision_322/c.c | U | 2439 | 2443 | 5 | 81996 | 14 | 86 | 75
322 | Revision_322/fortran.c | U | 1304 | 1308 | 5 | 81997 | 14 | 85 | 75
322 | Revision_322/eiffel.c | U | 660 | 664 | 5 | 81998 | 14 | 250 | 75
322 | Revision_322/sql.c | U | 327 | 331 | 5 | 81999 | 14 | 300 | 75
322 | Revision_322/readtags.c | U | 147 | 151 | 5 | 82000 | 14 | 87 | 75
322 | Revision_322/readtags.c | U | 458 | 462 | 5 | 82001 | 14 | 90 | 75
322 | Revision_322/keyword.c | U | 185 | 189 | 5 | 82002 | 14 | 91 | 75
322 | Revision_322/options.c | U | 1005 | 1009 | 5 | 82003 | 14 | 89 | 75
322 | Revision_322/c.c | U | 2504 | 2509 | 5 | 82004 | 14 | 94 | 75
322 | Revision_322/fortran.c | U | 1301 | 1309 | 5 | 82005 | 14 | 84 | 75
322 | Revision_322/fortran.c | U | 1513 | 1518 | 5 | 82006 | 14 | 79 | 75
322 | Revision_322/fortran.c | U | 1172 | 1176 | 5 | 82007 | 14 | 85 | 75
322 | Revision_322/eiffel.c | U | 1033 | 1037 | 5 | 82008 | 14 | 151 | 75
322 | Revision_322/fortran.c | U | 592 | 596 | 5 | 82009 | 14 | 95 | 75
322 | Revision_322/ruby.c | U | 136 | 140 | 5 | 82010 | 14 | 19 | 75
322 | Revision_322/eiffel.c | U | 848 | 853 | 5 | 82011 | 14 | 151 | 75
322 | Revision_322/c.c | U | 2023 | 2027 | 5 | 82012 | 14 | 125 | 75
322 | Revision_322/strlist.c | U | 134 | 138 | 5 | 82013 | 14 | 126 | 75
322 | Revision_322/c.c | U | 1673 | 1677 | 5 | 82014 | 14 | 121 | 75
322 | Revision_322/c.c | U | 1664 | 1668 | 5 | 82015 | 14 | 331 | 75
322 | Revision_322/vstring.c | U | 35 | 40 | 5 | 82016 | 14 | 98 | 75
322 | Revision_322/fortran.c | U | 1685 | 1689 | 5 | 82017 | 14 | 373 | 75
322 | Revision_322/c.c | U | 2042 | 2049 | 5 | 82018 | 14 | 244 | 75
322 | Revision_322/eiffel.c | U | 1069 | 1078 | 5 | 82019 | 14 | 101 | 75
322 | Revision_322/options.c | U | 1641 | 1645 | 5 | 82020 | 14 | 333 | 75
322 | Revision_322/options.c | U | 668 | 672 | 5 | 82021 | 14 | 127 | 75
322 | Revision_322/fortran.c | U | 965 | 969 | 5 | 82022 | 14 | 128 | 75
322 | Revision_322/fortran.c | U | 1506 | 1511 | 5 | 82023 | 14 | 79 | 75
322 | Revision_322/options.c | U | 1181 | 1185 | 5 | 82024 | 14 | 129 | 75
322 | Revision_322/c.c | U | 758 | 778 | 43 | 82025 | 15 | 103 | 86
322 | Revision_322/c.c | U | 884 | 903 | 43 | 82026 | 15 | 103 | 86
322 | Revision_322/c.c | U | 781 | 800 | 43 | 82027 | 15 | 332 | 86
322 | Revision_322/c.c | U | 818 | 837 | 43 | 82028 | 15 | 316 | 86
322 | Revision_322/c.c | U | 803 | 816 | 24 | 82029 | 16 | 73 | 77
322 | Revision_322/fortran.c | U | 1260 | 1275 | 24 | 82030 | 16 | 337 | 77
322 | Revision_322/c.c | U | 840 | 851 | 12 | 82031 | 17 | 317 | 90
322 | Revision_322/c.c | U | 854 | 865 | 12 | 82032 | 17 | 318 | 90
322 | Revision_322/c.c | U | 1297 | 1304 | 7 | 82033 | 18 | 108 | 80
322 | Revision_322/c.c | U | 1306 | 1313 | 7 | 82034 | 18 | 109 | 80
322 | Revision_322/c.c | U | 1327 | 1334 | 7 | 82035 | 19 | 110 | 83
322 | Revision_322/c.c | U | 1337 | 1344 | 7 | 82036 | 19 | 111 | 83
322 | Revision_322/fortran.c | U | 625 | 631 | 7 | 82037 | 19 | 112 | 83
322 | Revision_322/c.c | U | 1393 | 1402 | 9 | 82038 | 20 | 294 | 71
322 | Revision_322/eiffel.c | U | 556 | 564 | 9 | 82039 | 20 | 295 | 71
322 | Revision_322/c.c | U | 1396 | 1400 | 5 | 82040 | 21 | 294 | 75
322 | Revision_322/readtags.c | U | 506 | 510 | 5 | 82041 | 21 | 90 | 75
322 | Revision_322/readtags.c | U | 683 | 687 | 5 | 82042 | 21 | 99 | 75
322 | Revision_322/c.c | U | 1717 | 1721 | 5 | 82043 | 22 | 118 | 75
322 | Revision_322/fortran.c | U | 792 | 796 | 5 | 82044 | 22 | 120 | 75
322 | Revision_322/eiffel.c | U | 419 | 423 | 5 | 82045 | 22 | 119 | 75
322 | Revision_322/c.c | U | 1864 | 1868 | 5 | 82046 | 23 | 121 | 75
322 | Revision_322/get.c | U | 588 | 592 | 5 | 82047 | 23 | 122 | 75
322 | Revision_322/c.c | U | 2004 | 2011 | 9 | 82048 | 24 | 28 | 71
322 | Revision_322/eiffel.c | U | 1066 | 1079 | 9 | 82049 | 24 | 156 | 71
322 | Revision_322/c.c | U | 2460 | 2465 | 6 | 82050 | 25 | 94 | 80
322 | Revision_322/sql.c | U | 491 | 496 | 6 | 82051 | 25 | 301 | 80
322 | Revision_322/c.c | U | 2544 | 2553 | 9 | 82052 | 26 | 130 | 71
322 | Revision_322/asm.c | U | 121 | 129 | 9 | 82053 | 26 | 288 | 71
322 | Revision_322/fortran.c | U | 400 | 409 | 9 | 82054 | 26 | 132 | 71
322 | Revision_322/eiffel.c | U | 215 | 224 | 9 | 82055 | 26 | 131 | 71
322 | Revision_322/sql.c | U | 189 | 198 | 9 | 82056 | 26 | 302 | 71
322 | Revision_322/eiffel.c | U | 287 | 301 | 9 | 82057 | 27 | 133 | 71
322 | Revision_322/sql.c | U | 222 | 234 | 9 | 82058 | 27 | 303 | 71
322 | Revision_322/beta.c | U | 71 | 82 | 9 | 82059 | 27 | 134 | 71
322 | Revision_322/sml.c | U | 73 | 79 | 9 | 82060 | 27 | 324 | 71
322 | Revision_322/parse.c | U | 46 | 57 | 9 | 82061 | 27 | 135 | 71
322 | Revision_322/sql.c | U | 224 | 233 | 9 | 82062 | 27 | 303 | 71
322 | Revision_322/eiffel.c | U | 289 | 299 | 9 | 82063 | 27 | 136 | 71
322 | Revision_322/eiffel.c | U | 367 | 376 | 8 | 82064 | 28 | 304 | 100
322 | Revision_322/sql.c | U | 241 | 248 | 8 | 82065 | 28 | 305 | 100
322 | Revision_322/eiffel.c | U | 382 | 407 | 23 | 82066 | 29 | 139 | 75
322 | Revision_322/fortran.c | U | 750 | 780 | 23 | 82067 | 29 | 140 | 75
322 | Revision_322/eiffel.c | U | 410 | 435 | 20 | 82068 | 30 | 141 | 94
322 | Revision_322/fortran.c | U | 783 | 808 | 20 | 82069 | 30 | 142 | 94
322 | Revision_322/eiffel.c | U | 547 | 551 | 5 | 82070 | 31 | 143 | 75
322 | Revision_322/fortran.c | U | 772 | 776 | 5 | 82071 | 31 | 144 | 75
322 | Revision_322/fortran.c | U | 944 | 948 | 5 | 82072 | 31 | 145 | 75
322 | Revision_322/eiffel.c | U | 572 | 584 | 11 | 82073 | 32 | 114 | 88
322 | Revision_322/eiffel.c | U | 587 | 599 | 11 | 82074 | 32 | 117 | 88
322 | Revision_322/sql.c | U | 270 | 281 | 11 | 82075 | 32 | 306 | 88
322 | Revision_322/fortran.c | U | 835 | 846 | 11 | 82076 | 32 | 116 | 88
322 | Revision_322/eiffel.c | U | 602 | 612 | 9 | 82077 | 33 | 146 | 87
322 | Revision_322/fortran.c | U | 853 | 863 | 9 | 82078 | 33 | 147 | 87
322 | Revision_322/asm.c | U | 132 | 141 | 9 | 82079 | 33 | 270 | 87
322 | Revision_322/eiffel.c | U | 720 | 727 | 8 | 82080 | 34 | 148 | 100
322 | Revision_322/fortran.c | U | 990 | 997 | 8 | 82081 | 34 | 149 | 100
322 | Revision_322/eiffel.c | U | 771 | 818 | 13 | 82082 | 35 | 349 | 72
322 | Revision_322/fortran.c | U | 1059 | 1070 | 13 | 82083 | 35 | 350 | 72
322 | Revision_322/eiffel.c | U | 836 | 854 | 13 | 82084 | 36 | 251 | 72
322 | Revision_322/eiffel.c | U | 858 | 880 | 13 | 82085 | 36 | 252 | 72
322 | Revision_322/fortran.c | U | 1341 | 1354 | 13 | 82086 | 36 | 336 | 72
322 | Revision_322/eiffel.c | U | 1008 | 1021 | 13 | 82087 | 36 | 253 | 72
322 | Revision_322/fortran.c | U | 1595 | 1603 | 13 | 82088 | 36 | 337 | 72
322 | Revision_322/eiffel.c | U | 1113 | 1137 | 22 | 82089 | 37 | 307 | 70
322 | Revision_322/sql.c | U | 445 | 470 | 22 | 82090 | 37 | 308 | 70
322 | Revision_322/eiffel.c | U | 1191 | 1197 | 6 | 82091 | 38 | 362 | 80
322 | Revision_322/fortran.c | U | 442 | 447 | 6 | 82092 | 38 | 363 | 80
322 | Revision_322/verilog.c | U | 147 | 153 | 7 | 82093 | 39 | 284 | 83
322 | Revision_322/lua.c | U | 81 | 88 | 7 | 82094 | 39 | 285 | 83
322 | Revision_322/vim.c | U | 56 | 60 | 5 | 82095 | 40 | 290 | 100
322 | Revision_322/vim.c | U | 62 | 66 | 5 | 82096 | 40 | 291 | 100
322 | Revision_322/python.c | U | 105 | 109 | 5 | 82097 | 41 | 278 | 75
322 | Revision_322/options.c | U | 926 | 931 | 5 | 82098 | 41 | 280 | 75
322 | Revision_322/sml.c | U | 82 | 86 | 5 | 82099 | 41 | 325 | 75
322 | Revision_322/erlang.c | U | 58 | 62 | 5 | 82100 | 41 | 341 | 75
322 | Revision_322/python.c | U | 113 | 122 | 9 | 82101 | 42 | 292 | 75
322 | Revision_322/erlang.c | U | 66 | 75 | 9 | 82102 | 42 | 342 | 75
322 | Revision_322/tcl.c | U | 44 | 54 | 9 | 82103 | 42 | 293 | 75
322 | Revision_322/python.c | U | 145 | 150 | 6 | 82104 | 43 | 343 | 71
322 | Revision_322/erlang.c | U | 108 | 113 | 6 | 82105 | 43 | 346 | 71
322 | Revision_322/erlang.c | U | 116 | 121 | 6 | 82106 | 43 | 344 | 71
322 | Revision_322/erlang.c | U | 97 | 105 | 6 | 82107 | 43 | 344 | 71
322 | Revision_322/main.c | U | 277 | 283 | 6 | 82108 | 43 | 376 | 71
322 | Revision_322/main.c | U | 358 | 365 | 6 | 82109 | 43 | 377 | 71
322 | Revision_322/python.c | U | 172 | 181 | 9 | 82110 | 44 | 326 | 85
322 | Revision_322/sml.c | U | 162 | 171 | 9 | 82111 | 44 | 327 | 85
322 | Revision_322/python.c | U | 201 | 206 | 6 | 82112 | 45 | 328 | 80
322 | Revision_322/sml.c | U | 180 | 185 | 6 | 82113 | 45 | 329 | 80
322 | Revision_322/perl.c | U | 56 | 60 | 5 | 82114 | 46 | 163 | 75
322 | Revision_322/pascal.c | U | 133 | 137 | 5 | 82115 | 46 | 164 | 75
322 | Revision_322/sort.c | U | 123 | 128 | 5 | 82116 | 47 | 281 | 100
322 | Revision_322/sort.c | U | 131 | 136 | 5 | 82117 | 47 | 282 | 100
322 | Revision_322/strlist.c | U | 32 | 38 | 8 | 82118 | 48 | 165 | 71
322 | Revision_322/vstring.c | U | 77 | 87 | 8 | 82119 | 48 | 166 | 71
322 | Revision_322/strlist.c | U | 147 | 154 | 8 | 82120 | 49 | 167 | 85
322 | Revision_322/strlist.c | U | 169 | 176 | 8 | 82121 | 49 | 168 | 85
322 | Revision_322/strlist.c | U | 158 | 165 | 8 | 82122 | 49 | 169 | 85
322 | Revision_322/pascal.c | U | 149 | 153 | 6 | 82123 | 50 | 319 | 75
322 | Revision_322/pascal.c | U | 175 | 181 | 6 | 82124 | 50 | 170 | 75
322 | Revision_322/pascal.c | U | 183 | 189 | 6 | 82125 | 50 | 171 | 75
322 | Revision_322/get.c | U | 297 | 309 | 10 | 82126 | 51 | 174 | 70
322 | Revision_322/parse.c | U | 557 | 571 | 10 | 82127 | 51 | 175 | 70
322 | Revision_322/read.c | U | 214 | 225 | 10 | 82128 | 51 | 176 | 70
322 | Revision_322/get.c | U | 461 | 472 | 10 | 82129 | 52 | 177 | 100
322 | Revision_322/get.c | U | 478 | 489 | 10 | 82130 | 52 | 178 | 100
322 | Revision_322/get.c | U | 535 | 540 | 6 | 82131 | 53 | 180 | 80
322 | Revision_322/read.c | U | 415 | 419 | 6 | 82132 | 53 | 181 | 80
322 | Revision_322/main.c | U | 179 | 192 | 6 | 82133 | 54 | 354 | 80
322 | Revision_322/options.c | U | 393 | 398 | 6 | 82134 | 54 | 355 | 80
322 | Revision_322/routines.c | U | 224 | 231 | 6 | 82135 | 55 | 254 | 80
322 | Revision_322/routines.c | U | 234 | 241 | 6 | 82136 | 55 | 255 | 80
322 | Revision_322/routines.c | U | 275 | 282 | 8 | 82137 | 56 | 256 | 83
322 | Revision_322/routines.c | U | 285 | 292 | 8 | 82138 | 56 | 257 | 83
322 | Revision_322/readtags.c | U | 109 | 116 | 8 | 82139 | 56 | 123 | 83
322 | Revision_322/readtags.c | U | 119 | 126 | 8 | 82140 | 56 | 238 | 83
322 | Revision_322/routines.c | U | 309 | 313 | 5 | 82141 | 57 | 258 | 75
322 | Revision_322/vstring.c | U | 125 | 129 | 5 | 82142 | 57 | 188 | 75
322 | Revision_322/vstring.c | U | 118 | 122 | 5 | 82143 | 57 | 189 | 75
322 | Revision_322/routines.c | U | 316 | 322 | 6 | 82144 | 58 | 259 | 100
322 | Revision_322/routines.c | U | 325 | 331 | 6 | 82145 | 58 | 260 | 100
322 | Revision_322/routines.c | U | 336 | 343 | 8 | 82146 | 59 | 261 | 100
322 | Revision_322/routines.c | U | 348 | 355 | 8 | 82147 | 59 | 262 | 100
322 | Revision_322/routines.c | U | 472 | 485 | 5 | 82148 | 60 | 267 | 75
322 | Revision_322/routines.c | U | 546 | 569 | 5 | 82149 | 60 | 268 | 75
322 | Revision_322/sh.c | U | 53 | 95 | 35 | 82150 | 61 | 338 | 70
322 | Revision_322/php.c | U | 42 | 92 | 35 | 82151 | 61 | 339 | 70
322 | Revision_322/beta.c | U | 136 | 143 | 6 | 82152 | 62 | 201 | 75
322 | Revision_322/beta.c | U | 207 | 215 | 6 | 82153 | 62 | 202 | 75
322 | Revision_322/beta.c | U | 154 | 158 | 5 | 82154 | 63 | 203 | 75
322 | Revision_322/beta.c | U | 274 | 278 | 5 | 82155 | 63 | 205 | 75
322 | Revision_322/beta.c | U | 160 | 164 | 5 | 82156 | 63 | 204 | 75
322 | Revision_322/beta.c | U | 280 | 284 | 5 | 82157 | 63 | 207 | 75
322 | Revision_322/beta.c | U | 167 | 171 | 5 | 82158 | 63 | 206 | 75
322 | Revision_322/sql.c | U | 388 | 394 | 6 | 82159 | 64 | 310 | 75
322 | Revision_322/sql.c | U | 559 | 565 | 6 | 82160 | 64 | 311 | 75
322 | Revision_322/fortran.c | U | 1038 | 1042 | 6 | 82161 | 64 | 312 | 75
322 | Revision_322/sql.c | U | 429 | 437 | 8 | 82162 | 65 | 313 | 71
322 | Revision_322/fortran.c | U | 1719 | 1725 | 8 | 82163 | 65 | 314 | 71
322 | Revision_322/parse.c | U | 98 | 108 | 11 | 82164 | 66 | 208 | 88
322 | Revision_322/parse.c | U | 111 | 122 | 11 | 82165 | 66 | 209 | 88
322 | Revision_322/parse.c | U | 272 | 276 | 5 | 82166 | 67 | 356 | 75
322 | Revision_322/parse.c | U | 527 | 531 | 5 | 82167 | 67 | 357 | 75
322 | Revision_322/parse.c | U | 546 | 550 | 5 | 82168 | 67 | 358 | 75
322 | Revision_322/readtags.c | U | 545 | 551 | 6 | 82169 | 68 | 239 | 100
322 | Revision_322/readtags.c | U | 553 | 559 | 6 | 82170 | 68 | 240 | 100
322 | Revision_322/readtags.c | U | 588 | 592 | 6 | 82171 | 69 | 123 | 75
322 | Revision_322/readtags.c | U | 643 | 649 | 6 | 82172 | 69 | 124 | 75
322 | Revision_322/readtags.c | U | 720 | 728 | 8 | 82173 | 70 | 210 | 83
322 | Revision_322/readtags.c | U | 775 | 783 | 8 | 82174 | 70 | 211 | 83
322 | Revision_322/readtags.c | U | 731 | 739 | 8 | 82175 | 70 | 212 | 83
322 | Revision_322/readtags.c | U | 742 | 747 | 6 | 82176 | 71 | 241 | 80
322 | Revision_322/readtags.c | U | 767 | 772 | 6 | 82177 | 71 | 242 | 80
322 | Revision_322/readtags.c | U | 759 | 764 | 6 | 82178 | 71 | 287 | 80
322 | Revision_322/fortran.c | U | 1232 | 1253 | 23 | 82179 | 72 | 369 | 72
322 | Revision_322/fortran.c | U | 1752 | 1775 | 23 | 82180 | 72 | 366 | 72
322 | Revision_322/fortran.c | U | 1286 | 1292 | 7 | 82181 | 73 | 85 | 83
322 | Revision_322/fortran.c | U | 1345 | 1351 | 7 | 82182 | 73 | 84 | 83
322 | Revision_322/fortran.c | U | 1412 | 1420 | 10 | 82183 | 74 | 314 | 77
322 | Revision_322/fortran.c | U | 1451 | 1460 | 10 | 82184 | 74 | 59 | 77
322 | Revision_322/fortran.c | U | 1498 | 1504 | 8 | 82185 | 75 | 65 | 71
322 | Revision_322/fortran.c | U | 1674 | 1683 | 8 | 82186 | 75 | 221 | 71
322 | Revision_322/fortran.c | U | 1692 | 1707 | 20 | 82187 | 76 | 21 | 84
322 | Revision_322/fortran.c | U | 1907 | 1923 | 20 | 82188 | 76 | 374 | 84
322 | Revision_322/fortran.c | U | 1871 | 1890 | 17 | 82189 | 77 | 220 | 75
322 | Revision_322/fortran.c | U | 1942 | 1959 | 17 | 82190 | 77 | 221 | 75
322 | Revision_322/fortran.c | U | 2014 | 2035 | 17 | 82191 | 77 | 372 | 75
322 | Revision_322/asm.c | U | 245 | 258 | 11 | 82192 | 78 | 289 | 77
322 | Revision_322/asm.c | U | 263 | 273 | 11 | 82193 | 78 | 279 | 77
322 | Revision_322/scheme.c | U | 70 | 78 | 8 | 82194 | 79 | 222 | 71
322 | Revision_322/scheme.c | U | 85 | 93 | 8 | 82195 | 79 | 223 | 71
322 | Revision_322/options.c | U | 365 | 371 | 6 | 82196 | 80 | 224 | 100
322 | Revision_322/options.c | U | 374 | 380 | 6 | 82197 | 80 | 225 | 100
322 | Revision_322/options.c | U | 537 | 543 | 7 | 82198 | 81 | 226 | 100
322 | Revision_322/options.c | U | 555 | 561 | 7 | 82199 | 81 | 227 | 100
322 | Revision_322/options.c | U | 546 | 552 | 7 | 82200 | 81 | 228 | 100
322 | Revision_322/options.c | U | 564 | 570 | 7 | 82201 | 81 | 229 | 100
322 | Revision_322/options.c | U | 945 | 949 | 5 | 82202 | 82 | 230 | 75
322 | Revision_322/options.c | U | 971 | 975 | 5 | 82203 | 82 | 231 | 75
322 | Revision_322/options.c | U | 1065 | 1069 | 5 | 82204 | 83 | 232 | 100
322 | Revision_322/options.c | U | 1071 | 1075 | 5 | 82205 | 83 | 233 | 100
322 | Revision_322/options.c | U | 1116 | 1128 | 12 | 82206 | 84 | 360 | 100
322 | Revision_322/options.c | U | 1132 | 1144 | 12 | 82207 | 84 | 235 | 100
322 | Revision_322/options.c | U | 1384 | 1401 | 15 | 82208 | 85 | 236 | 91
322 | Revision_322/options.c | U | 1422 | 1439 | 15 | 82209 | 85 | 237 | 91
