Revision | filePath | changeType | StartLine | EndLine | Nlines | cloneId | classId | globalCloneId | Similarity
335 | Revision_335/lisp.c | U | 91 | 97 | 7 | 86012 | 1 | 1 | 83
335 | Revision_335/lisp.c | U | 112 | 118 | 7 | 86013 | 1 | 2 | 83
335 | Revision_335/lisp.c | U | 127 | 137 | 9 | 86014 | 2 | 3 | 70
335 | Revision_335/ruby.c | U | 167 | 175 | 9 | 86015 | 2 | 19 | 70
335 | Revision_335/sql.c | U | 672 | 681 | 9 | 86016 | 2 | 296 | 70
335 | Revision_335/fortran.c | U | 2170 | 2185 | 9 | 86017 | 2 | 21 | 70
335 | Revision_335/eiffel.c | U | 1222 | 1231 | 9 | 86018 | 2 | 9 | 70
335 | Revision_335/c.c | U | 2641 | 2650 | 9 | 86019 | 2 | 12 | 70
335 | Revision_335/c.c | U | 2629 | 2638 | 9 | 86020 | 2 | 15 | 70
335 | Revision_335/c.c | U | 2587 | 2596 | 9 | 86021 | 2 | 315 | 70
335 | Revision_335/c.c | U | 2617 | 2626 | 9 | 86022 | 2 | 330 | 70
335 | Revision_335/c.c | U | 2599 | 2614 | 9 | 86023 | 2 | 8 | 70
335 | Revision_335/perl.c | U | 109 | 117 | 9 | 86024 | 2 | 7 | 70
335 | Revision_335/lua.c | U | 123 | 131 | 9 | 86025 | 2 | 243 | 70
335 | Revision_335/asp.c | U | 181 | 189 | 9 | 86026 | 2 | 4 | 70
335 | Revision_335/verilog.c | U | 160 | 168 | 9 | 86027 | 2 | 283 | 70
335 | Revision_335/vim.c | U | 168 | 176 | 9 | 86028 | 2 | 20 | 70
335 | Revision_335/awk.c | U | 71 | 79 | 9 | 86029 | 2 | 10 | 70
335 | Revision_335/cobol.c | U | 40 | 48 | 9 | 86030 | 2 | 320 | 70
335 | Revision_335/scheme.c | U | 99 | 109 | 9 | 86031 | 2 | 16 | 70
335 | Revision_335/tcl.c | U | 106 | 114 | 9 | 86032 | 2 | 18 | 70
335 | Revision_335/erlang.c | U | 179 | 187 | 9 | 86033 | 2 | 340 | 70
335 | Revision_335/sml.c | U | 192 | 200 | 9 | 86034 | 2 | 321 | 70
335 | Revision_335/beta.c | U | 313 | 321 | 9 | 86035 | 2 | 5 | 70
335 | Revision_335/php.c | U | 95 | 103 | 9 | 86036 | 2 | 22 | 70
335 | Revision_335/sh.c | U | 102 | 112 | 9 | 86037 | 2 | 17 | 70
335 | Revision_335/python.c | U | 213 | 221 | 9 | 86038 | 2 | 13 | 70
335 | Revision_335/pascal.c | U | 255 | 263 | 9 | 86039 | 2 | 14 | 70
335 | Revision_335/yacc.c | U | 31 | 38 | 9 | 86040 | 2 | 23 | 70
335 | Revision_335/jscript.c | U | 31 | 38 | 9 | 86041 | 2 | 364 | 70
335 | Revision_335/make.c | U | 91 | 101 | 9 | 86042 | 2 | 25 | 70
335 | Revision_335/slang.c | U | 34 | 41 | 9 | 86043 | 2 | 24 | 70
335 | Revision_335/asm.c | U | 368 | 387 | 9 | 86044 | 2 | 274 | 70
335 | Revision_335/html.c | U | 40 | 47 | 9 | 86045 | 2 | 365 | 70
335 | Revision_335/rexx.c | U | 30 | 37 | 9 | 86046 | 2 | 26 | 70
335 | Revision_335/keyword.c | U | 107 | 116 | 9 | 86047 | 2 | 27 | 70
335 | Revision_335/c.c | U | 2052 | 2057 | 9 | 86048 | 2 | 28 | 70
335 | Revision_335/fortran.c | U | 412 | 424 | 9 | 86049 | 2 | 158 | 70
335 | Revision_335/options.c | U | 527 | 532 | 9 | 86050 | 2 | 29 | 70
335 | Revision_335/sql.c | U | 205 | 213 | 9 | 86051 | 2 | 309 | 70
335 | Revision_335/options.c | U | 620 | 626 | 9 | 86052 | 2 | 30 | 70
335 | Revision_335/eiffel.c | U | 1176 | 1188 | 9 | 86053 | 2 | 157 | 70
335 | Revision_335/c.c | U | 2081 | 2089 | 9 | 86054 | 2 | 31 | 70
335 | Revision_335/asp.c | U | 70 | 89 | 15 | 86055 | 3 | 33 | 100
335 | Revision_335/asp.c | U | 93 | 112 | 15 | 86056 | 3 | 34 | 100
335 | Revision_335/asp.c | U | 116 | 132 | 14 | 86057 | 4 | 35 | 72
335 | Revision_335/php.c | U | 75 | 88 | 14 | 86058 | 4 | 40 | 72
335 | Revision_335/asp.c | U | 136 | 151 | 14 | 86059 | 4 | 36 | 72
335 | Revision_335/ruby.c | U | 79 | 94 | 14 | 86060 | 4 | 42 | 72
335 | Revision_335/asp.c | U | 155 | 170 | 14 | 86061 | 4 | 36 | 72
335 | Revision_335/vim.c | U | 121 | 135 | 14 | 86062 | 4 | 159 | 72
335 | Revision_335/php.c | U | 55 | 72 | 14 | 86063 | 4 | 173 | 72
335 | Revision_335/ruby.c | U | 96 | 111 | 14 | 86064 | 4 | 42 | 72
335 | Revision_335/vim.c | U | 95 | 110 | 14 | 86065 | 4 | 334 | 72
335 | Revision_335/vim.c | U | 143 | 162 | 14 | 86066 | 4 | 160 | 72
335 | Revision_335/vim.c | U | 114 | 136 | 14 | 86067 | 4 | 160 | 72
335 | Revision_335/args.c | U | 85 | 92 | 8 | 86068 | 5 | 43 | 100
335 | Revision_335/args.c | U | 159 | 166 | 8 | 86069 | 5 | 44 | 100
335 | Revision_335/args.c | U | 144 | 148 | 5 | 86070 | 6 | 322 | 75
335 | Revision_335/sml.c | U | 174 | 178 | 5 | 86071 | 6 | 323 | 75
335 | Revision_335/readtags.c | U | 702 | 706 | 5 | 86072 | 6 | 212 | 75
335 | Revision_335/args.c | U | 181 | 189 | 9 | 86073 | 7 | 45 | 75
335 | Revision_335/args.c | U | 192 | 199 | 9 | 86074 | 7 | 46 | 75
335 | Revision_335/args.c | U | 202 | 210 | 9 | 86075 | 7 | 47 | 75
335 | Revision_335/args.c | U | 265 | 271 | 6 | 86076 | 8 | 48 | 80
335 | Revision_335/options.c | U | 573 | 578 | 6 | 86077 | 8 | 49 | 80
335 | Revision_335/fortran.c | U | 882 | 887 | 6 | 86078 | 8 | 50 | 80
335 | Revision_335/c.c | U | 509 | 515 | 7 | 86079 | 9 | 51 | 80
335 | Revision_335/vstring.c | U | 67 | 74 | 7 | 86080 | 9 | 52 | 80
335 | Revision_335/c.c | U | 518 | 525 | 6 | 86081 | 10 | 53 | 80
335 | Revision_335/c.c | U | 528 | 535 | 6 | 86082 | 10 | 54 | 80
335 | Revision_335/c.c | U | 637 | 653 | 17 | 86083 | 11 | 55 | 72
335 | Revision_335/fortran.c | U | 1114 | 1129 | 17 | 86084 | 11 | 375 | 72
335 | Revision_335/fortran.c | U | 1850 | 1866 | 17 | 86085 | 11 | 59 | 72
335 | Revision_335/c.c | U | 1173 | 1187 | 17 | 86086 | 11 | 56 | 72
335 | Revision_335/c.c | U | 656 | 672 | 17 | 86087 | 11 | 60 | 72
335 | Revision_335/c.c | U | 1096 | 1114 | 17 | 86088 | 11 | 57 | 72
335 | Revision_335/fortran.c | U | 1091 | 1111 | 17 | 86089 | 11 | 58 | 72
335 | Revision_335/c.c | U | 2388 | 2407 | 17 | 86090 | 11 | 61 | 72
335 | Revision_335/fortran.c | U | 1094 | 1109 | 17 | 86091 | 11 | 58 | 72
335 | Revision_335/c.c | U | 1099 | 1112 | 17 | 86092 | 11 | 63 | 72
335 | Revision_335/c.c | U | 659 | 670 | 17 | 86093 | 11 | 57 | 72
335 | Revision_335/fortran.c | U | 1767 | 1795 | 17 | 86094 | 11 | 366 | 72
335 | Revision_335/eiffel.c | U | 905 | 947 | 17 | 86095 | 11 | 248 | 72
335 | Revision_335/c.c | U | 2390 | 2404 | 17 | 86096 | 11 | 64 | 72
335 | Revision_335/fortran.c | U | 1853 | 1864 | 17 | 86097 | 11 | 65 | 72
335 | Revision_335/fortran.c | U | 1567 | 1604 | 17 | 86098 | 11 | 367 | 72
335 | Revision_335/c.c | U | 640 | 651 | 17 | 86099 | 11 | 71 | 72
335 | Revision_335/c.c | U | 689 | 709 | 20 | 86100 | 12 | 72 | 72
335 | Revision_335/fortran.c | U | 1281 | 1291 | 20 | 86101 | 12 | 337 | 72
335 | Revision_335/c.c | U | 806 | 814 | 20 | 86102 | 12 | 73 | 72
335 | Revision_335/c.c | U | 719 | 725 | 8 | 86103 | 13 | 74 | 71
335 | Revision_335/options.c | U | 466 | 473 | 8 | 86104 | 13 | 75 | 71
335 | Revision_335/c.c | U | 748 | 752 | 5 | 86105 | 14 | 76 | 75
335 | Revision_335/sql.c | U | 500 | 504 | 5 | 86106 | 14 | 297 | 75
335 | Revision_335/eiffel.c | U | 673 | 677 | 5 | 86107 | 14 | 249 | 75
335 | Revision_335/fortran.c | U | 1893 | 1897 | 5 | 86108 | 14 | 79 | 75
335 | Revision_335/c.c | U | 1976 | 1980 | 5 | 86109 | 14 | 80 | 75
335 | Revision_335/eiffel.c | U | 1014 | 1018 | 5 | 86110 | 14 | 269 | 75
335 | Revision_335/eiffel.c | U | 874 | 878 | 5 | 86111 | 14 | 269 | 75
335 | Revision_335/c.c | U | 2440 | 2444 | 5 | 86112 | 14 | 86 | 75
335 | Revision_335/fortran.c | U | 1322 | 1326 | 5 | 86113 | 14 | 85 | 75
335 | Revision_335/eiffel.c | U | 963 | 967 | 5 | 86114 | 14 | 269 | 75
335 | Revision_335/eiffel.c | U | 660 | 664 | 5 | 86115 | 14 | 250 | 75
335 | Revision_335/sql.c | U | 331 | 335 | 5 | 86116 | 14 | 300 | 75
335 | Revision_335/readtags.c | U | 147 | 151 | 5 | 86117 | 14 | 87 | 75
335 | Revision_335/ruby.c | U | 136 | 140 | 5 | 86118 | 14 | 19 | 75
335 | Revision_335/eiffel.c | U | 1033 | 1037 | 5 | 86119 | 14 | 151 | 75
335 | Revision_335/fortran.c | U | 1190 | 1194 | 5 | 86120 | 14 | 85 | 75
335 | Revision_335/eiffel.c | U | 848 | 853 | 5 | 86121 | 14 | 151 | 75
335 | Revision_335/fortran.c | U | 588 | 592 | 5 | 86122 | 14 | 95 | 75
335 | Revision_335/c.c | U | 2505 | 2510 | 5 | 86123 | 14 | 94 | 75
335 | Revision_335/fortran.c | U | 1531 | 1536 | 5 | 86124 | 14 | 79 | 75
335 | Revision_335/fortran.c | U | 1319 | 1327 | 5 | 86125 | 14 | 84 | 75
335 | Revision_335/options.c | U | 987 | 991 | 5 | 86126 | 14 | 89 | 75
335 | Revision_335/readtags.c | U | 458 | 462 | 5 | 86127 | 14 | 90 | 75
335 | Revision_335/keyword.c | U | 185 | 189 | 5 | 86128 | 14 | 91 | 75
335 | Revision_335/strlist.c | U | 134 | 138 | 5 | 86129 | 14 | 126 | 75
335 | Revision_335/c.c | U | 2023 | 2027 | 5 | 86130 | 14 | 125 | 75
335 | Revision_335/c.c | U | 2042 | 2049 | 5 | 86131 | 14 | 244 | 75
335 | Revision_335/fortran.c | U | 1703 | 1707 | 5 | 86132 | 14 | 373 | 75
335 | Revision_335/c.c | U | 1664 | 1668 | 5 | 86133 | 14 | 121 | 75
335 | Revision_335/c.c | U | 1673 | 1677 | 5 | 86134 | 14 | 331 | 75
335 | Revision_335/vstring.c | U | 35 | 40 | 5 | 86135 | 14 | 98 | 75
335 | Revision_335/options.c | U | 1623 | 1627 | 5 | 86136 | 14 | 333 | 75
335 | Revision_335/eiffel.c | U | 1069 | 1078 | 5 | 86137 | 14 | 101 | 75
335 | Revision_335/fortran.c | U | 986 | 990 | 5 | 86138 | 14 | 128 | 75
335 | Revision_335/options.c | U | 668 | 672 | 5 | 86139 | 14 | 127 | 75
335 | Revision_335/fortran.c | U | 1524 | 1529 | 5 | 86140 | 14 | 79 | 75
335 | Revision_335/options.c | U | 1163 | 1167 | 5 | 86141 | 14 | 129 | 75
335 | Revision_335/c.c | U | 758 | 778 | 43 | 86142 | 15 | 103 | 86
335 | Revision_335/c.c | U | 818 | 837 | 43 | 86143 | 15 | 316 | 86
335 | Revision_335/c.c | U | 884 | 903 | 43 | 86144 | 15 | 103 | 86
335 | Revision_335/c.c | U | 781 | 800 | 43 | 86145 | 15 | 332 | 86
335 | Revision_335/c.c | U | 803 | 816 | 24 | 86146 | 16 | 73 | 77
335 | Revision_335/fortran.c | U | 1278 | 1293 | 24 | 86147 | 16 | 337 | 77
335 | Revision_335/c.c | U | 840 | 851 | 12 | 86148 | 17 | 317 | 90
335 | Revision_335/c.c | U | 854 | 865 | 12 | 86149 | 17 | 318 | 90
335 | Revision_335/c.c | U | 1297 | 1304 | 7 | 86150 | 18 | 108 | 80
335 | Revision_335/c.c | U | 1306 | 1313 | 7 | 86151 | 18 | 109 | 80
335 | Revision_335/c.c | U | 1327 | 1334 | 7 | 86152 | 19 | 110 | 83
335 | Revision_335/c.c | U | 1337 | 1344 | 7 | 86153 | 19 | 111 | 83
335 | Revision_335/fortran.c | U | 621 | 627 | 7 | 86154 | 19 | 112 | 83
335 | Revision_335/c.c | U | 1393 | 1402 | 9 | 86155 | 20 | 294 | 71
335 | Revision_335/eiffel.c | U | 556 | 564 | 9 | 86156 | 20 | 295 | 71
335 | Revision_335/c.c | U | 1396 | 1400 | 5 | 86157 | 21 | 294 | 75
335 | Revision_335/readtags.c | U | 506 | 510 | 5 | 86158 | 21 | 90 | 75
335 | Revision_335/readtags.c | U | 683 | 687 | 5 | 86159 | 21 | 99 | 75
335 | Revision_335/c.c | U | 1717 | 1721 | 5 | 86160 | 22 | 118 | 75
335 | Revision_335/fortran.c | U | 788 | 792 | 5 | 86161 | 22 | 120 | 75
335 | Revision_335/eiffel.c | U | 419 | 423 | 5 | 86162 | 22 | 119 | 75
335 | Revision_335/c.c | U | 1864 | 1868 | 5 | 86163 | 23 | 121 | 75
335 | Revision_335/get.c | U | 588 | 592 | 5 | 86164 | 23 | 122 | 75
335 | Revision_335/c.c | U | 2004 | 2011 | 9 | 86165 | 24 | 28 | 71
335 | Revision_335/eiffel.c | U | 1066 | 1079 | 9 | 86166 | 24 | 156 | 71
335 | Revision_335/c.c | U | 2461 | 2466 | 6 | 86167 | 25 | 94 | 80
335 | Revision_335/sql.c | U | 523 | 528 | 6 | 86168 | 25 | 301 | 80
335 | Revision_335/c.c | U | 2545 | 2554 | 9 | 86169 | 26 | 130 | 71
335 | Revision_335/asm.c | U | 121 | 129 | 9 | 86170 | 26 | 288 | 71
335 | Revision_335/fortran.c | U | 396 | 405 | 9 | 86171 | 26 | 132 | 71
335 | Revision_335/sql.c | U | 193 | 202 | 9 | 86172 | 26 | 302 | 71
335 | Revision_335/eiffel.c | U | 215 | 224 | 9 | 86173 | 26 | 131 | 71
335 | Revision_335/eiffel.c | U | 287 | 301 | 9 | 86174 | 27 | 133 | 71
335 | Revision_335/beta.c | U | 71 | 82 | 9 | 86175 | 27 | 134 | 71
335 | Revision_335/sql.c | U | 226 | 238 | 9 | 86176 | 27 | 303 | 71
335 | Revision_335/parse.c | U | 46 | 57 | 9 | 86177 | 27 | 135 | 71
335 | Revision_335/sml.c | U | 73 | 79 | 9 | 86178 | 27 | 324 | 71
335 | Revision_335/sql.c | U | 228 | 237 | 9 | 86179 | 27 | 303 | 71
335 | Revision_335/eiffel.c | U | 289 | 299 | 9 | 86180 | 27 | 136 | 71
335 | Revision_335/eiffel.c | U | 367 | 376 | 8 | 86181 | 28 | 304 | 100
335 | Revision_335/sql.c | U | 245 | 252 | 8 | 86182 | 28 | 305 | 100
335 | Revision_335/eiffel.c | U | 382 | 407 | 23 | 86183 | 29 | 139 | 75
335 | Revision_335/fortran.c | U | 746 | 776 | 23 | 86184 | 29 | 140 | 75
335 | Revision_335/eiffel.c | U | 410 | 435 | 20 | 86185 | 30 | 141 | 94
335 | Revision_335/fortran.c | U | 779 | 804 | 20 | 86186 | 30 | 142 | 94
335 | Revision_335/eiffel.c | U | 547 | 551 | 5 | 86187 | 31 | 143 | 75
335 | Revision_335/fortran.c | U | 768 | 772 | 5 | 86188 | 31 | 144 | 75
335 | Revision_335/fortran.c | U | 965 | 969 | 5 | 86189 | 31 | 145 | 75
335 | Revision_335/eiffel.c | U | 572 | 584 | 11 | 86190 | 32 | 114 | 88
335 | Revision_335/fortran.c | U | 831 | 842 | 11 | 86191 | 32 | 116 | 88
335 | Revision_335/eiffel.c | U | 587 | 599 | 11 | 86192 | 32 | 117 | 88
335 | Revision_335/sql.c | U | 274 | 285 | 11 | 86193 | 32 | 306 | 88
335 | Revision_335/eiffel.c | U | 602 | 612 | 9 | 86194 | 33 | 146 | 87
335 | Revision_335/fortran.c | U | 849 | 859 | 9 | 86195 | 33 | 147 | 87
335 | Revision_335/asm.c | U | 132 | 141 | 9 | 86196 | 33 | 270 | 87
335 | Revision_335/eiffel.c | U | 771 | 818 | 13 | 86197 | 34 | 349 | 72
335 | Revision_335/fortran.c | U | 1077 | 1088 | 13 | 86198 | 34 | 350 | 72
335 | Revision_335/eiffel.c | U | 836 | 854 | 12 | 86199 | 35 | 251 | 72
335 | Revision_335/fortran.c | U | 1359 | 1372 | 12 | 86200 | 35 | 336 | 72
335 | Revision_335/eiffel.c | U | 858 | 880 | 12 | 86201 | 35 | 252 | 72
335 | Revision_335/fortran.c | U | 1613 | 1621 | 12 | 86202 | 35 | 337 | 72
335 | Revision_335/eiffel.c | U | 1008 | 1021 | 12 | 86203 | 35 | 253 | 72
335 | Revision_335/eiffel.c | U | 1113 | 1137 | 22 | 86204 | 36 | 307 | 70
335 | Revision_335/sql.c | U | 470 | 495 | 22 | 86205 | 36 | 308 | 70
335 | Revision_335/eiffel.c | U | 1191 | 1197 | 6 | 86206 | 37 | 362 | 80
335 | Revision_335/fortran.c | U | 438 | 443 | 6 | 86207 | 37 | 363 | 80
335 | Revision_335/verilog.c | U | 147 | 153 | 7 | 86208 | 38 | 284 | 83
335 | Revision_335/lua.c | U | 81 | 88 | 7 | 86209 | 38 | 285 | 83
335 | Revision_335/vim.c | U | 56 | 60 | 5 | 86210 | 39 | 290 | 100
335 | Revision_335/vim.c | U | 62 | 66 | 5 | 86211 | 39 | 291 | 100
335 | Revision_335/python.c | U | 105 | 109 | 5 | 86212 | 40 | 278 | 75
335 | Revision_335/erlang.c | U | 58 | 62 | 5 | 86213 | 40 | 341 | 75
335 | Revision_335/options.c | U | 908 | 913 | 5 | 86214 | 40 | 280 | 75
335 | Revision_335/sml.c | U | 82 | 86 | 5 | 86215 | 40 | 325 | 75
335 | Revision_335/python.c | U | 113 | 122 | 9 | 86216 | 41 | 292 | 75
335 | Revision_335/erlang.c | U | 66 | 75 | 9 | 86217 | 41 | 342 | 75
335 | Revision_335/tcl.c | U | 44 | 54 | 9 | 86218 | 41 | 293 | 75
335 | Revision_335/python.c | U | 145 | 150 | 6 | 86219 | 42 | 343 | 71
335 | Revision_335/erlang.c | U | 108 | 113 | 6 | 86220 | 42 | 346 | 71
335 | Revision_335/erlang.c | U | 116 | 121 | 6 | 86221 | 42 | 344 | 71
335 | Revision_335/erlang.c | U | 97 | 105 | 6 | 86222 | 42 | 344 | 71
335 | Revision_335/main.c | U | 358 | 365 | 6 | 86223 | 42 | 377 | 71
335 | Revision_335/main.c | U | 277 | 283 | 6 | 86224 | 42 | 376 | 71
335 | Revision_335/python.c | U | 172 | 181 | 9 | 86225 | 43 | 326 | 85
335 | Revision_335/sml.c | U | 162 | 171 | 9 | 86226 | 43 | 327 | 85
335 | Revision_335/python.c | U | 201 | 206 | 6 | 86227 | 44 | 328 | 80
335 | Revision_335/sml.c | U | 180 | 185 | 6 | 86228 | 44 | 329 | 80
335 | Revision_335/perl.c | U | 56 | 60 | 5 | 86229 | 45 | 163 | 75
335 | Revision_335/pascal.c | U | 133 | 137 | 5 | 86230 | 45 | 164 | 75
335 | Revision_335/sort.c | U | 123 | 128 | 5 | 86231 | 46 | 281 | 100
335 | Revision_335/sort.c | U | 131 | 136 | 5 | 86232 | 46 | 282 | 100
335 | Revision_335/strlist.c | U | 32 | 38 | 8 | 86233 | 47 | 165 | 71
335 | Revision_335/vstring.c | U | 77 | 87 | 8 | 86234 | 47 | 166 | 71
335 | Revision_335/strlist.c | U | 147 | 154 | 8 | 86235 | 48 | 167 | 85
335 | Revision_335/strlist.c | U | 169 | 176 | 8 | 86236 | 48 | 168 | 85
335 | Revision_335/strlist.c | U | 158 | 165 | 8 | 86237 | 48 | 169 | 85
335 | Revision_335/pascal.c | U | 149 | 153 | 6 | 86238 | 49 | 319 | 75
335 | Revision_335/pascal.c | U | 183 | 189 | 6 | 86239 | 49 | 171 | 75
335 | Revision_335/pascal.c | U | 175 | 181 | 6 | 86240 | 49 | 170 | 75
335 | Revision_335/get.c | U | 297 | 309 | 10 | 86241 | 50 | 174 | 70
335 | Revision_335/parse.c | U | 557 | 571 | 10 | 86242 | 50 | 175 | 70
335 | Revision_335/read.c | U | 214 | 225 | 10 | 86243 | 50 | 176 | 70
335 | Revision_335/get.c | U | 461 | 472 | 10 | 86244 | 51 | 177 | 100
335 | Revision_335/get.c | U | 478 | 489 | 10 | 86245 | 51 | 178 | 100
335 | Revision_335/get.c | U | 535 | 540 | 6 | 86246 | 52 | 180 | 80
335 | Revision_335/read.c | U | 415 | 419 | 6 | 86247 | 52 | 181 | 80
335 | Revision_335/main.c | U | 179 | 192 | 6 | 86248 | 53 | 354 | 80
335 | Revision_335/options.c | U | 393 | 398 | 6 | 86249 | 53 | 355 | 80
335 | Revision_335/routines.c | U | 224 | 231 | 6 | 86250 | 54 | 254 | 80
335 | Revision_335/routines.c | U | 234 | 241 | 6 | 86251 | 54 | 255 | 80
335 | Revision_335/routines.c | U | 275 | 282 | 8 | 86252 | 55 | 256 | 83
335 | Revision_335/readtags.c | U | 119 | 126 | 8 | 86253 | 55 | 123 | 83
335 | Revision_335/readtags.c | U | 109 | 116 | 8 | 86254 | 55 | 238 | 83
335 | Revision_335/routines.c | U | 285 | 292 | 8 | 86255 | 55 | 257 | 83
335 | Revision_335/routines.c | U | 309 | 313 | 5 | 86256 | 56 | 258 | 75
335 | Revision_335/vstring.c | U | 125 | 129 | 5 | 86257 | 56 | 188 | 75
335 | Revision_335/vstring.c | U | 118 | 122 | 5 | 86258 | 56 | 189 | 75
335 | Revision_335/routines.c | U | 316 | 322 | 6 | 86259 | 57 | 259 | 100
335 | Revision_335/routines.c | U | 325 | 331 | 6 | 86260 | 57 | 260 | 100
335 | Revision_335/routines.c | U | 336 | 343 | 8 | 86261 | 58 | 261 | 100
335 | Revision_335/routines.c | U | 348 | 355 | 8 | 86262 | 58 | 262 | 100
335 | Revision_335/routines.c | U | 472 | 485 | 5 | 86263 | 59 | 267 | 75
335 | Revision_335/routines.c | U | 565 | 588 | 5 | 86264 | 59 | 268 | 75
335 | Revision_335/sh.c | U | 88 | 93 | 6 | 86265 | 60 | 378 | 80
335 | Revision_335/asm.c | U | 349 | 354 | 6 | 86266 | 60 | 379 | 80
335 | Revision_335/beta.c | U | 136 | 143 | 6 | 86267 | 61 | 201 | 75
335 | Revision_335/beta.c | U | 207 | 215 | 6 | 86268 | 61 | 202 | 75
335 | Revision_335/beta.c | U | 154 | 158 | 5 | 86269 | 62 | 203 | 75
335 | Revision_335/beta.c | U | 160 | 164 | 5 | 86270 | 62 | 204 | 75
335 | Revision_335/beta.c | U | 167 | 171 | 5 | 86271 | 62 | 206 | 75
335 | Revision_335/beta.c | U | 280 | 284 | 5 | 86272 | 62 | 205 | 75
335 | Revision_335/beta.c | U | 274 | 278 | 5 | 86273 | 62 | 207 | 75
335 | Revision_335/sql.c | U | 412 | 418 | 6 | 86274 | 63 | 310 | 75
335 | Revision_335/sql.c | U | 620 | 626 | 6 | 86275 | 63 | 298 | 75
335 | Revision_335/fortran.c | U | 1056 | 1060 | 6 | 86276 | 63 | 312 | 75
335 | Revision_335/sql.c | U | 438 | 443 | 6 | 86277 | 64 | 313 | 100
335 | Revision_335/sql.c | U | 604 | 609 | 6 | 86278 | 64 | 299 | 100
335 | Revision_335/sql.c | U | 454 | 462 | 8 | 86279 | 65 | 313 | 71
335 | Revision_335/fortran.c | U | 1737 | 1743 | 8 | 86280 | 65 | 314 | 71
335 | Revision_335/sql.c | U | 537 | 545 | 8 | 86281 | 65 | 380 | 71
335 | Revision_335/fortran.c | U | 1397 | 1405 | 8 | 86282 | 65 | 59 | 71
335 | Revision_335/parse.c | U | 98 | 108 | 11 | 86283 | 66 | 208 | 88
335 | Revision_335/parse.c | U | 111 | 122 | 11 | 86284 | 66 | 209 | 88
335 | Revision_335/parse.c | U | 272 | 276 | 5 | 86285 | 67 | 356 | 75
335 | Revision_335/parse.c | U | 527 | 531 | 5 | 86286 | 67 | 357 | 75
335 | Revision_335/parse.c | U | 546 | 550 | 5 | 86287 | 67 | 358 | 75
335 | Revision_335/readtags.c | U | 545 | 551 | 6 | 86288 | 68 | 239 | 100
335 | Revision_335/readtags.c | U | 553 | 559 | 6 | 86289 | 68 | 240 | 100
335 | Revision_335/readtags.c | U | 588 | 592 | 6 | 86290 | 69 | 123 | 75
335 | Revision_335/readtags.c | U | 643 | 649 | 6 | 86291 | 69 | 124 | 75
335 | Revision_335/readtags.c | U | 720 | 728 | 8 | 86292 | 70 | 210 | 83
335 | Revision_335/readtags.c | U | 775 | 783 | 8 | 86293 | 70 | 211 | 83
335 | Revision_335/readtags.c | U | 731 | 739 | 8 | 86294 | 70 | 212 | 83
335 | Revision_335/readtags.c | U | 742 | 747 | 6 | 86295 | 71 | 241 | 80
335 | Revision_335/readtags.c | U | 759 | 764 | 6 | 86296 | 71 | 242 | 80
335 | Revision_335/readtags.c | U | 767 | 772 | 6 | 86297 | 71 | 287 | 80
335 | Revision_335/fortran.c | U | 1250 | 1271 | 23 | 86298 | 72 | 369 | 72
335 | Revision_335/fortran.c | U | 1770 | 1793 | 23 | 86299 | 72 | 366 | 72
335 | Revision_335/fortran.c | U | 1304 | 1310 | 7 | 86300 | 73 | 85 | 83
335 | Revision_335/fortran.c | U | 1363 | 1369 | 7 | 86301 | 73 | 84 | 83
335 | Revision_335/fortran.c | U | 1430 | 1438 | 10 | 86302 | 74 | 314 | 77
335 | Revision_335/fortran.c | U | 1469 | 1478 | 10 | 86303 | 74 | 59 | 77
335 | Revision_335/fortran.c | U | 1516 | 1522 | 8 | 86304 | 75 | 65 | 71
335 | Revision_335/fortran.c | U | 1692 | 1701 | 8 | 86305 | 75 | 221 | 71
335 | Revision_335/fortran.c | U | 1710 | 1725 | 20 | 86306 | 76 | 21 | 84
335 | Revision_335/fortran.c | U | 1925 | 1941 | 20 | 86307 | 76 | 374 | 84
335 | Revision_335/fortran.c | U | 1889 | 1908 | 17 | 86308 | 77 | 220 | 75
335 | Revision_335/fortran.c | U | 1960 | 1977 | 17 | 86309 | 77 | 221 | 75
335 | Revision_335/fortran.c | U | 2032 | 2053 | 17 | 86310 | 77 | 372 | 75
335 | Revision_335/asm.c | U | 245 | 258 | 11 | 86311 | 78 | 289 | 77
335 | Revision_335/asm.c | U | 263 | 273 | 11 | 86312 | 78 | 279 | 77
335 | Revision_335/scheme.c | U | 70 | 78 | 8 | 86313 | 79 | 222 | 71
335 | Revision_335/scheme.c | U | 85 | 93 | 8 | 86314 | 79 | 223 | 71
335 | Revision_335/options.c | U | 365 | 371 | 6 | 86315 | 80 | 224 | 100
335 | Revision_335/options.c | U | 374 | 380 | 6 | 86316 | 80 | 225 | 100
335 | Revision_335/options.c | U | 537 | 543 | 7 | 86317 | 81 | 226 | 100
335 | Revision_335/options.c | U | 564 | 570 | 7 | 86318 | 81 | 227 | 100
335 | Revision_335/options.c | U | 555 | 561 | 7 | 86319 | 81 | 228 | 100
335 | Revision_335/options.c | U | 546 | 552 | 7 | 86320 | 81 | 229 | 100
335 | Revision_335/options.c | U | 927 | 931 | 5 | 86321 | 82 | 230 | 75
335 | Revision_335/options.c | U | 953 | 957 | 5 | 86322 | 82 | 231 | 75
335 | Revision_335/options.c | U | 1047 | 1051 | 5 | 86323 | 83 | 232 | 100
335 | Revision_335/options.c | U | 1053 | 1057 | 5 | 86324 | 83 | 233 | 100
335 | Revision_335/options.c | U | 1098 | 1110 | 12 | 86325 | 84 | 360 | 100
335 | Revision_335/options.c | U | 1114 | 1126 | 12 | 86326 | 84 | 235 | 100
335 | Revision_335/options.c | U | 1366 | 1383 | 15 | 86327 | 85 | 236 | 91
335 | Revision_335/options.c | U | 1404 | 1421 | 15 | 86328 | 85 | 237 | 91
