Revision | filePath | changeType | StartLine | EndLine | Nlines | cloneId | classId | globalCloneId | Similarity
336 | Revision_336/lisp.c | U | 91 | 97 | 7 | 86329 | 1 | 1 | 83
336 | Revision_336/lisp.c | U | 112 | 118 | 7 | 86330 | 1 | 2 | 83
336 | Revision_336/lisp.c | U | 127 | 137 | 9 | 86331 | 2 | 3 | 70
336 | Revision_336/perl.c | U | 109 | 117 | 9 | 86332 | 2 | 7 | 70
336 | Revision_336/sql.c | U | 672 | 681 | 9 | 86333 | 2 | 296 | 70
336 | Revision_336/fortran.c | U | 2170 | 2185 | 9 | 86334 | 2 | 21 | 70
336 | Revision_336/eiffel.c | U | 1222 | 1231 | 9 | 86335 | 2 | 9 | 70
336 | Revision_336/c.c | U | 2641 | 2650 | 9 | 86336 | 2 | 12 | 70
336 | Revision_336/c.c | U | 2629 | 2638 | 9 | 86337 | 2 | 15 | 70
336 | Revision_336/c.c | U | 2587 | 2596 | 9 | 86338 | 2 | 315 | 70
336 | Revision_336/c.c | U | 2617 | 2626 | 9 | 86339 | 2 | 330 | 70
336 | Revision_336/c.c | U | 2599 | 2614 | 9 | 86340 | 2 | 8 | 70
336 | Revision_336/ruby.c | U | 167 | 175 | 9 | 86341 | 2 | 19 | 70
336 | Revision_336/lua.c | U | 123 | 131 | 9 | 86342 | 2 | 243 | 70
336 | Revision_336/asp.c | U | 181 | 189 | 9 | 86343 | 2 | 4 | 70
336 | Revision_336/verilog.c | U | 160 | 168 | 9 | 86344 | 2 | 283 | 70
336 | Revision_336/vim.c | U | 168 | 176 | 9 | 86345 | 2 | 20 | 70
336 | Revision_336/awk.c | U | 71 | 79 | 9 | 86346 | 2 | 10 | 70
336 | Revision_336/cobol.c | U | 40 | 48 | 9 | 86347 | 2 | 320 | 70
336 | Revision_336/scheme.c | U | 99 | 109 | 9 | 86348 | 2 | 16 | 70
336 | Revision_336/tcl.c | U | 106 | 114 | 9 | 86349 | 2 | 18 | 70
336 | Revision_336/erlang.c | U | 179 | 187 | 9 | 86350 | 2 | 340 | 70
336 | Revision_336/sml.c | U | 192 | 200 | 9 | 86351 | 2 | 321 | 70
336 | Revision_336/beta.c | U | 313 | 321 | 9 | 86352 | 2 | 5 | 70
336 | Revision_336/php.c | U | 95 | 103 | 9 | 86353 | 2 | 22 | 70
336 | Revision_336/sh.c | U | 102 | 112 | 9 | 86354 | 2 | 17 | 70
336 | Revision_336/python.c | U | 213 | 221 | 9 | 86355 | 2 | 13 | 70
336 | Revision_336/pascal.c | U | 255 | 263 | 9 | 86356 | 2 | 14 | 70
336 | Revision_336/asm.c | U | 368 | 387 | 9 | 86357 | 2 | 274 | 70
336 | Revision_336/make.c | U | 91 | 101 | 9 | 86358 | 2 | 25 | 70
336 | Revision_336/yacc.c | U | 31 | 38 | 9 | 86359 | 2 | 23 | 70
336 | Revision_336/slang.c | U | 34 | 41 | 9 | 86360 | 2 | 24 | 70
336 | Revision_336/jscript.c | U | 31 | 38 | 9 | 86361 | 2 | 364 | 70
336 | Revision_336/html.c | U | 40 | 47 | 9 | 86362 | 2 | 365 | 70
336 | Revision_336/rexx.c | U | 30 | 37 | 9 | 86363 | 2 | 26 | 70
336 | Revision_336/keyword.c | U | 107 | 116 | 9 | 86364 | 2 | 27 | 70
336 | Revision_336/fortran.c | U | 412 | 424 | 9 | 86365 | 2 | 158 | 70
336 | Revision_336/c.c | U | 2052 | 2057 | 9 | 86366 | 2 | 28 | 70
336 | Revision_336/options.c | U | 527 | 532 | 9 | 86367 | 2 | 29 | 70
336 | Revision_336/sql.c | U | 205 | 213 | 9 | 86368 | 2 | 309 | 70
336 | Revision_336/options.c | U | 620 | 626 | 9 | 86369 | 2 | 30 | 70
336 | Revision_336/eiffel.c | U | 1176 | 1188 | 9 | 86370 | 2 | 157 | 70
336 | Revision_336/c.c | U | 2081 | 2089 | 9 | 86371 | 2 | 31 | 70
336 | Revision_336/asp.c | U | 70 | 89 | 15 | 86372 | 3 | 33 | 100
336 | Revision_336/asp.c | U | 93 | 112 | 15 | 86373 | 3 | 34 | 100
336 | Revision_336/asp.c | U | 116 | 132 | 14 | 86374 | 4 | 35 | 72
336 | Revision_336/php.c | U | 75 | 88 | 14 | 86375 | 4 | 40 | 72
336 | Revision_336/asp.c | U | 155 | 170 | 14 | 86376 | 4 | 36 | 72
336 | Revision_336/php.c | U | 55 | 72 | 14 | 86377 | 4 | 173 | 72
336 | Revision_336/vim.c | U | 121 | 135 | 14 | 86378 | 4 | 159 | 72
336 | Revision_336/asp.c | U | 136 | 151 | 14 | 86379 | 4 | 36 | 72
336 | Revision_336/ruby.c | U | 79 | 94 | 14 | 86380 | 4 | 42 | 72
336 | Revision_336/ruby.c | U | 96 | 111 | 14 | 86381 | 4 | 42 | 72
336 | Revision_336/vim.c | U | 95 | 110 | 14 | 86382 | 4 | 334 | 72
336 | Revision_336/vim.c | U | 143 | 162 | 14 | 86383 | 4 | 160 | 72
336 | Revision_336/vim.c | U | 114 | 136 | 14 | 86384 | 4 | 160 | 72
336 | Revision_336/args.c | U | 85 | 92 | 8 | 86385 | 5 | 43 | 100
336 | Revision_336/args.c | U | 159 | 166 | 8 | 86386 | 5 | 44 | 100
336 | Revision_336/args.c | U | 144 | 148 | 5 | 86387 | 6 | 322 | 75
336 | Revision_336/sml.c | U | 174 | 178 | 5 | 86388 | 6 | 323 | 75
336 | Revision_336/readtags.c | U | 702 | 706 | 5 | 86389 | 6 | 212 | 75
336 | Revision_336/args.c | U | 181 | 189 | 9 | 86390 | 7 | 45 | 75
336 | Revision_336/args.c | U | 202 | 210 | 9 | 86391 | 7 | 46 | 75
336 | Revision_336/args.c | U | 192 | 199 | 9 | 86392 | 7 | 47 | 75
336 | Revision_336/args.c | U | 265 | 271 | 6 | 86393 | 8 | 48 | 80
336 | Revision_336/options.c | U | 573 | 578 | 6 | 86394 | 8 | 49 | 80
336 | Revision_336/fortran.c | U | 882 | 887 | 6 | 86395 | 8 | 50 | 80
336 | Revision_336/c.c | U | 509 | 515 | 7 | 86396 | 9 | 51 | 80
336 | Revision_336/vstring.c | U | 67 | 74 | 7 | 86397 | 9 | 52 | 80
336 | Revision_336/c.c | U | 518 | 525 | 6 | 86398 | 10 | 53 | 80
336 | Revision_336/c.c | U | 528 | 535 | 6 | 86399 | 10 | 54 | 80
336 | Revision_336/c.c | U | 637 | 653 | 17 | 86400 | 11 | 55 | 72
336 | Revision_336/c.c | U | 1173 | 1187 | 17 | 86401 | 11 | 56 | 72
336 | Revision_336/c.c | U | 1096 | 1114 | 17 | 86402 | 11 | 60 | 72
336 | Revision_336/fortran.c | U | 1091 | 1111 | 17 | 86403 | 11 | 58 | 72
336 | Revision_336/fortran.c | U | 1114 | 1129 | 17 | 86404 | 11 | 375 | 72
336 | Revision_336/c.c | U | 656 | 672 | 17 | 86405 | 11 | 57 | 72
336 | Revision_336/fortran.c | U | 1850 | 1866 | 17 | 86406 | 11 | 59 | 72
336 | Revision_336/c.c | U | 659 | 670 | 17 | 86407 | 11 | 63 | 72
336 | Revision_336/c.c | U | 2388 | 2407 | 17 | 86408 | 11 | 61 | 72
336 | Revision_336/fortran.c | U | 1094 | 1109 | 17 | 86409 | 11 | 58 | 72
336 | Revision_336/c.c | U | 1099 | 1112 | 17 | 86410 | 11 | 57 | 72
336 | Revision_336/fortran.c | U | 1767 | 1795 | 17 | 86411 | 11 | 366 | 72
336 | Revision_336/c.c | U | 2390 | 2404 | 17 | 86412 | 11 | 64 | 72
336 | Revision_336/eiffel.c | U | 905 | 947 | 17 | 86413 | 11 | 248 | 72
336 | Revision_336/fortran.c | U | 1853 | 1864 | 17 | 86414 | 11 | 65 | 72
336 | Revision_336/fortran.c | U | 1567 | 1604 | 17 | 86415 | 11 | 367 | 72
336 | Revision_336/c.c | U | 640 | 651 | 17 | 86416 | 11 | 71 | 72
336 | Revision_336/c.c | U | 689 | 709 | 20 | 86417 | 12 | 72 | 72
336 | Revision_336/c.c | U | 806 | 814 | 20 | 86418 | 12 | 73 | 72
336 | Revision_336/fortran.c | U | 1281 | 1291 | 20 | 86419 | 12 | 337 | 72
336 | Revision_336/c.c | U | 719 | 725 | 8 | 86420 | 13 | 74 | 71
336 | Revision_336/options.c | U | 466 | 473 | 8 | 86421 | 13 | 75 | 71
336 | Revision_336/c.c | U | 748 | 752 | 5 | 86422 | 14 | 76 | 75
336 | Revision_336/sql.c | U | 500 | 504 | 5 | 86423 | 14 | 297 | 75
336 | Revision_336/eiffel.c | U | 673 | 677 | 5 | 86424 | 14 | 249 | 75
336 | Revision_336/fortran.c | U | 1893 | 1897 | 5 | 86425 | 14 | 79 | 75
336 | Revision_336/c.c | U | 1976 | 1980 | 5 | 86426 | 14 | 80 | 75
336 | Revision_336/eiffel.c | U | 963 | 967 | 5 | 86427 | 14 | 269 | 75
336 | Revision_336/fortran.c | U | 1322 | 1326 | 5 | 86428 | 14 | 85 | 75
336 | Revision_336/eiffel.c | U | 874 | 878 | 5 | 86429 | 14 | 269 | 75
336 | Revision_336/c.c | U | 2440 | 2444 | 5 | 86430 | 14 | 86 | 75
336 | Revision_336/eiffel.c | U | 1014 | 1018 | 5 | 86431 | 14 | 269 | 75
336 | Revision_336/sql.c | U | 331 | 335 | 5 | 86432 | 14 | 300 | 75
336 | Revision_336/eiffel.c | U | 660 | 664 | 5 | 86433 | 14 | 250 | 75
336 | Revision_336/readtags.c | U | 147 | 151 | 5 | 86434 | 14 | 87 | 75
336 | Revision_336/options.c | U | 987 | 991 | 5 | 86435 | 14 | 89 | 75
336 | Revision_336/readtags.c | U | 458 | 462 | 5 | 86436 | 14 | 90 | 75
336 | Revision_336/keyword.c | U | 185 | 189 | 5 | 86437 | 14 | 91 | 75
336 | Revision_336/fortran.c | U | 588 | 592 | 5 | 86438 | 14 | 95 | 75
336 | Revision_336/eiffel.c | U | 1033 | 1037 | 5 | 86439 | 14 | 151 | 75
336 | Revision_336/fortran.c | U | 1190 | 1194 | 5 | 86440 | 14 | 85 | 75
336 | Revision_336/eiffel.c | U | 848 | 853 | 5 | 86441 | 14 | 151 | 75
336 | Revision_336/ruby.c | U | 136 | 140 | 5 | 86442 | 14 | 19 | 75
336 | Revision_336/c.c | U | 2505 | 2510 | 5 | 86443 | 14 | 94 | 75
336 | Revision_336/fortran.c | U | 1319 | 1327 | 5 | 86444 | 14 | 84 | 75
336 | Revision_336/fortran.c | U | 1531 | 1536 | 5 | 86445 | 14 | 79 | 75
336 | Revision_336/c.c | U | 2023 | 2027 | 5 | 86446 | 14 | 125 | 75
336 | Revision_336/strlist.c | U | 134 | 138 | 5 | 86447 | 14 | 126 | 75
336 | Revision_336/c.c | U | 2042 | 2049 | 5 | 86448 | 14 | 244 | 75
336 | Revision_336/c.c | U | 1664 | 1668 | 5 | 86449 | 14 | 121 | 75
336 | Revision_336/fortran.c | U | 1703 | 1707 | 5 | 86450 | 14 | 373 | 75
336 | Revision_336/vstring.c | U | 35 | 40 | 5 | 86451 | 14 | 98 | 75
336 | Revision_336/c.c | U | 1673 | 1677 | 5 | 86452 | 14 | 331 | 75
336 | Revision_336/eiffel.c | U | 1069 | 1078 | 5 | 86453 | 14 | 101 | 75
336 | Revision_336/options.c | U | 1623 | 1627 | 5 | 86454 | 14 | 333 | 75
336 | Revision_336/options.c | U | 668 | 672 | 5 | 86455 | 14 | 127 | 75
336 | Revision_336/fortran.c | U | 986 | 990 | 5 | 86456 | 14 | 128 | 75
336 | Revision_336/fortran.c | U | 1524 | 1529 | 5 | 86457 | 14 | 79 | 75
336 | Revision_336/options.c | U | 1163 | 1167 | 5 | 86458 | 14 | 129 | 75
336 | Revision_336/c.c | U | 758 | 778 | 43 | 86459 | 15 | 103 | 86
336 | Revision_336/c.c | U | 818 | 837 | 43 | 86460 | 15 | 316 | 86
336 | Revision_336/c.c | U | 884 | 903 | 43 | 86461 | 15 | 103 | 86
336 | Revision_336/c.c | U | 781 | 800 | 43 | 86462 | 15 | 332 | 86
336 | Revision_336/c.c | U | 803 | 816 | 24 | 86463 | 16 | 73 | 77
336 | Revision_336/fortran.c | U | 1278 | 1293 | 24 | 86464 | 16 | 337 | 77
336 | Revision_336/c.c | U | 840 | 851 | 12 | 86465 | 17 | 317 | 90
336 | Revision_336/c.c | U | 854 | 865 | 12 | 86466 | 17 | 318 | 90
336 | Revision_336/c.c | U | 1297 | 1304 | 7 | 86467 | 18 | 108 | 80
336 | Revision_336/c.c | U | 1306 | 1313 | 7 | 86468 | 18 | 109 | 80
336 | Revision_336/c.c | U | 1327 | 1334 | 7 | 86469 | 19 | 110 | 83
336 | Revision_336/fortran.c | U | 621 | 627 | 7 | 86470 | 19 | 112 | 83
336 | Revision_336/c.c | U | 1337 | 1344 | 7 | 86471 | 19 | 111 | 83
336 | Revision_336/c.c | U | 1393 | 1402 | 9 | 86472 | 20 | 294 | 71
336 | Revision_336/eiffel.c | U | 556 | 564 | 9 | 86473 | 20 | 295 | 71
336 | Revision_336/c.c | U | 1396 | 1400 | 5 | 86474 | 21 | 294 | 75
336 | Revision_336/readtags.c | U | 506 | 510 | 5 | 86475 | 21 | 90 | 75
336 | Revision_336/readtags.c | U | 683 | 687 | 5 | 86476 | 21 | 99 | 75
336 | Revision_336/c.c | U | 1717 | 1721 | 5 | 86477 | 22 | 118 | 75
336 | Revision_336/fortran.c | U | 788 | 792 | 5 | 86478 | 22 | 120 | 75
336 | Revision_336/eiffel.c | U | 419 | 423 | 5 | 86479 | 22 | 119 | 75
336 | Revision_336/c.c | U | 1864 | 1868 | 5 | 86480 | 23 | 121 | 75
336 | Revision_336/get.c | U | 588 | 592 | 5 | 86481 | 23 | 122 | 75
336 | Revision_336/c.c | U | 2004 | 2011 | 9 | 86482 | 24 | 28 | 71
336 | Revision_336/eiffel.c | U | 1066 | 1079 | 9 | 86483 | 24 | 156 | 71
336 | Revision_336/c.c | U | 2461 | 2466 | 6 | 86484 | 25 | 94 | 80
336 | Revision_336/sql.c | U | 523 | 528 | 6 | 86485 | 25 | 301 | 80
336 | Revision_336/c.c | U | 2545 | 2554 | 9 | 86486 | 26 | 130 | 71
336 | Revision_336/fortran.c | U | 396 | 405 | 9 | 86487 | 26 | 132 | 71
336 | Revision_336/asm.c | U | 121 | 129 | 9 | 86488 | 26 | 288 | 71
336 | Revision_336/sql.c | U | 193 | 202 | 9 | 86489 | 26 | 302 | 71
336 | Revision_336/eiffel.c | U | 215 | 224 | 9 | 86490 | 26 | 131 | 71
336 | Revision_336/eiffel.c | U | 287 | 301 | 9 | 86491 | 27 | 133 | 71
336 | Revision_336/beta.c | U | 71 | 82 | 9 | 86492 | 27 | 134 | 71
336 | Revision_336/sql.c | U | 226 | 238 | 9 | 86493 | 27 | 303 | 71
336 | Revision_336/parse.c | U | 46 | 57 | 9 | 86494 | 27 | 135 | 71
336 | Revision_336/sml.c | U | 73 | 79 | 9 | 86495 | 27 | 324 | 71
336 | Revision_336/eiffel.c | U | 289 | 299 | 9 | 86496 | 27 | 136 | 71
336 | Revision_336/sql.c | U | 228 | 237 | 9 | 86497 | 27 | 303 | 71
336 | Revision_336/eiffel.c | U | 367 | 376 | 8 | 86498 | 28 | 304 | 100
336 | Revision_336/sql.c | U | 245 | 252 | 8 | 86499 | 28 | 305 | 100
336 | Revision_336/eiffel.c | U | 382 | 407 | 23 | 86500 | 29 | 139 | 75
336 | Revision_336/fortran.c | U | 746 | 776 | 23 | 86501 | 29 | 140 | 75
336 | Revision_336/eiffel.c | U | 410 | 435 | 20 | 86502 | 30 | 141 | 94
336 | Revision_336/fortran.c | U | 779 | 804 | 20 | 86503 | 30 | 142 | 94
336 | Revision_336/eiffel.c | U | 547 | 551 | 5 | 86504 | 31 | 143 | 75
336 | Revision_336/fortran.c | U | 965 | 969 | 5 | 86505 | 31 | 145 | 75
336 | Revision_336/fortran.c | U | 768 | 772 | 5 | 86506 | 31 | 144 | 75
336 | Revision_336/eiffel.c | U | 572 | 584 | 11 | 86507 | 32 | 114 | 88
336 | Revision_336/fortran.c | U | 831 | 842 | 11 | 86508 | 32 | 116 | 88
336 | Revision_336/eiffel.c | U | 587 | 599 | 11 | 86509 | 32 | 117 | 88
336 | Revision_336/sql.c | U | 274 | 285 | 11 | 86510 | 32 | 306 | 88
336 | Revision_336/eiffel.c | U | 602 | 612 | 9 | 86511 | 33 | 146 | 87
336 | Revision_336/fortran.c | U | 849 | 859 | 9 | 86512 | 33 | 147 | 87
336 | Revision_336/asm.c | U | 132 | 141 | 9 | 86513 | 33 | 270 | 87
336 | Revision_336/eiffel.c | U | 771 | 818 | 13 | 86514 | 34 | 349 | 72
336 | Revision_336/fortran.c | U | 1077 | 1088 | 13 | 86515 | 34 | 350 | 72
336 | Revision_336/eiffel.c | U | 836 | 854 | 13 | 86516 | 35 | 251 | 72
336 | Revision_336/eiffel.c | U | 858 | 880 | 13 | 86517 | 35 | 252 | 72
336 | Revision_336/fortran.c | U | 1359 | 1372 | 13 | 86518 | 35 | 336 | 72
336 | Revision_336/eiffel.c | U | 1008 | 1021 | 13 | 86519 | 35 | 253 | 72
336 | Revision_336/fortran.c | U | 1613 | 1621 | 13 | 86520 | 35 | 337 | 72
336 | Revision_336/eiffel.c | U | 1113 | 1137 | 22 | 86521 | 36 | 307 | 70
336 | Revision_336/sql.c | U | 470 | 495 | 22 | 86522 | 36 | 308 | 70
336 | Revision_336/eiffel.c | U | 1191 | 1197 | 6 | 86523 | 37 | 362 | 80
336 | Revision_336/fortran.c | U | 438 | 443 | 6 | 86524 | 37 | 363 | 80
336 | Revision_336/verilog.c | U | 147 | 153 | 7 | 86525 | 38 | 284 | 83
336 | Revision_336/lua.c | U | 81 | 88 | 7 | 86526 | 38 | 285 | 83
336 | Revision_336/vim.c | U | 56 | 60 | 5 | 86527 | 39 | 290 | 100
336 | Revision_336/vim.c | U | 62 | 66 | 5 | 86528 | 39 | 291 | 100
336 | Revision_336/python.c | U | 105 | 109 | 5 | 86529 | 40 | 278 | 75
336 | Revision_336/erlang.c | U | 58 | 62 | 5 | 86530 | 40 | 341 | 75
336 | Revision_336/options.c | U | 908 | 913 | 5 | 86531 | 40 | 280 | 75
336 | Revision_336/sml.c | U | 82 | 86 | 5 | 86532 | 40 | 325 | 75
336 | Revision_336/python.c | U | 113 | 122 | 9 | 86533 | 41 | 292 | 75
336 | Revision_336/erlang.c | U | 66 | 75 | 9 | 86534 | 41 | 342 | 75
336 | Revision_336/tcl.c | U | 44 | 54 | 9 | 86535 | 41 | 293 | 75
336 | Revision_336/python.c | U | 145 | 150 | 6 | 86536 | 42 | 343 | 71
336 | Revision_336/erlang.c | U | 108 | 113 | 6 | 86537 | 42 | 346 | 71
336 | Revision_336/erlang.c | U | 116 | 121 | 6 | 86538 | 42 | 344 | 71
336 | Revision_336/erlang.c | U | 97 | 105 | 6 | 86539 | 42 | 344 | 71
336 | Revision_336/main.c | U | 358 | 365 | 6 | 86540 | 42 | 377 | 71
336 | Revision_336/main.c | U | 277 | 283 | 6 | 86541 | 42 | 376 | 71
336 | Revision_336/python.c | U | 172 | 181 | 9 | 86542 | 43 | 326 | 85
336 | Revision_336/sml.c | U | 162 | 171 | 9 | 86543 | 43 | 327 | 85
336 | Revision_336/python.c | U | 201 | 206 | 6 | 86544 | 44 | 328 | 80
336 | Revision_336/sml.c | U | 180 | 185 | 6 | 86545 | 44 | 329 | 80
336 | Revision_336/perl.c | U | 56 | 60 | 5 | 86546 | 45 | 163 | 75
336 | Revision_336/pascal.c | U | 133 | 137 | 5 | 86547 | 45 | 164 | 75
336 | Revision_336/sort.c | U | 123 | 128 | 5 | 86548 | 46 | 281 | 100
336 | Revision_336/sort.c | U | 131 | 136 | 5 | 86549 | 46 | 282 | 100
336 | Revision_336/strlist.c | U | 32 | 38 | 8 | 86550 | 47 | 165 | 71
336 | Revision_336/vstring.c | U | 77 | 87 | 8 | 86551 | 47 | 166 | 71
336 | Revision_336/strlist.c | U | 147 | 154 | 8 | 86552 | 48 | 167 | 85
336 | Revision_336/strlist.c | U | 169 | 176 | 8 | 86553 | 48 | 168 | 85
336 | Revision_336/strlist.c | U | 158 | 165 | 8 | 86554 | 48 | 169 | 85
336 | Revision_336/pascal.c | U | 149 | 153 | 6 | 86555 | 49 | 319 | 75
336 | Revision_336/pascal.c | U | 175 | 181 | 6 | 86556 | 49 | 170 | 75
336 | Revision_336/pascal.c | U | 183 | 189 | 6 | 86557 | 49 | 171 | 75
336 | Revision_336/get.c | U | 297 | 309 | 10 | 86558 | 50 | 174 | 70
336 | Revision_336/read.c | U | 214 | 225 | 10 | 86559 | 50 | 176 | 70
336 | Revision_336/parse.c | U | 557 | 571 | 10 | 86560 | 50 | 175 | 70
336 | Revision_336/get.c | U | 461 | 472 | 10 | 86561 | 51 | 177 | 100
336 | Revision_336/get.c | U | 478 | 489 | 10 | 86562 | 51 | 178 | 100
336 | Revision_336/get.c | U | 535 | 540 | 6 | 86563 | 52 | 180 | 80
336 | Revision_336/read.c | U | 415 | 419 | 6 | 86564 | 52 | 181 | 80
336 | Revision_336/main.c | U | 179 | 192 | 6 | 86565 | 53 | 354 | 80
336 | Revision_336/options.c | U | 393 | 398 | 6 | 86566 | 53 | 355 | 80
336 | Revision_336/routines.c | U | 224 | 231 | 6 | 86567 | 54 | 254 | 80
336 | Revision_336/routines.c | U | 234 | 241 | 6 | 86568 | 54 | 255 | 80
336 | Revision_336/routines.c | U | 275 | 282 | 8 | 86569 | 55 | 256 | 83
336 | Revision_336/readtags.c | U | 119 | 126 | 8 | 86570 | 55 | 123 | 83
336 | Revision_336/readtags.c | U | 109 | 116 | 8 | 86571 | 55 | 238 | 83
336 | Revision_336/routines.c | U | 285 | 292 | 8 | 86572 | 55 | 257 | 83
336 | Revision_336/routines.c | U | 309 | 313 | 5 | 86573 | 56 | 258 | 75
336 | Revision_336/vstring.c | U | 125 | 129 | 5 | 86574 | 56 | 188 | 75
336 | Revision_336/vstring.c | U | 118 | 122 | 5 | 86575 | 56 | 189 | 75
336 | Revision_336/routines.c | U | 316 | 322 | 6 | 86576 | 57 | 259 | 100
336 | Revision_336/routines.c | U | 325 | 331 | 6 | 86577 | 57 | 260 | 100
336 | Revision_336/routines.c | U | 336 | 343 | 8 | 86578 | 58 | 261 | 100
336 | Revision_336/routines.c | U | 348 | 355 | 8 | 86579 | 58 | 262 | 100
336 | Revision_336/routines.c | U | 472 | 485 | 5 | 86580 | 59 | 267 | 75
336 | Revision_336/routines.c | U | 565 | 588 | 5 | 86581 | 59 | 268 | 75
336 | Revision_336/sh.c | U | 88 | 93 | 6 | 86582 | 60 | 378 | 80
336 | Revision_336/asm.c | U | 349 | 354 | 6 | 86583 | 60 | 379 | 80
336 | Revision_336/beta.c | U | 136 | 143 | 6 | 86584 | 61 | 201 | 75
336 | Revision_336/beta.c | U | 207 | 215 | 6 | 86585 | 61 | 202 | 75
336 | Revision_336/beta.c | U | 154 | 158 | 5 | 86586 | 62 | 203 | 75
336 | Revision_336/beta.c | U | 280 | 284 | 5 | 86587 | 62 | 205 | 75
336 | Revision_336/beta.c | U | 160 | 164 | 5 | 86588 | 62 | 204 | 75
336 | Revision_336/beta.c | U | 274 | 278 | 5 | 86589 | 62 | 207 | 75
336 | Revision_336/beta.c | U | 167 | 171 | 5 | 86590 | 62 | 206 | 75
336 | Revision_336/sql.c | U | 412 | 418 | 6 | 86591 | 63 | 310 | 75
336 | Revision_336/sql.c | U | 620 | 626 | 6 | 86592 | 63 | 298 | 75
336 | Revision_336/fortran.c | U | 1056 | 1060 | 6 | 86593 | 63 | 312 | 75
336 | Revision_336/sql.c | U | 438 | 443 | 6 | 86594 | 64 | 313 | 100
336 | Revision_336/sql.c | U | 604 | 609 | 6 | 86595 | 64 | 299 | 100
336 | Revision_336/sql.c | U | 454 | 462 | 8 | 86596 | 65 | 313 | 71
336 | Revision_336/fortran.c | U | 1737 | 1743 | 8 | 86597 | 65 | 314 | 71
336 | Revision_336/sql.c | U | 537 | 545 | 8 | 86598 | 65 | 380 | 71
336 | Revision_336/fortran.c | U | 1397 | 1405 | 8 | 86599 | 65 | 59 | 71
336 | Revision_336/parse.c | U | 98 | 108 | 11 | 86600 | 66 | 208 | 88
336 | Revision_336/parse.c | U | 111 | 122 | 11 | 86601 | 66 | 209 | 88
336 | Revision_336/parse.c | U | 272 | 276 | 5 | 86602 | 67 | 356 | 75
336 | Revision_336/parse.c | U | 527 | 531 | 5 | 86603 | 67 | 357 | 75
336 | Revision_336/parse.c | U | 546 | 550 | 5 | 86604 | 67 | 358 | 75
336 | Revision_336/readtags.c | U | 545 | 551 | 6 | 86605 | 68 | 239 | 100
336 | Revision_336/readtags.c | U | 553 | 559 | 6 | 86606 | 68 | 240 | 100
336 | Revision_336/readtags.c | U | 588 | 592 | 6 | 86607 | 69 | 123 | 75
336 | Revision_336/readtags.c | U | 643 | 649 | 6 | 86608 | 69 | 124 | 75
336 | Revision_336/readtags.c | U | 720 | 728 | 8 | 86609 | 70 | 210 | 83
336 | Revision_336/readtags.c | U | 775 | 783 | 8 | 86610 | 70 | 211 | 83
336 | Revision_336/readtags.c | U | 731 | 739 | 8 | 86611 | 70 | 212 | 83
336 | Revision_336/readtags.c | U | 742 | 747 | 6 | 86612 | 71 | 241 | 80
336 | Revision_336/readtags.c | U | 767 | 772 | 6 | 86613 | 71 | 242 | 80
336 | Revision_336/readtags.c | U | 759 | 764 | 6 | 86614 | 71 | 287 | 80
336 | Revision_336/fortran.c | U | 1250 | 1271 | 23 | 86615 | 72 | 369 | 72
336 | Revision_336/fortran.c | U | 1770 | 1793 | 23 | 86616 | 72 | 366 | 72
336 | Revision_336/fortran.c | U | 1304 | 1310 | 7 | 86617 | 73 | 85 | 83
336 | Revision_336/fortran.c | U | 1363 | 1369 | 7 | 86618 | 73 | 84 | 83
336 | Revision_336/fortran.c | U | 1430 | 1438 | 10 | 86619 | 74 | 314 | 77
336 | Revision_336/fortran.c | U | 1469 | 1478 | 10 | 86620 | 74 | 59 | 77
336 | Revision_336/fortran.c | U | 1516 | 1522 | 8 | 86621 | 75 | 65 | 71
336 | Revision_336/fortran.c | U | 1692 | 1701 | 8 | 86622 | 75 | 221 | 71
336 | Revision_336/fortran.c | U | 1710 | 1725 | 20 | 86623 | 76 | 21 | 84
336 | Revision_336/fortran.c | U | 1925 | 1941 | 20 | 86624 | 76 | 374 | 84
336 | Revision_336/fortran.c | U | 1889 | 1908 | 17 | 86625 | 77 | 220 | 75
336 | Revision_336/fortran.c | U | 1960 | 1977 | 17 | 86626 | 77 | 221 | 75
336 | Revision_336/fortran.c | U | 2032 | 2053 | 17 | 86627 | 77 | 372 | 75
336 | Revision_336/asm.c | U | 245 | 258 | 11 | 86628 | 78 | 289 | 77
336 | Revision_336/asm.c | U | 263 | 273 | 11 | 86629 | 78 | 279 | 77
336 | Revision_336/scheme.c | U | 70 | 78 | 8 | 86630 | 79 | 222 | 71
336 | Revision_336/scheme.c | U | 85 | 93 | 8 | 86631 | 79 | 223 | 71
336 | Revision_336/options.c | U | 365 | 371 | 6 | 86632 | 80 | 224 | 100
336 | Revision_336/options.c | U | 374 | 380 | 6 | 86633 | 80 | 225 | 100
336 | Revision_336/options.c | U | 537 | 543 | 7 | 86634 | 81 | 226 | 100
336 | Revision_336/options.c | U | 564 | 570 | 7 | 86635 | 81 | 227 | 100
336 | Revision_336/options.c | U | 555 | 561 | 7 | 86636 | 81 | 228 | 100
336 | Revision_336/options.c | U | 546 | 552 | 7 | 86637 | 81 | 229 | 100
336 | Revision_336/options.c | U | 927 | 931 | 5 | 86638 | 82 | 230 | 75
336 | Revision_336/options.c | U | 953 | 957 | 5 | 86639 | 82 | 231 | 75
336 | Revision_336/options.c | U | 1047 | 1051 | 5 | 86640 | 83 | 232 | 100
336 | Revision_336/options.c | U | 1053 | 1057 | 5 | 86641 | 83 | 233 | 100
336 | Revision_336/options.c | U | 1098 | 1110 | 12 | 86642 | 84 | 360 | 100
336 | Revision_336/options.c | U | 1114 | 1126 | 12 | 86643 | 84 | 235 | 100
336 | Revision_336/options.c | U | 1366 | 1383 | 15 | 86644 | 85 | 236 | 91
336 | Revision_336/options.c | U | 1404 | 1421 | 15 | 86645 | 85 | 237 | 91
