Revision | filePath | changeType | StartLine | EndLine | Nlines | cloneId | classId | globalCloneId | Similarity
342 | Revision_342/lisp.c | U | 91 | 97 | 7 | 88232 | 1 | 1 | 83
342 | Revision_342/lisp.c | U | 112 | 118 | 7 | 88233 | 1 | 2 | 83
342 | Revision_342/lisp.c | U | 127 | 137 | 9 | 88234 | 2 | 3 | 70
342 | Revision_342/awk.c | U | 71 | 79 | 9 | 88235 | 2 | 10 | 70
342 | Revision_342/c.c | U | 2641 | 2650 | 9 | 88236 | 2 | 12 | 70
342 | Revision_342/c.c | U | 2629 | 2638 | 9 | 88237 | 2 | 15 | 70
342 | Revision_342/c.c | U | 2617 | 2626 | 9 | 88238 | 2 | 315 | 70
342 | Revision_342/c.c | U | 2599 | 2614 | 9 | 88239 | 2 | 8 | 70
342 | Revision_342/eiffel.c | U | 1222 | 1231 | 9 | 88240 | 2 | 9 | 70
342 | Revision_342/c.c | U | 2587 | 2596 | 9 | 88241 | 2 | 330 | 70
342 | Revision_342/verilog.c | U | 324 | 333 | 9 | 88242 | 2 | 283 | 70
342 | Revision_342/fortran.c | U | 2170 | 2185 | 9 | 88243 | 2 | 21 | 70
342 | Revision_342/vim.c | U | 168 | 176 | 9 | 88244 | 2 | 20 | 70
342 | Revision_342/pascal.c | U | 255 | 263 | 9 | 88245 | 2 | 14 | 70
342 | Revision_342/sql.c | U | 672 | 681 | 9 | 88246 | 2 | 296 | 70
342 | Revision_342/python.c | U | 213 | 221 | 9 | 88247 | 2 | 13 | 70
342 | Revision_342/perl.c | U | 109 | 117 | 9 | 88248 | 2 | 7 | 70
342 | Revision_342/lua.c | U | 123 | 131 | 9 | 88249 | 2 | 243 | 70
342 | Revision_342/cobol.c | U | 40 | 48 | 9 | 88250 | 2 | 320 | 70
342 | Revision_342/sh.c | U | 102 | 112 | 9 | 88251 | 2 | 17 | 70
342 | Revision_342/beta.c | U | 313 | 321 | 9 | 88252 | 2 | 5 | 70
342 | Revision_342/erlang.c | U | 179 | 187 | 9 | 88253 | 2 | 340 | 70
342 | Revision_342/scheme.c | U | 99 | 109 | 9 | 88254 | 2 | 16 | 70
342 | Revision_342/tcl.c | U | 106 | 114 | 9 | 88255 | 2 | 18 | 70
342 | Revision_342/sml.c | U | 192 | 200 | 9 | 88256 | 2 | 321 | 70
342 | Revision_342/php.c | A | 125 | 133 | 9 | 88257 | 2 | 22 | 70
342 | Revision_342/ruby.c | U | 167 | 175 | 9 | 88258 | 2 | 19 | 70
342 | Revision_342/asp.c | U | 181 | 189 | 9 | 88259 | 2 | 4 | 70
342 | Revision_342/rexx.c | U | 30 | 37 | 9 | 88260 | 2 | 26 | 70
342 | Revision_342/asm.c | U | 367 | 386 | 9 | 88261 | 2 | 274 | 70
342 | Revision_342/make.c | U | 91 | 101 | 9 | 88262 | 2 | 25 | 70
342 | Revision_342/jscript.c | U | 31 | 38 | 9 | 88263 | 2 | 364 | 70
342 | Revision_342/slang.c | U | 34 | 41 | 9 | 88264 | 2 | 24 | 70
342 | Revision_342/yacc.c | U | 31 | 38 | 9 | 88265 | 2 | 23 | 70
342 | Revision_342/html.c | U | 40 | 47 | 9 | 88266 | 2 | 365 | 70
342 | Revision_342/keyword.c | U | 107 | 116 | 9 | 88267 | 2 | 27 | 70
342 | Revision_342/c.c | U | 2052 | 2057 | 9 | 88268 | 2 | 28 | 70
342 | Revision_342/fortran.c | U | 412 | 424 | 9 | 88269 | 2 | 158 | 70
342 | Revision_342/options.c | U | 527 | 532 | 9 | 88270 | 2 | 29 | 70
342 | Revision_342/sql.c | U | 205 | 213 | 9 | 88271 | 2 | 309 | 70
342 | Revision_342/options.c | U | 620 | 626 | 9 | 88272 | 2 | 30 | 70
342 | Revision_342/eiffel.c | U | 1176 | 1188 | 9 | 88273 | 2 | 157 | 70
342 | Revision_342/c.c | U | 2081 | 2089 | 9 | 88274 | 2 | 31 | 70
342 | Revision_342/asp.c | U | 70 | 89 | 15 | 88275 | 3 | 33 | 100
342 | Revision_342/asp.c | U | 93 | 112 | 15 | 88276 | 3 | 34 | 100
342 | Revision_342/asp.c | U | 116 | 132 | 14 | 88277 | 4 | 35 | 72
342 | Revision_342/asp.c | U | 136 | 151 | 14 | 88278 | 4 | 36 | 72
342 | Revision_342/asp.c | U | 155 | 170 | 14 | 88279 | 4 | 36 | 72
342 | Revision_342/vim.c | U | 121 | 135 | 14 | 88280 | 4 | 159 | 72
342 | Revision_342/php.c | U | 78 | 91 | 14 | 88281 | 4 | 40 | 72
342 | Revision_342/php.c | U | 58 | 75 | 14 | 88282 | 4 | 173 | 72
342 | Revision_342/ruby.c | U | 96 | 111 | 14 | 88283 | 4 | 42 | 72
342 | Revision_342/ruby.c | U | 79 | 94 | 14 | 88284 | 4 | 42 | 72
342 | Revision_342/vim.c | U | 95 | 110 | 14 | 88285 | 4 | 334 | 72
342 | Revision_342/vim.c | U | 143 | 162 | 14 | 88286 | 4 | 160 | 72
342 | Revision_342/vim.c | U | 114 | 136 | 14 | 88287 | 4 | 160 | 72
342 | Revision_342/args.c | U | 85 | 92 | 8 | 88288 | 5 | 43 | 100
342 | Revision_342/args.c | U | 159 | 166 | 8 | 88289 | 5 | 44 | 100
342 | Revision_342/args.c | U | 144 | 148 | 5 | 88290 | 6 | 322 | 75
342 | Revision_342/sml.c | U | 174 | 178 | 5 | 88291 | 6 | 323 | 75
342 | Revision_342/readtags.c | U | 702 | 706 | 5 | 88292 | 6 | 212 | 75
342 | Revision_342/args.c | U | 181 | 189 | 9 | 88293 | 7 | 45 | 75
342 | Revision_342/args.c | U | 192 | 199 | 9 | 88294 | 7 | 46 | 75
342 | Revision_342/args.c | U | 202 | 210 | 9 | 88295 | 7 | 47 | 75
342 | Revision_342/args.c | U | 265 | 271 | 6 | 88296 | 8 | 48 | 80
342 | Revision_342/options.c | U | 573 | 578 | 6 | 88297 | 8 | 49 | 80
342 | Revision_342/fortran.c | U | 882 | 887 | 6 | 88298 | 8 | 50 | 80
342 | Revision_342/c.c | U | 509 | 515 | 7 | 88299 | 9 | 51 | 80
342 | Revision_342/vstring.c | U | 67 | 74 | 7 | 88300 | 9 | 52 | 80
342 | Revision_342/c.c | U | 518 | 525 | 6 | 88301 | 10 | 53 | 80
342 | Revision_342/c.c | U | 528 | 535 | 6 | 88302 | 10 | 54 | 80
342 | Revision_342/c.c | U | 637 | 653 | 17 | 88303 | 11 | 55 | 72
342 | Revision_342/fortran.c | U | 1091 | 1111 | 17 | 88304 | 11 | 58 | 72
342 | Revision_342/c.c | U | 1173 | 1187 | 17 | 88305 | 11 | 56 | 72
342 | Revision_342/c.c | U | 656 | 672 | 17 | 88306 | 11 | 60 | 72
342 | Revision_342/fortran.c | U | 1114 | 1129 | 17 | 88307 | 11 | 375 | 72
342 | Revision_342/fortran.c | U | 1850 | 1866 | 17 | 88308 | 11 | 59 | 72
342 | Revision_342/c.c | U | 1096 | 1114 | 17 | 88309 | 11 | 57 | 72
342 | Revision_342/fortran.c | U | 1767 | 1795 | 17 | 88310 | 11 | 366 | 72
342 | Revision_342/c.c | U | 1099 | 1112 | 17 | 88311 | 11 | 63 | 72
342 | Revision_342/c.c | U | 659 | 670 | 17 | 88312 | 11 | 57 | 72
342 | Revision_342/fortran.c | U | 1094 | 1109 | 17 | 88313 | 11 | 58 | 72
342 | Revision_342/c.c | U | 2388 | 2407 | 17 | 88314 | 11 | 61 | 72
342 | Revision_342/fortran.c | U | 1567 | 1604 | 17 | 88315 | 11 | 367 | 72
342 | Revision_342/c.c | U | 2390 | 2404 | 17 | 88316 | 11 | 64 | 72
342 | Revision_342/fortran.c | U | 1853 | 1864 | 17 | 88317 | 11 | 65 | 72
342 | Revision_342/eiffel.c | U | 905 | 947 | 17 | 88318 | 11 | 248 | 72
342 | Revision_342/c.c | U | 640 | 651 | 17 | 88319 | 11 | 71 | 72
342 | Revision_342/c.c | U | 689 | 709 | 20 | 88320 | 12 | 72 | 72
342 | Revision_342/c.c | U | 806 | 814 | 20 | 88321 | 12 | 73 | 72
342 | Revision_342/fortran.c | U | 1281 | 1291 | 20 | 88322 | 12 | 337 | 72
342 | Revision_342/c.c | U | 719 | 725 | 8 | 88323 | 13 | 74 | 71
342 | Revision_342/options.c | U | 466 | 473 | 8 | 88324 | 13 | 75 | 71
342 | Revision_342/c.c | U | 748 | 752 | 5 | 88325 | 14 | 76 | 75
342 | Revision_342/fortran.c | U | 1893 | 1897 | 5 | 88326 | 14 | 79 | 75
342 | Revision_342/c.c | U | 1976 | 1980 | 5 | 88327 | 14 | 80 | 75
342 | Revision_342/sql.c | U | 500 | 504 | 5 | 88328 | 14 | 297 | 75
342 | Revision_342/eiffel.c | U | 673 | 677 | 5 | 88329 | 14 | 249 | 75
342 | Revision_342/c.c | U | 2440 | 2444 | 5 | 88330 | 14 | 86 | 75
342 | Revision_342/eiffel.c | U | 1014 | 1018 | 5 | 88331 | 14 | 269 | 75
342 | Revision_342/eiffel.c | U | 874 | 878 | 5 | 88332 | 14 | 269 | 75
342 | Revision_342/eiffel.c | U | 963 | 967 | 5 | 88333 | 14 | 269 | 75
342 | Revision_342/fortran.c | U | 1322 | 1326 | 5 | 88334 | 14 | 85 | 75
342 | Revision_342/readtags.c | U | 147 | 151 | 5 | 88335 | 14 | 87 | 75
342 | Revision_342/sql.c | U | 331 | 335 | 5 | 88336 | 14 | 300 | 75
342 | Revision_342/eiffel.c | U | 660 | 664 | 5 | 88337 | 14 | 250 | 75
342 | Revision_342/eiffel.c | U | 848 | 853 | 5 | 88338 | 14 | 151 | 75
342 | Revision_342/fortran.c | U | 1531 | 1536 | 5 | 88339 | 14 | 79 | 75
342 | Revision_342/c.c | U | 2505 | 2510 | 5 | 88340 | 14 | 94 | 75
342 | Revision_342/fortran.c | U | 588 | 592 | 5 | 88341 | 14 | 95 | 75
342 | Revision_342/fortran.c | U | 1319 | 1327 | 5 | 88342 | 14 | 84 | 75
342 | Revision_342/eiffel.c | U | 1033 | 1037 | 5 | 88343 | 14 | 151 | 75
342 | Revision_342/ruby.c | U | 136 | 140 | 5 | 88344 | 14 | 19 | 75
342 | Revision_342/fortran.c | U | 1190 | 1194 | 5 | 88345 | 14 | 85 | 75
342 | Revision_342/readtags.c | U | 458 | 462 | 5 | 88346 | 14 | 90 | 75
342 | Revision_342/options.c | U | 988 | 992 | 5 | 88347 | 14 | 89 | 75
342 | Revision_342/keyword.c | U | 185 | 189 | 5 | 88348 | 14 | 91 | 75
342 | Revision_342/c.c | U | 1664 | 1668 | 5 | 88349 | 14 | 121 | 75
342 | Revision_342/c.c | U | 1673 | 1677 | 5 | 88350 | 14 | 331 | 75
342 | Revision_342/vstring.c | U | 35 | 40 | 5 | 88351 | 14 | 98 | 75
342 | Revision_342/fortran.c | U | 1703 | 1707 | 5 | 88352 | 14 | 373 | 75
342 | Revision_342/c.c | U | 2042 | 2049 | 5 | 88353 | 14 | 244 | 75
342 | Revision_342/c.c | U | 2023 | 2027 | 5 | 88354 | 14 | 125 | 75
342 | Revision_342/strlist.c | U | 134 | 138 | 5 | 88355 | 14 | 126 | 75
342 | Revision_342/eiffel.c | U | 1069 | 1078 | 5 | 88356 | 14 | 101 | 75
342 | Revision_342/options.c | U | 1628 | 1632 | 5 | 88357 | 14 | 333 | 75
342 | Revision_342/fortran.c | U | 1524 | 1529 | 5 | 88358 | 14 | 79 | 75
342 | Revision_342/options.c | U | 668 | 672 | 5 | 88359 | 14 | 127 | 75
342 | Revision_342/fortran.c | U | 986 | 990 | 5 | 88360 | 14 | 128 | 75
342 | Revision_342/options.c | U | 1167 | 1171 | 5 | 88361 | 14 | 129 | 75
342 | Revision_342/c.c | U | 758 | 778 | 43 | 88362 | 15 | 103 | 86
342 | Revision_342/c.c | U | 884 | 903 | 43 | 88363 | 15 | 103 | 86
342 | Revision_342/c.c | U | 818 | 837 | 43 | 88364 | 15 | 316 | 86
342 | Revision_342/c.c | U | 781 | 800 | 43 | 88365 | 15 | 332 | 86
342 | Revision_342/c.c | U | 803 | 816 | 24 | 88366 | 16 | 73 | 77
342 | Revision_342/fortran.c | U | 1278 | 1293 | 24 | 88367 | 16 | 337 | 77
342 | Revision_342/c.c | U | 840 | 851 | 12 | 88368 | 17 | 317 | 90
342 | Revision_342/c.c | U | 854 | 865 | 12 | 88369 | 17 | 318 | 90
342 | Revision_342/c.c | U | 1297 | 1304 | 7 | 88370 | 18 | 108 | 80
342 | Revision_342/c.c | U | 1306 | 1313 | 7 | 88371 | 18 | 109 | 80
342 | Revision_342/c.c | U | 1327 | 1334 | 7 | 88372 | 19 | 110 | 83
342 | Revision_342/fortran.c | U | 621 | 627 | 7 | 88373 | 19 | 112 | 83
342 | Revision_342/c.c | U | 1337 | 1344 | 7 | 88374 | 19 | 111 | 83
342 | Revision_342/c.c | U | 1393 | 1402 | 9 | 88375 | 20 | 294 | 71
342 | Revision_342/eiffel.c | U | 556 | 564 | 9 | 88376 | 20 | 295 | 71
342 | Revision_342/c.c | U | 1396 | 1400 | 5 | 88377 | 21 | 294 | 75
342 | Revision_342/readtags.c | U | 506 | 510 | 5 | 88378 | 21 | 90 | 75
342 | Revision_342/readtags.c | U | 683 | 687 | 5 | 88379 | 21 | 99 | 75
342 | Revision_342/c.c | U | 1717 | 1721 | 5 | 88380 | 22 | 118 | 75
342 | Revision_342/eiffel.c | U | 419 | 423 | 5 | 88381 | 22 | 119 | 75
342 | Revision_342/fortran.c | U | 788 | 792 | 5 | 88382 | 22 | 120 | 75
342 | Revision_342/c.c | U | 1864 | 1868 | 5 | 88383 | 23 | 121 | 75
342 | Revision_342/get.c | U | 588 | 592 | 5 | 88384 | 23 | 122 | 75
342 | Revision_342/c.c | U | 2004 | 2011 | 9 | 88385 | 24 | 28 | 71
342 | Revision_342/eiffel.c | U | 1066 | 1079 | 9 | 88386 | 24 | 156 | 71
342 | Revision_342/c.c | U | 2461 | 2466 | 6 | 88387 | 25 | 94 | 80
342 | Revision_342/sql.c | U | 523 | 528 | 6 | 88388 | 25 | 301 | 80
342 | Revision_342/c.c | U | 2545 | 2554 | 9 | 88389 | 26 | 130 | 71
342 | Revision_342/verilog.c | U | 107 | 117 | 9 | 88390 | 26 | 381 | 71
342 | Revision_342/asm.c | U | 120 | 128 | 9 | 88391 | 26 | 288 | 71
342 | Revision_342/fortran.c | U | 396 | 405 | 9 | 88392 | 26 | 132 | 71
342 | Revision_342/sql.c | U | 193 | 202 | 9 | 88393 | 26 | 302 | 71
342 | Revision_342/eiffel.c | U | 215 | 224 | 9 | 88394 | 26 | 131 | 71
342 | Revision_342/eiffel.c | U | 287 | 301 | 9 | 88395 | 27 | 133 | 71
342 | Revision_342/sql.c | U | 226 | 238 | 9 | 88396 | 27 | 303 | 71
342 | Revision_342/beta.c | U | 71 | 82 | 9 | 88397 | 27 | 134 | 71
342 | Revision_342/parse.c | U | 46 | 57 | 9 | 88398 | 27 | 135 | 71
342 | Revision_342/sml.c | U | 73 | 79 | 9 | 88399 | 27 | 324 | 71
342 | Revision_342/eiffel.c | U | 289 | 299 | 9 | 88400 | 27 | 136 | 71
342 | Revision_342/sql.c | U | 228 | 237 | 9 | 88401 | 27 | 303 | 71
342 | Revision_342/eiffel.c | U | 367 | 376 | 8 | 88402 | 28 | 304 | 100
342 | Revision_342/sql.c | U | 245 | 252 | 8 | 88403 | 28 | 305 | 100
342 | Revision_342/eiffel.c | U | 382 | 407 | 23 | 88404 | 29 | 139 | 75
342 | Revision_342/fortran.c | U | 746 | 776 | 23 | 88405 | 29 | 140 | 75
342 | Revision_342/eiffel.c | U | 410 | 435 | 20 | 88406 | 30 | 141 | 94
342 | Revision_342/fortran.c | U | 779 | 804 | 20 | 88407 | 30 | 142 | 94
342 | Revision_342/eiffel.c | U | 547 | 551 | 5 | 88408 | 31 | 143 | 75
342 | Revision_342/fortran.c | U | 768 | 772 | 5 | 88409 | 31 | 144 | 75
342 | Revision_342/verilog.c | U | 244 | 248 | 5 | 88410 | 31 | 382 | 75
342 | Revision_342/verilog.c | U | 141 | 145 | 5 | 88411 | 31 | 383 | 75
342 | Revision_342/fortran.c | U | 965 | 969 | 5 | 88412 | 31 | 145 | 75
342 | Revision_342/eiffel.c | U | 572 | 584 | 11 | 88413 | 32 | 114 | 88
342 | Revision_342/sql.c | U | 274 | 285 | 11 | 88414 | 32 | 306 | 88
342 | Revision_342/fortran.c | U | 831 | 842 | 11 | 88415 | 32 | 116 | 88
342 | Revision_342/eiffel.c | U | 587 | 599 | 11 | 88416 | 32 | 117 | 88
342 | Revision_342/eiffel.c | U | 602 | 612 | 9 | 88417 | 33 | 146 | 87
342 | Revision_342/asm.c | U | 131 | 140 | 9 | 88418 | 33 | 270 | 87
342 | Revision_342/fortran.c | U | 849 | 859 | 9 | 88419 | 33 | 147 | 87
342 | Revision_342/eiffel.c | U | 771 | 818 | 13 | 88420 | 34 | 349 | 72
342 | Revision_342/fortran.c | U | 1077 | 1088 | 13 | 88421 | 34 | 350 | 72
342 | Revision_342/eiffel.c | U | 836 | 854 | 12 | 88422 | 35 | 251 | 72
342 | Revision_342/fortran.c | U | 1359 | 1372 | 12 | 88423 | 35 | 336 | 72
342 | Revision_342/eiffel.c | U | 858 | 880 | 12 | 88424 | 35 | 252 | 72
342 | Revision_342/eiffel.c | U | 1008 | 1021 | 12 | 88425 | 35 | 253 | 72
342 | Revision_342/fortran.c | U | 1613 | 1621 | 12 | 88426 | 35 | 337 | 72
342 | Revision_342/eiffel.c | U | 1113 | 1137 | 22 | 88427 | 36 | 307 | 70
342 | Revision_342/sql.c | U | 470 | 495 | 22 | 88428 | 36 | 308 | 70
342 | Revision_342/eiffel.c | U | 1191 | 1197 | 6 | 88429 | 37 | 362 | 80
342 | Revision_342/fortran.c | U | 438 | 443 | 6 | 88430 | 37 | 363 | 80
342 | Revision_342/vim.c | U | 56 | 60 | 5 | 88431 | 38 | 290 | 100
342 | Revision_342/vim.c | U | 62 | 66 | 5 | 88432 | 38 | 291 | 100
342 | Revision_342/python.c | U | 105 | 109 | 5 | 88433 | 39 | 278 | 75
342 | Revision_342/erlang.c | U | 58 | 62 | 5 | 88434 | 39 | 341 | 75
342 | Revision_342/options.c | U | 909 | 914 | 5 | 88435 | 39 | 280 | 75
342 | Revision_342/sml.c | U | 82 | 86 | 5 | 88436 | 39 | 325 | 75
342 | Revision_342/python.c | U | 113 | 122 | 9 | 88437 | 40 | 292 | 75
342 | Revision_342/tcl.c | U | 44 | 54 | 9 | 88438 | 40 | 293 | 75
342 | Revision_342/erlang.c | U | 66 | 75 | 9 | 88439 | 40 | 342 | 75
342 | Revision_342/python.c | U | 145 | 150 | 6 | 88440 | 41 | 343 | 71
342 | Revision_342/erlang.c | U | 108 | 113 | 6 | 88441 | 41 | 346 | 71
342 | Revision_342/erlang.c | U | 116 | 121 | 6 | 88442 | 41 | 344 | 71
342 | Revision_342/erlang.c | U | 97 | 105 | 6 | 88443 | 41 | 344 | 71
342 | Revision_342/main.c | U | 277 | 283 | 6 | 88444 | 41 | 376 | 71
342 | Revision_342/main.c | U | 358 | 365 | 6 | 88445 | 41 | 377 | 71
342 | Revision_342/python.c | U | 172 | 181 | 9 | 88446 | 42 | 326 | 85
342 | Revision_342/sml.c | U | 162 | 171 | 9 | 88447 | 42 | 327 | 85
342 | Revision_342/python.c | U | 201 | 206 | 6 | 88448 | 43 | 328 | 80
342 | Revision_342/sml.c | U | 180 | 185 | 6 | 88449 | 43 | 329 | 80
342 | Revision_342/perl.c | U | 56 | 60 | 5 | 88450 | 44 | 163 | 75
342 | Revision_342/pascal.c | U | 133 | 137 | 5 | 88451 | 44 | 164 | 75
342 | Revision_342/sort.c | U | 123 | 128 | 5 | 88452 | 45 | 281 | 100
342 | Revision_342/sort.c | U | 131 | 136 | 5 | 88453 | 45 | 282 | 100
342 | Revision_342/strlist.c | U | 32 | 38 | 8 | 88454 | 46 | 165 | 71
342 | Revision_342/vstring.c | U | 77 | 87 | 8 | 88455 | 46 | 166 | 71
342 | Revision_342/strlist.c | U | 147 | 154 | 8 | 88456 | 47 | 167 | 85
342 | Revision_342/strlist.c | U | 158 | 165 | 8 | 88457 | 47 | 168 | 85
342 | Revision_342/strlist.c | U | 169 | 176 | 8 | 88458 | 47 | 169 | 85
342 | Revision_342/pascal.c | U | 149 | 153 | 6 | 88459 | 48 | 319 | 75
342 | Revision_342/pascal.c | U | 175 | 181 | 6 | 88460 | 48 | 170 | 75
342 | Revision_342/pascal.c | U | 183 | 189 | 6 | 88461 | 48 | 171 | 75
342 | Revision_342/get.c | U | 297 | 309 | 10 | 88462 | 49 | 174 | 70
342 | Revision_342/parse.c | U | 557 | 571 | 10 | 88463 | 49 | 175 | 70
342 | Revision_342/read.c | U | 214 | 225 | 10 | 88464 | 49 | 176 | 70
342 | Revision_342/get.c | U | 461 | 472 | 10 | 88465 | 50 | 177 | 100
342 | Revision_342/get.c | U | 478 | 489 | 10 | 88466 | 50 | 178 | 100
342 | Revision_342/get.c | U | 535 | 540 | 6 | 88467 | 51 | 180 | 80
342 | Revision_342/read.c | U | 415 | 419 | 6 | 88468 | 51 | 181 | 80
342 | Revision_342/main.c | U | 179 | 192 | 6 | 88469 | 52 | 354 | 80
342 | Revision_342/options.c | U | 393 | 398 | 6 | 88470 | 52 | 355 | 80
342 | Revision_342/routines.c | U | 224 | 231 | 6 | 88471 | 53 | 254 | 80
342 | Revision_342/routines.c | U | 234 | 241 | 6 | 88472 | 53 | 255 | 80
342 | Revision_342/routines.c | U | 275 | 282 | 8 | 88473 | 54 | 256 | 83
342 | Revision_342/readtags.c | U | 119 | 126 | 8 | 88474 | 54 | 123 | 83
342 | Revision_342/readtags.c | U | 109 | 116 | 8 | 88475 | 54 | 238 | 83
342 | Revision_342/routines.c | U | 285 | 292 | 8 | 88476 | 54 | 257 | 83
342 | Revision_342/routines.c | U | 309 | 313 | 5 | 88477 | 55 | 258 | 75
342 | Revision_342/vstring.c | U | 125 | 129 | 5 | 88478 | 55 | 188 | 75
342 | Revision_342/vstring.c | U | 118 | 122 | 5 | 88479 | 55 | 189 | 75
342 | Revision_342/routines.c | U | 316 | 322 | 6 | 88480 | 56 | 259 | 100
342 | Revision_342/routines.c | U | 325 | 331 | 6 | 88481 | 56 | 260 | 100
342 | Revision_342/routines.c | U | 336 | 343 | 8 | 88482 | 57 | 261 | 100
342 | Revision_342/routines.c | U | 348 | 355 | 8 | 88483 | 57 | 262 | 100
342 | Revision_342/routines.c | U | 472 | 485 | 5 | 88484 | 58 | 267 | 75
342 | Revision_342/routines.c | U | 565 | 588 | 5 | 88485 | 58 | 268 | 75
342 | Revision_342/sh.c | U | 88 | 93 | 6 | 88486 | 59 | 378 | 80
342 | Revision_342/asm.c | U | 348 | 353 | 6 | 88487 | 59 | 379 | 80
342 | Revision_342/beta.c | U | 136 | 143 | 6 | 88488 | 60 | 201 | 75
342 | Revision_342/beta.c | U | 207 | 215 | 6 | 88489 | 60 | 202 | 75
342 | Revision_342/beta.c | U | 154 | 158 | 5 | 88490 | 61 | 203 | 75
342 | Revision_342/beta.c | U | 160 | 164 | 5 | 88491 | 61 | 204 | 75
342 | Revision_342/beta.c | U | 167 | 171 | 5 | 88492 | 61 | 206 | 75
342 | Revision_342/beta.c | U | 280 | 284 | 5 | 88493 | 61 | 205 | 75
342 | Revision_342/beta.c | U | 274 | 278 | 5 | 88494 | 61 | 207 | 75
342 | Revision_342/sql.c | U | 412 | 418 | 6 | 88495 | 62 | 310 | 75
342 | Revision_342/fortran.c | U | 1056 | 1060 | 6 | 88496 | 62 | 312 | 75
342 | Revision_342/sql.c | U | 620 | 626 | 6 | 88497 | 62 | 298 | 75
342 | Revision_342/sql.c | U | 438 | 443 | 6 | 88498 | 63 | 313 | 100
342 | Revision_342/sql.c | U | 604 | 609 | 6 | 88499 | 63 | 299 | 100
342 | Revision_342/sql.c | U | 454 | 462 | 8 | 88500 | 64 | 313 | 71
342 | Revision_342/fortran.c | U | 1737 | 1743 | 8 | 88501 | 64 | 314 | 71
342 | Revision_342/sql.c | U | 537 | 545 | 8 | 88502 | 64 | 380 | 71
342 | Revision_342/fortran.c | U | 1397 | 1405 | 8 | 88503 | 64 | 59 | 71
342 | Revision_342/parse.c | U | 98 | 108 | 11 | 88504 | 65 | 208 | 88
342 | Revision_342/parse.c | U | 111 | 122 | 11 | 88505 | 65 | 209 | 88
342 | Revision_342/parse.c | U | 272 | 276 | 5 | 88506 | 66 | 356 | 75
342 | Revision_342/parse.c | U | 527 | 531 | 5 | 88507 | 66 | 357 | 75
342 | Revision_342/parse.c | U | 546 | 550 | 5 | 88508 | 66 | 358 | 75
342 | Revision_342/readtags.c | U | 545 | 551 | 6 | 88509 | 67 | 239 | 100
342 | Revision_342/readtags.c | U | 553 | 559 | 6 | 88510 | 67 | 240 | 100
342 | Revision_342/readtags.c | U | 588 | 592 | 6 | 88511 | 68 | 123 | 75
342 | Revision_342/readtags.c | U | 643 | 649 | 6 | 88512 | 68 | 124 | 75
342 | Revision_342/readtags.c | U | 720 | 728 | 8 | 88513 | 69 | 210 | 83
342 | Revision_342/readtags.c | U | 775 | 783 | 8 | 88514 | 69 | 211 | 83
342 | Revision_342/readtags.c | U | 731 | 739 | 8 | 88515 | 69 | 212 | 83
342 | Revision_342/readtags.c | U | 742 | 747 | 6 | 88516 | 70 | 241 | 80
342 | Revision_342/readtags.c | U | 767 | 772 | 6 | 88517 | 70 | 242 | 80
342 | Revision_342/readtags.c | U | 759 | 764 | 6 | 88518 | 70 | 287 | 80
342 | Revision_342/fortran.c | U | 1250 | 1271 | 23 | 88519 | 71 | 369 | 72
342 | Revision_342/fortran.c | U | 1770 | 1793 | 23 | 88520 | 71 | 366 | 72
342 | Revision_342/fortran.c | U | 1304 | 1310 | 7 | 88521 | 72 | 85 | 83
342 | Revision_342/fortran.c | U | 1363 | 1369 | 7 | 88522 | 72 | 84 | 83
342 | Revision_342/fortran.c | U | 1430 | 1438 | 10 | 88523 | 73 | 314 | 77
342 | Revision_342/fortran.c | U | 1469 | 1478 | 10 | 88524 | 73 | 59 | 77
342 | Revision_342/fortran.c | U | 1516 | 1522 | 8 | 88525 | 74 | 65 | 71
342 | Revision_342/fortran.c | U | 1692 | 1701 | 8 | 88526 | 74 | 221 | 71
342 | Revision_342/fortran.c | U | 1710 | 1725 | 20 | 88527 | 75 | 21 | 84
342 | Revision_342/fortran.c | U | 1925 | 1941 | 20 | 88528 | 75 | 374 | 84
342 | Revision_342/fortran.c | U | 1889 | 1908 | 17 | 88529 | 76 | 220 | 75
342 | Revision_342/fortran.c | U | 1960 | 1977 | 17 | 88530 | 76 | 221 | 75
342 | Revision_342/fortran.c | U | 2032 | 2053 | 17 | 88531 | 76 | 372 | 75
342 | Revision_342/asm.c | U | 244 | 257 | 11 | 88532 | 77 | 289 | 77
342 | Revision_342/asm.c | U | 262 | 272 | 11 | 88533 | 77 | 279 | 77
342 | Revision_342/scheme.c | U | 70 | 78 | 8 | 88534 | 78 | 222 | 71
342 | Revision_342/scheme.c | U | 85 | 93 | 8 | 88535 | 78 | 223 | 71
342 | Revision_342/options.c | U | 365 | 371 | 6 | 88536 | 79 | 224 | 100
342 | Revision_342/options.c | U | 374 | 380 | 6 | 88537 | 79 | 225 | 100
342 | Revision_342/options.c | U | 537 | 543 | 7 | 88538 | 80 | 226 | 100
342 | Revision_342/options.c | U | 564 | 570 | 7 | 88539 | 80 | 227 | 100
342 | Revision_342/options.c | U | 555 | 561 | 7 | 88540 | 80 | 228 | 100
342 | Revision_342/options.c | U | 546 | 552 | 7 | 88541 | 80 | 229 | 100
342 | Revision_342/options.c | U | 928 | 932 | 5 | 88542 | 81 | 230 | 75
342 | Revision_342/options.c | U | 954 | 958 | 5 | 88543 | 81 | 231 | 75
342 | Revision_342/options.c | U | 1048 | 1052 | 5 | 88544 | 82 | 232 | 100
342 | Revision_342/options.c | U | 1054 | 1058 | 5 | 88545 | 82 | 233 | 100
342 | Revision_342/options.c | U | 1100 | 1112 | 12 | 88546 | 83 | 360 | 100
342 | Revision_342/options.c | U | 1117 | 1129 | 12 | 88547 | 83 | 235 | 100
342 | Revision_342/options.c | U | 1371 | 1388 | 15 | 88548 | 84 | 236 | 91
342 | Revision_342/options.c | U | 1409 | 1426 | 15 | 88549 | 84 | 237 | 91
