Revision | filePath | changeType | StartLine | EndLine | Nlines | cloneId | classId | globalCloneId | Similarity
370 | Revision_370/lisp.c | U | 91 | 97 | 7 | 97111 | 1 | 1 | 83
370 | Revision_370/lisp.c | U | 112 | 118 | 7 | 97112 | 1 | 2 | 83
370 | Revision_370/lisp.c | U | 127 | 137 | 9 | 97113 | 2 | 3 | 70
370 | Revision_370/eiffel.c | U | 1222 | 1231 | 9 | 97114 | 2 | 9 | 70
370 | Revision_370/c.c | U | 2758 | 2767 | 9 | 97115 | 2 | 12 | 70
370 | Revision_370/c.c | U | 2746 | 2755 | 9 | 97116 | 2 | 15 | 70
370 | Revision_370/c.c | U | 2734 | 2743 | 9 | 97117 | 2 | 315 | 70
370 | Revision_370/c.c | U | 2716 | 2731 | 9 | 97118 | 2 | 8 | 70
370 | Revision_370/c.c | U | 2704 | 2713 | 9 | 97119 | 2 | 330 | 70
370 | Revision_370/sql.c | U | 672 | 681 | 9 | 97120 | 2 | 296 | 70
370 | Revision_370/fortran.c | U | 2178 | 2193 | 9 | 97121 | 2 | 21 | 70
370 | Revision_370/asp.c | U | 181 | 189 | 9 | 97122 | 2 | 4 | 70
370 | Revision_370/awk.c | U | 71 | 79 | 9 | 97123 | 2 | 10 | 70
370 | Revision_370/verilog.c | U | 324 | 333 | 9 | 97124 | 2 | 283 | 70
370 | Revision_370/python.c | U | 213 | 221 | 9 | 97125 | 2 | 13 | 70
370 | Revision_370/pascal.c | U | 255 | 263 | 9 | 97126 | 2 | 14 | 70
370 | Revision_370/php.c | U | 125 | 133 | 9 | 97127 | 2 | 22 | 70
370 | Revision_370/sml.c | U | 192 | 200 | 9 | 97128 | 2 | 321 | 70
370 | Revision_370/erlang.c | U | 179 | 187 | 9 | 97129 | 2 | 340 | 70
370 | Revision_370/beta.c | U | 313 | 321 | 9 | 97130 | 2 | 5 | 70
370 | Revision_370/scheme.c | U | 99 | 109 | 9 | 97131 | 2 | 16 | 70
370 | Revision_370/ruby.c | U | 167 | 175 | 9 | 97132 | 2 | 19 | 70
370 | Revision_370/vim.c | U | 168 | 176 | 9 | 97133 | 2 | 20 | 70
370 | Revision_370/sh.c | U | 102 | 112 | 9 | 97134 | 2 | 17 | 70
370 | Revision_370/cobol.c | U | 40 | 48 | 9 | 97135 | 2 | 320 | 70
370 | Revision_370/tcl.c | U | 106 | 114 | 9 | 97136 | 2 | 18 | 70
370 | Revision_370/lua.c | U | 123 | 131 | 9 | 97137 | 2 | 243 | 70
370 | Revision_370/perl.c | U | 109 | 117 | 9 | 97138 | 2 | 7 | 70
370 | Revision_370/make.c | U | 91 | 101 | 9 | 97139 | 2 | 25 | 70
370 | Revision_370/asm.c | U | 367 | 386 | 9 | 97140 | 2 | 274 | 70
370 | Revision_370/html.c | U | 40 | 47 | 9 | 97141 | 2 | 365 | 70
370 | Revision_370/rexx.c | U | 30 | 37 | 9 | 97142 | 2 | 26 | 70
370 | Revision_370/yacc.c | U | 31 | 38 | 9 | 97143 | 2 | 23 | 70
370 | Revision_370/slang.c | U | 34 | 41 | 9 | 97144 | 2 | 24 | 70
370 | Revision_370/jscript.c | U | 31 | 38 | 9 | 97145 | 2 | 364 | 70
370 | Revision_370/keyword.c | U | 107 | 116 | 9 | 97146 | 2 | 27 | 70
370 | Revision_370/fortran.c | U | 413 | 425 | 9 | 97147 | 2 | 158 | 70
370 | Revision_370/options.c | U | 528 | 533 | 9 | 97148 | 2 | 29 | 70
370 | Revision_370/options.c | U | 621 | 627 | 9 | 97149 | 2 | 30 | 70
370 | Revision_370/sql.c | U | 205 | 213 | 9 | 97150 | 2 | 309 | 70
370 | Revision_370/c.c | U | 2112 | 2117 | 9 | 97151 | 2 | 28 | 70
370 | Revision_370/eiffel.c | U | 1176 | 1188 | 9 | 97152 | 2 | 157 | 70
370 | Revision_370/c.c | U | 2141 | 2149 | 9 | 97153 | 2 | 31 | 70
370 | Revision_370/asp.c | U | 70 | 89 | 15 | 97154 | 3 | 33 | 100
370 | Revision_370/asp.c | U | 93 | 112 | 15 | 97155 | 3 | 34 | 100
370 | Revision_370/asp.c | U | 116 | 132 | 14 | 97156 | 4 | 35 | 72
370 | Revision_370/asp.c | U | 136 | 151 | 14 | 97157 | 4 | 36 | 72
370 | Revision_370/ruby.c | U | 79 | 94 | 14 | 97158 | 4 | 42 | 72
370 | Revision_370/php.c | U | 78 | 91 | 14 | 97159 | 4 | 40 | 72
370 | Revision_370/asp.c | U | 155 | 170 | 14 | 97160 | 4 | 36 | 72
370 | Revision_370/php.c | U | 58 | 75 | 14 | 97161 | 4 | 173 | 72
370 | Revision_370/ruby.c | U | 96 | 111 | 14 | 97162 | 4 | 42 | 72
370 | Revision_370/vim.c | U | 121 | 135 | 14 | 97163 | 4 | 159 | 72
370 | Revision_370/vim.c | U | 95 | 110 | 14 | 97164 | 4 | 334 | 72
370 | Revision_370/vim.c | U | 143 | 162 | 14 | 97165 | 4 | 160 | 72
370 | Revision_370/vim.c | U | 114 | 136 | 14 | 97166 | 4 | 160 | 72
370 | Revision_370/args.c | U | 85 | 92 | 8 | 97167 | 5 | 43 | 100
370 | Revision_370/args.c | U | 159 | 166 | 8 | 97168 | 5 | 44 | 100
370 | Revision_370/args.c | U | 144 | 148 | 5 | 97169 | 6 | 322 | 75
370 | Revision_370/sml.c | U | 174 | 178 | 5 | 97170 | 6 | 323 | 75
370 | Revision_370/readtags.c | U | 699 | 703 | 5 | 97171 | 6 | 212 | 75
370 | Revision_370/args.c | U | 181 | 189 | 9 | 97172 | 7 | 45 | 75
370 | Revision_370/args.c | U | 192 | 199 | 9 | 97173 | 7 | 46 | 75
370 | Revision_370/args.c | U | 202 | 210 | 9 | 97174 | 7 | 47 | 75
370 | Revision_370/args.c | U | 265 | 271 | 6 | 97175 | 8 | 48 | 80
370 | Revision_370/options.c | U | 574 | 579 | 6 | 97176 | 8 | 49 | 80
370 | Revision_370/fortran.c | U | 891 | 896 | 6 | 97177 | 8 | 50 | 80
370 | Revision_370/c.c | U | 529 | 535 | 7 | 97178 | 9 | 51 | 80
370 | Revision_370/vstring.c | U | 67 | 74 | 7 | 97179 | 9 | 52 | 80
370 | Revision_370/c.c | U | 538 | 545 | 6 | 97180 | 10 | 53 | 80
370 | Revision_370/c.c | U | 548 | 555 | 6 | 97181 | 10 | 54 | 80
370 | Revision_370/c.c | U | 657 | 673 | 17 | 97182 | 11 | 55 | 72
370 | Revision_370/c.c | U | 676 | 691 | 17 | 97183 | 11 | 60 | 72
370 | Revision_370/c.c | U | 1129 | 1147 | 17 | 97184 | 11 | 57 | 72
370 | Revision_370/fortran.c | U | 1122 | 1137 | 17 | 97185 | 11 | 375 | 72
370 | Revision_370/fortran.c | U | 1858 | 1874 | 17 | 97186 | 11 | 59 | 72
370 | Revision_370/c.c | U | 1206 | 1220 | 17 | 97187 | 11 | 56 | 72
370 | Revision_370/fortran.c | U | 1099 | 1119 | 17 | 97188 | 11 | 58 | 72
370 | Revision_370/Test/local.c | U | 9 | 22 | 17 | 97189 | 11 | 384 | 72
370 | Revision_370/c.c | U | 1132 | 1145 | 17 | 97190 | 11 | 63 | 72
370 | Revision_370/fortran.c | U | 1102 | 1117 | 17 | 97191 | 11 | 58 | 72
370 | Revision_370/fortran.c | U | 1775 | 1803 | 17 | 97192 | 11 | 366 | 72
370 | Revision_370/fortran.c | U | 1861 | 1872 | 17 | 97193 | 11 | 65 | 72
370 | Revision_370/fortran.c | U | 1575 | 1612 | 17 | 97194 | 11 | 367 | 72
370 | Revision_370/c.c | U | 679 | 689 | 13 | 97195 | 12 | 57 | 75
370 | Revision_370/c.c | U | 1208 | 1219 | 13 | 97196 | 12 | 64 | 75
370 | Revision_370/c.c | U | 708 | 728 | 20 | 97197 | 13 | 72 | 72
370 | Revision_370/fortran.c | U | 1289 | 1299 | 20 | 97198 | 13 | 337 | 72
370 | Revision_370/c.c | U | 738 | 744 | 8 | 97199 | 14 | 74 | 71
370 | Revision_370/options.c | U | 467 | 474 | 8 | 97200 | 14 | 75 | 71
370 | Revision_370/c.c | U | 775 | 779 | 5 | 97201 | 15 | 76 | 75
370 | Revision_370/c.c | U | 2036 | 2040 | 5 | 97202 | 15 | 80 | 75
370 | Revision_370/fortran.c | U | 1901 | 1905 | 5 | 97203 | 15 | 79 | 75
370 | Revision_370/eiffel.c | U | 673 | 677 | 5 | 97204 | 15 | 249 | 75
370 | Revision_370/sql.c | U | 500 | 504 | 5 | 97205 | 15 | 297 | 75
370 | Revision_370/readtags.c | U | 144 | 148 | 5 | 97206 | 15 | 87 | 75
370 | Revision_370/c.c | U | 2557 | 2561 | 5 | 97207 | 15 | 86 | 75
370 | Revision_370/eiffel.c | U | 874 | 878 | 5 | 97208 | 15 | 269 | 75
370 | Revision_370/eiffel.c | U | 963 | 967 | 5 | 97209 | 15 | 269 | 75
370 | Revision_370/fortran.c | U | 1330 | 1334 | 5 | 97210 | 15 | 85 | 75
370 | Revision_370/eiffel.c | U | 1014 | 1018 | 5 | 97211 | 15 | 269 | 75
370 | Revision_370/sql.c | U | 331 | 335 | 5 | 97212 | 15 | 300 | 75
370 | Revision_370/eiffel.c | U | 660 | 664 | 5 | 97213 | 15 | 250 | 75
370 | Revision_370/c.c | U | 2102 | 2109 | 5 | 97214 | 15 | 244 | 75
370 | Revision_370/fortran.c | U | 1711 | 1715 | 5 | 97215 | 15 | 373 | 75
370 | Revision_370/vstring.c | U | 35 | 40 | 5 | 97216 | 15 | 98 | 75
370 | Revision_370/c.c | U | 1713 | 1717 | 5 | 97217 | 15 | 121 | 75
370 | Revision_370/c.c | U | 1722 | 1726 | 5 | 97218 | 15 | 331 | 75
370 | Revision_370/ruby.c | U | 136 | 140 | 5 | 97219 | 15 | 19 | 75
370 | Revision_370/c.c | U | 2622 | 2627 | 5 | 97220 | 15 | 94 | 75
370 | Revision_370/fortran.c | U | 589 | 593 | 5 | 97221 | 15 | 95 | 75
370 | Revision_370/eiffel.c | U | 1033 | 1037 | 5 | 97222 | 15 | 151 | 75
370 | Revision_370/fortran.c | U | 1198 | 1202 | 5 | 97223 | 15 | 85 | 75
370 | Revision_370/fortran.c | U | 1539 | 1544 | 5 | 97224 | 15 | 79 | 75
370 | Revision_370/fortran.c | U | 1327 | 1335 | 5 | 97225 | 15 | 84 | 75
370 | Revision_370/options.c | U | 1034 | 1038 | 5 | 97226 | 15 | 89 | 75
370 | Revision_370/readtags.c | U | 455 | 459 | 5 | 97227 | 15 | 90 | 75
370 | Revision_370/keyword.c | U | 185 | 189 | 5 | 97228 | 15 | 91 | 75
370 | Revision_370/eiffel.c | U | 848 | 853 | 5 | 97229 | 15 | 151 | 75
370 | Revision_370/strlist.c | U | 134 | 138 | 5 | 97230 | 15 | 126 | 75
370 | Revision_370/c.c | U | 2083 | 2087 | 5 | 97231 | 15 | 125 | 75
370 | Revision_370/fortran.c | U | 1532 | 1537 | 5 | 97232 | 15 | 79 | 75
370 | Revision_370/options.c | U | 1674 | 1678 | 5 | 97233 | 15 | 333 | 75
370 | Revision_370/eiffel.c | U | 1069 | 1078 | 5 | 97234 | 15 | 101 | 75
370 | Revision_370/fortran.c | U | 995 | 999 | 5 | 97235 | 15 | 128 | 75
370 | Revision_370/options.c | U | 669 | 673 | 5 | 97236 | 15 | 127 | 75
370 | Revision_370/options.c | U | 1213 | 1217 | 5 | 97237 | 15 | 129 | 75
370 | Revision_370/c.c | U | 785 | 806 | 45 | 97238 | 16 | 103 | 80
370 | Revision_370/c.c | U | 915 | 934 | 45 | 97239 | 16 | 103 | 80
370 | Revision_370/c.c | U | 809 | 829 | 45 | 97240 | 16 | 332 | 80
370 | Revision_370/c.c | U | 848 | 868 | 45 | 97241 | 16 | 316 | 80
370 | Revision_370/c.c | U | 871 | 882 | 12 | 97242 | 17 | 317 | 90
370 | Revision_370/c.c | U | 885 | 896 | 12 | 97243 | 17 | 318 | 90
370 | Revision_370/c.c | U | 1271 | 1277 | 7 | 97244 | 18 | 385 | 83
370 | Revision_370/fortran.c | U | 501 | 509 | 7 | 97245 | 18 | 112 | 83
370 | Revision_370/c.c | U | 1344 | 1351 | 7 | 97246 | 19 | 108 | 80
370 | Revision_370/c.c | U | 1353 | 1360 | 7 | 97247 | 19 | 109 | 80
370 | Revision_370/c.c | U | 1374 | 1381 | 7 | 97248 | 20 | 110 | 83
370 | Revision_370/c.c | U | 1384 | 1391 | 7 | 97249 | 20 | 111 | 83
370 | Revision_370/fortran.c | U | 628 | 634 | 7 | 97250 | 20 | 112 | 83
370 | Revision_370/c.c | U | 1422 | 1427 | 5 | 97251 | 21 | 386 | 75
370 | Revision_370/c.c | U | 2365 | 2369 | 5 | 97252 | 21 | 94 | 75
370 | Revision_370/c.c | U | 1733 | 1738 | 5 | 97253 | 21 | 80 | 75
370 | Revision_370/c.c | U | 1440 | 1449 | 9 | 97254 | 22 | 294 | 71
370 | Revision_370/eiffel.c | U | 556 | 564 | 9 | 97255 | 22 | 295 | 71
370 | Revision_370/c.c | U | 1443 | 1447 | 5 | 97256 | 23 | 294 | 75
370 | Revision_370/readtags.c | U | 503 | 507 | 5 | 97257 | 23 | 90 | 75
370 | Revision_370/readtags.c | U | 680 | 684 | 5 | 97258 | 23 | 99 | 75
370 | Revision_370/c.c | U | 1777 | 1781 | 5 | 97259 | 24 | 118 | 75
370 | Revision_370/fortran.c | U | 795 | 799 | 5 | 97260 | 24 | 120 | 75
370 | Revision_370/eiffel.c | U | 419 | 423 | 5 | 97261 | 24 | 119 | 75
370 | Revision_370/c.c | U | 1924 | 1928 | 5 | 97262 | 25 | 121 | 75
370 | Revision_370/fortran.c | U | 622 | 626 | 5 | 97263 | 25 | 112 | 75
370 | Revision_370/get.c | U | 588 | 592 | 5 | 97264 | 25 | 122 | 75
370 | Revision_370/c.c | U | 2064 | 2071 | 9 | 97265 | 26 | 28 | 71
370 | Revision_370/eiffel.c | U | 1066 | 1079 | 9 | 97266 | 26 | 156 | 71
370 | Revision_370/c.c | U | 2358 | 2362 | 5 | 97267 | 27 | 387 | 100
370 | Revision_370/c.c | U | 2371 | 2375 | 5 | 97268 | 27 | 94 | 100
370 | Revision_370/c.c | U | 2578 | 2583 | 6 | 97269 | 28 | 94 | 80
370 | Revision_370/sql.c | U | 523 | 528 | 6 | 97270 | 28 | 301 | 80
370 | Revision_370/c.c | U | 2662 | 2671 | 9 | 97271 | 29 | 130 | 71
370 | Revision_370/eiffel.c | U | 215 | 224 | 9 | 97272 | 29 | 131 | 71
370 | Revision_370/sql.c | U | 193 | 202 | 9 | 97273 | 29 | 302 | 71
370 | Revision_370/asm.c | U | 120 | 128 | 9 | 97274 | 29 | 288 | 71
370 | Revision_370/fortran.c | U | 397 | 406 | 9 | 97275 | 29 | 132 | 71
370 | Revision_370/verilog.c | U | 107 | 117 | 9 | 97276 | 29 | 381 | 71
370 | Revision_370/eiffel.c | U | 287 | 301 | 9 | 97277 | 30 | 133 | 71
370 | Revision_370/beta.c | U | 71 | 82 | 9 | 97278 | 30 | 134 | 71
370 | Revision_370/sql.c | U | 226 | 238 | 9 | 97279 | 30 | 303 | 71
370 | Revision_370/sml.c | U | 73 | 79 | 9 | 97280 | 30 | 324 | 71
370 | Revision_370/parse.c | U | 46 | 57 | 9 | 97281 | 30 | 135 | 71
370 | Revision_370/sql.c | U | 228 | 237 | 9 | 97282 | 30 | 303 | 71
370 | Revision_370/eiffel.c | U | 289 | 299 | 9 | 97283 | 30 | 136 | 71
370 | Revision_370/eiffel.c | U | 367 | 376 | 8 | 97284 | 31 | 304 | 100
370 | Revision_370/sql.c | U | 245 | 252 | 8 | 97285 | 31 | 305 | 100
370 | Revision_370/eiffel.c | U | 382 | 407 | 23 | 97286 | 32 | 139 | 75
370 | Revision_370/fortran.c | U | 753 | 783 | 23 | 97287 | 32 | 140 | 75
370 | Revision_370/eiffel.c | U | 410 | 435 | 20 | 97288 | 33 | 141 | 94
370 | Revision_370/fortran.c | U | 786 | 811 | 20 | 97289 | 33 | 142 | 94
370 | Revision_370/eiffel.c | U | 547 | 551 | 5 | 97290 | 34 | 143 | 75
370 | Revision_370/fortran.c | U | 974 | 978 | 5 | 97291 | 34 | 145 | 75
370 | Revision_370/verilog.c | U | 141 | 145 | 5 | 97292 | 34 | 383 | 75
370 | Revision_370/fortran.c | U | 775 | 779 | 5 | 97293 | 34 | 144 | 75
370 | Revision_370/verilog.c | U | 244 | 248 | 5 | 97294 | 34 | 382 | 75
370 | Revision_370/eiffel.c | U | 572 | 584 | 11 | 97295 | 35 | 114 | 88
370 | Revision_370/eiffel.c | U | 587 | 599 | 11 | 97296 | 35 | 117 | 88
370 | Revision_370/fortran.c | U | 840 | 851 | 11 | 97297 | 35 | 116 | 88
370 | Revision_370/sql.c | U | 274 | 285 | 11 | 97298 | 35 | 306 | 88
370 | Revision_370/eiffel.c | U | 602 | 612 | 9 | 97299 | 36 | 146 | 87
370 | Revision_370/fortran.c | U | 858 | 868 | 9 | 97300 | 36 | 147 | 87
370 | Revision_370/asm.c | U | 131 | 140 | 9 | 97301 | 36 | 270 | 87
370 | Revision_370/eiffel.c | U | 771 | 818 | 13 | 97302 | 37 | 349 | 72
370 | Revision_370/fortran.c | U | 1085 | 1096 | 13 | 97303 | 37 | 350 | 72
370 | Revision_370/eiffel.c | U | 836 | 854 | 12 | 97304 | 38 | 251 | 72
370 | Revision_370/fortran.c | U | 1367 | 1380 | 12 | 97305 | 38 | 336 | 72
370 | Revision_370/eiffel.c | U | 858 | 880 | 12 | 97306 | 38 | 252 | 72
370 | Revision_370/eiffel.c | U | 1008 | 1021 | 12 | 97307 | 38 | 253 | 72
370 | Revision_370/fortran.c | U | 1621 | 1629 | 12 | 97308 | 38 | 337 | 72
370 | Revision_370/eiffel.c | U | 1113 | 1137 | 22 | 97309 | 39 | 307 | 70
370 | Revision_370/sql.c | U | 470 | 495 | 22 | 97310 | 39 | 308 | 70
370 | Revision_370/eiffel.c | U | 1191 | 1197 | 6 | 97311 | 40 | 362 | 80
370 | Revision_370/fortran.c | U | 439 | 444 | 6 | 97312 | 40 | 363 | 80
370 | Revision_370/vim.c | U | 56 | 60 | 5 | 97313 | 41 | 290 | 100
370 | Revision_370/vim.c | U | 62 | 66 | 5 | 97314 | 41 | 291 | 100
370 | Revision_370/python.c | U | 105 | 109 | 5 | 97315 | 42 | 278 | 75
370 | Revision_370/erlang.c | U | 58 | 62 | 5 | 97316 | 42 | 341 | 75
370 | Revision_370/options.c | U | 955 | 960 | 5 | 97317 | 42 | 280 | 75
370 | Revision_370/sml.c | U | 82 | 86 | 5 | 97318 | 42 | 325 | 75
370 | Revision_370/python.c | U | 113 | 122 | 9 | 97319 | 43 | 292 | 75
370 | Revision_370/erlang.c | U | 66 | 75 | 9 | 97320 | 43 | 342 | 75
370 | Revision_370/tcl.c | U | 44 | 54 | 9 | 97321 | 43 | 293 | 75
370 | Revision_370/python.c | U | 145 | 150 | 6 | 97322 | 44 | 343 | 71
370 | Revision_370/erlang.c | U | 108 | 113 | 6 | 97323 | 44 | 346 | 71
370 | Revision_370/erlang.c | U | 116 | 121 | 6 | 97324 | 44 | 344 | 71
370 | Revision_370/erlang.c | U | 97 | 105 | 6 | 97325 | 44 | 344 | 71
370 | Revision_370/main.c | U | 260 | 267 | 6 | 97326 | 44 | 377 | 71
370 | Revision_370/main.c | U | 179 | 185 | 6 | 97327 | 44 | 376 | 71
370 | Revision_370/python.c | U | 172 | 181 | 9 | 97328 | 45 | 326 | 85
370 | Revision_370/sml.c | U | 162 | 171 | 9 | 97329 | 45 | 327 | 85
370 | Revision_370/python.c | U | 201 | 206 | 6 | 97330 | 46 | 328 | 80
370 | Revision_370/sml.c | U | 180 | 185 | 6 | 97331 | 46 | 329 | 80
370 | Revision_370/perl.c | U | 56 | 60 | 5 | 97332 | 47 | 163 | 75
370 | Revision_370/pascal.c | U | 133 | 137 | 5 | 97333 | 47 | 164 | 75
370 | Revision_370/sort.c | U | 123 | 128 | 5 | 97334 | 48 | 281 | 100
370 | Revision_370/sort.c | U | 131 | 136 | 5 | 97335 | 48 | 282 | 100
370 | Revision_370/strlist.c | U | 32 | 38 | 8 | 97336 | 49 | 165 | 71
370 | Revision_370/vstring.c | U | 77 | 87 | 8 | 97337 | 49 | 166 | 71
370 | Revision_370/strlist.c | U | 147 | 154 | 8 | 97338 | 50 | 167 | 85
370 | Revision_370/strlist.c | U | 169 | 176 | 8 | 97339 | 50 | 168 | 85
370 | Revision_370/strlist.c | U | 158 | 165 | 8 | 97340 | 50 | 169 | 85
370 | Revision_370/pascal.c | U | 149 | 153 | 6 | 97341 | 51 | 319 | 75
370 | Revision_370/pascal.c | U | 175 | 181 | 6 | 97342 | 51 | 170 | 75
370 | Revision_370/pascal.c | U | 183 | 189 | 6 | 97343 | 51 | 171 | 75
370 | Revision_370/get.c | U | 297 | 309 | 10 | 97344 | 52 | 174 | 70
370 | Revision_370/read.c | U | 214 | 225 | 10 | 97345 | 52 | 176 | 70
370 | Revision_370/parse.c | U | 557 | 571 | 10 | 97346 | 52 | 175 | 70
370 | Revision_370/get.c | U | 461 | 472 | 10 | 97347 | 53 | 177 | 100
370 | Revision_370/get.c | U | 478 | 489 | 10 | 97348 | 53 | 178 | 100
370 | Revision_370/get.c | U | 535 | 540 | 6 | 97349 | 54 | 180 | 80
370 | Revision_370/read.c | U | 415 | 419 | 6 | 97350 | 54 | 181 | 80
370 | Revision_370/main.c | U | 126 | 139 | 6 | 97351 | 55 | 354 | 80
370 | Revision_370/options.c | U | 394 | 399 | 6 | 97352 | 55 | 355 | 80
370 | Revision_370/routines.c | U | 228 | 235 | 6 | 97353 | 56 | 254 | 80
370 | Revision_370/routines.c | U | 238 | 245 | 6 | 97354 | 56 | 255 | 80
370 | Revision_370/routines.c | U | 279 | 286 | 8 | 97355 | 57 | 256 | 83
370 | Revision_370/readtags.c | U | 106 | 113 | 8 | 97356 | 57 | 123 | 83
370 | Revision_370/readtags.c | U | 116 | 123 | 8 | 97357 | 57 | 238 | 83
370 | Revision_370/routines.c | U | 289 | 296 | 8 | 97358 | 57 | 257 | 83
370 | Revision_370/routines.c | U | 313 | 317 | 5 | 97359 | 58 | 258 | 75
370 | Revision_370/vstring.c | U | 125 | 129 | 5 | 97360 | 58 | 188 | 75
370 | Revision_370/vstring.c | U | 118 | 122 | 5 | 97361 | 58 | 189 | 75
370 | Revision_370/routines.c | U | 320 | 326 | 6 | 97362 | 59 | 259 | 100
370 | Revision_370/routines.c | U | 329 | 335 | 6 | 97363 | 59 | 260 | 100
370 | Revision_370/routines.c | U | 340 | 347 | 8 | 97364 | 60 | 261 | 100
370 | Revision_370/routines.c | U | 352 | 359 | 8 | 97365 | 60 | 262 | 100
370 | Revision_370/sh.c | U | 88 | 93 | 6 | 97366 | 61 | 378 | 80
370 | Revision_370/asm.c | U | 348 | 353 | 6 | 97367 | 61 | 379 | 80
370 | Revision_370/beta.c | U | 136 | 143 | 6 | 97368 | 62 | 201 | 75
370 | Revision_370/beta.c | U | 207 | 215 | 6 | 97369 | 62 | 202 | 75
370 | Revision_370/beta.c | U | 154 | 158 | 5 | 97370 | 63 | 203 | 75
370 | Revision_370/beta.c | U | 167 | 171 | 5 | 97371 | 63 | 204 | 75
370 | Revision_370/beta.c | U | 160 | 164 | 5 | 97372 | 63 | 206 | 75
370 | Revision_370/beta.c | U | 280 | 284 | 5 | 97373 | 63 | 205 | 75
370 | Revision_370/beta.c | U | 274 | 278 | 5 | 97374 | 63 | 207 | 75
370 | Revision_370/sql.c | U | 412 | 418 | 6 | 97375 | 64 | 310 | 75
370 | Revision_370/sql.c | U | 620 | 626 | 6 | 97376 | 64 | 298 | 75
370 | Revision_370/fortran.c | U | 1064 | 1068 | 6 | 97377 | 64 | 312 | 75
370 | Revision_370/sql.c | U | 438 | 443 | 6 | 97378 | 65 | 313 | 100
370 | Revision_370/sql.c | U | 604 | 609 | 6 | 97379 | 65 | 299 | 100
370 | Revision_370/sql.c | U | 454 | 462 | 8 | 97380 | 66 | 313 | 71
370 | Revision_370/fortran.c | U | 1745 | 1751 | 8 | 97381 | 66 | 314 | 71
370 | Revision_370/sql.c | U | 537 | 545 | 8 | 97382 | 66 | 380 | 71
370 | Revision_370/fortran.c | U | 1405 | 1413 | 8 | 97383 | 66 | 59 | 71
370 | Revision_370/parse.c | U | 98 | 108 | 11 | 97384 | 67 | 208 | 88
370 | Revision_370/parse.c | U | 111 | 122 | 11 | 97385 | 67 | 209 | 88
370 | Revision_370/parse.c | U | 272 | 276 | 5 | 97386 | 68 | 356 | 75
370 | Revision_370/parse.c | U | 527 | 531 | 5 | 97387 | 68 | 357 | 75
370 | Revision_370/parse.c | U | 546 | 550 | 5 | 97388 | 68 | 358 | 75
370 | Revision_370/readtags.c | U | 542 | 548 | 6 | 97389 | 69 | 239 | 100
370 | Revision_370/readtags.c | U | 550 | 556 | 6 | 97390 | 69 | 240 | 100
370 | Revision_370/readtags.c | U | 585 | 589 | 6 | 97391 | 70 | 123 | 75
370 | Revision_370/readtags.c | U | 640 | 646 | 6 | 97392 | 70 | 124 | 75
370 | Revision_370/readtags.c | U | 717 | 725 | 8 | 97393 | 71 | 210 | 83
370 | Revision_370/readtags.c | U | 772 | 780 | 8 | 97394 | 71 | 211 | 83
370 | Revision_370/readtags.c | U | 728 | 736 | 8 | 97395 | 71 | 212 | 83
370 | Revision_370/readtags.c | U | 739 | 744 | 6 | 97396 | 72 | 241 | 80
370 | Revision_370/readtags.c | U | 756 | 761 | 6 | 97397 | 72 | 242 | 80
370 | Revision_370/readtags.c | U | 764 | 769 | 6 | 97398 | 72 | 287 | 80
370 | Revision_370/fortran.c | U | 1258 | 1279 | 23 | 97399 | 73 | 369 | 72
370 | Revision_370/fortran.c | U | 1778 | 1801 | 23 | 97400 | 73 | 366 | 72
370 | Revision_370/fortran.c | U | 1312 | 1318 | 7 | 97401 | 74 | 85 | 83
370 | Revision_370/fortran.c | U | 1371 | 1377 | 7 | 97402 | 74 | 84 | 83
370 | Revision_370/fortran.c | U | 1438 | 1446 | 10 | 97403 | 75 | 314 | 77
370 | Revision_370/fortran.c | U | 1477 | 1486 | 10 | 97404 | 75 | 59 | 77
370 | Revision_370/fortran.c | U | 1524 | 1530 | 8 | 97405 | 76 | 65 | 71
370 | Revision_370/fortran.c | U | 1700 | 1709 | 8 | 97406 | 76 | 221 | 71
370 | Revision_370/fortran.c | U | 1718 | 1733 | 20 | 97407 | 77 | 21 | 84
370 | Revision_370/fortran.c | U | 1933 | 1949 | 20 | 97408 | 77 | 374 | 84
370 | Revision_370/fortran.c | U | 1897 | 1916 | 17 | 97409 | 78 | 220 | 75
370 | Revision_370/fortran.c | U | 1968 | 1985 | 17 | 97410 | 78 | 221 | 75
370 | Revision_370/fortran.c | U | 2040 | 2061 | 17 | 97411 | 78 | 372 | 75
370 | Revision_370/asm.c | U | 244 | 257 | 11 | 97412 | 79 | 289 | 77
370 | Revision_370/asm.c | U | 262 | 272 | 11 | 97413 | 79 | 279 | 77
370 | Revision_370/scheme.c | U | 70 | 78 | 8 | 97414 | 80 | 222 | 71
370 | Revision_370/scheme.c | U | 85 | 93 | 8 | 97415 | 80 | 223 | 71
370 | Revision_370/options.c | U | 366 | 372 | 6 | 97416 | 81 | 224 | 100
370 | Revision_370/options.c | U | 375 | 381 | 6 | 97417 | 81 | 225 | 100
370 | Revision_370/options.c | U | 538 | 544 | 7 | 97418 | 82 | 226 | 100
370 | Revision_370/options.c | U | 565 | 571 | 7 | 97419 | 82 | 227 | 100
370 | Revision_370/options.c | U | 547 | 553 | 7 | 97420 | 82 | 228 | 100
370 | Revision_370/options.c | U | 556 | 562 | 7 | 97421 | 82 | 229 | 100
370 | Revision_370/options.c | U | 974 | 978 | 5 | 97422 | 83 | 230 | 75
370 | Revision_370/options.c | U | 1000 | 1004 | 5 | 97423 | 83 | 231 | 75
370 | Revision_370/options.c | U | 1094 | 1098 | 5 | 97424 | 84 | 232 | 100
370 | Revision_370/options.c | U | 1100 | 1104 | 5 | 97425 | 84 | 233 | 100
370 | Revision_370/options.c | U | 1146 | 1158 | 12 | 97426 | 85 | 360 | 100
370 | Revision_370/options.c | U | 1163 | 1175 | 12 | 97427 | 85 | 235 | 100
370 | Revision_370/options.c | U | 1417 | 1434 | 15 | 97428 | 86 | 236 | 91
370 | Revision_370/options.c | U | 1455 | 1472 | 15 | 97429 | 86 | 237 | 91
