Revision | filePath | changeType | StartLine | EndLine | Nlines | cloneId | classId | globalCloneId | Similarity
383 | Revision_383/lisp.c | U | 91 | 97 | 7 | 101254 | 1 | 1 | 83
383 | Revision_383/lisp.c | U | 112 | 118 | 7 | 101255 | 1 | 2 | 83
383 | Revision_383/lisp.c | U | 127 | 137 | 9 | 101256 | 2 | 3 | 70
383 | Revision_383/python.c | U | 213 | 221 | 9 | 101257 | 2 | 13 | 70
383 | Revision_383/verilog.c | U | 324 | 333 | 9 | 101258 | 2 | 283 | 70
383 | Revision_383/eiffel.c | U | 1222 | 1231 | 9 | 101259 | 2 | 9 | 70
383 | Revision_383/c.c | U | 2764 | 2773 | 9 | 101260 | 2 | 12 | 70
383 | Revision_383/c.c | U | 2752 | 2761 | 9 | 101261 | 2 | 15 | 70
383 | Revision_383/c.c | U | 2740 | 2749 | 9 | 101262 | 2 | 315 | 70
383 | Revision_383/c.c | U | 2722 | 2737 | 9 | 101263 | 2 | 8 | 70
383 | Revision_383/c.c | U | 2710 | 2719 | 9 | 101264 | 2 | 330 | 70
383 | Revision_383/fortran.c | U | 2178 | 2193 | 9 | 101265 | 2 | 21 | 70
383 | Revision_383/beta.c | U | 313 | 321 | 9 | 101266 | 2 | 5 | 70
383 | Revision_383/tcl.c | U | 106 | 114 | 9 | 101267 | 2 | 18 | 70
383 | Revision_383/sql.c | U | 678 | 687 | 9 | 101268 | 2 | 296 | 70
383 | Revision_383/asp.c | U | 181 | 189 | 9 | 101269 | 2 | 4 | 70
383 | Revision_383/awk.c | U | 71 | 79 | 9 | 101270 | 2 | 10 | 70
383 | Revision_383/pascal.c | U | 255 | 263 | 9 | 101271 | 2 | 14 | 70
383 | Revision_383/vim.c | U | 168 | 176 | 9 | 101272 | 2 | 20 | 70
383 | Revision_383/sh.c | U | 102 | 112 | 9 | 101273 | 2 | 17 | 70
383 | Revision_383/ruby.c | U | 167 | 175 | 9 | 101274 | 2 | 19 | 70
383 | Revision_383/sml.c | U | 192 | 200 | 9 | 101275 | 2 | 321 | 70
383 | Revision_383/scheme.c | U | 99 | 109 | 9 | 101276 | 2 | 16 | 70
383 | Revision_383/php.c | U | 125 | 133 | 9 | 101277 | 2 | 22 | 70
383 | Revision_383/cobol.c | U | 40 | 48 | 9 | 101278 | 2 | 320 | 70
383 | Revision_383/erlang.c | U | 179 | 187 | 9 | 101279 | 2 | 340 | 70
383 | Revision_383/perl.c | U | 140 | 148 | 9 | 101280 | 2 | 7 | 70
383 | Revision_383/lua.c | U | 123 | 131 | 9 | 101281 | 2 | 243 | 70
383 | Revision_383/html.c | U | 40 | 47 | 9 | 101282 | 2 | 365 | 70
383 | Revision_383/make.c | U | 91 | 101 | 9 | 101283 | 2 | 25 | 70
383 | Revision_383/asm.c | U | 367 | 386 | 9 | 101284 | 2 | 274 | 70
383 | Revision_383/slang.c | U | 34 | 41 | 9 | 101285 | 2 | 24 | 70
383 | Revision_383/yacc.c | U | 31 | 38 | 9 | 101286 | 2 | 23 | 70
383 | Revision_383/jscript.c | U | 31 | 38 | 9 | 101287 | 2 | 364 | 70
383 | Revision_383/rexx.c | U | 30 | 37 | 9 | 101288 | 2 | 26 | 70
383 | Revision_383/keyword.c | U | 107 | 116 | 9 | 101289 | 2 | 27 | 70
383 | Revision_383/fortran.c | U | 413 | 425 | 9 | 101290 | 2 | 158 | 70
383 | Revision_383/c.c | U | 2114 | 2119 | 9 | 101291 | 2 | 28 | 70
383 | Revision_383/options.c | U | 528 | 533 | 9 | 101292 | 2 | 29 | 70
383 | Revision_383/options.c | U | 621 | 627 | 9 | 101293 | 2 | 30 | 70
383 | Revision_383/sql.c | U | 207 | 215 | 9 | 101294 | 2 | 309 | 70
383 | Revision_383/eiffel.c | U | 1176 | 1188 | 9 | 101295 | 2 | 157 | 70
383 | Revision_383/c.c | U | 2143 | 2151 | 9 | 101296 | 2 | 31 | 70
383 | Revision_383/asp.c | U | 70 | 89 | 15 | 101297 | 3 | 33 | 100
383 | Revision_383/asp.c | U | 93 | 112 | 15 | 101298 | 3 | 34 | 100
383 | Revision_383/asp.c | U | 116 | 132 | 14 | 101299 | 4 | 35 | 72
383 | Revision_383/ruby.c | U | 79 | 94 | 14 | 101300 | 4 | 42 | 72
383 | Revision_383/asp.c | U | 155 | 170 | 14 | 101301 | 4 | 36 | 72
383 | Revision_383/php.c | U | 78 | 91 | 14 | 101302 | 4 | 40 | 72
383 | Revision_383/ruby.c | U | 96 | 111 | 14 | 101303 | 4 | 42 | 72
383 | Revision_383/vim.c | U | 121 | 135 | 14 | 101304 | 4 | 159 | 72
383 | Revision_383/asp.c | U | 136 | 151 | 14 | 101305 | 4 | 36 | 72
383 | Revision_383/php.c | U | 58 | 75 | 14 | 101306 | 4 | 173 | 72
383 | Revision_383/vim.c | U | 95 | 110 | 14 | 101307 | 4 | 334 | 72
383 | Revision_383/vim.c | U | 143 | 162 | 14 | 101308 | 4 | 160 | 72
383 | Revision_383/vim.c | U | 114 | 136 | 14 | 101309 | 4 | 160 | 72
383 | Revision_383/args.c | U | 85 | 92 | 8 | 101310 | 5 | 43 | 100
383 | Revision_383/args.c | U | 159 | 166 | 8 | 101311 | 5 | 44 | 100
383 | Revision_383/args.c | U | 144 | 148 | 5 | 101312 | 6 | 322 | 75
383 | Revision_383/sml.c | U | 174 | 178 | 5 | 101313 | 6 | 323 | 75
383 | Revision_383/readtags.c | U | 699 | 703 | 5 | 101314 | 6 | 212 | 75
383 | Revision_383/args.c | U | 181 | 189 | 9 | 101315 | 7 | 45 | 75
383 | Revision_383/args.c | U | 202 | 210 | 9 | 101316 | 7 | 46 | 75
383 | Revision_383/args.c | U | 192 | 199 | 9 | 101317 | 7 | 47 | 75
383 | Revision_383/args.c | U | 265 | 271 | 6 | 101318 | 8 | 48 | 80
383 | Revision_383/options.c | U | 574 | 579 | 6 | 101319 | 8 | 49 | 80
383 | Revision_383/fortran.c | U | 891 | 896 | 6 | 101320 | 8 | 50 | 80
383 | Revision_383/c.c | U | 529 | 535 | 7 | 101321 | 9 | 51 | 80
383 | Revision_383/vstring.c | U | 67 | 74 | 7 | 101322 | 9 | 52 | 80
383 | Revision_383/c.c | U | 538 | 545 | 6 | 101323 | 10 | 53 | 80
383 | Revision_383/c.c | U | 548 | 555 | 6 | 101324 | 10 | 54 | 80
383 | Revision_383/c.c | U | 657 | 673 | 17 | 101325 | 11 | 55 | 72
383 | Revision_383/fortran.c | U | 1122 | 1137 | 17 | 101326 | 11 | 375 | 72
383 | Revision_383/c.c | U | 1206 | 1220 | 17 | 101327 | 11 | 56 | 72
383 | Revision_383/fortran.c | U | 1858 | 1874 | 17 | 101328 | 11 | 59 | 72
383 | Revision_383/c.c | U | 1129 | 1147 | 17 | 101329 | 11 | 60 | 72
383 | Revision_383/c.c | U | 676 | 691 | 17 | 101330 | 11 | 57 | 72
383 | Revision_383/fortran.c | U | 1099 | 1119 | 17 | 101331 | 11 | 58 | 72
383 | Revision_383/Test/local.c | U | 9 | 22 | 17 | 101332 | 11 | 384 | 72
383 | Revision_383/c.c | U | 1132 | 1145 | 17 | 101333 | 11 | 63 | 72
383 | Revision_383/fortran.c | U | 1102 | 1117 | 17 | 101334 | 11 | 58 | 72
383 | Revision_383/fortran.c | U | 1775 | 1803 | 17 | 101335 | 11 | 366 | 72
383 | Revision_383/fortran.c | U | 1861 | 1872 | 17 | 101336 | 11 | 65 | 72
383 | Revision_383/fortran.c | U | 1575 | 1612 | 17 | 101337 | 11 | 367 | 72
383 | Revision_383/c.c | U | 679 | 689 | 13 | 101338 | 12 | 57 | 75
383 | Revision_383/c.c | U | 1208 | 1219 | 13 | 101339 | 12 | 64 | 75
383 | Revision_383/c.c | U | 708 | 728 | 20 | 101340 | 13 | 72 | 72
383 | Revision_383/fortran.c | U | 1289 | 1299 | 20 | 101341 | 13 | 337 | 72
383 | Revision_383/c.c | U | 738 | 744 | 8 | 101342 | 14 | 74 | 71
383 | Revision_383/options.c | U | 467 | 474 | 8 | 101343 | 14 | 75 | 71
383 | Revision_383/c.c | U | 775 | 779 | 5 | 101344 | 15 | 76 | 75
383 | Revision_383/eiffel.c | U | 673 | 677 | 5 | 101345 | 15 | 249 | 75
383 | Revision_383/sql.c | U | 506 | 510 | 5 | 101346 | 15 | 297 | 75
383 | Revision_383/fortran.c | U | 1901 | 1905 | 5 | 101347 | 15 | 79 | 75
383 | Revision_383/c.c | U | 2040 | 2044 | 5 | 101348 | 15 | 80 | 75
383 | Revision_383/eiffel.c | U | 660 | 664 | 5 | 101349 | 15 | 250 | 75
383 | Revision_383/sql.c | U | 335 | 339 | 5 | 101350 | 15 | 300 | 75
383 | Revision_383/eiffel.c | U | 963 | 967 | 5 | 101351 | 15 | 269 | 75
383 | Revision_383/eiffel.c | U | 1014 | 1018 | 5 | 101352 | 15 | 269 | 75
383 | Revision_383/eiffel.c | U | 874 | 878 | 5 | 101353 | 15 | 269 | 75
383 | Revision_383/c.c | U | 2563 | 2567 | 5 | 101354 | 15 | 86 | 75
383 | Revision_383/fortran.c | U | 1330 | 1334 | 5 | 101355 | 15 | 85 | 75
383 | Revision_383/readtags.c | U | 144 | 148 | 5 | 101356 | 15 | 87 | 75
383 | Revision_383/strlist.c | U | 134 | 138 | 5 | 101357 | 15 | 126 | 75
383 | Revision_383/c.c | U | 2085 | 2089 | 5 | 101358 | 15 | 125 | 75
383 | Revision_383/keyword.c | U | 185 | 189 | 5 | 101359 | 15 | 91 | 75
383 | Revision_383/readtags.c | U | 455 | 459 | 5 | 101360 | 15 | 90 | 75
383 | Revision_383/options.c | U | 1034 | 1038 | 5 | 101361 | 15 | 89 | 75
383 | Revision_383/eiffel.c | U | 1033 | 1037 | 5 | 101362 | 15 | 151 | 75
383 | Revision_383/fortran.c | U | 589 | 593 | 5 | 101363 | 15 | 95 | 75
383 | Revision_383/eiffel.c | U | 848 | 853 | 5 | 101364 | 15 | 151 | 75
383 | Revision_383/fortran.c | U | 1198 | 1202 | 5 | 101365 | 15 | 85 | 75
383 | Revision_383/c.c | U | 2628 | 2633 | 5 | 101366 | 15 | 94 | 75
383 | Revision_383/fortran.c | U | 1327 | 1335 | 5 | 101367 | 15 | 84 | 75
383 | Revision_383/fortran.c | U | 1539 | 1544 | 5 | 101368 | 15 | 79 | 75
383 | Revision_383/ruby.c | U | 136 | 140 | 5 | 101369 | 15 | 19 | 75
383 | Revision_383/c.c | U | 2104 | 2111 | 5 | 101370 | 15 | 244 | 75
383 | Revision_383/c.c | U | 1726 | 1730 | 5 | 101371 | 15 | 121 | 75
383 | Revision_383/c.c | U | 1717 | 1721 | 5 | 101372 | 15 | 331 | 75
383 | Revision_383/vstring.c | U | 35 | 40 | 5 | 101373 | 15 | 98 | 75
383 | Revision_383/fortran.c | U | 1711 | 1715 | 5 | 101374 | 15 | 373 | 75
383 | Revision_383/fortran.c | U | 995 | 999 | 5 | 101375 | 15 | 128 | 75
383 | Revision_383/options.c | U | 669 | 673 | 5 | 101376 | 15 | 127 | 75
383 | Revision_383/eiffel.c | U | 1069 | 1078 | 5 | 101377 | 15 | 101 | 75
383 | Revision_383/options.c | U | 1674 | 1678 | 5 | 101378 | 15 | 333 | 75
383 | Revision_383/fortran.c | U | 1532 | 1537 | 5 | 101379 | 15 | 79 | 75
383 | Revision_383/options.c | U | 1213 | 1217 | 5 | 101380 | 15 | 129 | 75
383 | Revision_383/c.c | U | 785 | 806 | 46 | 101381 | 16 | 103 | 80
383 | Revision_383/c.c | U | 848 | 868 | 46 | 101382 | 16 | 316 | 80
383 | Revision_383/c.c | U | 915 | 934 | 46 | 101383 | 16 | 103 | 80
383 | Revision_383/c.c | U | 809 | 829 | 46 | 101384 | 16 | 332 | 80
383 | Revision_383/c.c | U | 871 | 882 | 12 | 101385 | 17 | 317 | 90
383 | Revision_383/c.c | U | 885 | 896 | 12 | 101386 | 17 | 318 | 90
383 | Revision_383/c.c | U | 1269 | 1275 | 7 | 101387 | 18 | 385 | 83
383 | Revision_383/fortran.c | U | 501 | 509 | 7 | 101388 | 18 | 112 | 83
383 | Revision_383/c.c | U | 1342 | 1349 | 7 | 101389 | 19 | 108 | 80
383 | Revision_383/c.c | U | 1351 | 1358 | 7 | 101390 | 19 | 109 | 80
383 | Revision_383/c.c | U | 1372 | 1379 | 7 | 101391 | 20 | 110 | 83
383 | Revision_383/c.c | U | 1382 | 1389 | 7 | 101392 | 20 | 111 | 83
383 | Revision_383/fortran.c | U | 628 | 634 | 7 | 101393 | 20 | 112 | 83
383 | Revision_383/c.c | U | 1420 | 1425 | 6 | 101394 | 21 | 386 | 80
383 | Revision_383/c.c | U | 1737 | 1742 | 6 | 101395 | 21 | 80 | 80
383 | Revision_383/c.c | U | 1438 | 1447 | 9 | 101396 | 22 | 294 | 71
383 | Revision_383/eiffel.c | U | 556 | 564 | 9 | 101397 | 22 | 295 | 71
383 | Revision_383/c.c | U | 1441 | 1445 | 5 | 101398 | 23 | 294 | 75
383 | Revision_383/readtags.c | U | 503 | 507 | 5 | 101399 | 23 | 90 | 75
383 | Revision_383/readtags.c | U | 680 | 684 | 5 | 101400 | 23 | 99 | 75
383 | Revision_383/c.c | U | 1781 | 1785 | 5 | 101401 | 24 | 118 | 75
383 | Revision_383/eiffel.c | U | 419 | 423 | 5 | 101402 | 24 | 119 | 75
383 | Revision_383/fortran.c | U | 795 | 799 | 5 | 101403 | 24 | 120 | 75
383 | Revision_383/c.c | U | 1928 | 1932 | 5 | 101404 | 25 | 121 | 75
383 | Revision_383/fortran.c | U | 622 | 626 | 5 | 101405 | 25 | 112 | 75
383 | Revision_383/get.c | U | 593 | 597 | 5 | 101406 | 25 | 122 | 75
383 | Revision_383/c.c | U | 2066 | 2073 | 9 | 101407 | 26 | 28 | 71
383 | Revision_383/eiffel.c | U | 1066 | 1079 | 9 | 101408 | 26 | 156 | 71
383 | Revision_383/c.c | U | 2369 | 2373 | 5 | 101409 | 27 | 387 | 100
383 | Revision_383/c.c | U | 2376 | 2380 | 5 | 101410 | 27 | 94 | 100
383 | Revision_383/c.c | U | 2584 | 2589 | 6 | 101411 | 28 | 94 | 80
383 | Revision_383/sql.c | U | 529 | 534 | 6 | 101412 | 28 | 301 | 80
383 | Revision_383/c.c | U | 2668 | 2677 | 9 | 101413 | 29 | 130 | 71
383 | Revision_383/eiffel.c | U | 215 | 224 | 9 | 101414 | 29 | 131 | 71
383 | Revision_383/verilog.c | U | 107 | 117 | 9 | 101415 | 29 | 381 | 71
383 | Revision_383/fortran.c | U | 397 | 406 | 9 | 101416 | 29 | 132 | 71
383 | Revision_383/asm.c | U | 120 | 128 | 9 | 101417 | 29 | 288 | 71
383 | Revision_383/sql.c | U | 195 | 204 | 9 | 101418 | 29 | 302 | 71
383 | Revision_383/eiffel.c | U | 287 | 301 | 10 | 101419 | 30 | 133 | 71
383 | Revision_383/sql.c | U | 228 | 242 | 10 | 101420 | 30 | 303 | 71
383 | Revision_383/beta.c | U | 71 | 82 | 10 | 101421 | 30 | 134 | 71
383 | Revision_383/parse.c | U | 46 | 57 | 10 | 101422 | 30 | 135 | 71
383 | Revision_383/sml.c | U | 73 | 79 | 10 | 101423 | 30 | 324 | 71
383 | Revision_383/eiffel.c | U | 289 | 299 | 10 | 101424 | 30 | 136 | 71
383 | Revision_383/eiffel.c | U | 367 | 376 | 8 | 101425 | 31 | 304 | 100
383 | Revision_383/sql.c | U | 249 | 256 | 8 | 101426 | 31 | 305 | 100
383 | Revision_383/eiffel.c | U | 382 | 407 | 23 | 101427 | 32 | 139 | 75
383 | Revision_383/fortran.c | U | 753 | 783 | 23 | 101428 | 32 | 140 | 75
383 | Revision_383/eiffel.c | U | 410 | 435 | 20 | 101429 | 33 | 141 | 94
383 | Revision_383/fortran.c | U | 786 | 811 | 20 | 101430 | 33 | 142 | 94
383 | Revision_383/eiffel.c | U | 547 | 551 | 5 | 101431 | 34 | 143 | 75
383 | Revision_383/verilog.c | U | 141 | 145 | 5 | 101432 | 34 | 383 | 75
383 | Revision_383/fortran.c | U | 775 | 779 | 5 | 101433 | 34 | 144 | 75
383 | Revision_383/verilog.c | U | 244 | 248 | 5 | 101434 | 34 | 382 | 75
383 | Revision_383/fortran.c | U | 974 | 978 | 5 | 101435 | 34 | 145 | 75
383 | Revision_383/eiffel.c | U | 572 | 584 | 11 | 101436 | 35 | 114 | 88
383 | Revision_383/fortran.c | U | 840 | 851 | 11 | 101437 | 35 | 116 | 88
383 | Revision_383/eiffel.c | U | 587 | 599 | 11 | 101438 | 35 | 117 | 88
383 | Revision_383/sql.c | U | 278 | 289 | 11 | 101439 | 35 | 306 | 88
383 | Revision_383/eiffel.c | U | 602 | 612 | 9 | 101440 | 36 | 146 | 87
383 | Revision_383/asm.c | U | 131 | 140 | 9 | 101441 | 36 | 270 | 87
383 | Revision_383/fortran.c | U | 858 | 868 | 9 | 101442 | 36 | 147 | 87
383 | Revision_383/eiffel.c | U | 771 | 818 | 13 | 101443 | 37 | 349 | 72
383 | Revision_383/fortran.c | U | 1085 | 1096 | 13 | 101444 | 37 | 350 | 72
383 | Revision_383/eiffel.c | U | 836 | 854 | 13 | 101445 | 38 | 251 | 72
383 | Revision_383/eiffel.c | U | 858 | 880 | 13 | 101446 | 38 | 252 | 72
383 | Revision_383/fortran.c | U | 1367 | 1380 | 13 | 101447 | 38 | 336 | 72
383 | Revision_383/eiffel.c | U | 1008 | 1021 | 13 | 101448 | 38 | 253 | 72
383 | Revision_383/fortran.c | U | 1621 | 1629 | 13 | 101449 | 38 | 337 | 72
383 | Revision_383/eiffel.c | U | 1113 | 1137 | 22 | 101450 | 39 | 307 | 70
383 | Revision_383/sql.c | U | 476 | 501 | 22 | 101451 | 39 | 308 | 70
383 | Revision_383/eiffel.c | U | 1191 | 1197 | 6 | 101452 | 40 | 362 | 80
383 | Revision_383/fortran.c | U | 439 | 444 | 6 | 101453 | 40 | 363 | 80
383 | Revision_383/vim.c | U | 56 | 60 | 5 | 101454 | 41 | 290 | 100
383 | Revision_383/vim.c | U | 62 | 66 | 5 | 101455 | 41 | 291 | 100
383 | Revision_383/python.c | U | 105 | 109 | 5 | 101456 | 42 | 278 | 75
383 | Revision_383/sml.c | U | 82 | 86 | 5 | 101457 | 42 | 325 | 75
383 | Revision_383/options.c | U | 955 | 960 | 5 | 101458 | 42 | 280 | 75
383 | Revision_383/erlang.c | U | 58 | 62 | 5 | 101459 | 42 | 341 | 75
383 | Revision_383/python.c | U | 113 | 122 | 9 | 101460 | 43 | 292 | 75
383 | Revision_383/erlang.c | U | 66 | 75 | 9 | 101461 | 43 | 342 | 75
383 | Revision_383/tcl.c | U | 44 | 54 | 9 | 101462 | 43 | 293 | 75
383 | Revision_383/python.c | U | 145 | 150 | 6 | 101463 | 44 | 343 | 71
383 | Revision_383/erlang.c | U | 116 | 121 | 6 | 101464 | 44 | 346 | 71
383 | Revision_383/erlang.c | U | 108 | 113 | 6 | 101465 | 44 | 344 | 71
383 | Revision_383/erlang.c | U | 97 | 105 | 6 | 101466 | 44 | 344 | 71
383 | Revision_383/main.c | U | 179 | 185 | 6 | 101467 | 44 | 376 | 71
383 | Revision_383/main.c | U | 260 | 267 | 6 | 101468 | 44 | 377 | 71
383 | Revision_383/python.c | U | 172 | 181 | 9 | 101469 | 45 | 326 | 85
383 | Revision_383/sml.c | U | 162 | 171 | 9 | 101470 | 45 | 327 | 85
383 | Revision_383/python.c | U | 201 | 206 | 6 | 101471 | 46 | 328 | 80
383 | Revision_383/sml.c | U | 180 | 185 | 6 | 101472 | 46 | 329 | 80
383 | Revision_383/perl.c | U | 88 | 92 | 5 | 101473 | 47 | 163 | 75
383 | Revision_383/pascal.c | U | 133 | 137 | 5 | 101474 | 47 | 164 | 75
383 | Revision_383/sort.c | U | 123 | 128 | 5 | 101475 | 48 | 281 | 100
383 | Revision_383/sort.c | U | 131 | 136 | 5 | 101476 | 48 | 282 | 100
383 | Revision_383/strlist.c | U | 32 | 38 | 8 | 101477 | 49 | 165 | 71
383 | Revision_383/vstring.c | U | 77 | 87 | 8 | 101478 | 49 | 166 | 71
383 | Revision_383/strlist.c | U | 147 | 154 | 8 | 101479 | 50 | 167 | 85
383 | Revision_383/strlist.c | U | 169 | 176 | 8 | 101480 | 50 | 168 | 85
383 | Revision_383/strlist.c | U | 158 | 165 | 8 | 101481 | 50 | 169 | 85
383 | Revision_383/pascal.c | U | 149 | 153 | 6 | 101482 | 51 | 319 | 75
383 | Revision_383/pascal.c | U | 183 | 189 | 6 | 101483 | 51 | 171 | 75
383 | Revision_383/pascal.c | U | 175 | 181 | 6 | 101484 | 51 | 170 | 75
383 | Revision_383/get.c | U | 302 | 314 | 10 | 101485 | 52 | 174 | 70
383 | Revision_383/read.c | U | 214 | 225 | 10 | 101486 | 52 | 176 | 70
383 | Revision_383/parse.c | U | 558 | 572 | 10 | 101487 | 52 | 175 | 70
383 | Revision_383/get.c | U | 466 | 477 | 10 | 101488 | 53 | 177 | 100
383 | Revision_383/get.c | U | 483 | 494 | 10 | 101489 | 53 | 178 | 100
383 | Revision_383/get.c | U | 540 | 545 | 6 | 101490 | 54 | 180 | 80
383 | Revision_383/read.c | U | 415 | 419 | 6 | 101491 | 54 | 181 | 80
383 | Revision_383/main.c | U | 126 | 139 | 6 | 101492 | 55 | 354 | 80
383 | Revision_383/options.c | U | 394 | 399 | 6 | 101493 | 55 | 355 | 80
383 | Revision_383/routines.c | U | 236 | 243 | 6 | 101494 | 56 | 254 | 80
383 | Revision_383/routines.c | U | 246 | 253 | 6 | 101495 | 56 | 255 | 80
383 | Revision_383/routines.c | U | 287 | 294 | 8 | 101496 | 57 | 256 | 83
383 | Revision_383/routines.c | U | 297 | 304 | 8 | 101497 | 57 | 257 | 83
383 | Revision_383/readtags.c | U | 106 | 113 | 8 | 101498 | 57 | 123 | 83
383 | Revision_383/readtags.c | U | 116 | 123 | 8 | 101499 | 57 | 238 | 83
383 | Revision_383/routines.c | U | 321 | 325 | 5 | 101500 | 58 | 258 | 75
383 | Revision_383/vstring.c | U | 125 | 129 | 5 | 101501 | 58 | 188 | 75
383 | Revision_383/vstring.c | U | 118 | 122 | 5 | 101502 | 58 | 189 | 75
383 | Revision_383/routines.c | U | 328 | 334 | 6 | 101503 | 59 | 259 | 100
383 | Revision_383/routines.c | U | 337 | 343 | 6 | 101504 | 59 | 260 | 100
383 | Revision_383/routines.c | U | 348 | 355 | 8 | 101505 | 60 | 261 | 100
383 | Revision_383/routines.c | U | 360 | 367 | 8 | 101506 | 60 | 262 | 100
383 | Revision_383/sh.c | U | 88 | 93 | 6 | 101507 | 61 | 378 | 80
383 | Revision_383/asm.c | U | 348 | 353 | 6 | 101508 | 61 | 379 | 80
383 | Revision_383/beta.c | U | 136 | 143 | 6 | 101509 | 62 | 201 | 75
383 | Revision_383/beta.c | U | 207 | 215 | 6 | 101510 | 62 | 202 | 75
383 | Revision_383/beta.c | U | 154 | 158 | 5 | 101511 | 63 | 203 | 75
383 | Revision_383/beta.c | U | 280 | 284 | 5 | 101512 | 63 | 205 | 75
383 | Revision_383/beta.c | U | 160 | 164 | 5 | 101513 | 63 | 204 | 75
383 | Revision_383/beta.c | U | 167 | 171 | 5 | 101514 | 63 | 206 | 75
383 | Revision_383/beta.c | U | 274 | 278 | 5 | 101515 | 63 | 207 | 75
383 | Revision_383/sql.c | U | 418 | 424 | 6 | 101516 | 64 | 310 | 75
383 | Revision_383/fortran.c | U | 1064 | 1068 | 6 | 101517 | 64 | 312 | 75
383 | Revision_383/sql.c | U | 626 | 632 | 6 | 101518 | 64 | 298 | 75
383 | Revision_383/sql.c | U | 444 | 449 | 6 | 101519 | 65 | 313 | 100
383 | Revision_383/sql.c | U | 610 | 615 | 6 | 101520 | 65 | 299 | 100
383 | Revision_383/sql.c | U | 460 | 468 | 8 | 101521 | 66 | 313 | 71
383 | Revision_383/fortran.c | U | 1745 | 1751 | 8 | 101522 | 66 | 314 | 71
383 | Revision_383/sql.c | U | 543 | 551 | 8 | 101523 | 66 | 380 | 71
383 | Revision_383/fortran.c | U | 1405 | 1413 | 8 | 101524 | 66 | 59 | 71
383 | Revision_383/parse.c | U | 98 | 108 | 11 | 101525 | 67 | 208 | 88
383 | Revision_383/parse.c | U | 111 | 122 | 11 | 101526 | 67 | 209 | 88
383 | Revision_383/parse.c | U | 272 | 276 | 5 | 101527 | 68 | 356 | 75
383 | Revision_383/parse.c | U | 528 | 532 | 5 | 101528 | 68 | 357 | 75
383 | Revision_383/parse.c | U | 547 | 551 | 5 | 101529 | 68 | 358 | 75
383 | Revision_383/readtags.c | U | 542 | 548 | 6 | 101530 | 69 | 239 | 100
383 | Revision_383/readtags.c | U | 550 | 556 | 6 | 101531 | 69 | 240 | 100
383 | Revision_383/readtags.c | U | 585 | 589 | 6 | 101532 | 70 | 123 | 75
383 | Revision_383/readtags.c | U | 640 | 646 | 6 | 101533 | 70 | 124 | 75
383 | Revision_383/readtags.c | U | 717 | 725 | 8 | 101534 | 71 | 210 | 83
383 | Revision_383/readtags.c | U | 772 | 780 | 8 | 101535 | 71 | 211 | 83
383 | Revision_383/readtags.c | U | 728 | 736 | 8 | 101536 | 71 | 212 | 83
383 | Revision_383/readtags.c | U | 739 | 744 | 6 | 101537 | 72 | 241 | 80
383 | Revision_383/readtags.c | U | 756 | 761 | 6 | 101538 | 72 | 242 | 80
383 | Revision_383/readtags.c | U | 764 | 769 | 6 | 101539 | 72 | 287 | 80
383 | Revision_383/fortran.c | U | 1258 | 1279 | 23 | 101540 | 73 | 369 | 72
383 | Revision_383/fortran.c | U | 1778 | 1801 | 23 | 101541 | 73 | 366 | 72
383 | Revision_383/fortran.c | U | 1312 | 1318 | 7 | 101542 | 74 | 85 | 83
383 | Revision_383/fortran.c | U | 1371 | 1377 | 7 | 101543 | 74 | 84 | 83
383 | Revision_383/fortran.c | U | 1438 | 1446 | 10 | 101544 | 75 | 314 | 77
383 | Revision_383/fortran.c | U | 1477 | 1486 | 10 | 101545 | 75 | 59 | 77
383 | Revision_383/fortran.c | U | 1524 | 1530 | 8 | 101546 | 76 | 65 | 71
383 | Revision_383/fortran.c | U | 1700 | 1709 | 8 | 101547 | 76 | 221 | 71
383 | Revision_383/fortran.c | U | 1718 | 1733 | 20 | 101548 | 77 | 21 | 84
383 | Revision_383/fortran.c | U | 1933 | 1949 | 20 | 101549 | 77 | 374 | 84
383 | Revision_383/fortran.c | U | 1897 | 1916 | 17 | 101550 | 78 | 220 | 75
383 | Revision_383/fortran.c | U | 1968 | 1985 | 17 | 101551 | 78 | 221 | 75
383 | Revision_383/fortran.c | U | 2040 | 2061 | 17 | 101552 | 78 | 372 | 75
383 | Revision_383/asm.c | U | 244 | 257 | 11 | 101553 | 79 | 289 | 77
383 | Revision_383/asm.c | U | 262 | 272 | 11 | 101554 | 79 | 279 | 77
383 | Revision_383/scheme.c | U | 70 | 78 | 8 | 101555 | 80 | 222 | 71
383 | Revision_383/scheme.c | U | 85 | 93 | 8 | 101556 | 80 | 223 | 71
383 | Revision_383/options.c | U | 366 | 372 | 6 | 101557 | 81 | 224 | 100
383 | Revision_383/options.c | U | 375 | 381 | 6 | 101558 | 81 | 225 | 100
383 | Revision_383/options.c | U | 538 | 544 | 7 | 101559 | 82 | 226 | 100
383 | Revision_383/options.c | U | 556 | 562 | 7 | 101560 | 82 | 227 | 100
383 | Revision_383/options.c | U | 547 | 553 | 7 | 101561 | 82 | 228 | 100
383 | Revision_383/options.c | U | 565 | 571 | 7 | 101562 | 82 | 229 | 100
383 | Revision_383/options.c | U | 974 | 978 | 5 | 101563 | 83 | 230 | 75
383 | Revision_383/options.c | U | 1000 | 1004 | 5 | 101564 | 83 | 231 | 75
383 | Revision_383/options.c | U | 1094 | 1098 | 5 | 101565 | 84 | 232 | 100
383 | Revision_383/options.c | U | 1100 | 1104 | 5 | 101566 | 84 | 233 | 100
383 | Revision_383/options.c | U | 1146 | 1158 | 12 | 101567 | 85 | 360 | 100
383 | Revision_383/options.c | U | 1163 | 1175 | 12 | 101568 | 85 | 235 | 100
383 | Revision_383/options.c | U | 1417 | 1434 | 15 | 101569 | 86 | 236 | 91
383 | Revision_383/options.c | U | 1455 | 1472 | 15 | 101570 | 86 | 237 | 91
