Revision | filePath | changeType | StartLine | EndLine | Nlines | cloneId | classId | globalCloneId | Similarity
384 | Revision_384/lisp.c | U | 91 | 97 | 7 | 101571 | 1 | 1 | 83
384 | Revision_384/lisp.c | U | 112 | 118 | 7 | 101572 | 1 | 2 | 83
384 | Revision_384/lisp.c | U | 127 | 137 | 9 | 101573 | 2 | 3 | 70
384 | Revision_384/python.c | U | 213 | 221 | 9 | 101574 | 2 | 13 | 70
384 | Revision_384/verilog.c | U | 324 | 333 | 9 | 101575 | 2 | 283 | 70
384 | Revision_384/eiffel.c | U | 1222 | 1231 | 9 | 101576 | 2 | 9 | 70
384 | Revision_384/c.c | U | 2764 | 2773 | 9 | 101577 | 2 | 12 | 70
384 | Revision_384/c.c | U | 2752 | 2761 | 9 | 101578 | 2 | 15 | 70
384 | Revision_384/c.c | U | 2740 | 2749 | 9 | 101579 | 2 | 315 | 70
384 | Revision_384/c.c | U | 2722 | 2737 | 9 | 101580 | 2 | 8 | 70
384 | Revision_384/c.c | U | 2710 | 2719 | 9 | 101581 | 2 | 330 | 70
384 | Revision_384/fortran.c | U | 2178 | 2193 | 9 | 101582 | 2 | 21 | 70
384 | Revision_384/beta.c | U | 313 | 321 | 9 | 101583 | 2 | 5 | 70
384 | Revision_384/tcl.c | U | 106 | 114 | 9 | 101584 | 2 | 18 | 70
384 | Revision_384/sql.c | U | 678 | 687 | 9 | 101585 | 2 | 296 | 70
384 | Revision_384/asp.c | U | 181 | 189 | 9 | 101586 | 2 | 4 | 70
384 | Revision_384/awk.c | U | 71 | 79 | 9 | 101587 | 2 | 10 | 70
384 | Revision_384/pascal.c | U | 255 | 263 | 9 | 101588 | 2 | 14 | 70
384 | Revision_384/vim.c | U | 168 | 176 | 9 | 101589 | 2 | 20 | 70
384 | Revision_384/sh.c | U | 102 | 112 | 9 | 101590 | 2 | 17 | 70
384 | Revision_384/ruby.c | U | 167 | 175 | 9 | 101591 | 2 | 19 | 70
384 | Revision_384/sml.c | U | 192 | 200 | 9 | 101592 | 2 | 321 | 70
384 | Revision_384/scheme.c | U | 99 | 109 | 9 | 101593 | 2 | 16 | 70
384 | Revision_384/php.c | U | 125 | 133 | 9 | 101594 | 2 | 22 | 70
384 | Revision_384/cobol.c | U | 40 | 48 | 9 | 101595 | 2 | 320 | 70
384 | Revision_384/erlang.c | U | 179 | 187 | 9 | 101596 | 2 | 340 | 70
384 | Revision_384/perl.c | U | 140 | 148 | 9 | 101597 | 2 | 7 | 70
384 | Revision_384/lua.c | U | 123 | 131 | 9 | 101598 | 2 | 243 | 70
384 | Revision_384/html.c | U | 40 | 47 | 9 | 101599 | 2 | 365 | 70
384 | Revision_384/make.c | U | 91 | 101 | 9 | 101600 | 2 | 25 | 70
384 | Revision_384/asm.c | U | 367 | 386 | 9 | 101601 | 2 | 274 | 70
384 | Revision_384/yacc.c | U | 31 | 38 | 9 | 101602 | 2 | 23 | 70
384 | Revision_384/slang.c | U | 34 | 41 | 9 | 101603 | 2 | 24 | 70
384 | Revision_384/jscript.c | U | 31 | 38 | 9 | 101604 | 2 | 364 | 70
384 | Revision_384/rexx.c | U | 30 | 37 | 9 | 101605 | 2 | 26 | 70
384 | Revision_384/keyword.c | U | 107 | 116 | 9 | 101606 | 2 | 27 | 70
384 | Revision_384/options.c | U | 621 | 627 | 9 | 101607 | 2 | 29 | 70
384 | Revision_384/fortran.c | U | 413 | 425 | 9 | 101608 | 2 | 158 | 70
384 | Revision_384/options.c | U | 528 | 533 | 9 | 101609 | 2 | 30 | 70
384 | Revision_384/sql.c | U | 207 | 215 | 9 | 101610 | 2 | 309 | 70
384 | Revision_384/c.c | U | 2114 | 2119 | 9 | 101611 | 2 | 28 | 70
384 | Revision_384/c.c | U | 2143 | 2151 | 9 | 101612 | 2 | 31 | 70
384 | Revision_384/eiffel.c | U | 1176 | 1188 | 9 | 101613 | 2 | 157 | 70
384 | Revision_384/asp.c | U | 70 | 89 | 15 | 101614 | 3 | 33 | 100
384 | Revision_384/asp.c | U | 93 | 112 | 15 | 101615 | 3 | 34 | 100
384 | Revision_384/asp.c | U | 116 | 132 | 14 | 101616 | 4 | 35 | 72
384 | Revision_384/ruby.c | U | 79 | 94 | 14 | 101617 | 4 | 42 | 72
384 | Revision_384/asp.c | U | 155 | 170 | 14 | 101618 | 4 | 36 | 72
384 | Revision_384/php.c | U | 78 | 91 | 14 | 101619 | 4 | 40 | 72
384 | Revision_384/ruby.c | U | 96 | 111 | 14 | 101620 | 4 | 42 | 72
384 | Revision_384/vim.c | U | 121 | 135 | 14 | 101621 | 4 | 159 | 72
384 | Revision_384/asp.c | U | 136 | 151 | 14 | 101622 | 4 | 36 | 72
384 | Revision_384/php.c | U | 58 | 75 | 14 | 101623 | 4 | 173 | 72
384 | Revision_384/vim.c | M | 95 | 110 | 14 | 101624 | 4 | 334 | 72
384 | Revision_384/vim.c | U | 143 | 162 | 14 | 101625 | 4 | 160 | 72
384 | Revision_384/vim.c | U | 114 | 136 | 14 | 101626 | 4 | 160 | 72
384 | Revision_384/args.c | U | 85 | 92 | 8 | 101627 | 5 | 43 | 100
384 | Revision_384/args.c | U | 159 | 166 | 8 | 101628 | 5 | 44 | 100
384 | Revision_384/args.c | U | 144 | 148 | 5 | 101629 | 6 | 322 | 75
384 | Revision_384/sml.c | U | 174 | 178 | 5 | 101630 | 6 | 323 | 75
384 | Revision_384/readtags.c | U | 699 | 703 | 5 | 101631 | 6 | 212 | 75
384 | Revision_384/args.c | U | 181 | 189 | 9 | 101632 | 7 | 45 | 75
384 | Revision_384/args.c | U | 202 | 210 | 9 | 101633 | 7 | 46 | 75
384 | Revision_384/args.c | U | 192 | 199 | 9 | 101634 | 7 | 47 | 75
384 | Revision_384/args.c | U | 265 | 271 | 6 | 101635 | 8 | 48 | 80
384 | Revision_384/options.c | U | 574 | 579 | 6 | 101636 | 8 | 49 | 80
384 | Revision_384/fortran.c | U | 891 | 896 | 6 | 101637 | 8 | 50 | 80
384 | Revision_384/c.c | U | 529 | 535 | 7 | 101638 | 9 | 51 | 80
384 | Revision_384/vstring.c | U | 67 | 74 | 7 | 101639 | 9 | 52 | 80
384 | Revision_384/c.c | U | 538 | 545 | 6 | 101640 | 10 | 53 | 80
384 | Revision_384/c.c | U | 548 | 555 | 6 | 101641 | 10 | 54 | 80
384 | Revision_384/c.c | U | 657 | 673 | 17 | 101642 | 11 | 55 | 72
384 | Revision_384/fortran.c | U | 1122 | 1137 | 17 | 101643 | 11 | 375 | 72
384 | Revision_384/c.c | U | 1206 | 1220 | 17 | 101644 | 11 | 56 | 72
384 | Revision_384/fortran.c | U | 1858 | 1874 | 17 | 101645 | 11 | 59 | 72
384 | Revision_384/c.c | U | 1129 | 1147 | 17 | 101646 | 11 | 60 | 72
384 | Revision_384/c.c | U | 676 | 691 | 17 | 101647 | 11 | 57 | 72
384 | Revision_384/fortran.c | U | 1099 | 1119 | 17 | 101648 | 11 | 58 | 72
384 | Revision_384/Test/local.c | U | 9 | 22 | 17 | 101649 | 11 | 384 | 72
384 | Revision_384/fortran.c | U | 1102 | 1117 | 17 | 101650 | 11 | 58 | 72
384 | Revision_384/c.c | U | 1132 | 1145 | 17 | 101651 | 11 | 63 | 72
384 | Revision_384/fortran.c | U | 1775 | 1803 | 17 | 101652 | 11 | 366 | 72
384 | Revision_384/fortran.c | U | 1861 | 1872 | 17 | 101653 | 11 | 65 | 72
384 | Revision_384/fortran.c | U | 1575 | 1612 | 17 | 101654 | 11 | 367 | 72
384 | Revision_384/c.c | U | 679 | 689 | 13 | 101655 | 12 | 57 | 75
384 | Revision_384/c.c | U | 1208 | 1219 | 13 | 101656 | 12 | 64 | 75
384 | Revision_384/c.c | U | 708 | 728 | 20 | 101657 | 13 | 72 | 72
384 | Revision_384/fortran.c | U | 1289 | 1299 | 20 | 101658 | 13 | 337 | 72
384 | Revision_384/c.c | U | 738 | 744 | 8 | 101659 | 14 | 74 | 71
384 | Revision_384/options.c | U | 467 | 474 | 8 | 101660 | 14 | 75 | 71
384 | Revision_384/c.c | U | 775 | 779 | 5 | 101661 | 15 | 76 | 75
384 | Revision_384/eiffel.c | U | 673 | 677 | 5 | 101662 | 15 | 249 | 75
384 | Revision_384/sql.c | U | 506 | 510 | 5 | 101663 | 15 | 297 | 75
384 | Revision_384/fortran.c | U | 1901 | 1905 | 5 | 101664 | 15 | 79 | 75
384 | Revision_384/c.c | U | 2040 | 2044 | 5 | 101665 | 15 | 80 | 75
384 | Revision_384/sql.c | U | 335 | 339 | 5 | 101666 | 15 | 300 | 75
384 | Revision_384/eiffel.c | U | 660 | 664 | 5 | 101667 | 15 | 250 | 75
384 | Revision_384/eiffel.c | U | 1014 | 1018 | 5 | 101668 | 15 | 269 | 75
384 | Revision_384/c.c | U | 2563 | 2567 | 5 | 101669 | 15 | 86 | 75
384 | Revision_384/eiffel.c | U | 963 | 967 | 5 | 101670 | 15 | 269 | 75
384 | Revision_384/eiffel.c | U | 874 | 878 | 5 | 101671 | 15 | 269 | 75
384 | Revision_384/fortran.c | U | 1330 | 1334 | 5 | 101672 | 15 | 85 | 75
384 | Revision_384/readtags.c | U | 144 | 148 | 5 | 101673 | 15 | 87 | 75
384 | Revision_384/strlist.c | U | 134 | 138 | 5 | 101674 | 15 | 126 | 75
384 | Revision_384/c.c | U | 2085 | 2089 | 5 | 101675 | 15 | 125 | 75
384 | Revision_384/ruby.c | U | 136 | 140 | 5 | 101676 | 15 | 19 | 75
384 | Revision_384/fortran.c | U | 1327 | 1335 | 5 | 101677 | 15 | 84 | 75
384 | Revision_384/eiffel.c | U | 848 | 853 | 5 | 101678 | 15 | 151 | 75
384 | Revision_384/fortran.c | U | 1539 | 1544 | 5 | 101679 | 15 | 79 | 75
384 | Revision_384/fortran.c | U | 589 | 593 | 5 | 101680 | 15 | 95 | 75
384 | Revision_384/c.c | U | 2628 | 2633 | 5 | 101681 | 15 | 94 | 75
384 | Revision_384/fortran.c | U | 1198 | 1202 | 5 | 101682 | 15 | 85 | 75
384 | Revision_384/eiffel.c | U | 1033 | 1037 | 5 | 101683 | 15 | 151 | 75
384 | Revision_384/readtags.c | U | 455 | 459 | 5 | 101684 | 15 | 90 | 75
384 | Revision_384/keyword.c | U | 185 | 189 | 5 | 101685 | 15 | 91 | 75
384 | Revision_384/options.c | U | 1034 | 1038 | 5 | 101686 | 15 | 89 | 75
384 | Revision_384/c.c | U | 1717 | 1721 | 5 | 101687 | 15 | 121 | 75
384 | Revision_384/c.c | U | 1726 | 1730 | 5 | 101688 | 15 | 331 | 75
384 | Revision_384/c.c | U | 2104 | 2111 | 5 | 101689 | 15 | 244 | 75
384 | Revision_384/fortran.c | U | 1711 | 1715 | 5 | 101690 | 15 | 373 | 75
384 | Revision_384/vstring.c | U | 35 | 40 | 5 | 101691 | 15 | 98 | 75
384 | Revision_384/fortran.c | U | 995 | 999 | 5 | 101692 | 15 | 128 | 75
384 | Revision_384/options.c | U | 669 | 673 | 5 | 101693 | 15 | 127 | 75
384 | Revision_384/options.c | U | 1674 | 1678 | 5 | 101694 | 15 | 333 | 75
384 | Revision_384/eiffel.c | U | 1069 | 1078 | 5 | 101695 | 15 | 101 | 75
384 | Revision_384/fortran.c | U | 1532 | 1537 | 5 | 101696 | 15 | 79 | 75
384 | Revision_384/options.c | U | 1213 | 1217 | 5 | 101697 | 15 | 129 | 75
384 | Revision_384/c.c | U | 785 | 806 | 46 | 101698 | 16 | 103 | 80
384 | Revision_384/c.c | U | 848 | 868 | 46 | 101699 | 16 | 316 | 80
384 | Revision_384/c.c | U | 915 | 934 | 46 | 101700 | 16 | 103 | 80
384 | Revision_384/c.c | U | 809 | 829 | 46 | 101701 | 16 | 332 | 80
384 | Revision_384/c.c | U | 871 | 882 | 12 | 101702 | 17 | 317 | 90
384 | Revision_384/c.c | U | 885 | 896 | 12 | 101703 | 17 | 318 | 90
384 | Revision_384/c.c | U | 1269 | 1275 | 7 | 101704 | 18 | 385 | 83
384 | Revision_384/fortran.c | U | 501 | 509 | 7 | 101705 | 18 | 112 | 83
384 | Revision_384/c.c | U | 1342 | 1349 | 7 | 101706 | 19 | 108 | 80
384 | Revision_384/c.c | U | 1351 | 1358 | 7 | 101707 | 19 | 109 | 80
384 | Revision_384/c.c | U | 1372 | 1379 | 7 | 101708 | 20 | 110 | 83
384 | Revision_384/fortran.c | U | 628 | 634 | 7 | 101709 | 20 | 112 | 83
384 | Revision_384/c.c | U | 1382 | 1389 | 7 | 101710 | 20 | 111 | 83
384 | Revision_384/c.c | U | 1420 | 1425 | 6 | 101711 | 21 | 386 | 80
384 | Revision_384/c.c | U | 1737 | 1742 | 6 | 101712 | 21 | 80 | 80
384 | Revision_384/c.c | U | 1438 | 1447 | 9 | 101713 | 22 | 294 | 71
384 | Revision_384/eiffel.c | U | 556 | 564 | 9 | 101714 | 22 | 295 | 71
384 | Revision_384/c.c | U | 1441 | 1445 | 5 | 101715 | 23 | 294 | 75
384 | Revision_384/readtags.c | U | 503 | 507 | 5 | 101716 | 23 | 90 | 75
384 | Revision_384/readtags.c | U | 680 | 684 | 5 | 101717 | 23 | 99 | 75
384 | Revision_384/c.c | U | 1781 | 1785 | 5 | 101718 | 24 | 118 | 75
384 | Revision_384/eiffel.c | U | 419 | 423 | 5 | 101719 | 24 | 119 | 75
384 | Revision_384/fortran.c | U | 795 | 799 | 5 | 101720 | 24 | 120 | 75
384 | Revision_384/c.c | U | 1928 | 1932 | 5 | 101721 | 25 | 121 | 75
384 | Revision_384/get.c | U | 593 | 597 | 5 | 101722 | 25 | 122 | 75
384 | Revision_384/fortran.c | U | 622 | 626 | 5 | 101723 | 25 | 112 | 75
384 | Revision_384/c.c | U | 2066 | 2073 | 9 | 101724 | 26 | 28 | 71
384 | Revision_384/eiffel.c | U | 1066 | 1079 | 9 | 101725 | 26 | 156 | 71
384 | Revision_384/c.c | U | 2369 | 2373 | 5 | 101726 | 27 | 387 | 100
384 | Revision_384/c.c | U | 2376 | 2380 | 5 | 101727 | 27 | 94 | 100
384 | Revision_384/c.c | U | 2584 | 2589 | 6 | 101728 | 28 | 94 | 80
384 | Revision_384/sql.c | U | 529 | 534 | 6 | 101729 | 28 | 301 | 80
384 | Revision_384/c.c | U | 2668 | 2677 | 9 | 101730 | 29 | 130 | 71
384 | Revision_384/verilog.c | U | 107 | 117 | 9 | 101731 | 29 | 381 | 71
384 | Revision_384/fortran.c | U | 397 | 406 | 9 | 101732 | 29 | 132 | 71
384 | Revision_384/eiffel.c | U | 215 | 224 | 9 | 101733 | 29 | 131 | 71
384 | Revision_384/asm.c | U | 120 | 128 | 9 | 101734 | 29 | 288 | 71
384 | Revision_384/sql.c | U | 195 | 204 | 9 | 101735 | 29 | 302 | 71
384 | Revision_384/eiffel.c | U | 287 | 301 | 9 | 101736 | 30 | 133 | 71
384 | Revision_384/sql.c | U | 228 | 242 | 9 | 101737 | 30 | 303 | 71
384 | Revision_384/beta.c | U | 71 | 82 | 9 | 101738 | 30 | 134 | 71
384 | Revision_384/sml.c | U | 73 | 79 | 9 | 101739 | 30 | 324 | 71
384 | Revision_384/parse.c | U | 46 | 57 | 9 | 101740 | 30 | 135 | 71
384 | Revision_384/eiffel.c | U | 289 | 299 | 9 | 101741 | 30 | 136 | 71
384 | Revision_384/eiffel.c | U | 367 | 376 | 8 | 101742 | 31 | 304 | 100
384 | Revision_384/sql.c | U | 249 | 256 | 8 | 101743 | 31 | 305 | 100
384 | Revision_384/eiffel.c | U | 382 | 407 | 23 | 101744 | 32 | 139 | 75
384 | Revision_384/fortran.c | U | 753 | 783 | 23 | 101745 | 32 | 140 | 75
384 | Revision_384/eiffel.c | U | 410 | 435 | 20 | 101746 | 33 | 141 | 94
384 | Revision_384/fortran.c | U | 786 | 811 | 20 | 101747 | 33 | 142 | 94
384 | Revision_384/eiffel.c | U | 547 | 551 | 5 | 101748 | 34 | 143 | 75
384 | Revision_384/fortran.c | U | 974 | 978 | 5 | 101749 | 34 | 145 | 75
384 | Revision_384/fortran.c | U | 775 | 779 | 5 | 101750 | 34 | 144 | 75
384 | Revision_384/verilog.c | U | 244 | 248 | 5 | 101751 | 34 | 382 | 75
384 | Revision_384/verilog.c | U | 141 | 145 | 5 | 101752 | 34 | 383 | 75
384 | Revision_384/eiffel.c | U | 572 | 584 | 11 | 101753 | 35 | 114 | 88
384 | Revision_384/eiffel.c | U | 587 | 599 | 11 | 101754 | 35 | 117 | 88
384 | Revision_384/fortran.c | U | 840 | 851 | 11 | 101755 | 35 | 116 | 88
384 | Revision_384/sql.c | U | 278 | 289 | 11 | 101756 | 35 | 306 | 88
384 | Revision_384/eiffel.c | U | 602 | 612 | 9 | 101757 | 36 | 146 | 87
384 | Revision_384/fortran.c | U | 858 | 868 | 9 | 101758 | 36 | 147 | 87
384 | Revision_384/asm.c | U | 131 | 140 | 9 | 101759 | 36 | 270 | 87
384 | Revision_384/eiffel.c | U | 771 | 818 | 13 | 101760 | 37 | 349 | 72
384 | Revision_384/fortran.c | U | 1085 | 1096 | 13 | 101761 | 37 | 350 | 72
384 | Revision_384/eiffel.c | U | 836 | 854 | 12 | 101762 | 38 | 251 | 72
384 | Revision_384/fortran.c | U | 1367 | 1380 | 12 | 101763 | 38 | 336 | 72
384 | Revision_384/eiffel.c | U | 858 | 880 | 12 | 101764 | 38 | 252 | 72
384 | Revision_384/eiffel.c | U | 1008 | 1021 | 12 | 101765 | 38 | 253 | 72
384 | Revision_384/fortran.c | U | 1621 | 1629 | 12 | 101766 | 38 | 337 | 72
384 | Revision_384/eiffel.c | U | 1113 | 1137 | 22 | 101767 | 39 | 307 | 70
384 | Revision_384/sql.c | U | 476 | 501 | 22 | 101768 | 39 | 308 | 70
384 | Revision_384/eiffel.c | U | 1191 | 1197 | 6 | 101769 | 40 | 362 | 80
384 | Revision_384/fortran.c | U | 439 | 444 | 6 | 101770 | 40 | 363 | 80
384 | Revision_384/vim.c | U | 56 | 60 | 5 | 101771 | 41 | 290 | 100
384 | Revision_384/vim.c | U | 62 | 66 | 5 | 101772 | 41 | 291 | 100
384 | Revision_384/python.c | U | 105 | 109 | 5 | 101773 | 42 | 278 | 75
384 | Revision_384/sml.c | U | 82 | 86 | 5 | 101774 | 42 | 325 | 75
384 | Revision_384/options.c | U | 955 | 960 | 5 | 101775 | 42 | 280 | 75
384 | Revision_384/erlang.c | U | 58 | 62 | 5 | 101776 | 42 | 341 | 75
384 | Revision_384/python.c | U | 113 | 122 | 9 | 101777 | 43 | 292 | 75
384 | Revision_384/tcl.c | U | 44 | 54 | 9 | 101778 | 43 | 293 | 75
384 | Revision_384/erlang.c | U | 66 | 75 | 9 | 101779 | 43 | 342 | 75
384 | Revision_384/python.c | U | 145 | 150 | 6 | 101780 | 44 | 343 | 71
384 | Revision_384/erlang.c | U | 116 | 121 | 6 | 101781 | 44 | 346 | 71
384 | Revision_384/erlang.c | U | 108 | 113 | 6 | 101782 | 44 | 344 | 71
384 | Revision_384/erlang.c | U | 97 | 105 | 6 | 101783 | 44 | 344 | 71
384 | Revision_384/main.c | U | 179 | 185 | 6 | 101784 | 44 | 376 | 71
384 | Revision_384/main.c | U | 260 | 267 | 6 | 101785 | 44 | 377 | 71
384 | Revision_384/python.c | U | 172 | 181 | 9 | 101786 | 45 | 326 | 85
384 | Revision_384/sml.c | U | 162 | 171 | 9 | 101787 | 45 | 327 | 85
384 | Revision_384/python.c | U | 201 | 206 | 6 | 101788 | 46 | 328 | 80
384 | Revision_384/sml.c | U | 180 | 185 | 6 | 101789 | 46 | 329 | 80
384 | Revision_384/perl.c | U | 88 | 92 | 5 | 101790 | 47 | 163 | 75
384 | Revision_384/pascal.c | U | 133 | 137 | 5 | 101791 | 47 | 164 | 75
384 | Revision_384/sort.c | U | 123 | 128 | 5 | 101792 | 48 | 281 | 100
384 | Revision_384/sort.c | U | 131 | 136 | 5 | 101793 | 48 | 282 | 100
384 | Revision_384/strlist.c | U | 32 | 38 | 8 | 101794 | 49 | 165 | 71
384 | Revision_384/vstring.c | U | 77 | 87 | 8 | 101795 | 49 | 166 | 71
384 | Revision_384/strlist.c | U | 147 | 154 | 8 | 101796 | 50 | 167 | 85
384 | Revision_384/strlist.c | U | 158 | 165 | 8 | 101797 | 50 | 168 | 85
384 | Revision_384/strlist.c | U | 169 | 176 | 8 | 101798 | 50 | 169 | 85
384 | Revision_384/pascal.c | U | 149 | 153 | 6 | 101799 | 51 | 319 | 75
384 | Revision_384/pascal.c | U | 183 | 189 | 6 | 101800 | 51 | 171 | 75
384 | Revision_384/pascal.c | U | 175 | 181 | 6 | 101801 | 51 | 170 | 75
384 | Revision_384/get.c | U | 302 | 314 | 10 | 101802 | 52 | 174 | 70
384 | Revision_384/read.c | U | 214 | 225 | 10 | 101803 | 52 | 176 | 70
384 | Revision_384/parse.c | U | 558 | 572 | 10 | 101804 | 52 | 175 | 70
384 | Revision_384/get.c | U | 466 | 477 | 10 | 101805 | 53 | 177 | 100
384 | Revision_384/get.c | U | 483 | 494 | 10 | 101806 | 53 | 178 | 100
384 | Revision_384/get.c | U | 540 | 545 | 6 | 101807 | 54 | 180 | 80
384 | Revision_384/read.c | U | 415 | 419 | 6 | 101808 | 54 | 181 | 80
384 | Revision_384/main.c | U | 126 | 139 | 6 | 101809 | 55 | 354 | 80
384 | Revision_384/options.c | U | 394 | 399 | 6 | 101810 | 55 | 355 | 80
384 | Revision_384/routines.c | U | 236 | 243 | 6 | 101811 | 56 | 254 | 80
384 | Revision_384/routines.c | U | 246 | 253 | 6 | 101812 | 56 | 255 | 80
384 | Revision_384/routines.c | U | 287 | 294 | 8 | 101813 | 57 | 256 | 83
384 | Revision_384/readtags.c | U | 116 | 123 | 8 | 101814 | 57 | 123 | 83
384 | Revision_384/readtags.c | U | 106 | 113 | 8 | 101815 | 57 | 238 | 83
384 | Revision_384/routines.c | U | 297 | 304 | 8 | 101816 | 57 | 257 | 83
384 | Revision_384/routines.c | U | 321 | 325 | 5 | 101817 | 58 | 258 | 75
384 | Revision_384/vstring.c | U | 125 | 129 | 5 | 101818 | 58 | 188 | 75
384 | Revision_384/vstring.c | U | 118 | 122 | 5 | 101819 | 58 | 189 | 75
384 | Revision_384/routines.c | U | 328 | 334 | 6 | 101820 | 59 | 259 | 100
384 | Revision_384/routines.c | U | 337 | 343 | 6 | 101821 | 59 | 260 | 100
384 | Revision_384/routines.c | U | 348 | 355 | 8 | 101822 | 60 | 261 | 100
384 | Revision_384/routines.c | U | 360 | 367 | 8 | 101823 | 60 | 262 | 100
384 | Revision_384/sh.c | U | 88 | 93 | 6 | 101824 | 61 | 378 | 80
384 | Revision_384/asm.c | U | 348 | 353 | 6 | 101825 | 61 | 379 | 80
384 | Revision_384/beta.c | U | 136 | 143 | 6 | 101826 | 62 | 201 | 75
384 | Revision_384/beta.c | U | 207 | 215 | 6 | 101827 | 62 | 202 | 75
384 | Revision_384/beta.c | U | 154 | 158 | 5 | 101828 | 63 | 203 | 75
384 | Revision_384/beta.c | U | 280 | 284 | 5 | 101829 | 63 | 205 | 75
384 | Revision_384/beta.c | U | 274 | 278 | 5 | 101830 | 63 | 207 | 75
384 | Revision_384/beta.c | U | 160 | 164 | 5 | 101831 | 63 | 204 | 75
384 | Revision_384/beta.c | U | 167 | 171 | 5 | 101832 | 63 | 206 | 75
384 | Revision_384/sql.c | U | 418 | 424 | 6 | 101833 | 64 | 310 | 75
384 | Revision_384/fortran.c | U | 1064 | 1068 | 6 | 101834 | 64 | 312 | 75
384 | Revision_384/sql.c | U | 626 | 632 | 6 | 101835 | 64 | 298 | 75
384 | Revision_384/sql.c | U | 444 | 449 | 6 | 101836 | 65 | 313 | 100
384 | Revision_384/sql.c | U | 610 | 615 | 6 | 101837 | 65 | 299 | 100
384 | Revision_384/sql.c | U | 460 | 468 | 8 | 101838 | 66 | 313 | 71
384 | Revision_384/fortran.c | U | 1745 | 1751 | 8 | 101839 | 66 | 314 | 71
384 | Revision_384/sql.c | U | 543 | 551 | 8 | 101840 | 66 | 380 | 71
384 | Revision_384/fortran.c | U | 1405 | 1413 | 8 | 101841 | 66 | 59 | 71
384 | Revision_384/parse.c | U | 98 | 108 | 11 | 101842 | 67 | 208 | 88
384 | Revision_384/parse.c | U | 111 | 122 | 11 | 101843 | 67 | 209 | 88
384 | Revision_384/parse.c | U | 272 | 276 | 5 | 101844 | 68 | 356 | 75
384 | Revision_384/parse.c | U | 528 | 532 | 5 | 101845 | 68 | 357 | 75
384 | Revision_384/parse.c | U | 547 | 551 | 5 | 101846 | 68 | 358 | 75
384 | Revision_384/readtags.c | U | 542 | 548 | 6 | 101847 | 69 | 239 | 100
384 | Revision_384/readtags.c | U | 550 | 556 | 6 | 101848 | 69 | 240 | 100
384 | Revision_384/readtags.c | U | 585 | 589 | 6 | 101849 | 70 | 123 | 75
384 | Revision_384/readtags.c | U | 640 | 646 | 6 | 101850 | 70 | 124 | 75
384 | Revision_384/readtags.c | U | 717 | 725 | 8 | 101851 | 71 | 210 | 83
384 | Revision_384/readtags.c | U | 772 | 780 | 8 | 101852 | 71 | 211 | 83
384 | Revision_384/readtags.c | U | 728 | 736 | 8 | 101853 | 71 | 212 | 83
384 | Revision_384/readtags.c | U | 739 | 744 | 6 | 101854 | 72 | 241 | 80
384 | Revision_384/readtags.c | U | 764 | 769 | 6 | 101855 | 72 | 242 | 80
384 | Revision_384/readtags.c | U | 756 | 761 | 6 | 101856 | 72 | 287 | 80
384 | Revision_384/fortran.c | U | 1258 | 1279 | 23 | 101857 | 73 | 369 | 72
384 | Revision_384/fortran.c | U | 1778 | 1801 | 23 | 101858 | 73 | 366 | 72
384 | Revision_384/fortran.c | U | 1312 | 1318 | 7 | 101859 | 74 | 85 | 83
384 | Revision_384/fortran.c | U | 1371 | 1377 | 7 | 101860 | 74 | 84 | 83
384 | Revision_384/fortran.c | U | 1438 | 1446 | 10 | 101861 | 75 | 314 | 77
384 | Revision_384/fortran.c | U | 1477 | 1486 | 10 | 101862 | 75 | 59 | 77
384 | Revision_384/fortran.c | U | 1524 | 1530 | 8 | 101863 | 76 | 65 | 71
384 | Revision_384/fortran.c | U | 1700 | 1709 | 8 | 101864 | 76 | 221 | 71
384 | Revision_384/fortran.c | U | 1718 | 1733 | 20 | 101865 | 77 | 21 | 84
384 | Revision_384/fortran.c | U | 1933 | 1949 | 20 | 101866 | 77 | 374 | 84
384 | Revision_384/fortran.c | U | 1897 | 1916 | 17 | 101867 | 78 | 220 | 75
384 | Revision_384/fortran.c | U | 1968 | 1985 | 17 | 101868 | 78 | 221 | 75
384 | Revision_384/fortran.c | U | 2040 | 2061 | 17 | 101869 | 78 | 372 | 75
384 | Revision_384/asm.c | U | 244 | 257 | 11 | 101870 | 79 | 289 | 77
384 | Revision_384/asm.c | U | 262 | 272 | 11 | 101871 | 79 | 279 | 77
384 | Revision_384/scheme.c | U | 70 | 78 | 8 | 101872 | 80 | 222 | 71
384 | Revision_384/scheme.c | U | 85 | 93 | 8 | 101873 | 80 | 223 | 71
384 | Revision_384/options.c | U | 366 | 372 | 6 | 101874 | 81 | 224 | 100
384 | Revision_384/options.c | U | 375 | 381 | 6 | 101875 | 81 | 225 | 100
384 | Revision_384/options.c | U | 538 | 544 | 7 | 101876 | 82 | 226 | 100
384 | Revision_384/options.c | U | 556 | 562 | 7 | 101877 | 82 | 227 | 100
384 | Revision_384/options.c | U | 565 | 571 | 7 | 101878 | 82 | 228 | 100
384 | Revision_384/options.c | U | 547 | 553 | 7 | 101879 | 82 | 229 | 100
384 | Revision_384/options.c | U | 974 | 978 | 5 | 101880 | 83 | 230 | 75
384 | Revision_384/options.c | U | 1000 | 1004 | 5 | 101881 | 83 | 231 | 75
384 | Revision_384/options.c | U | 1094 | 1098 | 5 | 101882 | 84 | 232 | 100
384 | Revision_384/options.c | U | 1100 | 1104 | 5 | 101883 | 84 | 233 | 100
384 | Revision_384/options.c | U | 1146 | 1158 | 12 | 101884 | 85 | 360 | 100
384 | Revision_384/options.c | U | 1163 | 1175 | 12 | 101885 | 85 | 235 | 100
384 | Revision_384/options.c | U | 1417 | 1434 | 15 | 101886 | 86 | 236 | 91
384 | Revision_384/options.c | U | 1455 | 1472 | 15 | 101887 | 86 | 237 | 91
