Revision | filePath | changeType | StartLine | EndLine | Nlines | cloneId | classId | globalCloneId | Similarity
386 | Revision_386/lisp.c | U | 91 | 97 | 7 | 102205 | 1 | 1 | 83
386 | Revision_386/lisp.c | U | 112 | 118 | 7 | 102206 | 1 | 2 | 83
386 | Revision_386/lisp.c | U | 127 | 137 | 9 | 102207 | 2 | 3 | 70
386 | Revision_386/beta.c | U | 313 | 321 | 9 | 102208 | 2 | 5 | 70
386 | Revision_386/verilog.c | U | 324 | 333 | 9 | 102209 | 2 | 283 | 70
386 | Revision_386/eiffel.c | U | 1222 | 1231 | 9 | 102210 | 2 | 9 | 70
386 | Revision_386/c.c | U | 2764 | 2773 | 9 | 102211 | 2 | 12 | 70
386 | Revision_386/c.c | U | 2752 | 2761 | 9 | 102212 | 2 | 15 | 70
386 | Revision_386/c.c | U | 2740 | 2749 | 9 | 102213 | 2 | 315 | 70
386 | Revision_386/c.c | U | 2722 | 2737 | 9 | 102214 | 2 | 8 | 70
386 | Revision_386/c.c | U | 2710 | 2719 | 9 | 102215 | 2 | 330 | 70
386 | Revision_386/fortran.c | U | 2178 | 2193 | 9 | 102216 | 2 | 21 | 70
386 | Revision_386/python.c | U | 213 | 221 | 9 | 102217 | 2 | 13 | 70
386 | Revision_386/lua.c | U | 123 | 131 | 9 | 102218 | 2 | 243 | 70
386 | Revision_386/sql.c | U | 678 | 687 | 9 | 102219 | 2 | 296 | 70
386 | Revision_386/asp.c | U | 181 | 189 | 9 | 102220 | 2 | 4 | 70
386 | Revision_386/awk.c | U | 71 | 79 | 9 | 102221 | 2 | 10 | 70
386 | Revision_386/pascal.c | U | 255 | 263 | 9 | 102222 | 2 | 14 | 70
386 | Revision_386/vim.c | U | 168 | 176 | 9 | 102223 | 2 | 20 | 70
386 | Revision_386/sh.c | U | 102 | 112 | 9 | 102224 | 2 | 17 | 70
386 | Revision_386/ruby.c | U | 167 | 175 | 9 | 102225 | 2 | 19 | 70
386 | Revision_386/sml.c | U | 192 | 200 | 9 | 102226 | 2 | 321 | 70
386 | Revision_386/scheme.c | U | 99 | 109 | 9 | 102227 | 2 | 16 | 70
386 | Revision_386/php.c | U | 125 | 133 | 9 | 102228 | 2 | 22 | 70
386 | Revision_386/cobol.c | U | 40 | 48 | 9 | 102229 | 2 | 320 | 70
386 | Revision_386/perl.c | U | 140 | 148 | 9 | 102230 | 2 | 7 | 70
386 | Revision_386/erlang.c | U | 179 | 187 | 9 | 102231 | 2 | 340 | 70
386 | Revision_386/tcl.c | U | 106 | 114 | 9 | 102232 | 2 | 18 | 70
386 | Revision_386/make.c | U | 91 | 101 | 9 | 102233 | 2 | 25 | 70
386 | Revision_386/yacc.c | U | 31 | 38 | 9 | 102234 | 2 | 23 | 70
386 | Revision_386/slang.c | U | 34 | 41 | 9 | 102235 | 2 | 24 | 70
386 | Revision_386/jscript.c | U | 31 | 38 | 9 | 102236 | 2 | 364 | 70
386 | Revision_386/asm.c | U | 367 | 386 | 9 | 102237 | 2 | 274 | 70
386 | Revision_386/html.c | U | 40 | 47 | 9 | 102238 | 2 | 365 | 70
386 | Revision_386/rexx.c | U | 30 | 37 | 9 | 102239 | 2 | 26 | 70
386 | Revision_386/keyword.c | U | 107 | 116 | 9 | 102240 | 2 | 27 | 70
386 | Revision_386/fortran.c | U | 413 | 425 | 9 | 102241 | 2 | 158 | 70
386 | Revision_386/options.c | U | 621 | 627 | 9 | 102242 | 2 | 29 | 70
386 | Revision_386/sql.c | U | 207 | 215 | 9 | 102243 | 2 | 309 | 70
386 | Revision_386/options.c | U | 528 | 533 | 9 | 102244 | 2 | 30 | 70
386 | Revision_386/c.c | U | 2114 | 2119 | 9 | 102245 | 2 | 28 | 70
386 | Revision_386/eiffel.c | U | 1176 | 1188 | 9 | 102246 | 2 | 157 | 70
386 | Revision_386/c.c | U | 2143 | 2151 | 9 | 102247 | 2 | 31 | 70
386 | Revision_386/asp.c | U | 70 | 89 | 15 | 102248 | 3 | 33 | 100
386 | Revision_386/asp.c | U | 93 | 112 | 15 | 102249 | 3 | 34 | 100
386 | Revision_386/asp.c | U | 116 | 132 | 14 | 102250 | 4 | 35 | 72
386 | Revision_386/ruby.c | U | 79 | 94 | 14 | 102251 | 4 | 42 | 72
386 | Revision_386/asp.c | U | 155 | 170 | 14 | 102252 | 4 | 36 | 72
386 | Revision_386/php.c | U | 78 | 91 | 14 | 102253 | 4 | 40 | 72
386 | Revision_386/ruby.c | U | 96 | 111 | 14 | 102254 | 4 | 42 | 72
386 | Revision_386/vim.c | U | 121 | 135 | 14 | 102255 | 4 | 159 | 72
386 | Revision_386/asp.c | U | 136 | 151 | 14 | 102256 | 4 | 36 | 72
386 | Revision_386/php.c | U | 58 | 75 | 14 | 102257 | 4 | 173 | 72
386 | Revision_386/vim.c | U | 95 | 110 | 14 | 102258 | 4 | 334 | 72
386 | Revision_386/vim.c | U | 143 | 162 | 14 | 102259 | 4 | 160 | 72
386 | Revision_386/vim.c | U | 114 | 136 | 14 | 102260 | 4 | 160 | 72
386 | Revision_386/args.c | U | 85 | 92 | 8 | 102261 | 5 | 43 | 100
386 | Revision_386/args.c | U | 159 | 166 | 8 | 102262 | 5 | 44 | 100
386 | Revision_386/args.c | U | 144 | 148 | 5 | 102263 | 6 | 322 | 75
386 | Revision_386/sml.c | U | 174 | 178 | 5 | 102264 | 6 | 323 | 75
386 | Revision_386/readtags.c | U | 699 | 703 | 5 | 102265 | 6 | 212 | 75
386 | Revision_386/args.c | U | 181 | 189 | 9 | 102266 | 7 | 45 | 75
386 | Revision_386/args.c | U | 192 | 199 | 9 | 102267 | 7 | 46 | 75
386 | Revision_386/args.c | U | 202 | 210 | 9 | 102268 | 7 | 47 | 75
386 | Revision_386/args.c | U | 265 | 271 | 6 | 102269 | 8 | 48 | 80
386 | Revision_386/options.c | U | 574 | 579 | 6 | 102270 | 8 | 49 | 80
386 | Revision_386/fortran.c | U | 891 | 896 | 6 | 102271 | 8 | 50 | 80
386 | Revision_386/c.c | U | 529 | 535 | 7 | 102272 | 9 | 51 | 80
386 | Revision_386/vstring.c | U | 67 | 74 | 7 | 102273 | 9 | 52 | 80
386 | Revision_386/c.c | U | 538 | 545 | 6 | 102274 | 10 | 53 | 80
386 | Revision_386/c.c | U | 548 | 555 | 6 | 102275 | 10 | 54 | 80
386 | Revision_386/c.c | U | 657 | 673 | 17 | 102276 | 11 | 55 | 72
386 | Revision_386/fortran.c | U | 1122 | 1137 | 17 | 102277 | 11 | 375 | 72
386 | Revision_386/c.c | U | 1206 | 1220 | 17 | 102278 | 11 | 56 | 72
386 | Revision_386/c.c | U | 1129 | 1147 | 17 | 102279 | 11 | 60 | 72
386 | Revision_386/c.c | U | 676 | 691 | 17 | 102280 | 11 | 57 | 72
386 | Revision_386/fortran.c | U | 1858 | 1874 | 17 | 102281 | 11 | 59 | 72
386 | Revision_386/fortran.c | U | 1099 | 1119 | 17 | 102282 | 11 | 58 | 72
386 | Revision_386/Test/local.c | U | 9 | 22 | 17 | 102283 | 11 | 384 | 72
386 | Revision_386/c.c | U | 1132 | 1145 | 17 | 102284 | 11 | 63 | 72
386 | Revision_386/fortran.c | U | 1102 | 1117 | 17 | 102285 | 11 | 58 | 72
386 | Revision_386/fortran.c | U | 1775 | 1803 | 17 | 102286 | 11 | 366 | 72
386 | Revision_386/fortran.c | U | 1861 | 1872 | 17 | 102287 | 11 | 65 | 72
386 | Revision_386/fortran.c | U | 1575 | 1612 | 17 | 102288 | 11 | 367 | 72
386 | Revision_386/c.c | U | 679 | 689 | 13 | 102289 | 12 | 57 | 75
386 | Revision_386/c.c | U | 1208 | 1219 | 13 | 102290 | 12 | 64 | 75
386 | Revision_386/c.c | U | 708 | 728 | 20 | 102291 | 13 | 72 | 72
386 | Revision_386/fortran.c | U | 1289 | 1299 | 20 | 102292 | 13 | 337 | 72
386 | Revision_386/c.c | U | 738 | 744 | 8 | 102293 | 14 | 74 | 71
386 | Revision_386/options.c | U | 467 | 474 | 8 | 102294 | 14 | 75 | 71
386 | Revision_386/c.c | U | 775 | 779 | 5 | 102295 | 15 | 76 | 75
386 | Revision_386/eiffel.c | U | 673 | 677 | 5 | 102296 | 15 | 249 | 75
386 | Revision_386/sql.c | U | 506 | 510 | 5 | 102297 | 15 | 297 | 75
386 | Revision_386/fortran.c | U | 1901 | 1905 | 5 | 102298 | 15 | 79 | 75
386 | Revision_386/c.c | U | 2040 | 2044 | 5 | 102299 | 15 | 80 | 75
386 | Revision_386/sql.c | U | 335 | 339 | 5 | 102300 | 15 | 300 | 75
386 | Revision_386/eiffel.c | U | 660 | 664 | 5 | 102301 | 15 | 250 | 75
386 | Revision_386/eiffel.c | U | 963 | 967 | 5 | 102302 | 15 | 269 | 75
386 | Revision_386/eiffel.c | U | 874 | 878 | 5 | 102303 | 15 | 269 | 75
386 | Revision_386/eiffel.c | U | 1014 | 1018 | 5 | 102304 | 15 | 269 | 75
386 | Revision_386/c.c | U | 2563 | 2567 | 5 | 102305 | 15 | 86 | 75
386 | Revision_386/fortran.c | U | 1330 | 1334 | 5 | 102306 | 15 | 85 | 75
386 | Revision_386/readtags.c | U | 144 | 148 | 5 | 102307 | 15 | 87 | 75
386 | Revision_386/c.c | U | 2085 | 2089 | 5 | 102308 | 15 | 125 | 75
386 | Revision_386/strlist.c | U | 134 | 138 | 5 | 102309 | 15 | 126 | 75
386 | Revision_386/keyword.c | U | 185 | 189 | 5 | 102310 | 15 | 91 | 75
386 | Revision_386/readtags.c | U | 455 | 459 | 5 | 102311 | 15 | 90 | 75
386 | Revision_386/options.c | U | 1034 | 1038 | 5 | 102312 | 15 | 89 | 75
386 | Revision_386/fortran.c | U | 1539 | 1544 | 5 | 102313 | 15 | 79 | 75
386 | Revision_386/eiffel.c | U | 1033 | 1037 | 5 | 102314 | 15 | 151 | 75
386 | Revision_386/fortran.c | U | 589 | 593 | 5 | 102315 | 15 | 95 | 75
386 | Revision_386/ruby.c | U | 136 | 140 | 5 | 102316 | 15 | 19 | 75
386 | Revision_386/fortran.c | U | 1327 | 1335 | 5 | 102317 | 15 | 84 | 75
386 | Revision_386/fortran.c | U | 1198 | 1202 | 5 | 102318 | 15 | 85 | 75
386 | Revision_386/c.c | U | 2628 | 2633 | 5 | 102319 | 15 | 94 | 75
386 | Revision_386/eiffel.c | U | 848 | 853 | 5 | 102320 | 15 | 151 | 75
386 | Revision_386/c.c | U | 2104 | 2111 | 5 | 102321 | 15 | 244 | 75
386 | Revision_386/c.c | U | 1726 | 1730 | 5 | 102322 | 15 | 121 | 75
386 | Revision_386/c.c | U | 1717 | 1721 | 5 | 102323 | 15 | 331 | 75
386 | Revision_386/vstring.c | U | 35 | 40 | 5 | 102324 | 15 | 98 | 75
386 | Revision_386/fortran.c | U | 1711 | 1715 | 5 | 102325 | 15 | 373 | 75
386 | Revision_386/options.c | U | 669 | 673 | 5 | 102326 | 15 | 127 | 75
386 | Revision_386/fortran.c | U | 995 | 999 | 5 | 102327 | 15 | 128 | 75
386 | Revision_386/eiffel.c | U | 1069 | 1078 | 5 | 102328 | 15 | 101 | 75
386 | Revision_386/options.c | U | 1674 | 1678 | 5 | 102329 | 15 | 333 | 75
386 | Revision_386/fortran.c | U | 1532 | 1537 | 5 | 102330 | 15 | 79 | 75
386 | Revision_386/options.c | U | 1213 | 1217 | 5 | 102331 | 15 | 129 | 75
386 | Revision_386/c.c | U | 785 | 806 | 46 | 102332 | 16 | 103 | 80
386 | Revision_386/c.c | U | 848 | 868 | 46 | 102333 | 16 | 316 | 80
386 | Revision_386/c.c | U | 915 | 934 | 46 | 102334 | 16 | 103 | 80
386 | Revision_386/c.c | U | 809 | 829 | 46 | 102335 | 16 | 332 | 80
386 | Revision_386/c.c | U | 871 | 882 | 12 | 102336 | 17 | 317 | 90
386 | Revision_386/c.c | U | 885 | 896 | 12 | 102337 | 17 | 318 | 90
386 | Revision_386/c.c | U | 1269 | 1275 | 7 | 102338 | 18 | 385 | 83
386 | Revision_386/fortran.c | U | 501 | 509 | 7 | 102339 | 18 | 112 | 83
386 | Revision_386/c.c | U | 1342 | 1349 | 7 | 102340 | 19 | 108 | 80
386 | Revision_386/c.c | U | 1351 | 1358 | 7 | 102341 | 19 | 109 | 80
386 | Revision_386/c.c | U | 1372 | 1379 | 7 | 102342 | 20 | 110 | 83
386 | Revision_386/c.c | U | 1382 | 1389 | 7 | 102343 | 20 | 111 | 83
386 | Revision_386/fortran.c | U | 628 | 634 | 7 | 102344 | 20 | 112 | 83
386 | Revision_386/c.c | U | 1420 | 1425 | 6 | 102345 | 21 | 386 | 80
386 | Revision_386/c.c | U | 1737 | 1742 | 6 | 102346 | 21 | 80 | 80
386 | Revision_386/c.c | U | 1438 | 1447 | 9 | 102347 | 22 | 294 | 71
386 | Revision_386/eiffel.c | U | 556 | 564 | 9 | 102348 | 22 | 295 | 71
386 | Revision_386/c.c | U | 1441 | 1445 | 5 | 102349 | 23 | 294 | 75
386 | Revision_386/readtags.c | U | 503 | 507 | 5 | 102350 | 23 | 90 | 75
386 | Revision_386/readtags.c | U | 680 | 684 | 5 | 102351 | 23 | 99 | 75
386 | Revision_386/c.c | U | 1781 | 1785 | 5 | 102352 | 24 | 118 | 75
386 | Revision_386/eiffel.c | U | 419 | 423 | 5 | 102353 | 24 | 119 | 75
386 | Revision_386/fortran.c | U | 795 | 799 | 5 | 102354 | 24 | 120 | 75
386 | Revision_386/c.c | U | 1928 | 1932 | 5 | 102355 | 25 | 121 | 75
386 | Revision_386/fortran.c | U | 622 | 626 | 5 | 102356 | 25 | 112 | 75
386 | Revision_386/get.c | U | 593 | 597 | 5 | 102357 | 25 | 122 | 75
386 | Revision_386/c.c | U | 2066 | 2073 | 9 | 102358 | 26 | 28 | 71
386 | Revision_386/eiffel.c | U | 1066 | 1079 | 9 | 102359 | 26 | 156 | 71
386 | Revision_386/c.c | U | 2369 | 2373 | 5 | 102360 | 27 | 387 | 100
386 | Revision_386/c.c | U | 2376 | 2380 | 5 | 102361 | 27 | 94 | 100
386 | Revision_386/c.c | U | 2584 | 2589 | 6 | 102362 | 28 | 94 | 80
386 | Revision_386/sql.c | U | 529 | 534 | 6 | 102363 | 28 | 301 | 80
386 | Revision_386/c.c | U | 2668 | 2677 | 9 | 102364 | 29 | 130 | 71
386 | Revision_386/eiffel.c | U | 215 | 224 | 9 | 102365 | 29 | 131 | 71
386 | Revision_386/verilog.c | U | 107 | 117 | 9 | 102366 | 29 | 381 | 71
386 | Revision_386/fortran.c | U | 397 | 406 | 9 | 102367 | 29 | 132 | 71
386 | Revision_386/asm.c | U | 120 | 128 | 9 | 102368 | 29 | 288 | 71
386 | Revision_386/sql.c | U | 195 | 204 | 9 | 102369 | 29 | 302 | 71
386 | Revision_386/eiffel.c | U | 287 | 301 | 9 | 102370 | 30 | 133 | 71
386 | Revision_386/beta.c | U | 71 | 82 | 9 | 102371 | 30 | 134 | 71
386 | Revision_386/sql.c | U | 228 | 242 | 9 | 102372 | 30 | 303 | 71
386 | Revision_386/sml.c | U | 73 | 79 | 9 | 102373 | 30 | 324 | 71
386 | Revision_386/parse.c | U | 46 | 57 | 9 | 102374 | 30 | 135 | 71
386 | Revision_386/eiffel.c | U | 289 | 299 | 9 | 102375 | 30 | 136 | 71
386 | Revision_386/eiffel.c | U | 367 | 376 | 8 | 102376 | 31 | 304 | 100
386 | Revision_386/sql.c | U | 249 | 256 | 8 | 102377 | 31 | 305 | 100
386 | Revision_386/eiffel.c | U | 382 | 407 | 23 | 102378 | 32 | 139 | 75
386 | Revision_386/fortran.c | U | 753 | 783 | 23 | 102379 | 32 | 140 | 75
386 | Revision_386/eiffel.c | U | 410 | 435 | 20 | 102380 | 33 | 141 | 94
386 | Revision_386/fortran.c | U | 786 | 811 | 20 | 102381 | 33 | 142 | 94
386 | Revision_386/eiffel.c | U | 547 | 551 | 5 | 102382 | 34 | 143 | 75
386 | Revision_386/verilog.c | U | 141 | 145 | 5 | 102383 | 34 | 383 | 75
386 | Revision_386/verilog.c | U | 244 | 248 | 5 | 102384 | 34 | 382 | 75
386 | Revision_386/fortran.c | U | 775 | 779 | 5 | 102385 | 34 | 144 | 75
386 | Revision_386/fortran.c | U | 974 | 978 | 5 | 102386 | 34 | 145 | 75
386 | Revision_386/eiffel.c | U | 572 | 584 | 11 | 102387 | 35 | 114 | 88
386 | Revision_386/sql.c | U | 278 | 289 | 11 | 102388 | 35 | 306 | 88
386 | Revision_386/eiffel.c | U | 587 | 599 | 11 | 102389 | 35 | 117 | 88
386 | Revision_386/fortran.c | U | 840 | 851 | 11 | 102390 | 35 | 116 | 88
386 | Revision_386/eiffel.c | U | 602 | 612 | 9 | 102391 | 36 | 146 | 87
386 | Revision_386/fortran.c | U | 858 | 868 | 9 | 102392 | 36 | 147 | 87
386 | Revision_386/asm.c | U | 131 | 140 | 9 | 102393 | 36 | 270 | 87
386 | Revision_386/eiffel.c | U | 771 | 818 | 13 | 102394 | 37 | 349 | 72
386 | Revision_386/fortran.c | U | 1085 | 1096 | 13 | 102395 | 37 | 350 | 72
386 | Revision_386/eiffel.c | U | 836 | 854 | 12 | 102396 | 38 | 251 | 72
386 | Revision_386/fortran.c | U | 1367 | 1380 | 12 | 102397 | 38 | 336 | 72
386 | Revision_386/eiffel.c | U | 858 | 880 | 12 | 102398 | 38 | 252 | 72
386 | Revision_386/eiffel.c | U | 1008 | 1021 | 12 | 102399 | 38 | 253 | 72
386 | Revision_386/fortran.c | U | 1621 | 1629 | 12 | 102400 | 38 | 337 | 72
386 | Revision_386/eiffel.c | U | 1113 | 1137 | 22 | 102401 | 39 | 307 | 70
386 | Revision_386/sql.c | U | 476 | 501 | 22 | 102402 | 39 | 308 | 70
386 | Revision_386/eiffel.c | U | 1191 | 1197 | 6 | 102403 | 40 | 362 | 80
386 | Revision_386/fortran.c | U | 439 | 444 | 6 | 102404 | 40 | 363 | 80
386 | Revision_386/vim.c | U | 56 | 60 | 5 | 102405 | 41 | 290 | 100
386 | Revision_386/vim.c | U | 62 | 66 | 5 | 102406 | 41 | 291 | 100
386 | Revision_386/python.c | U | 105 | 109 | 5 | 102407 | 42 | 278 | 75
386 | Revision_386/sml.c | U | 82 | 86 | 5 | 102408 | 42 | 325 | 75
386 | Revision_386/options.c | U | 955 | 960 | 5 | 102409 | 42 | 280 | 75
386 | Revision_386/erlang.c | U | 58 | 62 | 5 | 102410 | 42 | 341 | 75
386 | Revision_386/python.c | U | 113 | 122 | 9 | 102411 | 43 | 292 | 75
386 | Revision_386/tcl.c | U | 44 | 54 | 9 | 102412 | 43 | 293 | 75
386 | Revision_386/erlang.c | U | 66 | 75 | 9 | 102413 | 43 | 342 | 75
386 | Revision_386/python.c | U | 145 | 150 | 6 | 102414 | 44 | 343 | 71
386 | Revision_386/erlang.c | U | 108 | 113 | 6 | 102415 | 44 | 346 | 71
386 | Revision_386/erlang.c | U | 116 | 121 | 6 | 102416 | 44 | 344 | 71
386 | Revision_386/erlang.c | U | 97 | 105 | 6 | 102417 | 44 | 344 | 71
386 | Revision_386/main.c | U | 260 | 267 | 6 | 102418 | 44 | 377 | 71
386 | Revision_386/main.c | U | 179 | 185 | 6 | 102419 | 44 | 376 | 71
386 | Revision_386/python.c | U | 172 | 181 | 9 | 102420 | 45 | 326 | 85
386 | Revision_386/sml.c | U | 162 | 171 | 9 | 102421 | 45 | 327 | 85
386 | Revision_386/python.c | U | 201 | 206 | 6 | 102422 | 46 | 328 | 80
386 | Revision_386/sml.c | U | 180 | 185 | 6 | 102423 | 46 | 329 | 80
386 | Revision_386/perl.c | U | 88 | 92 | 5 | 102424 | 47 | 163 | 75
386 | Revision_386/pascal.c | U | 133 | 137 | 5 | 102425 | 47 | 164 | 75
386 | Revision_386/sort.c | U | 123 | 128 | 5 | 102426 | 48 | 281 | 100
386 | Revision_386/sort.c | U | 131 | 136 | 5 | 102427 | 48 | 282 | 100
386 | Revision_386/strlist.c | U | 32 | 38 | 8 | 102428 | 49 | 165 | 71
386 | Revision_386/vstring.c | U | 77 | 87 | 8 | 102429 | 49 | 166 | 71
386 | Revision_386/strlist.c | U | 147 | 154 | 8 | 102430 | 50 | 167 | 85
386 | Revision_386/strlist.c | U | 169 | 176 | 8 | 102431 | 50 | 168 | 85
386 | Revision_386/strlist.c | U | 158 | 165 | 8 | 102432 | 50 | 169 | 85
386 | Revision_386/pascal.c | U | 149 | 153 | 6 | 102433 | 51 | 319 | 75
386 | Revision_386/pascal.c | U | 183 | 189 | 6 | 102434 | 51 | 171 | 75
386 | Revision_386/pascal.c | U | 175 | 181 | 6 | 102435 | 51 | 170 | 75
386 | Revision_386/get.c | U | 302 | 314 | 10 | 102436 | 52 | 174 | 70
386 | Revision_386/read.c | U | 214 | 225 | 10 | 102437 | 52 | 176 | 70
386 | Revision_386/parse.c | U | 558 | 572 | 10 | 102438 | 52 | 175 | 70
386 | Revision_386/get.c | U | 466 | 477 | 10 | 102439 | 53 | 177 | 100
386 | Revision_386/get.c | U | 483 | 494 | 10 | 102440 | 53 | 178 | 100
386 | Revision_386/get.c | U | 540 | 545 | 6 | 102441 | 54 | 180 | 80
386 | Revision_386/read.c | U | 415 | 419 | 6 | 102442 | 54 | 181 | 80
386 | Revision_386/main.c | U | 126 | 139 | 6 | 102443 | 55 | 354 | 80
386 | Revision_386/options.c | U | 394 | 399 | 6 | 102444 | 55 | 355 | 80
386 | Revision_386/routines.c | U | 236 | 243 | 6 | 102445 | 56 | 254 | 80
386 | Revision_386/routines.c | U | 246 | 253 | 6 | 102446 | 56 | 255 | 80
386 | Revision_386/routines.c | U | 287 | 294 | 8 | 102447 | 57 | 256 | 83
386 | Revision_386/readtags.c | U | 106 | 113 | 8 | 102448 | 57 | 123 | 83
386 | Revision_386/readtags.c | U | 116 | 123 | 8 | 102449 | 57 | 238 | 83
386 | Revision_386/routines.c | U | 297 | 304 | 8 | 102450 | 57 | 257 | 83
386 | Revision_386/routines.c | U | 321 | 325 | 5 | 102451 | 58 | 258 | 75
386 | Revision_386/vstring.c | U | 125 | 129 | 5 | 102452 | 58 | 188 | 75
386 | Revision_386/vstring.c | U | 118 | 122 | 5 | 102453 | 58 | 189 | 75
386 | Revision_386/routines.c | U | 328 | 334 | 6 | 102454 | 59 | 259 | 100
386 | Revision_386/routines.c | U | 337 | 343 | 6 | 102455 | 59 | 260 | 100
386 | Revision_386/routines.c | U | 348 | 355 | 8 | 102456 | 60 | 261 | 100
386 | Revision_386/routines.c | U | 360 | 367 | 8 | 102457 | 60 | 262 | 100
386 | Revision_386/sh.c | U | 88 | 93 | 6 | 102458 | 61 | 378 | 80
386 | Revision_386/asm.c | U | 348 | 353 | 6 | 102459 | 61 | 379 | 80
386 | Revision_386/beta.c | U | 136 | 143 | 6 | 102460 | 62 | 201 | 75
386 | Revision_386/beta.c | U | 207 | 215 | 6 | 102461 | 62 | 202 | 75
386 | Revision_386/beta.c | U | 154 | 158 | 5 | 102462 | 63 | 203 | 75
386 | Revision_386/beta.c | U | 160 | 164 | 5 | 102463 | 63 | 204 | 75
386 | Revision_386/beta.c | U | 280 | 284 | 5 | 102464 | 63 | 205 | 75
386 | Revision_386/beta.c | U | 167 | 171 | 5 | 102465 | 63 | 206 | 75
386 | Revision_386/beta.c | U | 274 | 278 | 5 | 102466 | 63 | 207 | 75
386 | Revision_386/sql.c | U | 418 | 424 | 6 | 102467 | 64 | 310 | 75
386 | Revision_386/fortran.c | U | 1064 | 1068 | 6 | 102468 | 64 | 312 | 75
386 | Revision_386/sql.c | U | 626 | 632 | 6 | 102469 | 64 | 298 | 75
386 | Revision_386/sql.c | U | 444 | 449 | 6 | 102470 | 65 | 313 | 100
386 | Revision_386/sql.c | U | 610 | 615 | 6 | 102471 | 65 | 299 | 100
386 | Revision_386/sql.c | U | 460 | 468 | 8 | 102472 | 66 | 313 | 71
386 | Revision_386/fortran.c | U | 1745 | 1751 | 8 | 102473 | 66 | 314 | 71
386 | Revision_386/sql.c | U | 543 | 551 | 8 | 102474 | 66 | 380 | 71
386 | Revision_386/fortran.c | U | 1405 | 1413 | 8 | 102475 | 66 | 59 | 71
386 | Revision_386/parse.c | U | 98 | 108 | 11 | 102476 | 67 | 208 | 88
386 | Revision_386/parse.c | U | 111 | 122 | 11 | 102477 | 67 | 209 | 88
386 | Revision_386/parse.c | U | 272 | 276 | 5 | 102478 | 68 | 356 | 75
386 | Revision_386/parse.c | U | 528 | 532 | 5 | 102479 | 68 | 357 | 75
386 | Revision_386/parse.c | U | 547 | 551 | 5 | 102480 | 68 | 358 | 75
386 | Revision_386/readtags.c | U | 542 | 548 | 6 | 102481 | 69 | 239 | 100
386 | Revision_386/readtags.c | U | 550 | 556 | 6 | 102482 | 69 | 240 | 100
386 | Revision_386/readtags.c | U | 585 | 589 | 6 | 102483 | 70 | 123 | 75
386 | Revision_386/readtags.c | U | 640 | 646 | 6 | 102484 | 70 | 124 | 75
386 | Revision_386/readtags.c | U | 717 | 725 | 8 | 102485 | 71 | 210 | 83
386 | Revision_386/readtags.c | U | 772 | 780 | 8 | 102486 | 71 | 211 | 83
386 | Revision_386/readtags.c | U | 728 | 736 | 8 | 102487 | 71 | 212 | 83
386 | Revision_386/readtags.c | U | 739 | 744 | 6 | 102488 | 72 | 241 | 80
386 | Revision_386/readtags.c | U | 756 | 761 | 6 | 102489 | 72 | 242 | 80
386 | Revision_386/readtags.c | U | 764 | 769 | 6 | 102490 | 72 | 287 | 80
386 | Revision_386/fortran.c | U | 1258 | 1279 | 23 | 102491 | 73 | 369 | 72
386 | Revision_386/fortran.c | U | 1778 | 1801 | 23 | 102492 | 73 | 366 | 72
386 | Revision_386/fortran.c | U | 1312 | 1318 | 7 | 102493 | 74 | 85 | 83
386 | Revision_386/fortran.c | U | 1371 | 1377 | 7 | 102494 | 74 | 84 | 83
386 | Revision_386/fortran.c | U | 1438 | 1446 | 10 | 102495 | 75 | 314 | 77
386 | Revision_386/fortran.c | U | 1477 | 1486 | 10 | 102496 | 75 | 59 | 77
386 | Revision_386/fortran.c | U | 1524 | 1530 | 8 | 102497 | 76 | 65 | 71
386 | Revision_386/fortran.c | U | 1700 | 1709 | 8 | 102498 | 76 | 221 | 71
386 | Revision_386/fortran.c | U | 1718 | 1733 | 20 | 102499 | 77 | 21 | 84
386 | Revision_386/fortran.c | U | 1933 | 1949 | 20 | 102500 | 77 | 374 | 84
386 | Revision_386/fortran.c | U | 1897 | 1916 | 17 | 102501 | 78 | 220 | 75
386 | Revision_386/fortran.c | U | 1968 | 1985 | 17 | 102502 | 78 | 221 | 75
386 | Revision_386/fortran.c | U | 2040 | 2061 | 17 | 102503 | 78 | 372 | 75
386 | Revision_386/asm.c | U | 244 | 257 | 11 | 102504 | 79 | 289 | 77
386 | Revision_386/asm.c | U | 262 | 272 | 11 | 102505 | 79 | 279 | 77
386 | Revision_386/scheme.c | U | 70 | 78 | 8 | 102506 | 80 | 222 | 71
386 | Revision_386/scheme.c | U | 85 | 93 | 8 | 102507 | 80 | 223 | 71
386 | Revision_386/options.c | U | 366 | 372 | 6 | 102508 | 81 | 224 | 100
386 | Revision_386/options.c | U | 375 | 381 | 6 | 102509 | 81 | 225 | 100
386 | Revision_386/options.c | U | 538 | 544 | 7 | 102510 | 82 | 226 | 100
386 | Revision_386/options.c | U | 556 | 562 | 7 | 102511 | 82 | 227 | 100
386 | Revision_386/options.c | U | 547 | 553 | 7 | 102512 | 82 | 228 | 100
386 | Revision_386/options.c | U | 565 | 571 | 7 | 102513 | 82 | 229 | 100
386 | Revision_386/options.c | U | 974 | 978 | 5 | 102514 | 83 | 230 | 75
386 | Revision_386/options.c | U | 1000 | 1004 | 5 | 102515 | 83 | 231 | 75
386 | Revision_386/options.c | U | 1094 | 1098 | 5 | 102516 | 84 | 232 | 100
386 | Revision_386/options.c | U | 1100 | 1104 | 5 | 102517 | 84 | 233 | 100
386 | Revision_386/options.c | M | 1146 | 1158 | 12 | 102518 | 85 | 360 | 100
386 | Revision_386/options.c | M | 1163 | 1175 | 12 | 102519 | 85 | 235 | 100
386 | Revision_386/options.c | U | 1417 | 1434 | 15 | 102520 | 86 | 236 | 91
386 | Revision_386/options.c | U | 1455 | 1472 | 15 | 102521 | 86 | 237 | 91
