Revision | filePath | changeType | StartLine | EndLine | Nlines | cloneId | classId | globalCloneId | Similarity
390 | Revision_390/lisp.c | U | 91 | 97 | 7 | 103470 | 1 | 1 | 83
390 | Revision_390/lisp.c | U | 112 | 118 | 7 | 103471 | 1 | 2 | 83
390 | Revision_390/lisp.c | U | 127 | 137 | 9 | 103472 | 2 | 3 | 70
390 | Revision_390/perl.c | U | 159 | 167 | 9 | 103473 | 2 | 7 | 70
390 | Revision_390/verilog.c | U | 324 | 333 | 9 | 103474 | 2 | 283 | 70
390 | Revision_390/eiffel.c | U | 1222 | 1231 | 9 | 103475 | 2 | 9 | 70
390 | Revision_390/c.c | U | 2765 | 2774 | 9 | 103476 | 2 | 12 | 70
390 | Revision_390/c.c | U | 2753 | 2762 | 9 | 103477 | 2 | 15 | 70
390 | Revision_390/c.c | U | 2741 | 2750 | 9 | 103478 | 2 | 315 | 70
390 | Revision_390/c.c | U | 2723 | 2738 | 9 | 103479 | 2 | 8 | 70
390 | Revision_390/c.c | U | 2711 | 2720 | 9 | 103480 | 2 | 330 | 70
390 | Revision_390/fortran.c | U | 2178 | 2193 | 9 | 103481 | 2 | 21 | 70
390 | Revision_390/beta.c | U | 313 | 321 | 9 | 103482 | 2 | 5 | 70
390 | Revision_390/python.c | U | 213 | 221 | 9 | 103483 | 2 | 13 | 70
390 | Revision_390/sql.c | U | 678 | 687 | 9 | 103484 | 2 | 296 | 70
390 | Revision_390/asp.c | U | 181 | 189 | 9 | 103485 | 2 | 4 | 70
390 | Revision_390/awk.c | U | 71 | 79 | 9 | 103486 | 2 | 10 | 70
390 | Revision_390/pascal.c | U | 255 | 263 | 9 | 103487 | 2 | 14 | 70
390 | Revision_390/vim.c | U | 168 | 176 | 9 | 103488 | 2 | 20 | 70
390 | Revision_390/sh.c | U | 102 | 112 | 9 | 103489 | 2 | 17 | 70
390 | Revision_390/sml.c | M | 192 | 200 | 9 | 103490 | 2 | 321 | 70
390 | Revision_390/ruby.c | U | 167 | 175 | 9 | 103491 | 2 | 19 | 70
390 | Revision_390/scheme.c | U | 99 | 109 | 9 | 103492 | 2 | 16 | 70
390 | Revision_390/php.c | U | 125 | 133 | 9 | 103493 | 2 | 22 | 70
390 | Revision_390/cobol.c | U | 40 | 48 | 9 | 103494 | 2 | 320 | 70
390 | Revision_390/erlang.c | U | 179 | 187 | 9 | 103495 | 2 | 340 | 70
390 | Revision_390/tcl.c | U | 106 | 114 | 9 | 103496 | 2 | 18 | 70
390 | Revision_390/lua.c | U | 123 | 131 | 9 | 103497 | 2 | 243 | 70
390 | Revision_390/asm.c | U | 367 | 386 | 9 | 103498 | 2 | 274 | 70
390 | Revision_390/make.c | U | 91 | 101 | 9 | 103499 | 2 | 25 | 70
390 | Revision_390/yacc.c | U | 31 | 38 | 9 | 103500 | 2 | 23 | 70
390 | Revision_390/jscript.c | U | 31 | 38 | 9 | 103501 | 2 | 364 | 70
390 | Revision_390/slang.c | U | 34 | 41 | 9 | 103502 | 2 | 24 | 70
390 | Revision_390/html.c | U | 40 | 47 | 9 | 103503 | 2 | 365 | 70
390 | Revision_390/rexx.c | U | 30 | 37 | 9 | 103504 | 2 | 26 | 70
390 | Revision_390/keyword.c | U | 107 | 116 | 9 | 103505 | 2 | 27 | 70
390 | Revision_390/options.c | U | 528 | 533 | 9 | 103506 | 2 | 29 | 70
390 | Revision_390/c.c | U | 2114 | 2119 | 9 | 103507 | 2 | 28 | 70
390 | Revision_390/options.c | U | 621 | 627 | 9 | 103508 | 2 | 30 | 70
390 | Revision_390/fortran.c | U | 413 | 425 | 9 | 103509 | 2 | 158 | 70
390 | Revision_390/sql.c | U | 207 | 215 | 9 | 103510 | 2 | 309 | 70
390 | Revision_390/c.c | U | 2143 | 2151 | 9 | 103511 | 2 | 31 | 70
390 | Revision_390/eiffel.c | U | 1176 | 1188 | 9 | 103512 | 2 | 157 | 70
390 | Revision_390/asp.c | U | 70 | 89 | 15 | 103513 | 3 | 33 | 100
390 | Revision_390/asp.c | U | 93 | 112 | 15 | 103514 | 3 | 34 | 100
390 | Revision_390/asp.c | U | 116 | 132 | 14 | 103515 | 4 | 35 | 72
390 | Revision_390/ruby.c | U | 79 | 94 | 14 | 103516 | 4 | 42 | 72
390 | Revision_390/ruby.c | U | 96 | 111 | 14 | 103517 | 4 | 42 | 72
390 | Revision_390/asp.c | U | 136 | 151 | 14 | 103518 | 4 | 36 | 72
390 | Revision_390/vim.c | U | 121 | 135 | 14 | 103519 | 4 | 159 | 72
390 | Revision_390/php.c | U | 78 | 91 | 14 | 103520 | 4 | 40 | 72
390 | Revision_390/php.c | U | 58 | 75 | 14 | 103521 | 4 | 173 | 72
390 | Revision_390/asp.c | U | 155 | 170 | 14 | 103522 | 4 | 36 | 72
390 | Revision_390/vim.c | U | 95 | 110 | 14 | 103523 | 4 | 334 | 72
390 | Revision_390/vim.c | U | 143 | 162 | 14 | 103524 | 4 | 160 | 72
390 | Revision_390/vim.c | U | 114 | 136 | 14 | 103525 | 4 | 160 | 72
390 | Revision_390/args.c | U | 85 | 92 | 8 | 103526 | 5 | 43 | 100
390 | Revision_390/args.c | U | 159 | 166 | 8 | 103527 | 5 | 44 | 100
390 | Revision_390/args.c | U | 144 | 148 | 5 | 103528 | 6 | 322 | 75
390 | Revision_390/sml.c | U | 174 | 178 | 5 | 103529 | 6 | 323 | 75
390 | Revision_390/readtags.c | U | 699 | 703 | 5 | 103530 | 6 | 212 | 75
390 | Revision_390/args.c | U | 181 | 189 | 9 | 103531 | 7 | 45 | 75
390 | Revision_390/args.c | U | 192 | 199 | 9 | 103532 | 7 | 46 | 75
390 | Revision_390/args.c | U | 202 | 210 | 9 | 103533 | 7 | 47 | 75
390 | Revision_390/args.c | U | 265 | 271 | 6 | 103534 | 8 | 48 | 80
390 | Revision_390/options.c | U | 574 | 579 | 6 | 103535 | 8 | 49 | 80
390 | Revision_390/fortran.c | U | 891 | 896 | 6 | 103536 | 8 | 50 | 80
390 | Revision_390/c.c | U | 529 | 535 | 7 | 103537 | 9 | 51 | 80
390 | Revision_390/vstring.c | U | 67 | 74 | 7 | 103538 | 9 | 52 | 80
390 | Revision_390/c.c | U | 538 | 545 | 6 | 103539 | 10 | 53 | 80
390 | Revision_390/c.c | U | 548 | 555 | 6 | 103540 | 10 | 54 | 80
390 | Revision_390/c.c | U | 657 | 673 | 17 | 103541 | 11 | 55 | 72
390 | Revision_390/fortran.c | U | 1122 | 1137 | 17 | 103542 | 11 | 375 | 72
390 | Revision_390/c.c | U | 1206 | 1220 | 17 | 103543 | 11 | 56 | 72
390 | Revision_390/c.c | U | 1129 | 1147 | 17 | 103544 | 11 | 60 | 72
390 | Revision_390/c.c | U | 676 | 691 | 17 | 103545 | 11 | 57 | 72
390 | Revision_390/fortran.c | U | 1858 | 1874 | 17 | 103546 | 11 | 59 | 72
390 | Revision_390/fortran.c | U | 1099 | 1119 | 17 | 103547 | 11 | 58 | 72
390 | Revision_390/Test/local.c | U | 9 | 22 | 17 | 103548 | 11 | 384 | 72
390 | Revision_390/fortran.c | U | 1102 | 1117 | 17 | 103549 | 11 | 58 | 72
390 | Revision_390/c.c | U | 1132 | 1145 | 17 | 103550 | 11 | 63 | 72
390 | Revision_390/fortran.c | U | 1775 | 1803 | 17 | 103551 | 11 | 366 | 72
390 | Revision_390/fortran.c | U | 1861 | 1872 | 17 | 103552 | 11 | 65 | 72
390 | Revision_390/fortran.c | U | 1575 | 1612 | 17 | 103553 | 11 | 367 | 72
390 | Revision_390/c.c | U | 679 | 689 | 13 | 103554 | 12 | 57 | 75
390 | Revision_390/c.c | U | 1208 | 1219 | 13 | 103555 | 12 | 64 | 75
390 | Revision_390/c.c | U | 708 | 728 | 20 | 103556 | 13 | 72 | 72
390 | Revision_390/fortran.c | U | 1289 | 1299 | 20 | 103557 | 13 | 337 | 72
390 | Revision_390/c.c | U | 738 | 744 | 8 | 103558 | 14 | 74 | 71
390 | Revision_390/options.c | U | 467 | 474 | 8 | 103559 | 14 | 75 | 71
390 | Revision_390/c.c | U | 775 | 779 | 5 | 103560 | 15 | 76 | 75
390 | Revision_390/c.c | U | 2040 | 2044 | 5 | 103561 | 15 | 80 | 75
390 | Revision_390/eiffel.c | U | 673 | 677 | 5 | 103562 | 15 | 249 | 75
390 | Revision_390/sql.c | U | 506 | 510 | 5 | 103563 | 15 | 297 | 75
390 | Revision_390/fortran.c | U | 1901 | 1905 | 5 | 103564 | 15 | 79 | 75
390 | Revision_390/readtags.c | U | 144 | 148 | 5 | 103565 | 15 | 87 | 75
390 | Revision_390/eiffel.c | U | 660 | 664 | 5 | 103566 | 15 | 250 | 75
390 | Revision_390/sql.c | U | 335 | 339 | 5 | 103567 | 15 | 300 | 75
390 | Revision_390/eiffel.c | U | 874 | 878 | 5 | 103568 | 15 | 269 | 75
390 | Revision_390/eiffel.c | U | 963 | 967 | 5 | 103569 | 15 | 269 | 75
390 | Revision_390/eiffel.c | U | 1014 | 1018 | 5 | 103570 | 15 | 269 | 75
390 | Revision_390/fortran.c | U | 1330 | 1334 | 5 | 103571 | 15 | 85 | 75
390 | Revision_390/c.c | U | 2564 | 2568 | 5 | 103572 | 15 | 86 | 75
390 | Revision_390/c.c | U | 1717 | 1721 | 5 | 103573 | 15 | 121 | 75
390 | Revision_390/c.c | U | 1726 | 1730 | 5 | 103574 | 15 | 331 | 75
390 | Revision_390/c.c | U | 2104 | 2111 | 5 | 103575 | 15 | 244 | 75
390 | Revision_390/fortran.c | U | 1711 | 1715 | 5 | 103576 | 15 | 373 | 75
390 | Revision_390/vstring.c | U | 35 | 40 | 5 | 103577 | 15 | 98 | 75
390 | Revision_390/strlist.c | U | 134 | 138 | 5 | 103578 | 15 | 126 | 75
390 | Revision_390/c.c | U | 2085 | 2089 | 5 | 103579 | 15 | 125 | 75
390 | Revision_390/fortran.c | U | 1539 | 1544 | 5 | 103580 | 15 | 79 | 75
390 | Revision_390/fortran.c | U | 1198 | 1202 | 5 | 103581 | 15 | 85 | 75
390 | Revision_390/c.c | U | 2629 | 2634 | 5 | 103582 | 15 | 94 | 75
390 | Revision_390/fortran.c | U | 589 | 593 | 5 | 103583 | 15 | 95 | 75
390 | Revision_390/eiffel.c | U | 1033 | 1037 | 5 | 103584 | 15 | 151 | 75
390 | Revision_390/fortran.c | U | 1327 | 1335 | 5 | 103585 | 15 | 84 | 75
390 | Revision_390/ruby.c | U | 136 | 140 | 5 | 103586 | 15 | 19 | 75
390 | Revision_390/keyword.c | U | 185 | 189 | 5 | 103587 | 15 | 91 | 75
390 | Revision_390/options.c | U | 1034 | 1038 | 5 | 103588 | 15 | 89 | 75
390 | Revision_390/readtags.c | U | 455 | 459 | 5 | 103589 | 15 | 90 | 75
390 | Revision_390/eiffel.c | U | 848 | 853 | 5 | 103590 | 15 | 151 | 75
390 | Revision_390/fortran.c | U | 1532 | 1537 | 5 | 103591 | 15 | 79 | 75
390 | Revision_390/fortran.c | U | 995 | 999 | 5 | 103592 | 15 | 128 | 75
390 | Revision_390/options.c | U | 669 | 673 | 5 | 103593 | 15 | 127 | 75
390 | Revision_390/eiffel.c | U | 1069 | 1078 | 5 | 103594 | 15 | 101 | 75
390 | Revision_390/options.c | U | 1674 | 1678 | 5 | 103595 | 15 | 333 | 75
390 | Revision_390/options.c | U | 1213 | 1217 | 5 | 103596 | 15 | 129 | 75
390 | Revision_390/c.c | U | 785 | 806 | 46 | 103597 | 16 | 103 | 80
390 | Revision_390/c.c | U | 848 | 868 | 46 | 103598 | 16 | 316 | 80
390 | Revision_390/c.c | U | 915 | 934 | 46 | 103599 | 16 | 103 | 80
390 | Revision_390/c.c | U | 809 | 829 | 46 | 103600 | 16 | 332 | 80
390 | Revision_390/c.c | U | 871 | 882 | 12 | 103601 | 17 | 317 | 90
390 | Revision_390/c.c | U | 885 | 896 | 12 | 103602 | 17 | 318 | 90
390 | Revision_390/c.c | U | 1269 | 1275 | 7 | 103603 | 18 | 385 | 83
390 | Revision_390/fortran.c | U | 501 | 509 | 7 | 103604 | 18 | 112 | 83
390 | Revision_390/c.c | U | 1342 | 1349 | 7 | 103605 | 19 | 108 | 80
390 | Revision_390/c.c | U | 1351 | 1358 | 7 | 103606 | 19 | 109 | 80
390 | Revision_390/c.c | U | 1372 | 1379 | 7 | 103607 | 20 | 110 | 83
390 | Revision_390/c.c | U | 1382 | 1389 | 7 | 103608 | 20 | 111 | 83
390 | Revision_390/fortran.c | U | 628 | 634 | 7 | 103609 | 20 | 112 | 83
390 | Revision_390/c.c | U | 1420 | 1425 | 6 | 103610 | 21 | 386 | 80
390 | Revision_390/c.c | U | 1737 | 1742 | 6 | 103611 | 21 | 80 | 80
390 | Revision_390/c.c | U | 1438 | 1447 | 9 | 103612 | 22 | 294 | 71
390 | Revision_390/eiffel.c | U | 556 | 564 | 9 | 103613 | 22 | 295 | 71
390 | Revision_390/c.c | U | 1441 | 1445 | 5 | 103614 | 23 | 294 | 75
390 | Revision_390/readtags.c | U | 503 | 507 | 5 | 103615 | 23 | 90 | 75
390 | Revision_390/readtags.c | U | 680 | 684 | 5 | 103616 | 23 | 99 | 75
390 | Revision_390/c.c | U | 1781 | 1785 | 5 | 103617 | 24 | 118 | 75
390 | Revision_390/eiffel.c | U | 419 | 423 | 5 | 103618 | 24 | 119 | 75
390 | Revision_390/fortran.c | U | 795 | 799 | 5 | 103619 | 24 | 120 | 75
390 | Revision_390/c.c | U | 1928 | 1932 | 5 | 103620 | 25 | 121 | 75
390 | Revision_390/get.c | U | 593 | 597 | 5 | 103621 | 25 | 122 | 75
390 | Revision_390/fortran.c | U | 622 | 626 | 5 | 103622 | 25 | 112 | 75
390 | Revision_390/c.c | U | 2066 | 2073 | 9 | 103623 | 26 | 28 | 71
390 | Revision_390/eiffel.c | U | 1066 | 1079 | 9 | 103624 | 26 | 156 | 71
390 | Revision_390/c.c | U | 2370 | 2374 | 5 | 103625 | 27 | 387 | 100
390 | Revision_390/c.c | U | 2377 | 2381 | 5 | 103626 | 27 | 94 | 100
390 | Revision_390/c.c | U | 2585 | 2590 | 6 | 103627 | 28 | 94 | 80
390 | Revision_390/sql.c | U | 529 | 534 | 6 | 103628 | 28 | 301 | 80
390 | Revision_390/c.c | U | 2669 | 2678 | 9 | 103629 | 29 | 130 | 71
390 | Revision_390/fortran.c | U | 397 | 406 | 9 | 103630 | 29 | 132 | 71
390 | Revision_390/sql.c | U | 195 | 204 | 9 | 103631 | 29 | 302 | 71
390 | Revision_390/verilog.c | U | 107 | 117 | 9 | 103632 | 29 | 381 | 71
390 | Revision_390/eiffel.c | U | 215 | 224 | 9 | 103633 | 29 | 131 | 71
390 | Revision_390/asm.c | U | 120 | 128 | 9 | 103634 | 29 | 288 | 71
390 | Revision_390/eiffel.c | U | 287 | 301 | 10 | 103635 | 30 | 133 | 71
390 | Revision_390/sql.c | U | 228 | 242 | 10 | 103636 | 30 | 303 | 71
390 | Revision_390/beta.c | U | 71 | 82 | 10 | 103637 | 30 | 134 | 71
390 | Revision_390/parse.c | U | 46 | 57 | 10 | 103638 | 30 | 135 | 71
390 | Revision_390/sml.c | U | 73 | 79 | 10 | 103639 | 30 | 324 | 71
390 | Revision_390/eiffel.c | U | 289 | 299 | 10 | 103640 | 30 | 136 | 71
390 | Revision_390/eiffel.c | U | 367 | 376 | 8 | 103641 | 31 | 304 | 100
390 | Revision_390/sql.c | U | 249 | 256 | 8 | 103642 | 31 | 305 | 100
390 | Revision_390/eiffel.c | U | 382 | 407 | 23 | 103643 | 32 | 139 | 75
390 | Revision_390/fortran.c | U | 753 | 783 | 23 | 103644 | 32 | 140 | 75
390 | Revision_390/eiffel.c | U | 410 | 435 | 20 | 103645 | 33 | 141 | 94
390 | Revision_390/fortran.c | U | 786 | 811 | 20 | 103646 | 33 | 142 | 94
390 | Revision_390/eiffel.c | U | 547 | 551 | 5 | 103647 | 34 | 143 | 75
390 | Revision_390/verilog.c | U | 244 | 248 | 5 | 103648 | 34 | 382 | 75
390 | Revision_390/fortran.c | U | 974 | 978 | 5 | 103649 | 34 | 145 | 75
390 | Revision_390/fortran.c | U | 775 | 779 | 5 | 103650 | 34 | 144 | 75
390 | Revision_390/verilog.c | U | 141 | 145 | 5 | 103651 | 34 | 383 | 75
390 | Revision_390/eiffel.c | U | 572 | 584 | 11 | 103652 | 35 | 114 | 88
390 | Revision_390/fortran.c | U | 840 | 851 | 11 | 103653 | 35 | 116 | 88
390 | Revision_390/sql.c | U | 278 | 289 | 11 | 103654 | 35 | 306 | 88
390 | Revision_390/eiffel.c | U | 587 | 599 | 11 | 103655 | 35 | 117 | 88
390 | Revision_390/eiffel.c | U | 602 | 612 | 9 | 103656 | 36 | 146 | 87
390 | Revision_390/asm.c | U | 131 | 140 | 9 | 103657 | 36 | 270 | 87
390 | Revision_390/fortran.c | U | 858 | 868 | 9 | 103658 | 36 | 147 | 87
390 | Revision_390/eiffel.c | U | 771 | 818 | 13 | 103659 | 37 | 349 | 72
390 | Revision_390/fortran.c | U | 1085 | 1096 | 13 | 103660 | 37 | 350 | 72
390 | Revision_390/eiffel.c | U | 836 | 854 | 13 | 103661 | 38 | 251 | 72
390 | Revision_390/eiffel.c | U | 858 | 880 | 13 | 103662 | 38 | 252 | 72
390 | Revision_390/fortran.c | U | 1367 | 1380 | 13 | 103663 | 38 | 336 | 72
390 | Revision_390/eiffel.c | U | 1008 | 1021 | 13 | 103664 | 38 | 253 | 72
390 | Revision_390/fortran.c | U | 1621 | 1629 | 13 | 103665 | 38 | 337 | 72
390 | Revision_390/eiffel.c | U | 1113 | 1137 | 22 | 103666 | 39 | 307 | 70
390 | Revision_390/sql.c | U | 476 | 501 | 22 | 103667 | 39 | 308 | 70
390 | Revision_390/eiffel.c | U | 1191 | 1197 | 6 | 103668 | 40 | 362 | 80
390 | Revision_390/fortran.c | U | 439 | 444 | 6 | 103669 | 40 | 363 | 80
390 | Revision_390/vim.c | U | 56 | 60 | 5 | 103670 | 41 | 290 | 100
390 | Revision_390/vim.c | U | 62 | 66 | 5 | 103671 | 41 | 291 | 100
390 | Revision_390/python.c | U | 105 | 109 | 5 | 103672 | 42 | 278 | 75
390 | Revision_390/options.c | U | 955 | 960 | 5 | 103673 | 42 | 280 | 75
390 | Revision_390/erlang.c | U | 58 | 62 | 5 | 103674 | 42 | 341 | 75
390 | Revision_390/sml.c | U | 82 | 86 | 5 | 103675 | 42 | 325 | 75
390 | Revision_390/python.c | U | 113 | 122 | 9 | 103676 | 43 | 292 | 75
390 | Revision_390/erlang.c | U | 66 | 75 | 9 | 103677 | 43 | 342 | 75
390 | Revision_390/tcl.c | U | 44 | 54 | 9 | 103678 | 43 | 293 | 75
390 | Revision_390/python.c | U | 145 | 150 | 6 | 103679 | 44 | 343 | 71
390 | Revision_390/erlang.c | U | 116 | 121 | 6 | 103680 | 44 | 346 | 71
390 | Revision_390/erlang.c | U | 108 | 113 | 6 | 103681 | 44 | 344 | 71
390 | Revision_390/erlang.c | U | 97 | 105 | 6 | 103682 | 44 | 344 | 71
390 | Revision_390/main.c | U | 260 | 267 | 6 | 103683 | 44 | 377 | 71
390 | Revision_390/main.c | U | 179 | 185 | 6 | 103684 | 44 | 376 | 71
390 | Revision_390/python.c | U | 172 | 181 | 9 | 103685 | 45 | 326 | 85
390 | Revision_390/sml.c | U | 162 | 171 | 9 | 103686 | 45 | 327 | 85
390 | Revision_390/python.c | U | 201 | 206 | 6 | 103687 | 46 | 328 | 80
390 | Revision_390/sml.c | M | 180 | 185 | 6 | 103688 | 46 | 329 | 80
390 | Revision_390/perl.c | U | 91 | 95 | 5 | 103689 | 47 | 163 | 75
390 | Revision_390/pascal.c | U | 133 | 137 | 5 | 103690 | 47 | 164 | 75
390 | Revision_390/sort.c | U | 123 | 128 | 5 | 103691 | 48 | 281 | 100
390 | Revision_390/sort.c | U | 131 | 136 | 5 | 103692 | 48 | 282 | 100
390 | Revision_390/strlist.c | U | 32 | 38 | 8 | 103693 | 49 | 165 | 71
390 | Revision_390/vstring.c | U | 77 | 87 | 8 | 103694 | 49 | 166 | 71
390 | Revision_390/strlist.c | U | 147 | 154 | 8 | 103695 | 50 | 167 | 85
390 | Revision_390/strlist.c | U | 158 | 165 | 8 | 103696 | 50 | 168 | 85
390 | Revision_390/strlist.c | U | 169 | 176 | 8 | 103697 | 50 | 169 | 85
390 | Revision_390/pascal.c | U | 149 | 153 | 6 | 103698 | 51 | 319 | 75
390 | Revision_390/pascal.c | U | 175 | 181 | 6 | 103699 | 51 | 170 | 75
390 | Revision_390/pascal.c | U | 183 | 189 | 6 | 103700 | 51 | 171 | 75
390 | Revision_390/get.c | U | 302 | 314 | 10 | 103701 | 52 | 174 | 70
390 | Revision_390/read.c | U | 214 | 225 | 10 | 103702 | 52 | 176 | 70
390 | Revision_390/parse.c | U | 558 | 572 | 10 | 103703 | 52 | 175 | 70
390 | Revision_390/get.c | U | 466 | 477 | 10 | 103704 | 53 | 177 | 100
390 | Revision_390/get.c | U | 483 | 494 | 10 | 103705 | 53 | 178 | 100
390 | Revision_390/get.c | U | 540 | 545 | 6 | 103706 | 54 | 180 | 80
390 | Revision_390/read.c | U | 415 | 419 | 6 | 103707 | 54 | 181 | 80
390 | Revision_390/main.c | U | 126 | 139 | 6 | 103708 | 55 | 354 | 80
390 | Revision_390/options.c | U | 394 | 399 | 6 | 103709 | 55 | 355 | 80
390 | Revision_390/routines.c | U | 236 | 243 | 6 | 103710 | 56 | 254 | 80
390 | Revision_390/routines.c | U | 246 | 253 | 6 | 103711 | 56 | 255 | 80
390 | Revision_390/routines.c | U | 287 | 294 | 8 | 103712 | 57 | 256 | 83
390 | Revision_390/routines.c | U | 297 | 304 | 8 | 103713 | 57 | 257 | 83
390 | Revision_390/readtags.c | U | 116 | 123 | 8 | 103714 | 57 | 123 | 83
390 | Revision_390/readtags.c | U | 106 | 113 | 8 | 103715 | 57 | 238 | 83
390 | Revision_390/routines.c | U | 321 | 325 | 5 | 103716 | 58 | 258 | 75
390 | Revision_390/vstring.c | U | 125 | 129 | 5 | 103717 | 58 | 188 | 75
390 | Revision_390/vstring.c | U | 118 | 122 | 5 | 103718 | 58 | 189 | 75
390 | Revision_390/routines.c | U | 328 | 334 | 6 | 103719 | 59 | 259 | 100
390 | Revision_390/routines.c | U | 337 | 343 | 6 | 103720 | 59 | 260 | 100
390 | Revision_390/routines.c | U | 348 | 355 | 8 | 103721 | 60 | 261 | 100
390 | Revision_390/routines.c | U | 360 | 367 | 8 | 103722 | 60 | 262 | 100
390 | Revision_390/sh.c | U | 88 | 93 | 6 | 103723 | 61 | 378 | 80
390 | Revision_390/asm.c | U | 348 | 353 | 6 | 103724 | 61 | 379 | 80
390 | Revision_390/beta.c | U | 136 | 143 | 6 | 103725 | 62 | 201 | 75
390 | Revision_390/beta.c | U | 207 | 215 | 6 | 103726 | 62 | 202 | 75
390 | Revision_390/beta.c | U | 154 | 158 | 5 | 103727 | 63 | 203 | 75
390 | Revision_390/beta.c | U | 167 | 171 | 5 | 103728 | 63 | 204 | 75
390 | Revision_390/beta.c | U | 160 | 164 | 5 | 103729 | 63 | 206 | 75
390 | Revision_390/beta.c | U | 274 | 278 | 5 | 103730 | 63 | 205 | 75
390 | Revision_390/beta.c | U | 280 | 284 | 5 | 103731 | 63 | 207 | 75
390 | Revision_390/sql.c | U | 418 | 424 | 6 | 103732 | 64 | 310 | 75
390 | Revision_390/sql.c | U | 626 | 632 | 6 | 103733 | 64 | 298 | 75
390 | Revision_390/fortran.c | U | 1064 | 1068 | 6 | 103734 | 64 | 312 | 75
390 | Revision_390/sql.c | U | 444 | 449 | 6 | 103735 | 65 | 313 | 100
390 | Revision_390/sql.c | U | 610 | 615 | 6 | 103736 | 65 | 299 | 100
390 | Revision_390/sql.c | U | 460 | 468 | 8 | 103737 | 66 | 313 | 71
390 | Revision_390/fortran.c | U | 1745 | 1751 | 8 | 103738 | 66 | 314 | 71
390 | Revision_390/sql.c | U | 543 | 551 | 8 | 103739 | 66 | 380 | 71
390 | Revision_390/fortran.c | U | 1405 | 1413 | 8 | 103740 | 66 | 59 | 71
390 | Revision_390/parse.c | U | 98 | 108 | 11 | 103741 | 67 | 208 | 88
390 | Revision_390/parse.c | U | 111 | 122 | 11 | 103742 | 67 | 209 | 88
390 | Revision_390/parse.c | U | 272 | 276 | 5 | 103743 | 68 | 356 | 75
390 | Revision_390/parse.c | U | 547 | 551 | 5 | 103744 | 68 | 357 | 75
390 | Revision_390/parse.c | U | 528 | 532 | 5 | 103745 | 68 | 358 | 75
390 | Revision_390/readtags.c | U | 542 | 548 | 6 | 103746 | 69 | 239 | 100
390 | Revision_390/readtags.c | U | 550 | 556 | 6 | 103747 | 69 | 240 | 100
390 | Revision_390/readtags.c | U | 585 | 589 | 6 | 103748 | 70 | 123 | 75
390 | Revision_390/readtags.c | U | 640 | 646 | 6 | 103749 | 70 | 124 | 75
390 | Revision_390/readtags.c | U | 717 | 725 | 8 | 103750 | 71 | 210 | 83
390 | Revision_390/readtags.c | U | 772 | 780 | 8 | 103751 | 71 | 211 | 83
390 | Revision_390/readtags.c | U | 728 | 736 | 8 | 103752 | 71 | 212 | 83
390 | Revision_390/readtags.c | U | 739 | 744 | 6 | 103753 | 72 | 241 | 80
390 | Revision_390/readtags.c | U | 764 | 769 | 6 | 103754 | 72 | 242 | 80
390 | Revision_390/readtags.c | U | 756 | 761 | 6 | 103755 | 72 | 287 | 80
390 | Revision_390/fortran.c | U | 1258 | 1279 | 23 | 103756 | 73 | 369 | 72
390 | Revision_390/fortran.c | U | 1778 | 1801 | 23 | 103757 | 73 | 366 | 72
390 | Revision_390/fortran.c | U | 1312 | 1318 | 7 | 103758 | 74 | 85 | 83
390 | Revision_390/fortran.c | U | 1371 | 1377 | 7 | 103759 | 74 | 84 | 83
390 | Revision_390/fortran.c | U | 1438 | 1446 | 10 | 103760 | 75 | 314 | 77
390 | Revision_390/fortran.c | U | 1477 | 1486 | 10 | 103761 | 75 | 59 | 77
390 | Revision_390/fortran.c | U | 1524 | 1530 | 8 | 103762 | 76 | 65 | 71
390 | Revision_390/fortran.c | U | 1700 | 1709 | 8 | 103763 | 76 | 221 | 71
390 | Revision_390/fortran.c | U | 1718 | 1733 | 20 | 103764 | 77 | 21 | 84
390 | Revision_390/fortran.c | U | 1933 | 1949 | 20 | 103765 | 77 | 374 | 84
390 | Revision_390/fortran.c | U | 1897 | 1916 | 17 | 103766 | 78 | 220 | 75
390 | Revision_390/fortran.c | U | 1968 | 1985 | 17 | 103767 | 78 | 221 | 75
390 | Revision_390/fortran.c | U | 2040 | 2061 | 17 | 103768 | 78 | 372 | 75
390 | Revision_390/asm.c | U | 244 | 257 | 11 | 103769 | 79 | 289 | 77
390 | Revision_390/asm.c | U | 262 | 272 | 11 | 103770 | 79 | 279 | 77
390 | Revision_390/scheme.c | U | 70 | 78 | 8 | 103771 | 80 | 222 | 71
390 | Revision_390/scheme.c | U | 85 | 93 | 8 | 103772 | 80 | 223 | 71
390 | Revision_390/options.c | U | 366 | 372 | 6 | 103773 | 81 | 224 | 100
390 | Revision_390/options.c | U | 375 | 381 | 6 | 103774 | 81 | 225 | 100
390 | Revision_390/options.c | U | 538 | 544 | 7 | 103775 | 82 | 226 | 100
390 | Revision_390/options.c | U | 556 | 562 | 7 | 103776 | 82 | 227 | 100
390 | Revision_390/options.c | U | 565 | 571 | 7 | 103777 | 82 | 228 | 100
390 | Revision_390/options.c | U | 547 | 553 | 7 | 103778 | 82 | 229 | 100
390 | Revision_390/options.c | U | 974 | 978 | 5 | 103779 | 83 | 230 | 75
390 | Revision_390/options.c | U | 1000 | 1004 | 5 | 103780 | 83 | 231 | 75
390 | Revision_390/options.c | U | 1094 | 1098 | 5 | 103781 | 84 | 232 | 100
390 | Revision_390/options.c | U | 1100 | 1104 | 5 | 103782 | 84 | 233 | 100
390 | Revision_390/options.c | U | 1146 | 1158 | 12 | 103783 | 85 | 360 | 100
390 | Revision_390/options.c | U | 1163 | 1175 | 12 | 103784 | 85 | 235 | 100
390 | Revision_390/options.c | U | 1417 | 1434 | 15 | 103785 | 86 | 236 | 91
390 | Revision_390/options.c | U | 1455 | 1472 | 15 | 103786 | 86 | 237 | 91
