Revision | filePath | changeType | StartLine | EndLine | Nlines | cloneId | classId | globalCloneId | Similarity
395 | Revision_395/lisp.c | U | 91 | 97 | 7 | 105045 | 1 | 1 | 83
395 | Revision_395/lisp.c | U | 112 | 118 | 7 | 105046 | 1 | 2 | 83
395 | Revision_395/lisp.c | U | 127 | 137 | 9 | 105047 | 2 | 3 | 70
395 | Revision_395/asp.c | U | 181 | 189 | 9 | 105048 | 2 | 4 | 70
395 | Revision_395/scheme.c | U | 99 | 109 | 9 | 105049 | 2 | 16 | 70
395 | Revision_395/fortran.c | U | 2177 | 2192 | 9 | 105050 | 2 | 21 | 70
395 | Revision_395/sml.c | U | 201 | 209 | 9 | 105051 | 2 | 321 | 70
395 | Revision_395/sql.c | U | 678 | 687 | 9 | 105052 | 2 | 296 | 70
395 | Revision_395/python.c | U | 213 | 221 | 9 | 105053 | 2 | 13 | 70
395 | Revision_395/c.c | U | 2711 | 2720 | 9 | 105054 | 2 | 12 | 70
395 | Revision_395/ruby.c | U | 167 | 175 | 9 | 105055 | 2 | 19 | 70
395 | Revision_395/beta.c | U | 313 | 321 | 9 | 105056 | 2 | 5 | 70
395 | Revision_395/awk.c | U | 71 | 79 | 9 | 105057 | 2 | 10 | 70
395 | Revision_395/erlang.c | U | 179 | 187 | 9 | 105058 | 2 | 340 | 70
395 | Revision_395/c.c | U | 2723 | 2738 | 9 | 105059 | 2 | 8 | 70
395 | Revision_395/pascal.c | U | 255 | 263 | 9 | 105060 | 2 | 14 | 70
395 | Revision_395/php.c | U | 161 | 169 | 9 | 105061 | 2 | 22 | 70
395 | Revision_395/vim.c | U | 168 | 176 | 9 | 105062 | 2 | 20 | 70
395 | Revision_395/verilog.c | U | 324 | 333 | 9 | 105063 | 2 | 283 | 70
395 | Revision_395/eiffel.c | U | 1222 | 1231 | 9 | 105064 | 2 | 9 | 70
395 | Revision_395/c.c | U | 2765 | 2774 | 9 | 105065 | 2 | 15 | 70
395 | Revision_395/sh.c | U | 102 | 112 | 9 | 105066 | 2 | 17 | 70
395 | Revision_395/c.c | U | 2753 | 2762 | 9 | 105067 | 2 | 315 | 70
395 | Revision_395/cobol.c | U | 40 | 48 | 9 | 105068 | 2 | 320 | 70
395 | Revision_395/tcl.c | U | 106 | 114 | 9 | 105069 | 2 | 18 | 70
395 | Revision_395/lua.c | U | 123 | 131 | 9 | 105070 | 2 | 243 | 70
395 | Revision_395/perl.c | U | 159 | 167 | 9 | 105071 | 2 | 7 | 70
395 | Revision_395/c.c | U | 2741 | 2750 | 9 | 105072 | 2 | 330 | 70
395 | Revision_395/html.c | U | 40 | 47 | 9 | 105073 | 2 | 365 | 70
395 | Revision_395/asm.c | U | 367 | 386 | 9 | 105074 | 2 | 274 | 70
395 | Revision_395/make.c | U | 91 | 101 | 9 | 105075 | 2 | 25 | 70
395 | Revision_395/jscript.c | U | 31 | 38 | 9 | 105076 | 2 | 364 | 70
395 | Revision_395/slang.c | U | 34 | 41 | 9 | 105077 | 2 | 24 | 70
395 | Revision_395/yacc.c | U | 31 | 38 | 9 | 105078 | 2 | 23 | 70
395 | Revision_395/rexx.c | U | 30 | 37 | 9 | 105079 | 2 | 26 | 70
395 | Revision_395/keyword.c | U | 107 | 116 | 9 | 105080 | 2 | 27 | 70
395 | Revision_395/c.c | U | 2114 | 2119 | 9 | 105081 | 2 | 28 | 70
395 | Revision_395/options.c | U | 621 | 627 | 9 | 105082 | 2 | 29 | 70
395 | Revision_395/options.c | U | 528 | 533 | 9 | 105083 | 2 | 30 | 70
395 | Revision_395/sql.c | U | 207 | 215 | 9 | 105084 | 2 | 309 | 70
395 | Revision_395/fortran.c | U | 413 | 425 | 9 | 105085 | 2 | 158 | 70
395 | Revision_395/c.c | U | 2143 | 2151 | 9 | 105086 | 2 | 31 | 70
395 | Revision_395/eiffel.c | U | 1176 | 1188 | 9 | 105087 | 2 | 157 | 70
395 | Revision_395/asp.c | U | 70 | 89 | 15 | 105088 | 3 | 33 | 100
395 | Revision_395/asp.c | U | 93 | 112 | 15 | 105089 | 3 | 34 | 100
395 | Revision_395/asp.c | U | 116 | 132 | 14 | 105090 | 4 | 35 | 72
395 | Revision_395/asp.c | U | 155 | 170 | 14 | 105091 | 4 | 36 | 72
395 | Revision_395/asp.c | U | 136 | 151 | 14 | 105092 | 4 | 36 | 72
395 | Revision_395/php.c | U | 113 | 127 | 14 | 105093 | 4 | 40 | 72
395 | Revision_395/ruby.c | U | 79 | 94 | 14 | 105094 | 4 | 42 | 72
395 | Revision_395/php.c | U | 92 | 110 | 14 | 105095 | 4 | 173 | 72
395 | Revision_395/ruby.c | U | 96 | 111 | 14 | 105096 | 4 | 42 | 72
395 | Revision_395/vim.c | U | 121 | 135 | 14 | 105097 | 4 | 159 | 72
395 | Revision_395/vim.c | U | 95 | 110 | 14 | 105098 | 4 | 334 | 72
395 | Revision_395/vim.c | U | 143 | 162 | 14 | 105099 | 4 | 160 | 72
395 | Revision_395/vim.c | U | 114 | 136 | 14 | 105100 | 4 | 160 | 72
395 | Revision_395/args.c | U | 85 | 92 | 8 | 105101 | 5 | 43 | 100
395 | Revision_395/args.c | U | 159 | 166 | 8 | 105102 | 5 | 44 | 100
395 | Revision_395/args.c | U | 181 | 189 | 9 | 105103 | 6 | 45 | 75
395 | Revision_395/args.c | U | 202 | 210 | 9 | 105104 | 6 | 46 | 75
395 | Revision_395/args.c | U | 192 | 199 | 9 | 105105 | 6 | 47 | 75
395 | Revision_395/args.c | U | 265 | 271 | 6 | 105106 | 7 | 48 | 80
395 | Revision_395/options.c | U | 574 | 579 | 6 | 105107 | 7 | 49 | 80
395 | Revision_395/fortran.c | U | 891 | 896 | 6 | 105108 | 7 | 50 | 80
395 | Revision_395/c.c | U | 529 | 535 | 7 | 105109 | 8 | 51 | 80
395 | Revision_395/vstring.c | U | 67 | 74 | 7 | 105110 | 8 | 52 | 80
395 | Revision_395/c.c | U | 538 | 545 | 6 | 105111 | 9 | 53 | 80
395 | Revision_395/c.c | U | 548 | 555 | 6 | 105112 | 9 | 54 | 80
395 | Revision_395/c.c | U | 657 | 673 | 17 | 105113 | 10 | 55 | 72
395 | Revision_395/c.c | U | 676 | 691 | 17 | 105114 | 10 | 60 | 72
395 | Revision_395/fortran.c | U | 1098 | 1118 | 17 | 105115 | 10 | 58 | 72
395 | Revision_395/c.c | U | 1129 | 1147 | 17 | 105116 | 10 | 57 | 72
395 | Revision_395/fortran.c | U | 1857 | 1873 | 17 | 105117 | 10 | 59 | 72
395 | Revision_395/fortran.c | U | 1121 | 1136 | 17 | 105118 | 10 | 375 | 72
395 | Revision_395/c.c | U | 1206 | 1220 | 17 | 105119 | 10 | 56 | 72
395 | Revision_395/fortran.c | U | 1774 | 1802 | 17 | 105120 | 10 | 366 | 72
395 | Revision_395/Test/local.c | U | 9 | 22 | 17 | 105121 | 10 | 384 | 72
395 | Revision_395/fortran.c | U | 1101 | 1116 | 17 | 105122 | 10 | 58 | 72
395 | Revision_395/c.c | U | 1132 | 1145 | 17 | 105123 | 10 | 63 | 72
395 | Revision_395/fortran.c | U | 1574 | 1611 | 17 | 105124 | 10 | 367 | 72
395 | Revision_395/fortran.c | U | 1860 | 1871 | 17 | 105125 | 10 | 65 | 72
395 | Revision_395/c.c | U | 679 | 689 | 13 | 105126 | 11 | 57 | 75
395 | Revision_395/c.c | U | 1208 | 1219 | 13 | 105127 | 11 | 64 | 75
395 | Revision_395/c.c | U | 708 | 728 | 20 | 105128 | 12 | 72 | 72
395 | Revision_395/fortran.c | U | 1288 | 1298 | 20 | 105129 | 12 | 337 | 72
395 | Revision_395/c.c | U | 738 | 744 | 8 | 105130 | 13 | 74 | 71
395 | Revision_395/options.c | U | 467 | 474 | 8 | 105131 | 13 | 75 | 71
395 | Revision_395/c.c | U | 775 | 779 | 5 | 105132 | 14 | 76 | 75
395 | Revision_395/sql.c | U | 506 | 510 | 5 | 105133 | 14 | 297 | 75
395 | Revision_395/eiffel.c | U | 673 | 677 | 5 | 105134 | 14 | 249 | 75
395 | Revision_395/c.c | U | 2040 | 2044 | 5 | 105135 | 14 | 80 | 75
395 | Revision_395/fortran.c | U | 1900 | 1904 | 5 | 105136 | 14 | 79 | 75
395 | Revision_395/fortran.c | U | 1329 | 1333 | 5 | 105137 | 14 | 85 | 75
395 | Revision_395/c.c | U | 2564 | 2568 | 5 | 105138 | 14 | 86 | 75
395 | Revision_395/eiffel.c | U | 874 | 878 | 5 | 105139 | 14 | 269 | 75
395 | Revision_395/eiffel.c | U | 1014 | 1018 | 5 | 105140 | 14 | 269 | 75
395 | Revision_395/eiffel.c | U | 963 | 967 | 5 | 105141 | 14 | 269 | 75
395 | Revision_395/eiffel.c | U | 660 | 664 | 5 | 105142 | 14 | 250 | 75
395 | Revision_395/sql.c | U | 335 | 339 | 5 | 105143 | 14 | 300 | 75
395 | Revision_395/readtags.c | U | 144 | 148 | 5 | 105144 | 14 | 87 | 75
395 | Revision_395/php.c | U | 84 | 88 | 5 | 105145 | 14 | 40 | 75
395 | Revision_395/eiffel.c | U | 1033 | 1037 | 5 | 105146 | 14 | 151 | 75
395 | Revision_395/ruby.c | U | 136 | 140 | 5 | 105147 | 14 | 19 | 75
395 | Revision_395/fortran.c | U | 589 | 593 | 5 | 105148 | 14 | 95 | 75
395 | Revision_395/fortran.c | U | 1197 | 1201 | 5 | 105149 | 14 | 85 | 75
395 | Revision_395/eiffel.c | U | 848 | 853 | 5 | 105150 | 14 | 151 | 75
395 | Revision_395/fortran.c | U | 1326 | 1334 | 5 | 105151 | 14 | 84 | 75
395 | Revision_395/c.c | U | 2629 | 2634 | 5 | 105152 | 14 | 94 | 75
395 | Revision_395/fortran.c | U | 1538 | 1543 | 5 | 105153 | 14 | 79 | 75
395 | Revision_395/options.c | U | 1034 | 1038 | 5 | 105154 | 14 | 89 | 75
395 | Revision_395/readtags.c | U | 455 | 459 | 5 | 105155 | 14 | 90 | 75
395 | Revision_395/keyword.c | U | 185 | 189 | 5 | 105156 | 14 | 91 | 75
395 | Revision_395/c.c | U | 2085 | 2089 | 5 | 105157 | 14 | 125 | 75
395 | Revision_395/strlist.c | U | 134 | 138 | 5 | 105158 | 14 | 126 | 75
395 | Revision_395/vstring.c | U | 35 | 40 | 5 | 105159 | 14 | 98 | 75
395 | Revision_395/c.c | U | 1717 | 1721 | 5 | 105160 | 14 | 121 | 75
395 | Revision_395/fortran.c | U | 1710 | 1714 | 5 | 105161 | 14 | 373 | 75
395 | Revision_395/c.c | U | 2104 | 2111 | 5 | 105162 | 14 | 244 | 75
395 | Revision_395/c.c | U | 1726 | 1730 | 5 | 105163 | 14 | 331 | 75
395 | Revision_395/options.c | U | 1674 | 1678 | 5 | 105164 | 14 | 333 | 75
395 | Revision_395/eiffel.c | U | 1069 | 1078 | 5 | 105165 | 14 | 101 | 75
395 | Revision_395/options.c | U | 669 | 673 | 5 | 105166 | 14 | 127 | 75
395 | Revision_395/fortran.c | U | 994 | 998 | 5 | 105167 | 14 | 128 | 75
395 | Revision_395/fortran.c | U | 1531 | 1536 | 5 | 105168 | 14 | 79 | 75
395 | Revision_395/options.c | U | 1213 | 1217 | 5 | 105169 | 14 | 129 | 75
395 | Revision_395/c.c | U | 785 | 806 | 46 | 105170 | 15 | 103 | 80
395 | Revision_395/c.c | U | 848 | 868 | 46 | 105171 | 15 | 316 | 80
395 | Revision_395/c.c | U | 915 | 934 | 46 | 105172 | 15 | 103 | 80
395 | Revision_395/c.c | U | 809 | 829 | 46 | 105173 | 15 | 332 | 80
395 | Revision_395/c.c | U | 871 | 882 | 12 | 105174 | 16 | 317 | 90
395 | Revision_395/c.c | U | 885 | 896 | 12 | 105175 | 16 | 318 | 90
395 | Revision_395/c.c | U | 1269 | 1275 | 7 | 105176 | 17 | 385 | 83
395 | Revision_395/fortran.c | U | 501 | 509 | 7 | 105177 | 17 | 112 | 83
395 | Revision_395/c.c | U | 1342 | 1349 | 7 | 105178 | 18 | 108 | 80
395 | Revision_395/c.c | U | 1351 | 1358 | 7 | 105179 | 18 | 109 | 80
395 | Revision_395/c.c | U | 1372 | 1379 | 7 | 105180 | 19 | 110 | 83
395 | Revision_395/c.c | U | 1382 | 1389 | 7 | 105181 | 19 | 111 | 83
395 | Revision_395/fortran.c | U | 628 | 634 | 7 | 105182 | 19 | 112 | 83
395 | Revision_395/c.c | U | 1420 | 1425 | 6 | 105183 | 20 | 386 | 80
395 | Revision_395/c.c | U | 1737 | 1742 | 6 | 105184 | 20 | 80 | 80
395 | Revision_395/c.c | U | 1438 | 1447 | 9 | 105185 | 21 | 294 | 71
395 | Revision_395/eiffel.c | U | 556 | 564 | 9 | 105186 | 21 | 295 | 71
395 | Revision_395/c.c | U | 1441 | 1445 | 5 | 105187 | 22 | 294 | 75
395 | Revision_395/readtags.c | U | 503 | 507 | 5 | 105188 | 22 | 90 | 75
395 | Revision_395/readtags.c | U | 680 | 684 | 5 | 105189 | 22 | 99 | 75
395 | Revision_395/c.c | U | 1781 | 1785 | 5 | 105190 | 23 | 118 | 75
395 | Revision_395/eiffel.c | U | 419 | 423 | 5 | 105191 | 23 | 119 | 75
395 | Revision_395/fortran.c | U | 795 | 799 | 5 | 105192 | 23 | 120 | 75
395 | Revision_395/c.c | U | 1928 | 1932 | 5 | 105193 | 24 | 121 | 75
395 | Revision_395/get.c | U | 593 | 597 | 5 | 105194 | 24 | 122 | 75
395 | Revision_395/fortran.c | U | 622 | 626 | 5 | 105195 | 24 | 112 | 75
395 | Revision_395/c.c | U | 2066 | 2073 | 9 | 105196 | 25 | 28 | 71
395 | Revision_395/eiffel.c | U | 1066 | 1079 | 9 | 105197 | 25 | 156 | 71
395 | Revision_395/c.c | U | 2370 | 2374 | 5 | 105198 | 26 | 387 | 100
395 | Revision_395/c.c | U | 2377 | 2381 | 5 | 105199 | 26 | 94 | 100
395 | Revision_395/c.c | U | 2585 | 2590 | 6 | 105200 | 27 | 94 | 80
395 | Revision_395/sql.c | U | 529 | 534 | 6 | 105201 | 27 | 301 | 80
395 | Revision_395/c.c | U | 2669 | 2678 | 9 | 105202 | 28 | 130 | 71
395 | Revision_395/asm.c | U | 120 | 128 | 9 | 105203 | 28 | 288 | 71
395 | Revision_395/verilog.c | U | 107 | 117 | 9 | 105204 | 28 | 381 | 71
395 | Revision_395/eiffel.c | U | 215 | 224 | 9 | 105205 | 28 | 131 | 71
395 | Revision_395/sql.c | U | 195 | 204 | 9 | 105206 | 28 | 302 | 71
395 | Revision_395/fortran.c | U | 397 | 406 | 9 | 105207 | 28 | 132 | 71
395 | Revision_395/eiffel.c | U | 287 | 301 | 9 | 105208 | 29 | 133 | 71
395 | Revision_395/beta.c | U | 71 | 82 | 9 | 105209 | 29 | 134 | 71
395 | Revision_395/sql.c | U | 228 | 242 | 9 | 105210 | 29 | 303 | 71
395 | Revision_395/parse.c | U | 46 | 57 | 9 | 105211 | 29 | 135 | 71
395 | Revision_395/sml.c | U | 75 | 81 | 9 | 105212 | 29 | 324 | 71
395 | Revision_395/eiffel.c | U | 289 | 299 | 9 | 105213 | 29 | 136 | 71
395 | Revision_395/eiffel.c | U | 367 | 376 | 8 | 105214 | 30 | 304 | 100
395 | Revision_395/sql.c | U | 249 | 256 | 8 | 105215 | 30 | 305 | 100
395 | Revision_395/eiffel.c | U | 382 | 407 | 23 | 105216 | 31 | 139 | 75
395 | Revision_395/fortran.c | U | 753 | 783 | 23 | 105217 | 31 | 140 | 75
395 | Revision_395/eiffel.c | U | 410 | 435 | 20 | 105218 | 32 | 141 | 94
395 | Revision_395/fortran.c | U | 786 | 811 | 20 | 105219 | 32 | 142 | 94
395 | Revision_395/eiffel.c | U | 547 | 551 | 5 | 105220 | 33 | 143 | 75
395 | Revision_395/fortran.c | U | 775 | 779 | 5 | 105221 | 33 | 144 | 75
395 | Revision_395/verilog.c | U | 244 | 248 | 5 | 105222 | 33 | 382 | 75
395 | Revision_395/verilog.c | U | 141 | 145 | 5 | 105223 | 33 | 383 | 75
395 | Revision_395/fortran.c | U | 973 | 977 | 5 | 105224 | 33 | 145 | 75
395 | Revision_395/eiffel.c | U | 572 | 584 | 11 | 105225 | 34 | 114 | 88
395 | Revision_395/sql.c | U | 278 | 289 | 11 | 105226 | 34 | 306 | 88
395 | Revision_395/fortran.c | U | 840 | 851 | 11 | 105227 | 34 | 116 | 88
395 | Revision_395/eiffel.c | U | 587 | 599 | 11 | 105228 | 34 | 117 | 88
395 | Revision_395/eiffel.c | U | 602 | 612 | 9 | 105229 | 35 | 146 | 87
395 | Revision_395/fortran.c | U | 858 | 868 | 9 | 105230 | 35 | 147 | 87
395 | Revision_395/asm.c | U | 131 | 140 | 9 | 105231 | 35 | 270 | 87
395 | Revision_395/eiffel.c | U | 771 | 818 | 13 | 105232 | 36 | 349 | 72
395 | Revision_395/fortran.c | U | 1084 | 1095 | 13 | 105233 | 36 | 350 | 72
395 | Revision_395/eiffel.c | U | 836 | 854 | 12 | 105234 | 37 | 251 | 72
395 | Revision_395/fortran.c | U | 1366 | 1379 | 12 | 105235 | 37 | 336 | 72
395 | Revision_395/eiffel.c | U | 858 | 880 | 12 | 105236 | 37 | 252 | 72
395 | Revision_395/fortran.c | U | 1620 | 1628 | 12 | 105237 | 37 | 337 | 72
395 | Revision_395/eiffel.c | U | 1008 | 1021 | 12 | 105238 | 37 | 253 | 72
395 | Revision_395/eiffel.c | U | 1113 | 1137 | 22 | 105239 | 38 | 307 | 70
395 | Revision_395/sql.c | U | 476 | 501 | 22 | 105240 | 38 | 308 | 70
395 | Revision_395/eiffel.c | U | 1191 | 1197 | 6 | 105241 | 39 | 362 | 80
395 | Revision_395/fortran.c | U | 439 | 444 | 6 | 105242 | 39 | 363 | 80
395 | Revision_395/vim.c | U | 56 | 60 | 5 | 105243 | 40 | 290 | 100
395 | Revision_395/vim.c | U | 62 | 66 | 5 | 105244 | 40 | 291 | 100
395 | Revision_395/python.c | U | 105 | 109 | 5 | 105245 | 41 | 278 | 75
395 | Revision_395/erlang.c | U | 58 | 62 | 5 | 105246 | 41 | 341 | 75
395 | Revision_395/sml.c | U | 84 | 88 | 5 | 105247 | 41 | 325 | 75
395 | Revision_395/options.c | U | 955 | 960 | 5 | 105248 | 41 | 280 | 75
395 | Revision_395/python.c | U | 113 | 122 | 9 | 105249 | 42 | 292 | 75
395 | Revision_395/tcl.c | U | 44 | 54 | 9 | 105250 | 42 | 293 | 75
395 | Revision_395/erlang.c | U | 66 | 75 | 9 | 105251 | 42 | 342 | 75
395 | Revision_395/python.c | U | 145 | 150 | 6 | 105252 | 43 | 343 | 71
395 | Revision_395/erlang.c | U | 116 | 121 | 6 | 105253 | 43 | 346 | 71
395 | Revision_395/erlang.c | U | 108 | 113 | 6 | 105254 | 43 | 344 | 71
395 | Revision_395/erlang.c | U | 97 | 105 | 6 | 105255 | 43 | 344 | 71
395 | Revision_395/main.c | U | 260 | 267 | 6 | 105256 | 43 | 377 | 71
395 | Revision_395/main.c | U | 179 | 185 | 6 | 105257 | 43 | 376 | 71
395 | Revision_395/python.c | U | 172 | 181 | 9 | 105258 | 44 | 326 | 85
395 | Revision_395/sml.c | U | 165 | 174 | 9 | 105259 | 44 | 327 | 85
395 | Revision_395/python.c | U | 201 | 206 | 6 | 105260 | 45 | 328 | 80
395 | Revision_395/sml.c | U | 189 | 194 | 6 | 105261 | 45 | 329 | 80
395 | Revision_395/perl.c | U | 91 | 95 | 5 | 105262 | 46 | 163 | 75
395 | Revision_395/pascal.c | U | 133 | 137 | 5 | 105263 | 46 | 164 | 75
395 | Revision_395/sort.c | U | 123 | 128 | 5 | 105264 | 47 | 281 | 100
395 | Revision_395/sort.c | U | 131 | 136 | 5 | 105265 | 47 | 282 | 100
395 | Revision_395/strlist.c | U | 32 | 38 | 8 | 105266 | 48 | 165 | 71
395 | Revision_395/vstring.c | U | 77 | 87 | 8 | 105267 | 48 | 166 | 71
395 | Revision_395/strlist.c | U | 147 | 154 | 8 | 105268 | 49 | 167 | 85
395 | Revision_395/strlist.c | U | 158 | 165 | 8 | 105269 | 49 | 168 | 85
395 | Revision_395/strlist.c | U | 169 | 176 | 8 | 105270 | 49 | 169 | 85
395 | Revision_395/pascal.c | U | 149 | 153 | 6 | 105271 | 50 | 319 | 75
395 | Revision_395/pascal.c | U | 183 | 189 | 6 | 105272 | 50 | 171 | 75
395 | Revision_395/pascal.c | U | 175 | 181 | 6 | 105273 | 50 | 170 | 75
395 | Revision_395/get.c | U | 302 | 314 | 10 | 105274 | 51 | 174 | 70
395 | Revision_395/read.c | U | 214 | 225 | 10 | 105275 | 51 | 176 | 70
395 | Revision_395/parse.c | U | 558 | 572 | 10 | 105276 | 51 | 175 | 70
395 | Revision_395/get.c | U | 466 | 477 | 10 | 105277 | 52 | 177 | 100
395 | Revision_395/get.c | U | 483 | 494 | 10 | 105278 | 52 | 178 | 100
395 | Revision_395/get.c | U | 540 | 545 | 6 | 105279 | 53 | 180 | 80
395 | Revision_395/read.c | U | 415 | 419 | 6 | 105280 | 53 | 181 | 80
395 | Revision_395/main.c | U | 126 | 139 | 6 | 105281 | 54 | 354 | 80
395 | Revision_395/options.c | U | 394 | 399 | 6 | 105282 | 54 | 355 | 80
395 | Revision_395/routines.c | U | 236 | 243 | 6 | 105283 | 55 | 254 | 80
395 | Revision_395/routines.c | U | 246 | 253 | 6 | 105284 | 55 | 255 | 80
395 | Revision_395/routines.c | U | 287 | 294 | 8 | 105285 | 56 | 256 | 83
395 | Revision_395/readtags.c | U | 116 | 123 | 8 | 105286 | 56 | 123 | 83
395 | Revision_395/readtags.c | U | 106 | 113 | 8 | 105287 | 56 | 238 | 83
395 | Revision_395/routines.c | U | 297 | 304 | 8 | 105288 | 56 | 257 | 83
395 | Revision_395/routines.c | U | 321 | 325 | 5 | 105289 | 57 | 258 | 75
395 | Revision_395/vstring.c | U | 125 | 129 | 5 | 105290 | 57 | 188 | 75
395 | Revision_395/vstring.c | U | 118 | 122 | 5 | 105291 | 57 | 189 | 75
395 | Revision_395/routines.c | U | 328 | 334 | 6 | 105292 | 58 | 259 | 100
395 | Revision_395/routines.c | U | 337 | 343 | 6 | 105293 | 58 | 260 | 100
395 | Revision_395/routines.c | U | 348 | 355 | 8 | 105294 | 59 | 261 | 100
395 | Revision_395/routines.c | U | 360 | 367 | 8 | 105295 | 59 | 262 | 100
395 | Revision_395/sh.c | U | 88 | 93 | 6 | 105296 | 60 | 378 | 80
395 | Revision_395/asm.c | U | 348 | 353 | 6 | 105297 | 60 | 379 | 80
395 | Revision_395/beta.c | U | 136 | 143 | 6 | 105298 | 61 | 201 | 75
395 | Revision_395/beta.c | U | 207 | 215 | 6 | 105299 | 61 | 202 | 75
395 | Revision_395/beta.c | U | 154 | 158 | 5 | 105300 | 62 | 203 | 75
395 | Revision_395/beta.c | U | 160 | 164 | 5 | 105301 | 62 | 204 | 75
395 | Revision_395/beta.c | U | 280 | 284 | 5 | 105302 | 62 | 205 | 75
395 | Revision_395/beta.c | U | 274 | 278 | 5 | 105303 | 62 | 207 | 75
395 | Revision_395/beta.c | U | 167 | 171 | 5 | 105304 | 62 | 206 | 75
395 | Revision_395/sql.c | U | 418 | 424 | 6 | 105305 | 63 | 310 | 75
395 | Revision_395/fortran.c | U | 1063 | 1067 | 6 | 105306 | 63 | 312 | 75
395 | Revision_395/sql.c | U | 626 | 632 | 6 | 105307 | 63 | 298 | 75
395 | Revision_395/sql.c | U | 444 | 449 | 6 | 105308 | 64 | 313 | 100
395 | Revision_395/sql.c | U | 610 | 615 | 6 | 105309 | 64 | 299 | 100
395 | Revision_395/sql.c | U | 460 | 468 | 8 | 105310 | 65 | 313 | 71
395 | Revision_395/fortran.c | U | 1744 | 1750 | 8 | 105311 | 65 | 314 | 71
395 | Revision_395/sql.c | U | 543 | 551 | 8 | 105312 | 65 | 380 | 71
395 | Revision_395/fortran.c | U | 1404 | 1412 | 8 | 105313 | 65 | 59 | 71
395 | Revision_395/parse.c | U | 98 | 108 | 11 | 105314 | 66 | 208 | 88
395 | Revision_395/parse.c | U | 111 | 122 | 11 | 105315 | 66 | 209 | 88
395 | Revision_395/parse.c | U | 272 | 276 | 5 | 105316 | 67 | 356 | 75
395 | Revision_395/parse.c | U | 547 | 551 | 5 | 105317 | 67 | 357 | 75
395 | Revision_395/parse.c | U | 528 | 532 | 5 | 105318 | 67 | 358 | 75
395 | Revision_395/readtags.c | U | 542 | 548 | 6 | 105319 | 68 | 239 | 100
395 | Revision_395/readtags.c | U | 550 | 556 | 6 | 105320 | 68 | 240 | 100
395 | Revision_395/readtags.c | U | 585 | 589 | 6 | 105321 | 69 | 123 | 75
395 | Revision_395/readtags.c | U | 640 | 646 | 6 | 105322 | 69 | 124 | 75
395 | Revision_395/readtags.c | U | 717 | 725 | 8 | 105323 | 70 | 210 | 83
395 | Revision_395/readtags.c | U | 772 | 780 | 8 | 105324 | 70 | 211 | 83
395 | Revision_395/readtags.c | U | 728 | 736 | 8 | 105325 | 70 | 212 | 83
395 | Revision_395/readtags.c | U | 739 | 744 | 6 | 105326 | 71 | 241 | 80
395 | Revision_395/readtags.c | U | 764 | 769 | 6 | 105327 | 71 | 242 | 80
395 | Revision_395/readtags.c | U | 756 | 761 | 6 | 105328 | 71 | 287 | 80
395 | Revision_395/fortran.c | U | 1257 | 1278 | 23 | 105329 | 72 | 369 | 72
395 | Revision_395/fortran.c | U | 1777 | 1800 | 23 | 105330 | 72 | 366 | 72
395 | Revision_395/fortran.c | U | 1311 | 1317 | 7 | 105331 | 73 | 85 | 83
395 | Revision_395/fortran.c | U | 1370 | 1376 | 7 | 105332 | 73 | 84 | 83
395 | Revision_395/fortran.c | U | 1437 | 1445 | 10 | 105333 | 74 | 314 | 77
395 | Revision_395/fortran.c | U | 1476 | 1485 | 10 | 105334 | 74 | 59 | 77
395 | Revision_395/fortran.c | U | 1523 | 1529 | 8 | 105335 | 75 | 65 | 71
395 | Revision_395/fortran.c | U | 1699 | 1708 | 8 | 105336 | 75 | 221 | 71
395 | Revision_395/fortran.c | U | 1717 | 1732 | 20 | 105337 | 76 | 21 | 84
395 | Revision_395/fortran.c | U | 1932 | 1948 | 20 | 105338 | 76 | 374 | 84
395 | Revision_395/fortran.c | U | 1896 | 1915 | 17 | 105339 | 77 | 220 | 75
395 | Revision_395/fortran.c | U | 1967 | 1984 | 17 | 105340 | 77 | 221 | 75
395 | Revision_395/fortran.c | U | 2039 | 2060 | 17 | 105341 | 77 | 372 | 75
395 | Revision_395/asm.c | U | 244 | 257 | 11 | 105342 | 78 | 289 | 77
395 | Revision_395/asm.c | U | 262 | 272 | 11 | 105343 | 78 | 279 | 77
395 | Revision_395/scheme.c | U | 70 | 78 | 8 | 105344 | 79 | 222 | 71
395 | Revision_395/scheme.c | U | 85 | 93 | 8 | 105345 | 79 | 223 | 71
395 | Revision_395/options.c | U | 366 | 372 | 6 | 105346 | 80 | 224 | 100
395 | Revision_395/options.c | U | 375 | 381 | 6 | 105347 | 80 | 225 | 100
395 | Revision_395/options.c | U | 538 | 544 | 7 | 105348 | 81 | 226 | 100
395 | Revision_395/options.c | U | 556 | 562 | 7 | 105349 | 81 | 227 | 100
395 | Revision_395/options.c | U | 565 | 571 | 7 | 105350 | 81 | 228 | 100
395 | Revision_395/options.c | U | 547 | 553 | 7 | 105351 | 81 | 229 | 100
395 | Revision_395/options.c | U | 974 | 978 | 5 | 105352 | 82 | 230 | 75
395 | Revision_395/options.c | U | 1000 | 1004 | 5 | 105353 | 82 | 231 | 75
395 | Revision_395/options.c | U | 1094 | 1098 | 5 | 105354 | 83 | 232 | 100
395 | Revision_395/options.c | U | 1100 | 1104 | 5 | 105355 | 83 | 233 | 100
395 | Revision_395/options.c | U | 1146 | 1158 | 12 | 105356 | 84 | 360 | 100
395 | Revision_395/options.c | U | 1163 | 1175 | 12 | 105357 | 84 | 235 | 100
395 | Revision_395/options.c | U | 1417 | 1434 | 15 | 105358 | 85 | 236 | 91
395 | Revision_395/options.c | U | 1455 | 1472 | 15 | 105359 | 85 | 237 | 91
