Revision | filePath | changeType | StartLine | EndLine | Nlines | cloneId | classId | globalCloneId | Similarity
410 | Revision_410/lisp.c | U | 91 | 97 | 7 | 109792 | 1 | 1 | 83
410 | Revision_410/lisp.c | U | 112 | 118 | 7 | 109793 | 1 | 2 | 83
410 | Revision_410/lisp.c | U | 127 | 137 | 9 | 109794 | 2 | 3 | 70
410 | Revision_410/asp.c | U | 181 | 189 | 9 | 109795 | 2 | 4 | 70
410 | Revision_410/c.c | U | 2725 | 2740 | 9 | 109796 | 2 | 8 | 70
410 | Revision_410/pascal.c | U | 255 | 263 | 9 | 109797 | 2 | 14 | 70
410 | Revision_410/c.c | U | 2743 | 2752 | 9 | 109798 | 2 | 12 | 70
410 | Revision_410/vim.c | U | 168 | 176 | 9 | 109799 | 2 | 20 | 70
410 | Revision_410/verilog.c | U | 324 | 333 | 9 | 109800 | 2 | 283 | 70
410 | Revision_410/awk.c | U | 71 | 79 | 9 | 109801 | 2 | 10 | 70
410 | Revision_410/c.c | U | 2755 | 2764 | 9 | 109802 | 2 | 15 | 70
410 | Revision_410/c.c | U | 2713 | 2722 | 9 | 109803 | 2 | 315 | 70
410 | Revision_410/sh.c | U | 102 | 112 | 9 | 109804 | 2 | 17 | 70
410 | Revision_410/c.c | U | 2767 | 2776 | 9 | 109805 | 2 | 330 | 70
410 | Revision_410/eiffel.c | U | 1222 | 1231 | 9 | 109806 | 2 | 9 | 70
410 | Revision_410/fortran.c | U | 2204 | 2219 | 9 | 109807 | 2 | 21 | 70
410 | Revision_410/beta.c | U | 313 | 321 | 9 | 109808 | 2 | 5 | 70
410 | Revision_410/cobol.c | U | 40 | 48 | 9 | 109809 | 2 | 320 | 70
410 | Revision_410/php.c | U | 161 | 169 | 9 | 109810 | 2 | 22 | 70
410 | Revision_410/erlang.c | U | 179 | 187 | 9 | 109811 | 2 | 340 | 70
410 | Revision_410/sml.c | U | 201 | 209 | 9 | 109812 | 2 | 321 | 70
410 | Revision_410/perl.c | U | 203 | 211 | 9 | 109813 | 2 | 7 | 70
410 | Revision_410/tcl.c | U | 106 | 114 | 9 | 109814 | 2 | 18 | 70
410 | Revision_410/python.c | U | 213 | 221 | 9 | 109815 | 2 | 13 | 70
410 | Revision_410/ruby.c | U | 167 | 175 | 9 | 109816 | 2 | 19 | 70
410 | Revision_410/scheme.c | U | 99 | 109 | 9 | 109817 | 2 | 16 | 70
410 | Revision_410/sql.c | U | 678 | 687 | 9 | 109818 | 2 | 296 | 70
410 | Revision_410/lua.c | U | 123 | 131 | 9 | 109819 | 2 | 243 | 70
410 | Revision_410/html.c | U | 40 | 47 | 9 | 109820 | 2 | 365 | 70
410 | Revision_410/asm.c | U | 367 | 386 | 9 | 109821 | 2 | 274 | 70
410 | Revision_410/make.c | U | 91 | 101 | 9 | 109822 | 2 | 25 | 70
410 | Revision_410/jscript.c | U | 31 | 38 | 9 | 109823 | 2 | 364 | 70
410 | Revision_410/yacc.c | U | 31 | 38 | 9 | 109824 | 2 | 23 | 70
410 | Revision_410/slang.c | U | 34 | 41 | 9 | 109825 | 2 | 24 | 70
410 | Revision_410/rexx.c | U | 30 | 37 | 9 | 109826 | 2 | 26 | 70
410 | Revision_410/keyword.c | U | 107 | 116 | 9 | 109827 | 2 | 27 | 70
410 | Revision_410/c.c | U | 2114 | 2119 | 9 | 109828 | 2 | 28 | 70
410 | Revision_410/sql.c | U | 207 | 215 | 9 | 109829 | 2 | 309 | 70
410 | Revision_410/options.c | U | 528 | 533 | 9 | 109830 | 2 | 29 | 70
410 | Revision_410/options.c | U | 621 | 627 | 9 | 109831 | 2 | 30 | 70
410 | Revision_410/fortran.c | U | 413 | 425 | 9 | 109832 | 2 | 158 | 70
410 | Revision_410/c.c | U | 2143 | 2151 | 9 | 109833 | 2 | 31 | 70
410 | Revision_410/eiffel.c | U | 1176 | 1188 | 9 | 109834 | 2 | 157 | 70
410 | Revision_410/asp.c | U | 70 | 89 | 15 | 109835 | 3 | 33 | 100
410 | Revision_410/asp.c | U | 93 | 112 | 15 | 109836 | 3 | 34 | 100
410 | Revision_410/asp.c | U | 116 | 132 | 14 | 109837 | 4 | 35 | 72
410 | Revision_410/asp.c | U | 136 | 151 | 14 | 109838 | 4 | 36 | 72
410 | Revision_410/php.c | U | 113 | 127 | 14 | 109839 | 4 | 40 | 72
410 | Revision_410/ruby.c | U | 79 | 94 | 14 | 109840 | 4 | 42 | 72
410 | Revision_410/asp.c | U | 155 | 170 | 14 | 109841 | 4 | 36 | 72
410 | Revision_410/php.c | U | 92 | 110 | 14 | 109842 | 4 | 173 | 72
410 | Revision_410/ruby.c | U | 96 | 111 | 14 | 109843 | 4 | 42 | 72
410 | Revision_410/vim.c | U | 121 | 135 | 14 | 109844 | 4 | 159 | 72
410 | Revision_410/vim.c | U | 95 | 110 | 14 | 109845 | 4 | 334 | 72
410 | Revision_410/vim.c | U | 143 | 162 | 14 | 109846 | 4 | 160 | 72
410 | Revision_410/vim.c | U | 114 | 136 | 14 | 109847 | 4 | 160 | 72
410 | Revision_410/args.c | U | 85 | 92 | 8 | 109848 | 5 | 43 | 100
410 | Revision_410/args.c | U | 159 | 166 | 8 | 109849 | 5 | 44 | 100
410 | Revision_410/args.c | U | 181 | 189 | 9 | 109850 | 6 | 45 | 75
410 | Revision_410/args.c | U | 202 | 210 | 9 | 109851 | 6 | 46 | 75
410 | Revision_410/args.c | U | 192 | 199 | 9 | 109852 | 6 | 47 | 75
410 | Revision_410/args.c | U | 265 | 271 | 6 | 109853 | 7 | 48 | 80
410 | Revision_410/options.c | U | 574 | 579 | 6 | 109854 | 7 | 49 | 80
410 | Revision_410/fortran.c | U | 909 | 914 | 6 | 109855 | 7 | 50 | 80
410 | Revision_410/c.c | U | 529 | 535 | 7 | 109856 | 8 | 51 | 80
410 | Revision_410/vstring.c | U | 67 | 74 | 7 | 109857 | 8 | 52 | 80
410 | Revision_410/c.c | U | 538 | 545 | 6 | 109858 | 9 | 53 | 80
410 | Revision_410/c.c | U | 548 | 555 | 6 | 109859 | 9 | 54 | 80
410 | Revision_410/c.c | U | 657 | 673 | 17 | 109860 | 10 | 55 | 72
410 | Revision_410/fortran.c | U | 1139 | 1154 | 17 | 109861 | 10 | 375 | 72
410 | Revision_410/c.c | U | 1206 | 1220 | 17 | 109862 | 10 | 56 | 72
410 | Revision_410/fortran.c | U | 1116 | 1136 | 17 | 109863 | 10 | 58 | 72
410 | Revision_410/c.c | U | 1129 | 1147 | 17 | 109864 | 10 | 60 | 72
410 | Revision_410/fortran.c | U | 1875 | 1891 | 17 | 109865 | 10 | 59 | 72
410 | Revision_410/c.c | U | 676 | 691 | 17 | 109866 | 10 | 57 | 72
410 | Revision_410/Test/local.c | U | 9 | 22 | 17 | 109867 | 10 | 384 | 72
410 | Revision_410/fortran.c | U | 1119 | 1134 | 17 | 109868 | 10 | 58 | 72
410 | Revision_410/c.c | U | 1132 | 1145 | 17 | 109869 | 10 | 63 | 72
410 | Revision_410/fortran.c | U | 1792 | 1820 | 17 | 109870 | 10 | 366 | 72
410 | Revision_410/fortran.c | U | 1878 | 1889 | 17 | 109871 | 10 | 65 | 72
410 | Revision_410/fortran.c | U | 1592 | 1629 | 17 | 109872 | 10 | 367 | 72
410 | Revision_410/c.c | U | 679 | 689 | 13 | 109873 | 11 | 57 | 75
410 | Revision_410/c.c | U | 1208 | 1219 | 13 | 109874 | 11 | 64 | 75
410 | Revision_410/c.c | U | 708 | 728 | 20 | 109875 | 12 | 72 | 72
410 | Revision_410/fortran.c | U | 1306 | 1316 | 20 | 109876 | 12 | 337 | 72
410 | Revision_410/c.c | U | 738 | 744 | 8 | 109877 | 13 | 74 | 71
410 | Revision_410/options.c | U | 467 | 474 | 8 | 109878 | 13 | 75 | 71
410 | Revision_410/c.c | U | 775 | 779 | 5 | 109879 | 14 | 76 | 75
410 | Revision_410/sql.c | U | 506 | 510 | 5 | 109880 | 14 | 297 | 75
410 | Revision_410/eiffel.c | U | 673 | 677 | 5 | 109881 | 14 | 249 | 75
410 | Revision_410/c.c | U | 2040 | 2044 | 5 | 109882 | 14 | 80 | 75
410 | Revision_410/fortran.c | U | 1920 | 1924 | 5 | 109883 | 14 | 79 | 75
410 | Revision_410/eiffel.c | U | 874 | 878 | 5 | 109884 | 14 | 269 | 75
410 | Revision_410/fortran.c | U | 1347 | 1351 | 5 | 109885 | 14 | 85 | 75
410 | Revision_410/eiffel.c | U | 963 | 967 | 5 | 109886 | 14 | 269 | 75
410 | Revision_410/c.c | U | 2566 | 2570 | 5 | 109887 | 14 | 86 | 75
410 | Revision_410/eiffel.c | U | 1014 | 1018 | 5 | 109888 | 14 | 269 | 75
410 | Revision_410/sql.c | U | 335 | 339 | 5 | 109889 | 14 | 300 | 75
410 | Revision_410/eiffel.c | U | 660 | 664 | 5 | 109890 | 14 | 250 | 75
410 | Revision_410/readtags.c | U | 144 | 148 | 5 | 109891 | 14 | 87 | 75
410 | Revision_410/ruby.c | U | 136 | 140 | 5 | 109892 | 14 | 19 | 75
410 | Revision_410/c.c | U | 2631 | 2636 | 5 | 109893 | 14 | 94 | 75
410 | Revision_410/php.c | U | 84 | 88 | 5 | 109894 | 14 | 40 | 75
410 | Revision_410/fortran.c | U | 589 | 593 | 5 | 109895 | 14 | 95 | 75
410 | Revision_410/fortran.c | U | 1556 | 1561 | 5 | 109896 | 14 | 79 | 75
410 | Revision_410/fortran.c | U | 1344 | 1352 | 5 | 109897 | 14 | 84 | 75
410 | Revision_410/fortran.c | U | 1215 | 1219 | 5 | 109898 | 14 | 85 | 75
410 | Revision_410/eiffel.c | U | 1033 | 1037 | 5 | 109899 | 14 | 151 | 75
410 | Revision_410/eiffel.c | U | 848 | 853 | 5 | 109900 | 14 | 151 | 75
410 | Revision_410/keyword.c | U | 185 | 189 | 5 | 109901 | 14 | 91 | 75
410 | Revision_410/options.c | U | 1033 | 1037 | 5 | 109902 | 14 | 89 | 75
410 | Revision_410/readtags.c | U | 455 | 459 | 5 | 109903 | 14 | 90 | 75
410 | Revision_410/strlist.c | U | 134 | 138 | 5 | 109904 | 14 | 126 | 75
410 | Revision_410/c.c | U | 2085 | 2089 | 5 | 109905 | 14 | 125 | 75
410 | Revision_410/vstring.c | U | 35 | 40 | 5 | 109906 | 14 | 98 | 75
410 | Revision_410/c.c | U | 1726 | 1730 | 5 | 109907 | 14 | 121 | 75
410 | Revision_410/fortran.c | U | 1728 | 1732 | 5 | 109908 | 14 | 373 | 75
410 | Revision_410/c.c | U | 1717 | 1721 | 5 | 109909 | 14 | 331 | 75
410 | Revision_410/c.c | U | 2104 | 2111 | 5 | 109910 | 14 | 244 | 75
410 | Revision_410/options.c | U | 1674 | 1678 | 5 | 109911 | 14 | 333 | 75
410 | Revision_410/eiffel.c | U | 1069 | 1078 | 5 | 109912 | 14 | 101 | 75
410 | Revision_410/fortran.c | U | 1012 | 1016 | 5 | 109913 | 14 | 128 | 75
410 | Revision_410/options.c | U | 669 | 673 | 5 | 109914 | 14 | 127 | 75
410 | Revision_410/fortran.c | U | 1549 | 1554 | 5 | 109915 | 14 | 79 | 75
410 | Revision_410/options.c | U | 1212 | 1216 | 5 | 109916 | 14 | 129 | 75
410 | Revision_410/c.c | U | 785 | 806 | 46 | 109917 | 15 | 103 | 80
410 | Revision_410/c.c | U | 848 | 868 | 46 | 109918 | 15 | 316 | 80
410 | Revision_410/c.c | U | 915 | 934 | 46 | 109919 | 15 | 103 | 80
410 | Revision_410/c.c | U | 809 | 829 | 46 | 109920 | 15 | 332 | 80
410 | Revision_410/c.c | U | 871 | 882 | 12 | 109921 | 16 | 317 | 90
410 | Revision_410/c.c | U | 885 | 896 | 12 | 109922 | 16 | 318 | 90
410 | Revision_410/c.c | U | 1269 | 1275 | 7 | 109923 | 17 | 385 | 83
410 | Revision_410/fortran.c | U | 501 | 509 | 7 | 109924 | 17 | 112 | 83
410 | Revision_410/c.c | U | 1342 | 1349 | 7 | 109925 | 18 | 108 | 80
410 | Revision_410/c.c | U | 1351 | 1358 | 7 | 109926 | 18 | 109 | 80
410 | Revision_410/c.c | U | 1372 | 1379 | 7 | 109927 | 19 | 110 | 83
410 | Revision_410/c.c | U | 1382 | 1389 | 7 | 109928 | 19 | 111 | 83
410 | Revision_410/fortran.c | U | 628 | 634 | 7 | 109929 | 19 | 112 | 83
410 | Revision_410/c.c | U | 1420 | 1425 | 6 | 109930 | 20 | 386 | 80
410 | Revision_410/c.c | U | 1737 | 1742 | 6 | 109931 | 20 | 80 | 80
410 | Revision_410/c.c | U | 1438 | 1447 | 9 | 109932 | 21 | 294 | 71
410 | Revision_410/eiffel.c | U | 556 | 564 | 9 | 109933 | 21 | 295 | 71
410 | Revision_410/c.c | U | 1441 | 1445 | 5 | 109934 | 22 | 294 | 75
410 | Revision_410/readtags.c | U | 503 | 507 | 5 | 109935 | 22 | 90 | 75
410 | Revision_410/readtags.c | U | 680 | 684 | 5 | 109936 | 22 | 99 | 75
410 | Revision_410/c.c | U | 1781 | 1785 | 5 | 109937 | 23 | 118 | 75
410 | Revision_410/eiffel.c | U | 419 | 423 | 5 | 109938 | 23 | 119 | 75
410 | Revision_410/fortran.c | U | 813 | 817 | 5 | 109939 | 23 | 120 | 75
410 | Revision_410/c.c | U | 1928 | 1932 | 5 | 109940 | 24 | 121 | 75
410 | Revision_410/get.c | U | 593 | 597 | 5 | 109941 | 24 | 122 | 75
410 | Revision_410/fortran.c | U | 622 | 626 | 5 | 109942 | 24 | 112 | 75
410 | Revision_410/fortran.c | U | 731 | 735 | 5 | 109943 | 24 | 144 | 75
410 | Revision_410/pascal.c | U | 133 | 137 | 5 | 109944 | 24 | 164 | 75
410 | Revision_410/perl.c | U | 100 | 104 | 5 | 109945 | 24 | 163 | 75
410 | Revision_410/c.c | U | 2066 | 2073 | 9 | 109946 | 25 | 28 | 71
410 | Revision_410/eiffel.c | U | 1066 | 1079 | 9 | 109947 | 25 | 156 | 71
410 | Revision_410/c.c | U | 2372 | 2376 | 5 | 109948 | 26 | 387 | 100
410 | Revision_410/c.c | U | 2379 | 2383 | 5 | 109949 | 26 | 94 | 100
410 | Revision_410/c.c | U | 2587 | 2592 | 6 | 109950 | 27 | 94 | 80
410 | Revision_410/sql.c | U | 529 | 534 | 6 | 109951 | 27 | 301 | 80
410 | Revision_410/c.c | U | 2671 | 2680 | 9 | 109952 | 28 | 130 | 71
410 | Revision_410/verilog.c | U | 107 | 117 | 9 | 109953 | 28 | 381 | 71
410 | Revision_410/asm.c | U | 120 | 128 | 9 | 109954 | 28 | 288 | 71
410 | Revision_410/eiffel.c | U | 215 | 224 | 9 | 109955 | 28 | 131 | 71
410 | Revision_410/sql.c | U | 195 | 204 | 9 | 109956 | 28 | 302 | 71
410 | Revision_410/fortran.c | U | 397 | 406 | 9 | 109957 | 28 | 132 | 71
410 | Revision_410/eiffel.c | U | 287 | 301 | 9 | 109958 | 29 | 133 | 71
410 | Revision_410/sql.c | U | 228 | 242 | 9 | 109959 | 29 | 303 | 71
410 | Revision_410/beta.c | U | 71 | 82 | 9 | 109960 | 29 | 134 | 71
410 | Revision_410/sml.c | U | 75 | 81 | 9 | 109961 | 29 | 324 | 71
410 | Revision_410/parse.c | U | 46 | 57 | 9 | 109962 | 29 | 135 | 71
410 | Revision_410/eiffel.c | U | 289 | 299 | 9 | 109963 | 29 | 136 | 71
410 | Revision_410/eiffel.c | U | 367 | 376 | 8 | 109964 | 30 | 304 | 100
410 | Revision_410/sql.c | U | 249 | 256 | 8 | 109965 | 30 | 305 | 100
410 | Revision_410/eiffel.c | U | 382 | 407 | 23 | 109966 | 31 | 139 | 75
410 | Revision_410/fortran.c | U | 771 | 801 | 23 | 109967 | 31 | 140 | 75
410 | Revision_410/eiffel.c | U | 410 | 435 | 20 | 109968 | 32 | 141 | 94
410 | Revision_410/fortran.c | U | 804 | 829 | 20 | 109969 | 32 | 142 | 94
410 | Revision_410/eiffel.c | U | 547 | 551 | 5 | 109970 | 33 | 143 | 75
410 | Revision_410/verilog.c | U | 244 | 248 | 5 | 109971 | 33 | 382 | 75
410 | Revision_410/verilog.c | U | 141 | 145 | 5 | 109972 | 33 | 383 | 75
410 | Revision_410/fortran.c | U | 793 | 797 | 5 | 109973 | 33 | 144 | 75
410 | Revision_410/fortran.c | U | 991 | 995 | 5 | 109974 | 33 | 145 | 75
410 | Revision_410/eiffel.c | U | 572 | 584 | 11 | 109975 | 34 | 114 | 88
410 | Revision_410/fortran.c | U | 858 | 869 | 11 | 109976 | 34 | 116 | 88
410 | Revision_410/sql.c | U | 278 | 289 | 11 | 109977 | 34 | 306 | 88
410 | Revision_410/eiffel.c | U | 587 | 599 | 11 | 109978 | 34 | 117 | 88
410 | Revision_410/eiffel.c | U | 602 | 612 | 9 | 109979 | 35 | 146 | 87
410 | Revision_410/fortran.c | U | 876 | 886 | 9 | 109980 | 35 | 147 | 87
410 | Revision_410/asm.c | U | 131 | 140 | 9 | 109981 | 35 | 270 | 87
410 | Revision_410/eiffel.c | U | 771 | 818 | 13 | 109982 | 36 | 349 | 72
410 | Revision_410/fortran.c | U | 1102 | 1113 | 13 | 109983 | 36 | 350 | 72
410 | Revision_410/eiffel.c | U | 836 | 854 | 13 | 109984 | 37 | 251 | 72
410 | Revision_410/eiffel.c | U | 858 | 880 | 13 | 109985 | 37 | 252 | 72
410 | Revision_410/fortran.c | U | 1384 | 1397 | 13 | 109986 | 37 | 336 | 72
410 | Revision_410/eiffel.c | U | 1008 | 1021 | 13 | 109987 | 37 | 253 | 72
410 | Revision_410/fortran.c | U | 1638 | 1646 | 13 | 109988 | 37 | 337 | 72
410 | Revision_410/eiffel.c | U | 1113 | 1137 | 22 | 109989 | 38 | 307 | 70
410 | Revision_410/sql.c | U | 476 | 501 | 22 | 109990 | 38 | 308 | 70
410 | Revision_410/eiffel.c | U | 1191 | 1197 | 6 | 109991 | 39 | 362 | 80
410 | Revision_410/fortran.c | U | 439 | 444 | 6 | 109992 | 39 | 363 | 80
410 | Revision_410/vim.c | U | 56 | 60 | 5 | 109993 | 40 | 290 | 100
410 | Revision_410/vim.c | U | 62 | 66 | 5 | 109994 | 40 | 291 | 100
410 | Revision_410/python.c | U | 105 | 109 | 5 | 109995 | 41 | 278 | 75
410 | Revision_410/sml.c | U | 84 | 88 | 5 | 109996 | 41 | 325 | 75
410 | Revision_410/erlang.c | U | 58 | 62 | 5 | 109997 | 41 | 341 | 75
410 | Revision_410/options.c | U | 954 | 959 | 5 | 109998 | 41 | 280 | 75
410 | Revision_410/python.c | U | 113 | 122 | 9 | 109999 | 42 | 292 | 75
410 | Revision_410/tcl.c | U | 44 | 54 | 9 | 110000 | 42 | 293 | 75
410 | Revision_410/erlang.c | U | 66 | 75 | 9 | 110001 | 42 | 342 | 75
410 | Revision_410/python.c | U | 145 | 150 | 6 | 110002 | 43 | 343 | 71
410 | Revision_410/erlang.c | U | 116 | 121 | 6 | 110003 | 43 | 346 | 71
410 | Revision_410/erlang.c | U | 108 | 113 | 6 | 110004 | 43 | 344 | 71
410 | Revision_410/erlang.c | U | 97 | 105 | 6 | 110005 | 43 | 344 | 71
410 | Revision_410/perl.c | U | 186 | 192 | 6 | 110006 | 43 | 389 | 71
410 | Revision_410/main.c | U | 260 | 267 | 6 | 110007 | 43 | 377 | 71
410 | Revision_410/main.c | U | 179 | 185 | 6 | 110008 | 43 | 376 | 71
410 | Revision_410/python.c | U | 172 | 181 | 9 | 110009 | 44 | 326 | 85
410 | Revision_410/sml.c | U | 165 | 174 | 9 | 110010 | 44 | 327 | 85
410 | Revision_410/python.c | U | 201 | 206 | 6 | 110011 | 45 | 328 | 80
410 | Revision_410/sml.c | U | 189 | 194 | 6 | 110012 | 45 | 329 | 80
410 | Revision_410/sort.c | U | 123 | 128 | 5 | 110013 | 46 | 281 | 100
410 | Revision_410/sort.c | U | 131 | 136 | 5 | 110014 | 46 | 282 | 100
410 | Revision_410/strlist.c | U | 32 | 38 | 8 | 110015 | 47 | 165 | 71
410 | Revision_410/vstring.c | U | 77 | 87 | 8 | 110016 | 47 | 166 | 71
410 | Revision_410/strlist.c | U | 147 | 154 | 8 | 110017 | 48 | 167 | 85
410 | Revision_410/strlist.c | U | 169 | 176 | 8 | 110018 | 48 | 168 | 85
410 | Revision_410/strlist.c | U | 158 | 165 | 8 | 110019 | 48 | 169 | 85
410 | Revision_410/pascal.c | U | 149 | 153 | 6 | 110020 | 49 | 319 | 75
410 | Revision_410/pascal.c | U | 183 | 189 | 6 | 110021 | 49 | 171 | 75
410 | Revision_410/pascal.c | U | 175 | 181 | 6 | 110022 | 49 | 170 | 75
410 | Revision_410/get.c | U | 302 | 314 | 10 | 110023 | 50 | 174 | 70
410 | Revision_410/read.c | U | 214 | 225 | 10 | 110024 | 50 | 176 | 70
410 | Revision_410/parse.c | U | 558 | 572 | 10 | 110025 | 50 | 175 | 70
410 | Revision_410/get.c | U | 466 | 477 | 10 | 110026 | 51 | 177 | 100
410 | Revision_410/get.c | U | 483 | 494 | 10 | 110027 | 51 | 178 | 100
410 | Revision_410/get.c | U | 540 | 545 | 6 | 110028 | 52 | 180 | 80
410 | Revision_410/read.c | U | 415 | 419 | 6 | 110029 | 52 | 181 | 80
410 | Revision_410/main.c | U | 126 | 139 | 6 | 110030 | 53 | 354 | 80
410 | Revision_410/options.c | U | 394 | 399 | 6 | 110031 | 53 | 355 | 80
410 | Revision_410/routines.c | U | 236 | 243 | 6 | 110032 | 54 | 254 | 80
410 | Revision_410/routines.c | U | 246 | 253 | 6 | 110033 | 54 | 255 | 80
410 | Revision_410/routines.c | U | 287 | 294 | 8 | 110034 | 55 | 256 | 83
410 | Revision_410/routines.c | U | 297 | 304 | 8 | 110035 | 55 | 257 | 83
410 | Revision_410/readtags.c | U | 106 | 113 | 8 | 110036 | 55 | 123 | 83
410 | Revision_410/readtags.c | U | 116 | 123 | 8 | 110037 | 55 | 238 | 83
410 | Revision_410/routines.c | U | 321 | 325 | 5 | 110038 | 56 | 258 | 75
410 | Revision_410/vstring.c | U | 125 | 129 | 5 | 110039 | 56 | 188 | 75
410 | Revision_410/vstring.c | U | 118 | 122 | 5 | 110040 | 56 | 189 | 75
410 | Revision_410/routines.c | U | 328 | 334 | 6 | 110041 | 57 | 259 | 100
410 | Revision_410/routines.c | U | 337 | 343 | 6 | 110042 | 57 | 260 | 100
410 | Revision_410/routines.c | U | 348 | 355 | 8 | 110043 | 58 | 261 | 100
410 | Revision_410/routines.c | U | 360 | 367 | 8 | 110044 | 58 | 262 | 100
410 | Revision_410/sh.c | U | 88 | 93 | 6 | 110045 | 59 | 378 | 80
410 | Revision_410/asm.c | U | 348 | 353 | 6 | 110046 | 59 | 379 | 80
410 | Revision_410/beta.c | U | 136 | 143 | 6 | 110047 | 60 | 201 | 75
410 | Revision_410/beta.c | U | 207 | 215 | 6 | 110048 | 60 | 202 | 75
410 | Revision_410/beta.c | U | 154 | 158 | 5 | 110049 | 61 | 203 | 75
410 | Revision_410/beta.c | U | 274 | 278 | 5 | 110050 | 61 | 205 | 75
410 | Revision_410/beta.c | U | 167 | 171 | 5 | 110051 | 61 | 204 | 75
410 | Revision_410/beta.c | U | 280 | 284 | 5 | 110052 | 61 | 207 | 75
410 | Revision_410/beta.c | U | 160 | 164 | 5 | 110053 | 61 | 206 | 75
410 | Revision_410/sql.c | U | 418 | 424 | 6 | 110054 | 62 | 310 | 75
410 | Revision_410/sql.c | U | 626 | 632 | 6 | 110055 | 62 | 298 | 75
410 | Revision_410/fortran.c | U | 1081 | 1085 | 6 | 110056 | 62 | 312 | 75
410 | Revision_410/sql.c | U | 444 | 449 | 6 | 110057 | 63 | 313 | 100
410 | Revision_410/sql.c | U | 610 | 615 | 6 | 110058 | 63 | 299 | 100
410 | Revision_410/sql.c | U | 460 | 468 | 8 | 110059 | 64 | 313 | 71
410 | Revision_410/fortran.c | U | 1762 | 1768 | 8 | 110060 | 64 | 314 | 71
410 | Revision_410/sql.c | U | 543 | 551 | 8 | 110061 | 64 | 380 | 71
410 | Revision_410/fortran.c | U | 1422 | 1430 | 8 | 110062 | 64 | 59 | 71
410 | Revision_410/parse.c | U | 98 | 108 | 11 | 110063 | 65 | 208 | 88
410 | Revision_410/parse.c | U | 111 | 122 | 11 | 110064 | 65 | 209 | 88
410 | Revision_410/parse.c | U | 272 | 276 | 5 | 110065 | 66 | 356 | 75
410 | Revision_410/parse.c | U | 528 | 532 | 5 | 110066 | 66 | 357 | 75
410 | Revision_410/parse.c | U | 547 | 551 | 5 | 110067 | 66 | 358 | 75
410 | Revision_410/readtags.c | U | 542 | 548 | 6 | 110068 | 67 | 239 | 100
410 | Revision_410/readtags.c | U | 550 | 556 | 6 | 110069 | 67 | 240 | 100
410 | Revision_410/readtags.c | U | 585 | 589 | 6 | 110070 | 68 | 123 | 75
410 | Revision_410/readtags.c | U | 640 | 646 | 6 | 110071 | 68 | 124 | 75
410 | Revision_410/readtags.c | U | 717 | 725 | 8 | 110072 | 69 | 210 | 83
410 | Revision_410/readtags.c | U | 772 | 780 | 8 | 110073 | 69 | 211 | 83
410 | Revision_410/readtags.c | U | 728 | 736 | 8 | 110074 | 69 | 212 | 83
410 | Revision_410/readtags.c | U | 739 | 744 | 6 | 110075 | 70 | 241 | 80
410 | Revision_410/readtags.c | U | 756 | 761 | 6 | 110076 | 70 | 242 | 80
410 | Revision_410/readtags.c | U | 764 | 769 | 6 | 110077 | 70 | 287 | 80
410 | Revision_410/fortran.c | U | 1275 | 1296 | 23 | 110078 | 71 | 369 | 72
410 | Revision_410/fortran.c | U | 1795 | 1818 | 23 | 110079 | 71 | 366 | 72
410 | Revision_410/fortran.c | U | 1329 | 1335 | 7 | 110080 | 72 | 85 | 83
410 | Revision_410/fortran.c | U | 1388 | 1394 | 7 | 110081 | 72 | 84 | 83
410 | Revision_410/fortran.c | U | 1455 | 1463 | 10 | 110082 | 73 | 314 | 77
410 | Revision_410/fortran.c | U | 1494 | 1503 | 10 | 110083 | 73 | 59 | 77
410 | Revision_410/fortran.c | U | 1541 | 1547 | 8 | 110084 | 74 | 65 | 71
410 | Revision_410/fortran.c | U | 1717 | 1726 | 8 | 110085 | 74 | 221 | 71
410 | Revision_410/fortran.c | U | 1735 | 1750 | 20 | 110086 | 75 | 21 | 84
410 | Revision_410/fortran.c | U | 1952 | 1968 | 20 | 110087 | 75 | 374 | 84
410 | Revision_410/fortran.c | U | 1916 | 1935 | 17 | 110088 | 76 | 220 | 75
410 | Revision_410/fortran.c | U | 1987 | 2004 | 17 | 110089 | 76 | 221 | 75
410 | Revision_410/fortran.c | U | 2064 | 2085 | 17 | 110090 | 76 | 372 | 75
410 | Revision_410/asm.c | U | 244 | 257 | 11 | 110091 | 77 | 289 | 77
410 | Revision_410/asm.c | U | 262 | 272 | 11 | 110092 | 77 | 279 | 77
410 | Revision_410/scheme.c | U | 70 | 78 | 8 | 110093 | 78 | 222 | 71
410 | Revision_410/scheme.c | U | 85 | 93 | 8 | 110094 | 78 | 223 | 71
410 | Revision_410/options.c | U | 366 | 372 | 6 | 110095 | 79 | 224 | 100
410 | Revision_410/options.c | U | 375 | 381 | 6 | 110096 | 79 | 225 | 100
410 | Revision_410/options.c | U | 538 | 544 | 7 | 110097 | 80 | 226 | 100
410 | Revision_410/options.c | U | 547 | 553 | 7 | 110098 | 80 | 227 | 100
410 | Revision_410/options.c | U | 565 | 571 | 7 | 110099 | 80 | 228 | 100
410 | Revision_410/options.c | U | 556 | 562 | 7 | 110100 | 80 | 229 | 100
410 | Revision_410/options.c | U | 973 | 977 | 5 | 110101 | 81 | 230 | 75
410 | Revision_410/options.c | U | 999 | 1003 | 5 | 110102 | 81 | 231 | 75
410 | Revision_410/options.c | U | 1093 | 1097 | 5 | 110103 | 82 | 232 | 100
410 | Revision_410/options.c | U | 1099 | 1103 | 5 | 110104 | 82 | 233 | 100
410 | Revision_410/options.c | U | 1145 | 1157 | 12 | 110105 | 83 | 360 | 100
410 | Revision_410/options.c | U | 1162 | 1174 | 12 | 110106 | 83 | 235 | 100
410 | Revision_410/options.c | U | 1416 | 1433 | 15 | 110107 | 84 | 236 | 91
410 | Revision_410/options.c | U | 1454 | 1471 | 15 | 110108 | 84 | 237 | 91
