Revision | filePath | changeType | StartLine | EndLine | Nlines | cloneId | classId | globalCloneId | Similarity
412 | Revision_412/lisp.c | U | 91 | 97 | 7 | 110427 | 1 | 1 | 83
412 | Revision_412/lisp.c | U | 112 | 118 | 7 | 110428 | 1 | 2 | 83
412 | Revision_412/lisp.c | U | 127 | 137 | 9 | 110429 | 2 | 3 | 70
412 | Revision_412/asp.c | U | 201 | 209 | 9 | 110430 | 2 | 4 | 70
412 | Revision_412/c.c | U | 2755 | 2764 | 9 | 110431 | 2 | 12 | 70
412 | Revision_412/c.c | U | 2767 | 2776 | 9 | 110432 | 2 | 15 | 70
412 | Revision_412/eiffel.c | U | 1222 | 1231 | 9 | 110433 | 2 | 9 | 70
412 | Revision_412/verilog.c | U | 324 | 333 | 9 | 110434 | 2 | 283 | 70
412 | Revision_412/erlang.c | U | 179 | 187 | 9 | 110435 | 2 | 340 | 70
412 | Revision_412/pascal.c | U | 255 | 263 | 9 | 110436 | 2 | 14 | 70
412 | Revision_412/awk.c | U | 71 | 79 | 9 | 110437 | 2 | 10 | 70
412 | Revision_412/fortran.c | U | 2204 | 2219 | 9 | 110438 | 2 | 21 | 70
412 | Revision_412/sql.c | U | 678 | 687 | 9 | 110439 | 2 | 296 | 70
412 | Revision_412/c.c | U | 2743 | 2752 | 9 | 110440 | 2 | 315 | 70
412 | Revision_412/scheme.c | U | 99 | 109 | 9 | 110441 | 2 | 16 | 70
412 | Revision_412/ruby.c | U | 167 | 175 | 9 | 110442 | 2 | 19 | 70
412 | Revision_412/c.c | U | 2713 | 2722 | 9 | 110443 | 2 | 330 | 70
412 | Revision_412/cobol.c | U | 40 | 48 | 9 | 110444 | 2 | 320 | 70
412 | Revision_412/python.c | U | 213 | 221 | 9 | 110445 | 2 | 13 | 70
412 | Revision_412/vim.c | U | 168 | 176 | 9 | 110446 | 2 | 20 | 70
412 | Revision_412/sh.c | U | 102 | 112 | 9 | 110447 | 2 | 17 | 70
412 | Revision_412/tcl.c | U | 106 | 114 | 9 | 110448 | 2 | 18 | 70
412 | Revision_412/perl.c | U | 203 | 211 | 9 | 110449 | 2 | 7 | 70
412 | Revision_412/php.c | U | 161 | 169 | 9 | 110450 | 2 | 22 | 70
412 | Revision_412/lua.c | U | 123 | 131 | 9 | 110451 | 2 | 243 | 70
412 | Revision_412/sml.c | U | 201 | 209 | 9 | 110452 | 2 | 321 | 70
412 | Revision_412/c.c | U | 2725 | 2740 | 9 | 110453 | 2 | 8 | 70
412 | Revision_412/beta.c | U | 313 | 321 | 9 | 110454 | 2 | 5 | 70
412 | Revision_412/html.c | U | 40 | 47 | 9 | 110455 | 2 | 365 | 70
412 | Revision_412/asm.c | U | 367 | 386 | 9 | 110456 | 2 | 274 | 70
412 | Revision_412/make.c | U | 91 | 101 | 9 | 110457 | 2 | 25 | 70
412 | Revision_412/rexx.c | U | 30 | 37 | 9 | 110458 | 2 | 26 | 70
412 | Revision_412/jscript.c | U | 31 | 38 | 9 | 110459 | 2 | 364 | 70
412 | Revision_412/slang.c | U | 34 | 41 | 9 | 110460 | 2 | 24 | 70
412 | Revision_412/yacc.c | U | 31 | 38 | 9 | 110461 | 2 | 23 | 70
412 | Revision_412/keyword.c | U | 107 | 116 | 9 | 110462 | 2 | 27 | 70
412 | Revision_412/sql.c | U | 207 | 215 | 9 | 110463 | 2 | 309 | 70
412 | Revision_412/options.c | U | 528 | 533 | 9 | 110464 | 2 | 29 | 70
412 | Revision_412/options.c | U | 621 | 627 | 9 | 110465 | 2 | 30 | 70
412 | Revision_412/c.c | U | 2114 | 2119 | 9 | 110466 | 2 | 28 | 70
412 | Revision_412/fortran.c | U | 413 | 425 | 9 | 110467 | 2 | 158 | 70
412 | Revision_412/c.c | U | 2143 | 2151 | 9 | 110468 | 2 | 31 | 70
412 | Revision_412/eiffel.c | U | 1176 | 1188 | 9 | 110469 | 2 | 157 | 70
412 | Revision_412/asp.c | U | 71 | 90 | 15 | 110470 | 3 | 33 | 100
412 | Revision_412/asp.c | U | 94 | 113 | 15 | 110471 | 3 | 34 | 100
412 | Revision_412/asp.c | U | 117 | 133 | 14 | 110472 | 4 | 35 | 72
412 | Revision_412/asp.c | U | 156 | 171 | 14 | 110473 | 4 | 36 | 72
412 | Revision_412/php.c | U | 113 | 127 | 14 | 110474 | 4 | 40 | 72
412 | Revision_412/vim.c | U | 121 | 135 | 14 | 110475 | 4 | 159 | 72
412 | Revision_412/ruby.c | U | 96 | 111 | 14 | 110476 | 4 | 42 | 72
412 | Revision_412/ruby.c | U | 79 | 94 | 14 | 110477 | 4 | 42 | 72
412 | Revision_412/asp.c | U | 175 | 190 | 14 | 110478 | 4 | 36 | 72
412 | Revision_412/asp.c | U | 137 | 152 | 14 | 110479 | 4 | 36 | 72
412 | Revision_412/php.c | U | 92 | 110 | 14 | 110480 | 4 | 173 | 72
412 | Revision_412/vim.c | U | 95 | 110 | 14 | 110481 | 4 | 334 | 72
412 | Revision_412/vim.c | U | 143 | 162 | 14 | 110482 | 4 | 160 | 72
412 | Revision_412/vim.c | U | 114 | 136 | 14 | 110483 | 4 | 160 | 72
412 | Revision_412/args.c | U | 85 | 92 | 8 | 110484 | 5 | 43 | 100
412 | Revision_412/args.c | U | 156 | 163 | 8 | 110485 | 5 | 44 | 100
412 | Revision_412/args.c | U | 178 | 186 | 9 | 110486 | 6 | 45 | 75
412 | Revision_412/args.c | U | 199 | 207 | 9 | 110487 | 6 | 46 | 75
412 | Revision_412/args.c | U | 189 | 196 | 9 | 110488 | 6 | 47 | 75
412 | Revision_412/args.c | U | 262 | 268 | 6 | 110489 | 7 | 48 | 80
412 | Revision_412/options.c | U | 574 | 579 | 6 | 110490 | 7 | 49 | 80
412 | Revision_412/fortran.c | U | 909 | 914 | 6 | 110491 | 7 | 50 | 80
412 | Revision_412/c.c | U | 529 | 535 | 7 | 110492 | 8 | 51 | 80
412 | Revision_412/vstring.c | U | 67 | 74 | 7 | 110493 | 8 | 52 | 80
412 | Revision_412/c.c | U | 538 | 545 | 6 | 110494 | 9 | 53 | 80
412 | Revision_412/c.c | U | 548 | 555 | 6 | 110495 | 9 | 54 | 80
412 | Revision_412/c.c | U | 657 | 673 | 17 | 110496 | 10 | 55 | 72
412 | Revision_412/fortran.c | U | 1139 | 1154 | 17 | 110497 | 10 | 375 | 72
412 | Revision_412/fortran.c | U | 1116 | 1136 | 17 | 110498 | 10 | 58 | 72
412 | Revision_412/c.c | U | 676 | 691 | 17 | 110499 | 10 | 60 | 72
412 | Revision_412/c.c | U | 1206 | 1220 | 17 | 110500 | 10 | 56 | 72
412 | Revision_412/fortran.c | U | 1875 | 1891 | 17 | 110501 | 10 | 59 | 72
412 | Revision_412/c.c | U | 1129 | 1147 | 17 | 110502 | 10 | 57 | 72
412 | Revision_412/Test/local.c | U | 9 | 22 | 17 | 110503 | 10 | 384 | 72
412 | Revision_412/fortran.c | U | 1792 | 1820 | 17 | 110504 | 10 | 366 | 72
412 | Revision_412/fortran.c | U | 1119 | 1134 | 17 | 110505 | 10 | 58 | 72
412 | Revision_412/c.c | U | 1132 | 1145 | 17 | 110506 | 10 | 63 | 72
412 | Revision_412/fortran.c | U | 1592 | 1629 | 17 | 110507 | 10 | 367 | 72
412 | Revision_412/fortran.c | U | 1878 | 1889 | 17 | 110508 | 10 | 65 | 72
412 | Revision_412/c.c | U | 679 | 689 | 13 | 110509 | 11 | 57 | 75
412 | Revision_412/c.c | U | 1208 | 1219 | 13 | 110510 | 11 | 64 | 75
412 | Revision_412/c.c | U | 708 | 728 | 20 | 110511 | 12 | 72 | 72
412 | Revision_412/fortran.c | U | 1306 | 1316 | 20 | 110512 | 12 | 337 | 72
412 | Revision_412/c.c | U | 738 | 744 | 8 | 110513 | 13 | 74 | 71
412 | Revision_412/options.c | U | 467 | 474 | 8 | 110514 | 13 | 75 | 71
412 | Revision_412/c.c | U | 775 | 779 | 5 | 110515 | 14 | 76 | 75
412 | Revision_412/sql.c | U | 506 | 510 | 5 | 110516 | 14 | 297 | 75
412 | Revision_412/eiffel.c | U | 673 | 677 | 5 | 110517 | 14 | 249 | 75
412 | Revision_412/c.c | U | 2040 | 2044 | 5 | 110518 | 14 | 80 | 75
412 | Revision_412/fortran.c | U | 1920 | 1924 | 5 | 110519 | 14 | 79 | 75
412 | Revision_412/eiffel.c | U | 874 | 878 | 5 | 110520 | 14 | 269 | 75
412 | Revision_412/fortran.c | U | 1347 | 1351 | 5 | 110521 | 14 | 85 | 75
412 | Revision_412/eiffel.c | U | 963 | 967 | 5 | 110522 | 14 | 269 | 75
412 | Revision_412/eiffel.c | U | 1014 | 1018 | 5 | 110523 | 14 | 269 | 75
412 | Revision_412/c.c | U | 2566 | 2570 | 5 | 110524 | 14 | 86 | 75
412 | Revision_412/sql.c | U | 335 | 339 | 5 | 110525 | 14 | 300 | 75
412 | Revision_412/eiffel.c | U | 660 | 664 | 5 | 110526 | 14 | 250 | 75
412 | Revision_412/readtags.c | U | 144 | 148 | 5 | 110527 | 14 | 87 | 75
412 | Revision_412/c.c | U | 2631 | 2636 | 5 | 110528 | 14 | 94 | 75
412 | Revision_412/ruby.c | U | 136 | 140 | 5 | 110529 | 14 | 19 | 75
412 | Revision_412/fortran.c | U | 1556 | 1561 | 5 | 110530 | 14 | 79 | 75
412 | Revision_412/fortran.c | U | 1215 | 1219 | 5 | 110531 | 14 | 85 | 75
412 | Revision_412/fortran.c | U | 1344 | 1352 | 5 | 110532 | 14 | 84 | 75
412 | Revision_412/php.c | U | 84 | 88 | 5 | 110533 | 14 | 40 | 75
412 | Revision_412/fortran.c | U | 589 | 593 | 5 | 110534 | 14 | 95 | 75
412 | Revision_412/eiffel.c | U | 1033 | 1037 | 5 | 110535 | 14 | 151 | 75
412 | Revision_412/eiffel.c | U | 848 | 853 | 5 | 110536 | 14 | 151 | 75
412 | Revision_412/keyword.c | U | 185 | 189 | 5 | 110537 | 14 | 91 | 75
412 | Revision_412/readtags.c | U | 455 | 459 | 5 | 110538 | 14 | 90 | 75
412 | Revision_412/options.c | U | 1033 | 1037 | 5 | 110539 | 14 | 89 | 75
412 | Revision_412/c.c | U | 2085 | 2089 | 5 | 110540 | 14 | 125 | 75
412 | Revision_412/strlist.c | U | 134 | 138 | 5 | 110541 | 14 | 126 | 75
412 | Revision_412/vstring.c | U | 35 | 40 | 5 | 110542 | 14 | 98 | 75
412 | Revision_412/c.c | U | 1726 | 1730 | 5 | 110543 | 14 | 121 | 75
412 | Revision_412/fortran.c | U | 1728 | 1732 | 5 | 110544 | 14 | 373 | 75
412 | Revision_412/c.c | U | 2104 | 2111 | 5 | 110545 | 14 | 244 | 75
412 | Revision_412/c.c | U | 1717 | 1721 | 5 | 110546 | 14 | 331 | 75
412 | Revision_412/options.c | U | 1674 | 1678 | 5 | 110547 | 14 | 333 | 75
412 | Revision_412/eiffel.c | U | 1069 | 1078 | 5 | 110548 | 14 | 101 | 75
412 | Revision_412/options.c | U | 669 | 673 | 5 | 110549 | 14 | 127 | 75
412 | Revision_412/fortran.c | U | 1012 | 1016 | 5 | 110550 | 14 | 128 | 75
412 | Revision_412/fortran.c | U | 1549 | 1554 | 5 | 110551 | 14 | 79 | 75
412 | Revision_412/options.c | U | 1212 | 1216 | 5 | 110552 | 14 | 129 | 75
412 | Revision_412/c.c | U | 785 | 806 | 46 | 110553 | 15 | 103 | 80
412 | Revision_412/c.c | U | 848 | 868 | 46 | 110554 | 15 | 316 | 80
412 | Revision_412/c.c | U | 915 | 934 | 46 | 110555 | 15 | 103 | 80
412 | Revision_412/c.c | U | 809 | 829 | 46 | 110556 | 15 | 332 | 80
412 | Revision_412/c.c | U | 871 | 882 | 12 | 110557 | 16 | 317 | 90
412 | Revision_412/c.c | U | 885 | 896 | 12 | 110558 | 16 | 318 | 90
412 | Revision_412/c.c | U | 1269 | 1275 | 7 | 110559 | 17 | 385 | 83
412 | Revision_412/fortran.c | U | 501 | 509 | 7 | 110560 | 17 | 112 | 83
412 | Revision_412/c.c | U | 1342 | 1349 | 7 | 110561 | 18 | 108 | 80
412 | Revision_412/c.c | U | 1351 | 1358 | 7 | 110562 | 18 | 109 | 80
412 | Revision_412/c.c | U | 1372 | 1379 | 7 | 110563 | 19 | 110 | 83
412 | Revision_412/fortran.c | U | 628 | 634 | 7 | 110564 | 19 | 112 | 83
412 | Revision_412/c.c | U | 1382 | 1389 | 7 | 110565 | 19 | 111 | 83
412 | Revision_412/c.c | U | 1420 | 1425 | 6 | 110566 | 20 | 386 | 80
412 | Revision_412/c.c | U | 1737 | 1742 | 6 | 110567 | 20 | 80 | 80
412 | Revision_412/c.c | U | 1438 | 1447 | 9 | 110568 | 21 | 294 | 71
412 | Revision_412/eiffel.c | U | 556 | 564 | 9 | 110569 | 21 | 295 | 71
412 | Revision_412/c.c | U | 1441 | 1445 | 5 | 110570 | 22 | 294 | 75
412 | Revision_412/readtags.c | U | 503 | 507 | 5 | 110571 | 22 | 90 | 75
412 | Revision_412/readtags.c | U | 680 | 684 | 5 | 110572 | 22 | 99 | 75
412 | Revision_412/c.c | U | 1781 | 1785 | 5 | 110573 | 23 | 118 | 75
412 | Revision_412/eiffel.c | U | 419 | 423 | 5 | 110574 | 23 | 119 | 75
412 | Revision_412/fortran.c | U | 813 | 817 | 5 | 110575 | 23 | 120 | 75
412 | Revision_412/c.c | U | 1928 | 1932 | 5 | 110576 | 24 | 121 | 75
412 | Revision_412/get.c | U | 593 | 597 | 5 | 110577 | 24 | 122 | 75
412 | Revision_412/fortran.c | U | 731 | 735 | 5 | 110578 | 24 | 144 | 75
412 | Revision_412/fortran.c | U | 622 | 626 | 5 | 110579 | 24 | 112 | 75
412 | Revision_412/pascal.c | U | 133 | 137 | 5 | 110580 | 24 | 164 | 75
412 | Revision_412/perl.c | U | 100 | 104 | 5 | 110581 | 24 | 163 | 75
412 | Revision_412/c.c | U | 2066 | 2073 | 9 | 110582 | 25 | 28 | 71
412 | Revision_412/eiffel.c | U | 1066 | 1079 | 9 | 110583 | 25 | 156 | 71
412 | Revision_412/c.c | U | 2372 | 2376 | 5 | 110584 | 26 | 387 | 100
412 | Revision_412/c.c | U | 2379 | 2383 | 5 | 110585 | 26 | 94 | 100
412 | Revision_412/c.c | U | 2587 | 2592 | 6 | 110586 | 27 | 94 | 80
412 | Revision_412/sql.c | U | 529 | 534 | 6 | 110587 | 27 | 301 | 80
412 | Revision_412/c.c | U | 2671 | 2680 | 9 | 110588 | 28 | 130 | 71
412 | Revision_412/sql.c | U | 195 | 204 | 9 | 110589 | 28 | 302 | 71
412 | Revision_412/fortran.c | U | 397 | 406 | 9 | 110590 | 28 | 132 | 71
412 | Revision_412/eiffel.c | U | 215 | 224 | 9 | 110591 | 28 | 131 | 71
412 | Revision_412/asm.c | U | 120 | 128 | 9 | 110592 | 28 | 288 | 71
412 | Revision_412/verilog.c | U | 107 | 117 | 9 | 110593 | 28 | 381 | 71
412 | Revision_412/eiffel.c | U | 287 | 301 | 10 | 110594 | 29 | 133 | 71
412 | Revision_412/sql.c | U | 228 | 242 | 10 | 110595 | 29 | 303 | 71
412 | Revision_412/beta.c | U | 71 | 82 | 10 | 110596 | 29 | 134 | 71
412 | Revision_412/parse.c | U | 46 | 57 | 10 | 110597 | 29 | 135 | 71
412 | Revision_412/sml.c | U | 75 | 81 | 10 | 110598 | 29 | 324 | 71
412 | Revision_412/eiffel.c | U | 289 | 299 | 10 | 110599 | 29 | 136 | 71
412 | Revision_412/eiffel.c | U | 367 | 376 | 8 | 110600 | 30 | 304 | 100
412 | Revision_412/sql.c | U | 249 | 256 | 8 | 110601 | 30 | 305 | 100
412 | Revision_412/eiffel.c | U | 382 | 407 | 23 | 110602 | 31 | 139 | 75
412 | Revision_412/fortran.c | U | 771 | 801 | 23 | 110603 | 31 | 140 | 75
412 | Revision_412/eiffel.c | U | 410 | 435 | 20 | 110604 | 32 | 141 | 94
412 | Revision_412/fortran.c | U | 804 | 829 | 20 | 110605 | 32 | 142 | 94
412 | Revision_412/eiffel.c | U | 547 | 551 | 5 | 110606 | 33 | 143 | 75
412 | Revision_412/verilog.c | U | 244 | 248 | 5 | 110607 | 33 | 382 | 75
412 | Revision_412/fortran.c | U | 991 | 995 | 5 | 110608 | 33 | 145 | 75
412 | Revision_412/verilog.c | U | 141 | 145 | 5 | 110609 | 33 | 383 | 75
412 | Revision_412/fortran.c | U | 793 | 797 | 5 | 110610 | 33 | 144 | 75
412 | Revision_412/eiffel.c | U | 572 | 584 | 11 | 110611 | 34 | 114 | 88
412 | Revision_412/sql.c | U | 278 | 289 | 11 | 110612 | 34 | 306 | 88
412 | Revision_412/fortran.c | U | 858 | 869 | 11 | 110613 | 34 | 116 | 88
412 | Revision_412/eiffel.c | U | 587 | 599 | 11 | 110614 | 34 | 117 | 88
412 | Revision_412/eiffel.c | U | 602 | 612 | 9 | 110615 | 35 | 146 | 87
412 | Revision_412/asm.c | U | 131 | 140 | 9 | 110616 | 35 | 270 | 87
412 | Revision_412/fortran.c | U | 876 | 886 | 9 | 110617 | 35 | 147 | 87
412 | Revision_412/eiffel.c | U | 771 | 818 | 13 | 110618 | 36 | 349 | 72
412 | Revision_412/fortran.c | U | 1102 | 1113 | 13 | 110619 | 36 | 350 | 72
412 | Revision_412/eiffel.c | U | 836 | 854 | 13 | 110620 | 37 | 251 | 72
412 | Revision_412/eiffel.c | U | 858 | 880 | 13 | 110621 | 37 | 252 | 72
412 | Revision_412/fortran.c | U | 1384 | 1397 | 13 | 110622 | 37 | 336 | 72
412 | Revision_412/eiffel.c | U | 1008 | 1021 | 13 | 110623 | 37 | 253 | 72
412 | Revision_412/fortran.c | U | 1638 | 1646 | 13 | 110624 | 37 | 337 | 72
412 | Revision_412/eiffel.c | U | 1113 | 1137 | 22 | 110625 | 38 | 307 | 70
412 | Revision_412/sql.c | U | 476 | 501 | 22 | 110626 | 38 | 308 | 70
412 | Revision_412/eiffel.c | U | 1191 | 1197 | 6 | 110627 | 39 | 362 | 80
412 | Revision_412/fortran.c | U | 439 | 444 | 6 | 110628 | 39 | 363 | 80
412 | Revision_412/vim.c | U | 56 | 60 | 5 | 110629 | 40 | 290 | 100
412 | Revision_412/vim.c | U | 62 | 66 | 5 | 110630 | 40 | 291 | 100
412 | Revision_412/python.c | U | 105 | 109 | 5 | 110631 | 41 | 278 | 75
412 | Revision_412/options.c | U | 954 | 959 | 5 | 110632 | 41 | 280 | 75
412 | Revision_412/sml.c | U | 84 | 88 | 5 | 110633 | 41 | 325 | 75
412 | Revision_412/erlang.c | U | 58 | 62 | 5 | 110634 | 41 | 341 | 75
412 | Revision_412/python.c | U | 113 | 122 | 9 | 110635 | 42 | 292 | 75
412 | Revision_412/tcl.c | U | 44 | 54 | 9 | 110636 | 42 | 293 | 75
412 | Revision_412/erlang.c | U | 66 | 75 | 9 | 110637 | 42 | 342 | 75
412 | Revision_412/python.c | U | 145 | 150 | 6 | 110638 | 43 | 343 | 71
412 | Revision_412/erlang.c | U | 116 | 121 | 6 | 110639 | 43 | 346 | 71
412 | Revision_412/erlang.c | U | 108 | 113 | 6 | 110640 | 43 | 344 | 71
412 | Revision_412/perl.c | U | 186 | 192 | 6 | 110641 | 43 | 389 | 71
412 | Revision_412/erlang.c | U | 97 | 105 | 6 | 110642 | 43 | 344 | 71
412 | Revision_412/main.c | U | 260 | 267 | 6 | 110643 | 43 | 377 | 71
412 | Revision_412/main.c | U | 179 | 185 | 6 | 110644 | 43 | 376 | 71
412 | Revision_412/python.c | U | 172 | 181 | 9 | 110645 | 44 | 326 | 85
412 | Revision_412/sml.c | U | 165 | 174 | 9 | 110646 | 44 | 327 | 85
412 | Revision_412/python.c | U | 201 | 206 | 6 | 110647 | 45 | 328 | 80
412 | Revision_412/sml.c | U | 189 | 194 | 6 | 110648 | 45 | 329 | 80
412 | Revision_412/sort.c | U | 123 | 128 | 5 | 110649 | 46 | 281 | 100
412 | Revision_412/sort.c | U | 131 | 136 | 5 | 110650 | 46 | 282 | 100
412 | Revision_412/strlist.c | U | 32 | 38 | 8 | 110651 | 47 | 165 | 71
412 | Revision_412/vstring.c | U | 77 | 87 | 8 | 110652 | 47 | 166 | 71
412 | Revision_412/strlist.c | U | 147 | 154 | 8 | 110653 | 48 | 167 | 85
412 | Revision_412/strlist.c | U | 158 | 165 | 8 | 110654 | 48 | 168 | 85
412 | Revision_412/strlist.c | U | 169 | 176 | 8 | 110655 | 48 | 169 | 85
412 | Revision_412/pascal.c | U | 149 | 153 | 6 | 110656 | 49 | 319 | 75
412 | Revision_412/pascal.c | U | 175 | 181 | 6 | 110657 | 49 | 170 | 75
412 | Revision_412/pascal.c | U | 183 | 189 | 6 | 110658 | 49 | 171 | 75
412 | Revision_412/get.c | U | 302 | 314 | 10 | 110659 | 50 | 174 | 70
412 | Revision_412/parse.c | U | 558 | 572 | 10 | 110660 | 50 | 175 | 70
412 | Revision_412/read.c | U | 214 | 225 | 10 | 110661 | 50 | 176 | 70
412 | Revision_412/get.c | U | 466 | 477 | 10 | 110662 | 51 | 177 | 100
412 | Revision_412/get.c | U | 483 | 494 | 10 | 110663 | 51 | 178 | 100
412 | Revision_412/get.c | U | 540 | 545 | 6 | 110664 | 52 | 180 | 80
412 | Revision_412/read.c | U | 415 | 419 | 6 | 110665 | 52 | 181 | 80
412 | Revision_412/main.c | U | 126 | 139 | 6 | 110666 | 53 | 354 | 80
412 | Revision_412/options.c | U | 394 | 399 | 6 | 110667 | 53 | 355 | 80
412 | Revision_412/routines.c | U | 236 | 243 | 6 | 110668 | 54 | 254 | 80
412 | Revision_412/routines.c | U | 246 | 253 | 6 | 110669 | 54 | 255 | 80
412 | Revision_412/routines.c | U | 287 | 294 | 8 | 110670 | 55 | 256 | 83
412 | Revision_412/routines.c | U | 297 | 304 | 8 | 110671 | 55 | 257 | 83
412 | Revision_412/readtags.c | U | 106 | 113 | 8 | 110672 | 55 | 123 | 83
412 | Revision_412/readtags.c | U | 116 | 123 | 8 | 110673 | 55 | 238 | 83
412 | Revision_412/routines.c | U | 321 | 325 | 5 | 110674 | 56 | 258 | 75
412 | Revision_412/vstring.c | U | 125 | 129 | 5 | 110675 | 56 | 188 | 75
412 | Revision_412/vstring.c | U | 118 | 122 | 5 | 110676 | 56 | 189 | 75
412 | Revision_412/routines.c | U | 328 | 334 | 6 | 110677 | 57 | 259 | 100
412 | Revision_412/routines.c | U | 337 | 343 | 6 | 110678 | 57 | 260 | 100
412 | Revision_412/routines.c | U | 348 | 355 | 8 | 110679 | 58 | 261 | 100
412 | Revision_412/routines.c | U | 360 | 367 | 8 | 110680 | 58 | 262 | 100
412 | Revision_412/sh.c | U | 88 | 93 | 6 | 110681 | 59 | 378 | 80
412 | Revision_412/asm.c | U | 348 | 353 | 6 | 110682 | 59 | 379 | 80
412 | Revision_412/beta.c | U | 136 | 143 | 6 | 110683 | 60 | 201 | 75
412 | Revision_412/beta.c | U | 207 | 215 | 6 | 110684 | 60 | 202 | 75
412 | Revision_412/beta.c | U | 154 | 158 | 5 | 110685 | 61 | 203 | 75
412 | Revision_412/beta.c | U | 167 | 171 | 5 | 110686 | 61 | 204 | 75
412 | Revision_412/beta.c | U | 160 | 164 | 5 | 110687 | 61 | 206 | 75
412 | Revision_412/beta.c | U | 280 | 284 | 5 | 110688 | 61 | 205 | 75
412 | Revision_412/beta.c | U | 274 | 278 | 5 | 110689 | 61 | 207 | 75
412 | Revision_412/sql.c | U | 418 | 424 | 6 | 110690 | 62 | 310 | 75
412 | Revision_412/sql.c | U | 626 | 632 | 6 | 110691 | 62 | 298 | 75
412 | Revision_412/fortran.c | U | 1081 | 1085 | 6 | 110692 | 62 | 312 | 75
412 | Revision_412/sql.c | U | 444 | 449 | 6 | 110693 | 63 | 313 | 100
412 | Revision_412/sql.c | U | 610 | 615 | 6 | 110694 | 63 | 299 | 100
412 | Revision_412/sql.c | U | 460 | 468 | 8 | 110695 | 64 | 313 | 71
412 | Revision_412/fortran.c | U | 1762 | 1768 | 8 | 110696 | 64 | 314 | 71
412 | Revision_412/sql.c | U | 543 | 551 | 8 | 110697 | 64 | 380 | 71
412 | Revision_412/fortran.c | U | 1422 | 1430 | 8 | 110698 | 64 | 59 | 71
412 | Revision_412/parse.c | U | 98 | 108 | 11 | 110699 | 65 | 208 | 88
412 | Revision_412/parse.c | U | 111 | 122 | 11 | 110700 | 65 | 209 | 88
412 | Revision_412/parse.c | U | 272 | 276 | 5 | 110701 | 66 | 356 | 75
412 | Revision_412/parse.c | U | 528 | 532 | 5 | 110702 | 66 | 357 | 75
412 | Revision_412/parse.c | U | 547 | 551 | 5 | 110703 | 66 | 358 | 75
412 | Revision_412/readtags.c | U | 542 | 548 | 6 | 110704 | 67 | 239 | 100
412 | Revision_412/readtags.c | U | 550 | 556 | 6 | 110705 | 67 | 240 | 100
412 | Revision_412/readtags.c | U | 585 | 589 | 6 | 110706 | 68 | 123 | 75
412 | Revision_412/readtags.c | U | 640 | 646 | 6 | 110707 | 68 | 124 | 75
412 | Revision_412/readtags.c | U | 717 | 725 | 8 | 110708 | 69 | 210 | 83
412 | Revision_412/readtags.c | U | 772 | 780 | 8 | 110709 | 69 | 211 | 83
412 | Revision_412/readtags.c | U | 728 | 736 | 8 | 110710 | 69 | 212 | 83
412 | Revision_412/readtags.c | U | 739 | 744 | 6 | 110711 | 70 | 241 | 80
412 | Revision_412/readtags.c | U | 764 | 769 | 6 | 110712 | 70 | 242 | 80
412 | Revision_412/readtags.c | U | 756 | 761 | 6 | 110713 | 70 | 287 | 80
412 | Revision_412/fortran.c | U | 1275 | 1296 | 23 | 110714 | 71 | 369 | 72
412 | Revision_412/fortran.c | U | 1795 | 1818 | 23 | 110715 | 71 | 366 | 72
412 | Revision_412/fortran.c | U | 1329 | 1335 | 7 | 110716 | 72 | 85 | 83
412 | Revision_412/fortran.c | U | 1388 | 1394 | 7 | 110717 | 72 | 84 | 83
412 | Revision_412/fortran.c | U | 1455 | 1463 | 10 | 110718 | 73 | 314 | 77
412 | Revision_412/fortran.c | U | 1494 | 1503 | 10 | 110719 | 73 | 59 | 77
412 | Revision_412/fortran.c | U | 1541 | 1547 | 8 | 110720 | 74 | 65 | 71
412 | Revision_412/fortran.c | U | 1717 | 1726 | 8 | 110721 | 74 | 221 | 71
412 | Revision_412/fortran.c | U | 1735 | 1750 | 20 | 110722 | 75 | 21 | 84
412 | Revision_412/fortran.c | U | 1952 | 1968 | 20 | 110723 | 75 | 374 | 84
412 | Revision_412/fortran.c | U | 1916 | 1935 | 17 | 110724 | 76 | 220 | 75
412 | Revision_412/fortran.c | U | 1987 | 2004 | 17 | 110725 | 76 | 221 | 75
412 | Revision_412/fortran.c | U | 2064 | 2085 | 17 | 110726 | 76 | 372 | 75
412 | Revision_412/asm.c | U | 244 | 257 | 11 | 110727 | 77 | 289 | 77
412 | Revision_412/asm.c | U | 262 | 272 | 11 | 110728 | 77 | 279 | 77
412 | Revision_412/scheme.c | U | 70 | 78 | 8 | 110729 | 78 | 222 | 71
412 | Revision_412/scheme.c | U | 85 | 93 | 8 | 110730 | 78 | 223 | 71
412 | Revision_412/options.c | U | 366 | 372 | 6 | 110731 | 79 | 224 | 100
412 | Revision_412/options.c | U | 375 | 381 | 6 | 110732 | 79 | 225 | 100
412 | Revision_412/options.c | U | 538 | 544 | 7 | 110733 | 80 | 226 | 100
412 | Revision_412/options.c | U | 547 | 553 | 7 | 110734 | 80 | 227 | 100
412 | Revision_412/options.c | U | 556 | 562 | 7 | 110735 | 80 | 228 | 100
412 | Revision_412/options.c | U | 565 | 571 | 7 | 110736 | 80 | 229 | 100
412 | Revision_412/options.c | U | 973 | 977 | 5 | 110737 | 81 | 230 | 75
412 | Revision_412/options.c | U | 999 | 1003 | 5 | 110738 | 81 | 231 | 75
412 | Revision_412/options.c | U | 1093 | 1097 | 5 | 110739 | 82 | 232 | 100
412 | Revision_412/options.c | U | 1099 | 1103 | 5 | 110740 | 82 | 233 | 100
412 | Revision_412/options.c | U | 1145 | 1157 | 12 | 110741 | 83 | 360 | 100
412 | Revision_412/options.c | U | 1162 | 1174 | 12 | 110742 | 83 | 235 | 100
412 | Revision_412/options.c | U | 1416 | 1433 | 15 | 110743 | 84 | 236 | 91
412 | Revision_412/options.c | U | 1454 | 1471 | 15 | 110744 | 84 | 237 | 91
