Revision | filePath | changeType | StartLine | EndLine | Nlines | cloneId | classId | globalCloneId | Similarity
414 | Revision_414/lisp.c | U | 91 | 97 | 7 | 111063 | 1 | 1 | 83
414 | Revision_414/lisp.c | U | 112 | 118 | 7 | 111064 | 1 | 2 | 83
414 | Revision_414/lisp.c | U | 127 | 137 | 9 | 111065 | 2 | 3 | 70
414 | Revision_414/asp.c | U | 201 | 209 | 9 | 111066 | 2 | 4 | 70
414 | Revision_414/c.c | U | 2755 | 2764 | 9 | 111067 | 2 | 12 | 70
414 | Revision_414/c.c | U | 2767 | 2776 | 9 | 111068 | 2 | 15 | 70
414 | Revision_414/eiffel.c | U | 1222 | 1231 | 9 | 111069 | 2 | 9 | 70
414 | Revision_414/verilog.c | U | 324 | 333 | 9 | 111070 | 2 | 283 | 70
414 | Revision_414/erlang.c | U | 179 | 187 | 9 | 111071 | 2 | 340 | 70
414 | Revision_414/pascal.c | U | 255 | 263 | 9 | 111072 | 2 | 14 | 70
414 | Revision_414/awk.c | U | 71 | 79 | 9 | 111073 | 2 | 10 | 70
414 | Revision_414/fortran.c | U | 2204 | 2219 | 9 | 111074 | 2 | 21 | 70
414 | Revision_414/sql.c | U | 678 | 687 | 9 | 111075 | 2 | 296 | 70
414 | Revision_414/c.c | U | 2743 | 2752 | 9 | 111076 | 2 | 315 | 70
414 | Revision_414/scheme.c | U | 99 | 109 | 9 | 111077 | 2 | 16 | 70
414 | Revision_414/ruby.c | U | 167 | 175 | 9 | 111078 | 2 | 19 | 70
414 | Revision_414/c.c | U | 2713 | 2722 | 9 | 111079 | 2 | 330 | 70
414 | Revision_414/cobol.c | U | 40 | 48 | 9 | 111080 | 2 | 320 | 70
414 | Revision_414/python.c | U | 213 | 221 | 9 | 111081 | 2 | 13 | 70
414 | Revision_414/vim.c | U | 168 | 176 | 9 | 111082 | 2 | 20 | 70
414 | Revision_414/sh.c | U | 102 | 112 | 9 | 111083 | 2 | 17 | 70
414 | Revision_414/tcl.c | U | 106 | 114 | 9 | 111084 | 2 | 18 | 70
414 | Revision_414/perl.c | U | 203 | 211 | 9 | 111085 | 2 | 7 | 70
414 | Revision_414/php.c | U | 161 | 169 | 9 | 111086 | 2 | 22 | 70
414 | Revision_414/lua.c | U | 123 | 131 | 9 | 111087 | 2 | 243 | 70
414 | Revision_414/sml.c | U | 201 | 209 | 9 | 111088 | 2 | 321 | 70
414 | Revision_414/c.c | U | 2725 | 2740 | 9 | 111089 | 2 | 8 | 70
414 | Revision_414/beta.c | U | 313 | 321 | 9 | 111090 | 2 | 5 | 70
414 | Revision_414/html.c | U | 40 | 47 | 9 | 111091 | 2 | 365 | 70
414 | Revision_414/make.c | U | 91 | 101 | 9 | 111092 | 2 | 25 | 70
414 | Revision_414/asm.c | U | 367 | 386 | 9 | 111093 | 2 | 274 | 70
414 | Revision_414/rexx.c | U | 30 | 37 | 9 | 111094 | 2 | 26 | 70
414 | Revision_414/jscript.c | U | 31 | 38 | 9 | 111095 | 2 | 364 | 70
414 | Revision_414/slang.c | U | 34 | 41 | 9 | 111096 | 2 | 24 | 70
414 | Revision_414/yacc.c | U | 31 | 38 | 9 | 111097 | 2 | 23 | 70
414 | Revision_414/keyword.c | U | 107 | 116 | 9 | 111098 | 2 | 27 | 70
414 | Revision_414/fortran.c | U | 413 | 425 | 9 | 111099 | 2 | 158 | 70
414 | Revision_414/sql.c | U | 207 | 215 | 9 | 111100 | 2 | 309 | 70
414 | Revision_414/c.c | U | 2114 | 2119 | 9 | 111101 | 2 | 28 | 70
414 | Revision_414/options.c | U | 528 | 533 | 9 | 111102 | 2 | 29 | 70
414 | Revision_414/options.c | U | 621 | 627 | 9 | 111103 | 2 | 30 | 70
414 | Revision_414/eiffel.c | U | 1176 | 1188 | 9 | 111104 | 2 | 157 | 70
414 | Revision_414/c.c | U | 2143 | 2151 | 9 | 111105 | 2 | 31 | 70
414 | Revision_414/asp.c | U | 71 | 90 | 15 | 111106 | 3 | 33 | 100
414 | Revision_414/asp.c | U | 94 | 113 | 15 | 111107 | 3 | 34 | 100
414 | Revision_414/asp.c | U | 117 | 133 | 14 | 111108 | 4 | 35 | 72
414 | Revision_414/asp.c | U | 156 | 171 | 14 | 111109 | 4 | 36 | 72
414 | Revision_414/php.c | U | 113 | 127 | 14 | 111110 | 4 | 40 | 72
414 | Revision_414/vim.c | U | 121 | 135 | 14 | 111111 | 4 | 159 | 72
414 | Revision_414/ruby.c | U | 96 | 111 | 14 | 111112 | 4 | 42 | 72
414 | Revision_414/ruby.c | U | 79 | 94 | 14 | 111113 | 4 | 42 | 72
414 | Revision_414/asp.c | U | 175 | 190 | 14 | 111114 | 4 | 36 | 72
414 | Revision_414/asp.c | U | 137 | 152 | 14 | 111115 | 4 | 36 | 72
414 | Revision_414/php.c | U | 92 | 110 | 14 | 111116 | 4 | 173 | 72
414 | Revision_414/vim.c | U | 95 | 110 | 14 | 111117 | 4 | 334 | 72
414 | Revision_414/vim.c | U | 143 | 162 | 14 | 111118 | 4 | 160 | 72
414 | Revision_414/vim.c | U | 114 | 136 | 14 | 111119 | 4 | 160 | 72
414 | Revision_414/args.c | U | 85 | 92 | 8 | 111120 | 5 | 43 | 100
414 | Revision_414/args.c | U | 156 | 163 | 8 | 111121 | 5 | 44 | 100
414 | Revision_414/args.c | U | 178 | 186 | 9 | 111122 | 6 | 45 | 75
414 | Revision_414/args.c | U | 199 | 207 | 9 | 111123 | 6 | 46 | 75
414 | Revision_414/args.c | U | 189 | 196 | 9 | 111124 | 6 | 47 | 75
414 | Revision_414/args.c | U | 262 | 268 | 6 | 111125 | 7 | 48 | 80
414 | Revision_414/options.c | U | 574 | 579 | 6 | 111126 | 7 | 49 | 80
414 | Revision_414/fortran.c | U | 909 | 914 | 6 | 111127 | 7 | 50 | 80
414 | Revision_414/c.c | U | 529 | 535 | 7 | 111128 | 8 | 51 | 80
414 | Revision_414/vstring.c | U | 67 | 74 | 7 | 111129 | 8 | 52 | 80
414 | Revision_414/c.c | U | 538 | 545 | 6 | 111130 | 9 | 53 | 80
414 | Revision_414/c.c | U | 548 | 555 | 6 | 111131 | 9 | 54 | 80
414 | Revision_414/c.c | U | 657 | 673 | 17 | 111132 | 10 | 55 | 72
414 | Revision_414/fortran.c | U | 1139 | 1154 | 17 | 111133 | 10 | 375 | 72
414 | Revision_414/c.c | U | 1206 | 1220 | 17 | 111134 | 10 | 56 | 72
414 | Revision_414/c.c | U | 676 | 691 | 17 | 111135 | 10 | 60 | 72
414 | Revision_414/fortran.c | U | 1116 | 1136 | 17 | 111136 | 10 | 58 | 72
414 | Revision_414/fortran.c | U | 1875 | 1891 | 17 | 111137 | 10 | 59 | 72
414 | Revision_414/c.c | U | 1129 | 1147 | 17 | 111138 | 10 | 57 | 72
414 | Revision_414/Test/local.c | U | 9 | 22 | 17 | 111139 | 10 | 384 | 72
414 | Revision_414/c.c | U | 1132 | 1145 | 17 | 111140 | 10 | 63 | 72
414 | Revision_414/fortran.c | U | 1119 | 1134 | 17 | 111141 | 10 | 58 | 72
414 | Revision_414/fortran.c | U | 1792 | 1820 | 17 | 111142 | 10 | 366 | 72
414 | Revision_414/fortran.c | U | 1878 | 1889 | 17 | 111143 | 10 | 65 | 72
414 | Revision_414/fortran.c | U | 1592 | 1629 | 17 | 111144 | 10 | 367 | 72
414 | Revision_414/c.c | U | 679 | 689 | 13 | 111145 | 11 | 57 | 75
414 | Revision_414/c.c | U | 1208 | 1219 | 13 | 111146 | 11 | 64 | 75
414 | Revision_414/c.c | U | 708 | 728 | 20 | 111147 | 12 | 72 | 72
414 | Revision_414/fortran.c | U | 1306 | 1316 | 20 | 111148 | 12 | 337 | 72
414 | Revision_414/c.c | U | 738 | 744 | 8 | 111149 | 13 | 74 | 71
414 | Revision_414/options.c | U | 467 | 474 | 8 | 111150 | 13 | 75 | 71
414 | Revision_414/c.c | U | 775 | 779 | 5 | 111151 | 14 | 76 | 75
414 | Revision_414/sql.c | U | 506 | 510 | 5 | 111152 | 14 | 297 | 75
414 | Revision_414/eiffel.c | U | 673 | 677 | 5 | 111153 | 14 | 249 | 75
414 | Revision_414/c.c | U | 2040 | 2044 | 5 | 111154 | 14 | 80 | 75
414 | Revision_414/fortran.c | U | 1920 | 1924 | 5 | 111155 | 14 | 79 | 75
414 | Revision_414/eiffel.c | U | 874 | 878 | 5 | 111156 | 14 | 269 | 75
414 | Revision_414/eiffel.c | U | 963 | 967 | 5 | 111157 | 14 | 269 | 75
414 | Revision_414/fortran.c | U | 1347 | 1351 | 5 | 111158 | 14 | 85 | 75
414 | Revision_414/c.c | U | 2566 | 2570 | 5 | 111159 | 14 | 86 | 75
414 | Revision_414/eiffel.c | U | 1014 | 1018 | 5 | 111160 | 14 | 269 | 75
414 | Revision_414/sql.c | U | 335 | 339 | 5 | 111161 | 14 | 300 | 75
414 | Revision_414/eiffel.c | U | 660 | 664 | 5 | 111162 | 14 | 250 | 75
414 | Revision_414/readtags.c | U | 144 | 148 | 5 | 111163 | 14 | 87 | 75
414 | Revision_414/eiffel.c | U | 1033 | 1037 | 5 | 111164 | 14 | 151 | 75
414 | Revision_414/fortran.c | U | 1215 | 1219 | 5 | 111165 | 14 | 85 | 75
414 | Revision_414/ruby.c | U | 136 | 140 | 5 | 111166 | 14 | 19 | 75
414 | Revision_414/fortran.c | U | 1344 | 1352 | 5 | 111167 | 14 | 84 | 75
414 | Revision_414/fortran.c | U | 589 | 593 | 5 | 111168 | 14 | 95 | 75
414 | Revision_414/fortran.c | U | 1556 | 1561 | 5 | 111169 | 14 | 79 | 75
414 | Revision_414/c.c | U | 2631 | 2636 | 5 | 111170 | 14 | 94 | 75
414 | Revision_414/php.c | U | 84 | 88 | 5 | 111171 | 14 | 40 | 75
414 | Revision_414/readtags.c | U | 455 | 459 | 5 | 111172 | 14 | 90 | 75
414 | Revision_414/options.c | U | 1033 | 1037 | 5 | 111173 | 14 | 89 | 75
414 | Revision_414/keyword.c | U | 185 | 189 | 5 | 111174 | 14 | 91 | 75
414 | Revision_414/eiffel.c | U | 848 | 853 | 5 | 111175 | 14 | 151 | 75
414 | Revision_414/strlist.c | U | 134 | 138 | 5 | 111176 | 14 | 126 | 75
414 | Revision_414/c.c | U | 2085 | 2089 | 5 | 111177 | 14 | 125 | 75
414 | Revision_414/c.c | U | 1717 | 1721 | 5 | 111178 | 14 | 121 | 75
414 | Revision_414/vstring.c | U | 35 | 40 | 5 | 111179 | 14 | 98 | 75
414 | Revision_414/c.c | U | 2104 | 2111 | 5 | 111180 | 14 | 244 | 75
414 | Revision_414/c.c | U | 1726 | 1730 | 5 | 111181 | 14 | 331 | 75
414 | Revision_414/fortran.c | U | 1728 | 1732 | 5 | 111182 | 14 | 373 | 75
414 | Revision_414/eiffel.c | U | 1069 | 1078 | 5 | 111183 | 14 | 101 | 75
414 | Revision_414/options.c | U | 1674 | 1678 | 5 | 111184 | 14 | 333 | 75
414 | Revision_414/fortran.c | U | 1012 | 1016 | 5 | 111185 | 14 | 128 | 75
414 | Revision_414/options.c | U | 669 | 673 | 5 | 111186 | 14 | 127 | 75
414 | Revision_414/fortran.c | U | 1549 | 1554 | 5 | 111187 | 14 | 79 | 75
414 | Revision_414/options.c | U | 1212 | 1216 | 5 | 111188 | 14 | 129 | 75
414 | Revision_414/c.c | U | 785 | 806 | 46 | 111189 | 15 | 103 | 80
414 | Revision_414/c.c | U | 848 | 868 | 46 | 111190 | 15 | 316 | 80
414 | Revision_414/c.c | U | 915 | 934 | 46 | 111191 | 15 | 103 | 80
414 | Revision_414/c.c | U | 809 | 829 | 46 | 111192 | 15 | 332 | 80
414 | Revision_414/c.c | U | 871 | 882 | 12 | 111193 | 16 | 317 | 90
414 | Revision_414/c.c | U | 885 | 896 | 12 | 111194 | 16 | 318 | 90
414 | Revision_414/c.c | U | 1269 | 1275 | 7 | 111195 | 17 | 385 | 83
414 | Revision_414/fortran.c | U | 501 | 509 | 7 | 111196 | 17 | 112 | 83
414 | Revision_414/c.c | U | 1342 | 1349 | 7 | 111197 | 18 | 108 | 80
414 | Revision_414/c.c | U | 1351 | 1358 | 7 | 111198 | 18 | 109 | 80
414 | Revision_414/c.c | U | 1372 | 1379 | 7 | 111199 | 19 | 110 | 83
414 | Revision_414/fortran.c | U | 628 | 634 | 7 | 111200 | 19 | 112 | 83
414 | Revision_414/c.c | U | 1382 | 1389 | 7 | 111201 | 19 | 111 | 83
414 | Revision_414/c.c | U | 1420 | 1425 | 6 | 111202 | 20 | 386 | 80
414 | Revision_414/c.c | U | 1737 | 1742 | 6 | 111203 | 20 | 80 | 80
414 | Revision_414/c.c | U | 1438 | 1447 | 9 | 111204 | 21 | 294 | 71
414 | Revision_414/eiffel.c | U | 556 | 564 | 9 | 111205 | 21 | 295 | 71
414 | Revision_414/c.c | U | 1441 | 1445 | 5 | 111206 | 22 | 294 | 75
414 | Revision_414/readtags.c | U | 503 | 507 | 5 | 111207 | 22 | 90 | 75
414 | Revision_414/readtags.c | U | 680 | 684 | 5 | 111208 | 22 | 99 | 75
414 | Revision_414/c.c | U | 1781 | 1785 | 5 | 111209 | 23 | 118 | 75
414 | Revision_414/eiffel.c | U | 419 | 423 | 5 | 111210 | 23 | 119 | 75
414 | Revision_414/fortran.c | U | 813 | 817 | 5 | 111211 | 23 | 120 | 75
414 | Revision_414/c.c | U | 1928 | 1932 | 5 | 111212 | 24 | 121 | 75
414 | Revision_414/get.c | U | 593 | 597 | 5 | 111213 | 24 | 122 | 75
414 | Revision_414/fortran.c | U | 731 | 735 | 5 | 111214 | 24 | 144 | 75
414 | Revision_414/fortran.c | U | 622 | 626 | 5 | 111215 | 24 | 112 | 75
414 | Revision_414/perl.c | U | 100 | 104 | 5 | 111216 | 24 | 163 | 75
414 | Revision_414/pascal.c | U | 133 | 137 | 5 | 111217 | 24 | 164 | 75
414 | Revision_414/c.c | U | 2066 | 2073 | 9 | 111218 | 25 | 28 | 71
414 | Revision_414/eiffel.c | U | 1066 | 1079 | 9 | 111219 | 25 | 156 | 71
414 | Revision_414/c.c | U | 2372 | 2376 | 5 | 111220 | 26 | 387 | 100
414 | Revision_414/c.c | U | 2379 | 2383 | 5 | 111221 | 26 | 94 | 100
414 | Revision_414/c.c | U | 2587 | 2592 | 6 | 111222 | 27 | 94 | 80
414 | Revision_414/sql.c | U | 529 | 534 | 6 | 111223 | 27 | 301 | 80
414 | Revision_414/c.c | U | 2671 | 2680 | 9 | 111224 | 28 | 130 | 71
414 | Revision_414/verilog.c | U | 107 | 117 | 9 | 111225 | 28 | 381 | 71
414 | Revision_414/asm.c | U | 120 | 128 | 9 | 111226 | 28 | 288 | 71
414 | Revision_414/eiffel.c | U | 215 | 224 | 9 | 111227 | 28 | 131 | 71
414 | Revision_414/fortran.c | U | 397 | 406 | 9 | 111228 | 28 | 132 | 71
414 | Revision_414/sql.c | U | 195 | 204 | 9 | 111229 | 28 | 302 | 71
414 | Revision_414/eiffel.c | U | 287 | 301 | 10 | 111230 | 29 | 133 | 71
414 | Revision_414/sql.c | U | 228 | 242 | 10 | 111231 | 29 | 303 | 71
414 | Revision_414/beta.c | U | 71 | 82 | 10 | 111232 | 29 | 134 | 71
414 | Revision_414/parse.c | U | 46 | 57 | 10 | 111233 | 29 | 135 | 71
414 | Revision_414/sml.c | U | 75 | 81 | 10 | 111234 | 29 | 324 | 71
414 | Revision_414/eiffel.c | U | 289 | 299 | 10 | 111235 | 29 | 136 | 71
414 | Revision_414/eiffel.c | U | 367 | 376 | 8 | 111236 | 30 | 304 | 100
414 | Revision_414/sql.c | U | 249 | 256 | 8 | 111237 | 30 | 305 | 100
414 | Revision_414/eiffel.c | U | 382 | 407 | 23 | 111238 | 31 | 139 | 75
414 | Revision_414/fortran.c | U | 771 | 801 | 23 | 111239 | 31 | 140 | 75
414 | Revision_414/eiffel.c | U | 410 | 435 | 20 | 111240 | 32 | 141 | 94
414 | Revision_414/fortran.c | U | 804 | 829 | 20 | 111241 | 32 | 142 | 94
414 | Revision_414/eiffel.c | U | 547 | 551 | 5 | 111242 | 33 | 143 | 75
414 | Revision_414/verilog.c | U | 244 | 248 | 5 | 111243 | 33 | 382 | 75
414 | Revision_414/fortran.c | U | 793 | 797 | 5 | 111244 | 33 | 144 | 75
414 | Revision_414/verilog.c | U | 141 | 145 | 5 | 111245 | 33 | 383 | 75
414 | Revision_414/fortran.c | U | 991 | 995 | 5 | 111246 | 33 | 145 | 75
414 | Revision_414/eiffel.c | U | 572 | 584 | 11 | 111247 | 34 | 114 | 88
414 | Revision_414/fortran.c | U | 858 | 869 | 11 | 111248 | 34 | 116 | 88
414 | Revision_414/sql.c | U | 278 | 289 | 11 | 111249 | 34 | 306 | 88
414 | Revision_414/eiffel.c | U | 587 | 599 | 11 | 111250 | 34 | 117 | 88
414 | Revision_414/eiffel.c | U | 602 | 612 | 9 | 111251 | 35 | 146 | 87
414 | Revision_414/asm.c | U | 131 | 140 | 9 | 111252 | 35 | 270 | 87
414 | Revision_414/fortran.c | U | 876 | 886 | 9 | 111253 | 35 | 147 | 87
414 | Revision_414/eiffel.c | U | 771 | 818 | 13 | 111254 | 36 | 349 | 72
414 | Revision_414/fortran.c | U | 1102 | 1113 | 13 | 111255 | 36 | 350 | 72
414 | Revision_414/eiffel.c | U | 836 | 854 | 13 | 111256 | 37 | 251 | 72
414 | Revision_414/eiffel.c | U | 858 | 880 | 13 | 111257 | 37 | 252 | 72
414 | Revision_414/fortran.c | U | 1384 | 1397 | 13 | 111258 | 37 | 336 | 72
414 | Revision_414/eiffel.c | U | 1008 | 1021 | 13 | 111259 | 37 | 253 | 72
414 | Revision_414/fortran.c | U | 1638 | 1646 | 13 | 111260 | 37 | 337 | 72
414 | Revision_414/eiffel.c | U | 1113 | 1137 | 22 | 111261 | 38 | 307 | 70
414 | Revision_414/sql.c | U | 476 | 501 | 22 | 111262 | 38 | 308 | 70
414 | Revision_414/eiffel.c | U | 1191 | 1197 | 6 | 111263 | 39 | 362 | 80
414 | Revision_414/fortran.c | U | 439 | 444 | 6 | 111264 | 39 | 363 | 80
414 | Revision_414/vim.c | U | 56 | 60 | 5 | 111265 | 40 | 290 | 100
414 | Revision_414/vim.c | U | 62 | 66 | 5 | 111266 | 40 | 291 | 100
414 | Revision_414/python.c | U | 105 | 109 | 5 | 111267 | 41 | 278 | 75
414 | Revision_414/erlang.c | U | 58 | 62 | 5 | 111268 | 41 | 341 | 75
414 | Revision_414/options.c | U | 954 | 959 | 5 | 111269 | 41 | 280 | 75
414 | Revision_414/sml.c | U | 84 | 88 | 5 | 111270 | 41 | 325 | 75
414 | Revision_414/python.c | U | 113 | 122 | 9 | 111271 | 42 | 292 | 75
414 | Revision_414/erlang.c | U | 66 | 75 | 9 | 111272 | 42 | 342 | 75
414 | Revision_414/tcl.c | U | 44 | 54 | 9 | 111273 | 42 | 293 | 75
414 | Revision_414/python.c | U | 145 | 150 | 6 | 111274 | 43 | 343 | 71
414 | Revision_414/erlang.c | U | 116 | 121 | 6 | 111275 | 43 | 346 | 71
414 | Revision_414/erlang.c | U | 108 | 113 | 6 | 111276 | 43 | 344 | 71
414 | Revision_414/perl.c | U | 186 | 192 | 6 | 111277 | 43 | 389 | 71
414 | Revision_414/erlang.c | U | 97 | 105 | 6 | 111278 | 43 | 344 | 71
414 | Revision_414/main.c | U | 260 | 267 | 6 | 111279 | 43 | 377 | 71
414 | Revision_414/main.c | U | 179 | 185 | 6 | 111280 | 43 | 376 | 71
414 | Revision_414/python.c | U | 172 | 181 | 9 | 111281 | 44 | 326 | 85
414 | Revision_414/sml.c | U | 165 | 174 | 9 | 111282 | 44 | 327 | 85
414 | Revision_414/python.c | U | 201 | 206 | 6 | 111283 | 45 | 328 | 80
414 | Revision_414/sml.c | U | 189 | 194 | 6 | 111284 | 45 | 329 | 80
414 | Revision_414/sort.c | U | 123 | 128 | 5 | 111285 | 46 | 281 | 100
414 | Revision_414/sort.c | U | 131 | 136 | 5 | 111286 | 46 | 282 | 100
414 | Revision_414/strlist.c | U | 32 | 38 | 8 | 111287 | 47 | 165 | 71
414 | Revision_414/vstring.c | U | 77 | 87 | 8 | 111288 | 47 | 166 | 71
414 | Revision_414/strlist.c | U | 147 | 154 | 8 | 111289 | 48 | 167 | 85
414 | Revision_414/strlist.c | U | 169 | 176 | 8 | 111290 | 48 | 168 | 85
414 | Revision_414/strlist.c | U | 158 | 165 | 8 | 111291 | 48 | 169 | 85
414 | Revision_414/pascal.c | U | 149 | 153 | 6 | 111292 | 49 | 319 | 75
414 | Revision_414/pascal.c | U | 175 | 181 | 6 | 111293 | 49 | 170 | 75
414 | Revision_414/pascal.c | U | 183 | 189 | 6 | 111294 | 49 | 171 | 75
414 | Revision_414/get.c | U | 302 | 314 | 10 | 111295 | 50 | 174 | 70
414 | Revision_414/parse.c | U | 558 | 572 | 10 | 111296 | 50 | 175 | 70
414 | Revision_414/read.c | U | 214 | 225 | 10 | 111297 | 50 | 176 | 70
414 | Revision_414/get.c | U | 466 | 477 | 10 | 111298 | 51 | 177 | 100
414 | Revision_414/get.c | U | 483 | 494 | 10 | 111299 | 51 | 178 | 100
414 | Revision_414/get.c | U | 540 | 545 | 6 | 111300 | 52 | 180 | 80
414 | Revision_414/read.c | U | 415 | 419 | 6 | 111301 | 52 | 181 | 80
414 | Revision_414/main.c | U | 126 | 139 | 6 | 111302 | 53 | 354 | 80
414 | Revision_414/options.c | U | 394 | 399 | 6 | 111303 | 53 | 355 | 80
414 | Revision_414/routines.c | U | 236 | 243 | 6 | 111304 | 54 | 254 | 80
414 | Revision_414/routines.c | U | 246 | 253 | 6 | 111305 | 54 | 255 | 80
414 | Revision_414/routines.c | U | 287 | 294 | 8 | 111306 | 55 | 256 | 83
414 | Revision_414/routines.c | U | 297 | 304 | 8 | 111307 | 55 | 257 | 83
414 | Revision_414/readtags.c | U | 116 | 123 | 8 | 111308 | 55 | 123 | 83
414 | Revision_414/readtags.c | U | 106 | 113 | 8 | 111309 | 55 | 238 | 83
414 | Revision_414/routines.c | U | 321 | 325 | 5 | 111310 | 56 | 258 | 75
414 | Revision_414/vstring.c | U | 125 | 129 | 5 | 111311 | 56 | 188 | 75
414 | Revision_414/vstring.c | U | 118 | 122 | 5 | 111312 | 56 | 189 | 75
414 | Revision_414/routines.c | U | 328 | 334 | 6 | 111313 | 57 | 259 | 100
414 | Revision_414/routines.c | U | 337 | 343 | 6 | 111314 | 57 | 260 | 100
414 | Revision_414/routines.c | U | 348 | 355 | 8 | 111315 | 58 | 261 | 100
414 | Revision_414/routines.c | U | 360 | 367 | 8 | 111316 | 58 | 262 | 100
414 | Revision_414/sh.c | U | 88 | 93 | 6 | 111317 | 59 | 378 | 80
414 | Revision_414/asm.c | U | 348 | 353 | 6 | 111318 | 59 | 379 | 80
414 | Revision_414/beta.c | U | 136 | 143 | 6 | 111319 | 60 | 201 | 75
414 | Revision_414/beta.c | U | 207 | 215 | 6 | 111320 | 60 | 202 | 75
414 | Revision_414/beta.c | U | 154 | 158 | 5 | 111321 | 61 | 203 | 75
414 | Revision_414/beta.c | U | 274 | 278 | 5 | 111322 | 61 | 205 | 75
414 | Revision_414/beta.c | U | 167 | 171 | 5 | 111323 | 61 | 204 | 75
414 | Revision_414/beta.c | U | 160 | 164 | 5 | 111324 | 61 | 206 | 75
414 | Revision_414/beta.c | U | 280 | 284 | 5 | 111325 | 61 | 207 | 75
414 | Revision_414/sql.c | U | 418 | 424 | 6 | 111326 | 62 | 310 | 75
414 | Revision_414/sql.c | U | 626 | 632 | 6 | 111327 | 62 | 298 | 75
414 | Revision_414/fortran.c | U | 1081 | 1085 | 6 | 111328 | 62 | 312 | 75
414 | Revision_414/sql.c | U | 444 | 449 | 6 | 111329 | 63 | 313 | 100
414 | Revision_414/sql.c | U | 610 | 615 | 6 | 111330 | 63 | 299 | 100
414 | Revision_414/sql.c | U | 460 | 468 | 8 | 111331 | 64 | 313 | 71
414 | Revision_414/fortran.c | U | 1762 | 1768 | 8 | 111332 | 64 | 314 | 71
414 | Revision_414/sql.c | U | 543 | 551 | 8 | 111333 | 64 | 380 | 71
414 | Revision_414/fortran.c | U | 1422 | 1430 | 8 | 111334 | 64 | 59 | 71
414 | Revision_414/parse.c | U | 98 | 108 | 11 | 111335 | 65 | 208 | 88
414 | Revision_414/parse.c | U | 111 | 122 | 11 | 111336 | 65 | 209 | 88
414 | Revision_414/parse.c | U | 272 | 276 | 5 | 111337 | 66 | 356 | 75
414 | Revision_414/parse.c | U | 528 | 532 | 5 | 111338 | 66 | 357 | 75
414 | Revision_414/parse.c | U | 547 | 551 | 5 | 111339 | 66 | 358 | 75
414 | Revision_414/readtags.c | U | 542 | 548 | 6 | 111340 | 67 | 239 | 100
414 | Revision_414/readtags.c | U | 550 | 556 | 6 | 111341 | 67 | 240 | 100
414 | Revision_414/readtags.c | U | 585 | 589 | 6 | 111342 | 68 | 123 | 75
414 | Revision_414/readtags.c | U | 640 | 646 | 6 | 111343 | 68 | 124 | 75
414 | Revision_414/readtags.c | U | 717 | 725 | 8 | 111344 | 69 | 210 | 83
414 | Revision_414/readtags.c | U | 772 | 780 | 8 | 111345 | 69 | 211 | 83
414 | Revision_414/readtags.c | U | 728 | 736 | 8 | 111346 | 69 | 212 | 83
414 | Revision_414/readtags.c | U | 739 | 744 | 6 | 111347 | 70 | 241 | 80
414 | Revision_414/readtags.c | U | 764 | 769 | 6 | 111348 | 70 | 242 | 80
414 | Revision_414/readtags.c | U | 756 | 761 | 6 | 111349 | 70 | 287 | 80
414 | Revision_414/fortran.c | U | 1275 | 1296 | 23 | 111350 | 71 | 369 | 72
414 | Revision_414/fortran.c | U | 1795 | 1818 | 23 | 111351 | 71 | 366 | 72
414 | Revision_414/fortran.c | U | 1329 | 1335 | 7 | 111352 | 72 | 85 | 83
414 | Revision_414/fortran.c | U | 1388 | 1394 | 7 | 111353 | 72 | 84 | 83
414 | Revision_414/fortran.c | U | 1455 | 1463 | 10 | 111354 | 73 | 314 | 77
414 | Revision_414/fortran.c | U | 1494 | 1503 | 10 | 111355 | 73 | 59 | 77
414 | Revision_414/fortran.c | U | 1541 | 1547 | 8 | 111356 | 74 | 65 | 71
414 | Revision_414/fortran.c | U | 1717 | 1726 | 8 | 111357 | 74 | 221 | 71
414 | Revision_414/fortran.c | U | 1735 | 1750 | 20 | 111358 | 75 | 21 | 84
414 | Revision_414/fortran.c | U | 1952 | 1968 | 20 | 111359 | 75 | 374 | 84
414 | Revision_414/fortran.c | U | 1916 | 1935 | 17 | 111360 | 76 | 220 | 75
414 | Revision_414/fortran.c | U | 1987 | 2004 | 17 | 111361 | 76 | 221 | 75
414 | Revision_414/fortran.c | U | 2064 | 2085 | 17 | 111362 | 76 | 372 | 75
414 | Revision_414/asm.c | U | 244 | 257 | 11 | 111363 | 77 | 289 | 77
414 | Revision_414/asm.c | U | 262 | 272 | 11 | 111364 | 77 | 279 | 77
414 | Revision_414/scheme.c | U | 70 | 78 | 8 | 111365 | 78 | 222 | 71
414 | Revision_414/scheme.c | U | 85 | 93 | 8 | 111366 | 78 | 223 | 71
414 | Revision_414/options.c | U | 366 | 372 | 6 | 111367 | 79 | 224 | 100
414 | Revision_414/options.c | U | 375 | 381 | 6 | 111368 | 79 | 225 | 100
414 | Revision_414/options.c | U | 538 | 544 | 7 | 111369 | 80 | 226 | 100
414 | Revision_414/options.c | U | 565 | 571 | 7 | 111370 | 80 | 227 | 100
414 | Revision_414/options.c | U | 547 | 553 | 7 | 111371 | 80 | 228 | 100
414 | Revision_414/options.c | U | 556 | 562 | 7 | 111372 | 80 | 229 | 100
414 | Revision_414/options.c | U | 973 | 977 | 5 | 111373 | 81 | 230 | 75
414 | Revision_414/options.c | U | 999 | 1003 | 5 | 111374 | 81 | 231 | 75
414 | Revision_414/options.c | U | 1093 | 1097 | 5 | 111375 | 82 | 232 | 100
414 | Revision_414/options.c | U | 1099 | 1103 | 5 | 111376 | 82 | 233 | 100
414 | Revision_414/options.c | U | 1145 | 1157 | 12 | 111377 | 83 | 360 | 100
414 | Revision_414/options.c | U | 1162 | 1174 | 12 | 111378 | 83 | 235 | 100
414 | Revision_414/options.c | U | 1416 | 1433 | 15 | 111379 | 84 | 236 | 91
414 | Revision_414/options.c | U | 1454 | 1471 | 15 | 111380 | 84 | 237 | 91
