Revision | filePath | changeType | StartLine | EndLine | Nlines | cloneId | classId | globalCloneId | Similarity
415 | Revision_415/lisp.c | U | 91 | 97 | 7 | 111381 | 1 | 1 | 83
415 | Revision_415/lisp.c | U | 112 | 118 | 7 | 111382 | 1 | 2 | 83
415 | Revision_415/lisp.c | U | 127 | 137 | 9 | 111383 | 2 | 3 | 70
415 | Revision_415/ruby.c | U | 167 | 175 | 9 | 111384 | 2 | 19 | 70
415 | Revision_415/verilog.c | U | 324 | 333 | 9 | 111385 | 2 | 283 | 70
415 | Revision_415/eiffel.c | U | 1222 | 1231 | 9 | 111386 | 2 | 9 | 70
415 | Revision_415/c.c | U | 2767 | 2776 | 9 | 111387 | 2 | 12 | 70
415 | Revision_415/c.c | U | 2755 | 2764 | 9 | 111388 | 2 | 15 | 70
415 | Revision_415/c.c | U | 2743 | 2752 | 9 | 111389 | 2 | 315 | 70
415 | Revision_415/c.c | U | 2725 | 2740 | 9 | 111390 | 2 | 8 | 70
415 | Revision_415/c.c | U | 2713 | 2722 | 9 | 111391 | 2 | 330 | 70
415 | Revision_415/sql.c | U | 678 | 687 | 9 | 111392 | 2 | 296 | 70
415 | Revision_415/scheme.c | U | 99 | 109 | 9 | 111393 | 2 | 16 | 70
415 | Revision_415/beta.c | U | 313 | 321 | 9 | 111394 | 2 | 5 | 70
415 | Revision_415/fortran.c | U | 2204 | 2219 | 9 | 111395 | 2 | 21 | 70
415 | Revision_415/awk.c | U | 71 | 79 | 9 | 111396 | 2 | 10 | 70
415 | Revision_415/pascal.c | U | 255 | 263 | 9 | 111397 | 2 | 14 | 70
415 | Revision_415/cobol.c | U | 40 | 48 | 9 | 111398 | 2 | 320 | 70
415 | Revision_415/python.c | U | 213 | 221 | 9 | 111399 | 2 | 13 | 70
415 | Revision_415/vim.c | U | 168 | 176 | 9 | 111400 | 2 | 20 | 70
415 | Revision_415/sh.c | U | 102 | 112 | 9 | 111401 | 2 | 17 | 70
415 | Revision_415/tcl.c | U | 106 | 114 | 9 | 111402 | 2 | 18 | 70
415 | Revision_415/perl.c | U | 203 | 211 | 9 | 111403 | 2 | 7 | 70
415 | Revision_415/php.c | U | 161 | 169 | 9 | 111404 | 2 | 22 | 70
415 | Revision_415/lua.c | U | 123 | 131 | 9 | 111405 | 2 | 243 | 70
415 | Revision_415/asp.c | U | 201 | 209 | 9 | 111406 | 2 | 4 | 70
415 | Revision_415/sml.c | U | 201 | 209 | 9 | 111407 | 2 | 321 | 70
415 | Revision_415/erlang.c | U | 179 | 187 | 9 | 111408 | 2 | 340 | 70
415 | Revision_415/yacc.c | U | 31 | 38 | 9 | 111409 | 2 | 23 | 70
415 | Revision_415/slang.c | U | 34 | 41 | 9 | 111410 | 2 | 24 | 70
415 | Revision_415/jscript.c | U | 31 | 38 | 9 | 111411 | 2 | 364 | 70
415 | Revision_415/make.c | U | 91 | 101 | 9 | 111412 | 2 | 25 | 70
415 | Revision_415/asm.c | U | 367 | 386 | 9 | 111413 | 2 | 274 | 70
415 | Revision_415/rexx.c | U | 30 | 37 | 9 | 111414 | 2 | 26 | 70
415 | Revision_415/html.c | U | 40 | 47 | 9 | 111415 | 2 | 365 | 70
415 | Revision_415/keyword.c | U | 107 | 116 | 9 | 111416 | 2 | 27 | 70
415 | Revision_415/fortran.c | U | 413 | 425 | 9 | 111417 | 2 | 158 | 70
415 | Revision_415/options.c | U | 621 | 627 | 9 | 111418 | 2 | 29 | 70
415 | Revision_415/sql.c | U | 207 | 215 | 9 | 111419 | 2 | 309 | 70
415 | Revision_415/options.c | U | 528 | 533 | 9 | 111420 | 2 | 30 | 70
415 | Revision_415/c.c | U | 2114 | 2119 | 9 | 111421 | 2 | 28 | 70
415 | Revision_415/eiffel.c | U | 1176 | 1188 | 9 | 111422 | 2 | 157 | 70
415 | Revision_415/c.c | U | 2143 | 2151 | 9 | 111423 | 2 | 31 | 70
415 | Revision_415/asp.c | U | 71 | 90 | 15 | 111424 | 3 | 33 | 100
415 | Revision_415/asp.c | U | 94 | 113 | 15 | 111425 | 3 | 34 | 100
415 | Revision_415/asp.c | U | 117 | 133 | 14 | 111426 | 4 | 35 | 72
415 | Revision_415/php.c | U | 113 | 127 | 14 | 111427 | 4 | 40 | 72
415 | Revision_415/ruby.c | U | 79 | 94 | 14 | 111428 | 4 | 42 | 72
415 | Revision_415/php.c | U | 92 | 110 | 14 | 111429 | 4 | 173 | 72
415 | Revision_415/asp.c | U | 156 | 171 | 14 | 111430 | 4 | 36 | 72
415 | Revision_415/asp.c | U | 175 | 190 | 14 | 111431 | 4 | 36 | 72
415 | Revision_415/vim.c | U | 121 | 135 | 14 | 111432 | 4 | 159 | 72
415 | Revision_415/asp.c | U | 137 | 152 | 14 | 111433 | 4 | 36 | 72
415 | Revision_415/ruby.c | U | 96 | 111 | 14 | 111434 | 4 | 42 | 72
415 | Revision_415/vim.c | U | 95 | 110 | 14 | 111435 | 4 | 334 | 72
415 | Revision_415/vim.c | U | 143 | 162 | 14 | 111436 | 4 | 160 | 72
415 | Revision_415/vim.c | U | 114 | 136 | 14 | 111437 | 4 | 160 | 72
415 | Revision_415/args.c | U | 85 | 92 | 8 | 111438 | 5 | 43 | 100
415 | Revision_415/args.c | U | 159 | 166 | 8 | 111439 | 5 | 44 | 100
415 | Revision_415/args.c | U | 181 | 189 | 9 | 111440 | 6 | 45 | 75
415 | Revision_415/args.c | U | 192 | 199 | 9 | 111441 | 6 | 46 | 75
415 | Revision_415/args.c | U | 202 | 210 | 9 | 111442 | 6 | 47 | 75
415 | Revision_415/args.c | U | 265 | 271 | 6 | 111443 | 7 | 48 | 80
415 | Revision_415/options.c | U | 574 | 579 | 6 | 111444 | 7 | 49 | 80
415 | Revision_415/fortran.c | U | 909 | 914 | 6 | 111445 | 7 | 50 | 80
415 | Revision_415/c.c | U | 529 | 535 | 7 | 111446 | 8 | 51 | 80
415 | Revision_415/vstring.c | U | 67 | 74 | 7 | 111447 | 8 | 52 | 80
415 | Revision_415/c.c | U | 538 | 545 | 6 | 111448 | 9 | 53 | 80
415 | Revision_415/c.c | U | 548 | 555 | 6 | 111449 | 9 | 54 | 80
415 | Revision_415/c.c | U | 657 | 673 | 17 | 111450 | 10 | 55 | 72
415 | Revision_415/c.c | U | 1206 | 1220 | 17 | 111451 | 10 | 56 | 72
415 | Revision_415/c.c | U | 1129 | 1147 | 17 | 111452 | 10 | 60 | 72
415 | Revision_415/c.c | U | 676 | 691 | 17 | 111453 | 10 | 57 | 72
415 | Revision_415/fortran.c | U | 1139 | 1154 | 17 | 111454 | 10 | 375 | 72
415 | Revision_415/fortran.c | U | 1875 | 1891 | 17 | 111455 | 10 | 59 | 72
415 | Revision_415/fortran.c | U | 1116 | 1136 | 17 | 111456 | 10 | 58 | 72
415 | Revision_415/fortran.c | U | 1119 | 1134 | 17 | 111457 | 10 | 58 | 72
415 | Revision_415/c.c | U | 1132 | 1145 | 17 | 111458 | 10 | 63 | 72
415 | Revision_415/Test/local.c | U | 9 | 22 | 17 | 111459 | 10 | 384 | 72
415 | Revision_415/fortran.c | U | 1792 | 1820 | 17 | 111460 | 10 | 366 | 72
415 | Revision_415/fortran.c | U | 1878 | 1889 | 17 | 111461 | 10 | 65 | 72
415 | Revision_415/fortran.c | U | 1592 | 1629 | 17 | 111462 | 10 | 367 | 72
415 | Revision_415/c.c | U | 679 | 689 | 13 | 111463 | 11 | 57 | 75
415 | Revision_415/c.c | U | 1208 | 1219 | 13 | 111464 | 11 | 64 | 75
415 | Revision_415/c.c | U | 708 | 728 | 20 | 111465 | 12 | 72 | 72
415 | Revision_415/fortran.c | U | 1306 | 1316 | 20 | 111466 | 12 | 337 | 72
415 | Revision_415/c.c | U | 738 | 744 | 8 | 111467 | 13 | 74 | 71
415 | Revision_415/options.c | U | 467 | 474 | 8 | 111468 | 13 | 75 | 71
415 | Revision_415/c.c | U | 775 | 779 | 5 | 111469 | 14 | 76 | 75
415 | Revision_415/eiffel.c | U | 673 | 677 | 5 | 111470 | 14 | 249 | 75
415 | Revision_415/sql.c | U | 506 | 510 | 5 | 111471 | 14 | 297 | 75
415 | Revision_415/c.c | U | 2040 | 2044 | 5 | 111472 | 14 | 80 | 75
415 | Revision_415/fortran.c | U | 1920 | 1924 | 5 | 111473 | 14 | 79 | 75
415 | Revision_415/sql.c | U | 335 | 339 | 5 | 111474 | 14 | 300 | 75
415 | Revision_415/eiffel.c | U | 660 | 664 | 5 | 111475 | 14 | 250 | 75
415 | Revision_415/eiffel.c | U | 963 | 967 | 5 | 111476 | 14 | 269 | 75
415 | Revision_415/eiffel.c | U | 1014 | 1018 | 5 | 111477 | 14 | 269 | 75
415 | Revision_415/fortran.c | U | 1347 | 1351 | 5 | 111478 | 14 | 85 | 75
415 | Revision_415/eiffel.c | U | 874 | 878 | 5 | 111479 | 14 | 269 | 75
415 | Revision_415/c.c | U | 2566 | 2570 | 5 | 111480 | 14 | 86 | 75
415 | Revision_415/readtags.c | U | 144 | 148 | 5 | 111481 | 14 | 87 | 75
415 | Revision_415/strlist.c | U | 134 | 138 | 5 | 111482 | 14 | 126 | 75
415 | Revision_415/c.c | U | 2085 | 2089 | 5 | 111483 | 14 | 125 | 75
415 | Revision_415/options.c | U | 1033 | 1037 | 5 | 111484 | 14 | 89 | 75
415 | Revision_415/readtags.c | U | 455 | 459 | 5 | 111485 | 14 | 90 | 75
415 | Revision_415/keyword.c | U | 185 | 189 | 5 | 111486 | 14 | 91 | 75
415 | Revision_415/php.c | U | 84 | 88 | 5 | 111487 | 14 | 40 | 75
415 | Revision_415/fortran.c | U | 1344 | 1352 | 5 | 111488 | 14 | 84 | 75
415 | Revision_415/c.c | U | 2631 | 2636 | 5 | 111489 | 14 | 94 | 75
415 | Revision_415/fortran.c | U | 1556 | 1561 | 5 | 111490 | 14 | 79 | 75
415 | Revision_415/fortran.c | U | 589 | 593 | 5 | 111491 | 14 | 95 | 75
415 | Revision_415/eiffel.c | U | 848 | 853 | 5 | 111492 | 14 | 151 | 75
415 | Revision_415/fortran.c | U | 1215 | 1219 | 5 | 111493 | 14 | 85 | 75
415 | Revision_415/eiffel.c | U | 1033 | 1037 | 5 | 111494 | 14 | 151 | 75
415 | Revision_415/ruby.c | U | 136 | 140 | 5 | 111495 | 14 | 19 | 75
415 | Revision_415/c.c | U | 1717 | 1721 | 5 | 111496 | 14 | 121 | 75
415 | Revision_415/c.c | U | 1726 | 1730 | 5 | 111497 | 14 | 331 | 75
415 | Revision_415/vstring.c | U | 35 | 40 | 5 | 111498 | 14 | 98 | 75
415 | Revision_415/c.c | U | 2104 | 2111 | 5 | 111499 | 14 | 244 | 75
415 | Revision_415/fortran.c | U | 1728 | 1732 | 5 | 111500 | 14 | 373 | 75
415 | Revision_415/fortran.c | U | 1012 | 1016 | 5 | 111501 | 14 | 128 | 75
415 | Revision_415/options.c | U | 669 | 673 | 5 | 111502 | 14 | 127 | 75
415 | Revision_415/eiffel.c | U | 1069 | 1078 | 5 | 111503 | 14 | 101 | 75
415 | Revision_415/options.c | U | 1674 | 1678 | 5 | 111504 | 14 | 333 | 75
415 | Revision_415/fortran.c | U | 1549 | 1554 | 5 | 111505 | 14 | 79 | 75
415 | Revision_415/options.c | U | 1212 | 1216 | 5 | 111506 | 14 | 129 | 75
415 | Revision_415/c.c | U | 785 | 806 | 46 | 111507 | 15 | 103 | 80
415 | Revision_415/c.c | U | 848 | 868 | 46 | 111508 | 15 | 316 | 80
415 | Revision_415/c.c | U | 915 | 934 | 46 | 111509 | 15 | 103 | 80
415 | Revision_415/c.c | U | 809 | 829 | 46 | 111510 | 15 | 332 | 80
415 | Revision_415/c.c | U | 871 | 882 | 12 | 111511 | 16 | 317 | 90
415 | Revision_415/c.c | U | 885 | 896 | 12 | 111512 | 16 | 318 | 90
415 | Revision_415/c.c | U | 1269 | 1275 | 7 | 111513 | 17 | 385 | 83
415 | Revision_415/fortran.c | U | 501 | 509 | 7 | 111514 | 17 | 112 | 83
415 | Revision_415/c.c | U | 1342 | 1349 | 7 | 111515 | 18 | 108 | 80
415 | Revision_415/c.c | U | 1351 | 1358 | 7 | 111516 | 18 | 109 | 80
415 | Revision_415/c.c | U | 1372 | 1379 | 7 | 111517 | 19 | 110 | 83
415 | Revision_415/fortran.c | U | 628 | 634 | 7 | 111518 | 19 | 112 | 83
415 | Revision_415/c.c | U | 1382 | 1389 | 7 | 111519 | 19 | 111 | 83
415 | Revision_415/c.c | U | 1420 | 1425 | 6 | 111520 | 20 | 386 | 80
415 | Revision_415/c.c | U | 1737 | 1742 | 6 | 111521 | 20 | 80 | 80
415 | Revision_415/c.c | U | 1438 | 1447 | 9 | 111522 | 21 | 294 | 71
415 | Revision_415/eiffel.c | U | 556 | 564 | 9 | 111523 | 21 | 295 | 71
415 | Revision_415/c.c | U | 1441 | 1445 | 5 | 111524 | 22 | 294 | 75
415 | Revision_415/readtags.c | U | 503 | 507 | 5 | 111525 | 22 | 90 | 75
415 | Revision_415/readtags.c | U | 680 | 684 | 5 | 111526 | 22 | 99 | 75
415 | Revision_415/c.c | U | 1781 | 1785 | 5 | 111527 | 23 | 118 | 75
415 | Revision_415/eiffel.c | U | 419 | 423 | 5 | 111528 | 23 | 119 | 75
415 | Revision_415/fortran.c | U | 813 | 817 | 5 | 111529 | 23 | 120 | 75
415 | Revision_415/c.c | U | 1928 | 1932 | 5 | 111530 | 24 | 121 | 75
415 | Revision_415/fortran.c | U | 622 | 626 | 5 | 111531 | 24 | 112 | 75
415 | Revision_415/fortran.c | U | 731 | 735 | 5 | 111532 | 24 | 144 | 75
415 | Revision_415/get.c | U | 593 | 597 | 5 | 111533 | 24 | 122 | 75
415 | Revision_415/pascal.c | U | 133 | 137 | 5 | 111534 | 24 | 164 | 75
415 | Revision_415/perl.c | U | 100 | 104 | 5 | 111535 | 24 | 163 | 75
415 | Revision_415/c.c | U | 2066 | 2073 | 9 | 111536 | 25 | 28 | 71
415 | Revision_415/eiffel.c | U | 1066 | 1079 | 9 | 111537 | 25 | 156 | 71
415 | Revision_415/c.c | U | 2372 | 2376 | 5 | 111538 | 26 | 387 | 100
415 | Revision_415/c.c | U | 2379 | 2383 | 5 | 111539 | 26 | 94 | 100
415 | Revision_415/c.c | U | 2587 | 2592 | 6 | 111540 | 27 | 94 | 80
415 | Revision_415/sql.c | U | 529 | 534 | 6 | 111541 | 27 | 301 | 80
415 | Revision_415/c.c | U | 2671 | 2680 | 9 | 111542 | 28 | 130 | 71
415 | Revision_415/verilog.c | U | 107 | 117 | 9 | 111543 | 28 | 381 | 71
415 | Revision_415/sql.c | U | 195 | 204 | 9 | 111544 | 28 | 302 | 71
415 | Revision_415/fortran.c | U | 397 | 406 | 9 | 111545 | 28 | 132 | 71
415 | Revision_415/eiffel.c | U | 215 | 224 | 9 | 111546 | 28 | 131 | 71
415 | Revision_415/asm.c | U | 120 | 128 | 9 | 111547 | 28 | 288 | 71
415 | Revision_415/eiffel.c | U | 287 | 301 | 9 | 111548 | 29 | 133 | 71
415 | Revision_415/beta.c | U | 71 | 82 | 9 | 111549 | 29 | 134 | 71
415 | Revision_415/sql.c | U | 228 | 242 | 9 | 111550 | 29 | 303 | 71
415 | Revision_415/parse.c | U | 46 | 57 | 9 | 111551 | 29 | 135 | 71
415 | Revision_415/sml.c | U | 75 | 81 | 9 | 111552 | 29 | 324 | 71
415 | Revision_415/eiffel.c | U | 289 | 299 | 9 | 111553 | 29 | 136 | 71
415 | Revision_415/eiffel.c | U | 367 | 376 | 8 | 111554 | 30 | 304 | 100
415 | Revision_415/sql.c | U | 249 | 256 | 8 | 111555 | 30 | 305 | 100
415 | Revision_415/eiffel.c | U | 382 | 407 | 23 | 111556 | 31 | 139 | 75
415 | Revision_415/fortran.c | U | 771 | 801 | 23 | 111557 | 31 | 140 | 75
415 | Revision_415/eiffel.c | U | 410 | 435 | 20 | 111558 | 32 | 141 | 94
415 | Revision_415/fortran.c | U | 804 | 829 | 20 | 111559 | 32 | 142 | 94
415 | Revision_415/eiffel.c | U | 547 | 551 | 5 | 111560 | 33 | 143 | 75
415 | Revision_415/fortran.c | U | 793 | 797 | 5 | 111561 | 33 | 144 | 75
415 | Revision_415/fortran.c | U | 991 | 995 | 5 | 111562 | 33 | 145 | 75
415 | Revision_415/verilog.c | U | 141 | 145 | 5 | 111563 | 33 | 383 | 75
415 | Revision_415/verilog.c | U | 244 | 248 | 5 | 111564 | 33 | 382 | 75
415 | Revision_415/eiffel.c | U | 572 | 584 | 11 | 111565 | 34 | 114 | 88
415 | Revision_415/fortran.c | U | 858 | 869 | 11 | 111566 | 34 | 116 | 88
415 | Revision_415/sql.c | U | 278 | 289 | 11 | 111567 | 34 | 306 | 88
415 | Revision_415/eiffel.c | U | 587 | 599 | 11 | 111568 | 34 | 117 | 88
415 | Revision_415/eiffel.c | U | 602 | 612 | 9 | 111569 | 35 | 146 | 87
415 | Revision_415/asm.c | U | 131 | 140 | 9 | 111570 | 35 | 270 | 87
415 | Revision_415/fortran.c | U | 876 | 886 | 9 | 111571 | 35 | 147 | 87
415 | Revision_415/eiffel.c | U | 771 | 818 | 13 | 111572 | 36 | 349 | 72
415 | Revision_415/fortran.c | U | 1102 | 1113 | 13 | 111573 | 36 | 350 | 72
415 | Revision_415/eiffel.c | U | 836 | 854 | 12 | 111574 | 37 | 251 | 72
415 | Revision_415/fortran.c | U | 1384 | 1397 | 12 | 111575 | 37 | 336 | 72
415 | Revision_415/eiffel.c | U | 858 | 880 | 12 | 111576 | 37 | 252 | 72
415 | Revision_415/eiffel.c | U | 1008 | 1021 | 12 | 111577 | 37 | 253 | 72
415 | Revision_415/fortran.c | U | 1638 | 1646 | 12 | 111578 | 37 | 337 | 72
415 | Revision_415/eiffel.c | U | 1113 | 1137 | 22 | 111579 | 38 | 307 | 70
415 | Revision_415/sql.c | U | 476 | 501 | 22 | 111580 | 38 | 308 | 70
415 | Revision_415/eiffel.c | U | 1191 | 1197 | 6 | 111581 | 39 | 362 | 80
415 | Revision_415/fortran.c | U | 439 | 444 | 6 | 111582 | 39 | 363 | 80
415 | Revision_415/vim.c | U | 56 | 60 | 5 | 111583 | 40 | 290 | 100
415 | Revision_415/vim.c | U | 62 | 66 | 5 | 111584 | 40 | 291 | 100
415 | Revision_415/python.c | U | 105 | 109 | 5 | 111585 | 41 | 278 | 75
415 | Revision_415/options.c | U | 954 | 959 | 5 | 111586 | 41 | 280 | 75
415 | Revision_415/erlang.c | U | 58 | 62 | 5 | 111587 | 41 | 341 | 75
415 | Revision_415/sml.c | U | 84 | 88 | 5 | 111588 | 41 | 325 | 75
415 | Revision_415/python.c | U | 113 | 122 | 9 | 111589 | 42 | 292 | 75
415 | Revision_415/tcl.c | U | 44 | 54 | 9 | 111590 | 42 | 293 | 75
415 | Revision_415/erlang.c | U | 66 | 75 | 9 | 111591 | 42 | 342 | 75
415 | Revision_415/python.c | U | 145 | 150 | 6 | 111592 | 43 | 343 | 71
415 | Revision_415/erlang.c | U | 116 | 121 | 6 | 111593 | 43 | 346 | 71
415 | Revision_415/erlang.c | U | 108 | 113 | 6 | 111594 | 43 | 344 | 71
415 | Revision_415/erlang.c | U | 97 | 105 | 6 | 111595 | 43 | 344 | 71
415 | Revision_415/perl.c | U | 186 | 192 | 6 | 111596 | 43 | 389 | 71
415 | Revision_415/main.c | U | 260 | 267 | 6 | 111597 | 43 | 377 | 71
415 | Revision_415/main.c | U | 179 | 185 | 6 | 111598 | 43 | 376 | 71
415 | Revision_415/python.c | U | 172 | 181 | 9 | 111599 | 44 | 326 | 85
415 | Revision_415/sml.c | U | 165 | 174 | 9 | 111600 | 44 | 327 | 85
415 | Revision_415/python.c | U | 201 | 206 | 6 | 111601 | 45 | 328 | 80
415 | Revision_415/sml.c | U | 189 | 194 | 6 | 111602 | 45 | 329 | 80
415 | Revision_415/sort.c | U | 123 | 128 | 5 | 111603 | 46 | 281 | 100
415 | Revision_415/sort.c | U | 131 | 136 | 5 | 111604 | 46 | 282 | 100
415 | Revision_415/strlist.c | U | 32 | 38 | 8 | 111605 | 47 | 165 | 71
415 | Revision_415/vstring.c | U | 77 | 87 | 8 | 111606 | 47 | 166 | 71
415 | Revision_415/strlist.c | U | 147 | 154 | 8 | 111607 | 48 | 167 | 85
415 | Revision_415/strlist.c | U | 169 | 176 | 8 | 111608 | 48 | 168 | 85
415 | Revision_415/strlist.c | U | 158 | 165 | 8 | 111609 | 48 | 169 | 85
415 | Revision_415/pascal.c | U | 149 | 153 | 6 | 111610 | 49 | 319 | 75
415 | Revision_415/pascal.c | U | 175 | 181 | 6 | 111611 | 49 | 170 | 75
415 | Revision_415/pascal.c | U | 183 | 189 | 6 | 111612 | 49 | 171 | 75
415 | Revision_415/get.c | U | 302 | 314 | 10 | 111613 | 50 | 174 | 70
415 | Revision_415/read.c | U | 214 | 225 | 10 | 111614 | 50 | 176 | 70
415 | Revision_415/parse.c | U | 558 | 572 | 10 | 111615 | 50 | 175 | 70
415 | Revision_415/get.c | U | 466 | 477 | 10 | 111616 | 51 | 177 | 100
415 | Revision_415/get.c | U | 483 | 494 | 10 | 111617 | 51 | 178 | 100
415 | Revision_415/get.c | U | 540 | 545 | 6 | 111618 | 52 | 180 | 80
415 | Revision_415/read.c | U | 415 | 419 | 6 | 111619 | 52 | 181 | 80
415 | Revision_415/main.c | U | 126 | 139 | 6 | 111620 | 53 | 354 | 80
415 | Revision_415/options.c | U | 394 | 399 | 6 | 111621 | 53 | 355 | 80
415 | Revision_415/routines.c | U | 236 | 243 | 6 | 111622 | 54 | 254 | 80
415 | Revision_415/routines.c | U | 246 | 253 | 6 | 111623 | 54 | 255 | 80
415 | Revision_415/routines.c | U | 287 | 294 | 8 | 111624 | 55 | 256 | 83
415 | Revision_415/routines.c | U | 297 | 304 | 8 | 111625 | 55 | 257 | 83
415 | Revision_415/readtags.c | U | 106 | 113 | 8 | 111626 | 55 | 123 | 83
415 | Revision_415/readtags.c | U | 116 | 123 | 8 | 111627 | 55 | 238 | 83
415 | Revision_415/routines.c | U | 321 | 325 | 5 | 111628 | 56 | 258 | 75
415 | Revision_415/vstring.c | U | 125 | 129 | 5 | 111629 | 56 | 188 | 75
415 | Revision_415/vstring.c | U | 118 | 122 | 5 | 111630 | 56 | 189 | 75
415 | Revision_415/routines.c | U | 328 | 334 | 6 | 111631 | 57 | 259 | 100
415 | Revision_415/routines.c | U | 337 | 343 | 6 | 111632 | 57 | 260 | 100
415 | Revision_415/routines.c | U | 348 | 355 | 8 | 111633 | 58 | 261 | 100
415 | Revision_415/routines.c | U | 360 | 367 | 8 | 111634 | 58 | 262 | 100
415 | Revision_415/sh.c | U | 88 | 93 | 6 | 111635 | 59 | 378 | 80
415 | Revision_415/asm.c | U | 348 | 353 | 6 | 111636 | 59 | 379 | 80
415 | Revision_415/beta.c | U | 136 | 143 | 6 | 111637 | 60 | 201 | 75
415 | Revision_415/beta.c | U | 207 | 215 | 6 | 111638 | 60 | 202 | 75
415 | Revision_415/beta.c | U | 154 | 158 | 5 | 111639 | 61 | 203 | 75
415 | Revision_415/beta.c | U | 274 | 278 | 5 | 111640 | 61 | 205 | 75
415 | Revision_415/beta.c | U | 167 | 171 | 5 | 111641 | 61 | 204 | 75
415 | Revision_415/beta.c | U | 160 | 164 | 5 | 111642 | 61 | 206 | 75
415 | Revision_415/beta.c | U | 280 | 284 | 5 | 111643 | 61 | 207 | 75
415 | Revision_415/sql.c | U | 418 | 424 | 6 | 111644 | 62 | 310 | 75
415 | Revision_415/fortran.c | U | 1081 | 1085 | 6 | 111645 | 62 | 312 | 75
415 | Revision_415/sql.c | U | 626 | 632 | 6 | 111646 | 62 | 298 | 75
415 | Revision_415/sql.c | U | 444 | 449 | 6 | 111647 | 63 | 313 | 100
415 | Revision_415/sql.c | U | 610 | 615 | 6 | 111648 | 63 | 299 | 100
415 | Revision_415/sql.c | U | 460 | 468 | 8 | 111649 | 64 | 313 | 71
415 | Revision_415/fortran.c | U | 1762 | 1768 | 8 | 111650 | 64 | 314 | 71
415 | Revision_415/sql.c | U | 543 | 551 | 8 | 111651 | 64 | 380 | 71
415 | Revision_415/fortran.c | U | 1422 | 1430 | 8 | 111652 | 64 | 59 | 71
415 | Revision_415/parse.c | U | 98 | 108 | 11 | 111653 | 65 | 208 | 88
415 | Revision_415/parse.c | U | 111 | 122 | 11 | 111654 | 65 | 209 | 88
415 | Revision_415/parse.c | U | 272 | 276 | 5 | 111655 | 66 | 356 | 75
415 | Revision_415/parse.c | U | 528 | 532 | 5 | 111656 | 66 | 357 | 75
415 | Revision_415/parse.c | U | 547 | 551 | 5 | 111657 | 66 | 358 | 75
415 | Revision_415/readtags.c | U | 542 | 548 | 6 | 111658 | 67 | 239 | 100
415 | Revision_415/readtags.c | U | 550 | 556 | 6 | 111659 | 67 | 240 | 100
415 | Revision_415/readtags.c | U | 585 | 589 | 6 | 111660 | 68 | 123 | 75
415 | Revision_415/readtags.c | U | 640 | 646 | 6 | 111661 | 68 | 124 | 75
415 | Revision_415/readtags.c | U | 717 | 725 | 8 | 111662 | 69 | 210 | 83
415 | Revision_415/readtags.c | U | 772 | 780 | 8 | 111663 | 69 | 211 | 83
415 | Revision_415/readtags.c | U | 728 | 736 | 8 | 111664 | 69 | 212 | 83
415 | Revision_415/readtags.c | U | 739 | 744 | 6 | 111665 | 70 | 241 | 80
415 | Revision_415/readtags.c | U | 764 | 769 | 6 | 111666 | 70 | 242 | 80
415 | Revision_415/readtags.c | U | 756 | 761 | 6 | 111667 | 70 | 287 | 80
415 | Revision_415/fortran.c | U | 1275 | 1296 | 23 | 111668 | 71 | 369 | 72
415 | Revision_415/fortran.c | U | 1795 | 1818 | 23 | 111669 | 71 | 366 | 72
415 | Revision_415/fortran.c | U | 1329 | 1335 | 7 | 111670 | 72 | 85 | 83
415 | Revision_415/fortran.c | U | 1388 | 1394 | 7 | 111671 | 72 | 84 | 83
415 | Revision_415/fortran.c | U | 1455 | 1463 | 10 | 111672 | 73 | 314 | 77
415 | Revision_415/fortran.c | U | 1494 | 1503 | 10 | 111673 | 73 | 59 | 77
415 | Revision_415/fortran.c | U | 1541 | 1547 | 8 | 111674 | 74 | 65 | 71
415 | Revision_415/fortran.c | U | 1717 | 1726 | 8 | 111675 | 74 | 221 | 71
415 | Revision_415/fortran.c | U | 1735 | 1750 | 20 | 111676 | 75 | 21 | 84
415 | Revision_415/fortran.c | U | 1952 | 1968 | 20 | 111677 | 75 | 374 | 84
415 | Revision_415/fortran.c | U | 1916 | 1935 | 17 | 111678 | 76 | 220 | 75
415 | Revision_415/fortran.c | U | 1987 | 2004 | 17 | 111679 | 76 | 221 | 75
415 | Revision_415/fortran.c | U | 2064 | 2085 | 17 | 111680 | 76 | 372 | 75
415 | Revision_415/asm.c | U | 244 | 257 | 11 | 111681 | 77 | 289 | 77
415 | Revision_415/asm.c | U | 262 | 272 | 11 | 111682 | 77 | 279 | 77
415 | Revision_415/scheme.c | U | 70 | 78 | 8 | 111683 | 78 | 222 | 71
415 | Revision_415/scheme.c | U | 85 | 93 | 8 | 111684 | 78 | 223 | 71
415 | Revision_415/options.c | U | 366 | 372 | 6 | 111685 | 79 | 224 | 100
415 | Revision_415/options.c | U | 375 | 381 | 6 | 111686 | 79 | 225 | 100
415 | Revision_415/options.c | U | 538 | 544 | 7 | 111687 | 80 | 226 | 100
415 | Revision_415/options.c | U | 547 | 553 | 7 | 111688 | 80 | 227 | 100
415 | Revision_415/options.c | U | 565 | 571 | 7 | 111689 | 80 | 228 | 100
415 | Revision_415/options.c | U | 556 | 562 | 7 | 111690 | 80 | 229 | 100
415 | Revision_415/options.c | U | 973 | 977 | 5 | 111691 | 81 | 230 | 75
415 | Revision_415/options.c | U | 999 | 1003 | 5 | 111692 | 81 | 231 | 75
415 | Revision_415/options.c | U | 1093 | 1097 | 5 | 111693 | 82 | 232 | 100
415 | Revision_415/options.c | U | 1099 | 1103 | 5 | 111694 | 82 | 233 | 100
415 | Revision_415/options.c | U | 1145 | 1157 | 12 | 111695 | 83 | 360 | 100
415 | Revision_415/options.c | U | 1162 | 1174 | 12 | 111696 | 83 | 235 | 100
415 | Revision_415/options.c | U | 1416 | 1433 | 15 | 111697 | 84 | 236 | 91
415 | Revision_415/options.c | U | 1454 | 1471 | 15 | 111698 | 84 | 237 | 91
