Revision | filePath | changeType | StartLine | EndLine | Nlines | cloneId | classId | globalCloneId | Similarity
429 | Revision_429/lisp.c | U | 91 | 97 | 7 | 115800 | 1 | 1 | 83
429 | Revision_429/lisp.c | U | 112 | 118 | 7 | 115801 | 1 | 2 | 83
429 | Revision_429/lisp.c | U | 127 | 137 | 9 | 115802 | 2 | 3 | 70
429 | Revision_429/perl.c | U | 203 | 211 | 9 | 115803 | 2 | 7 | 70
429 | Revision_429/c.c | U | 2713 | 2722 | 9 | 115804 | 2 | 12 | 70
429 | Revision_429/c.c | U | 2725 | 2740 | 9 | 115805 | 2 | 8 | 70
429 | Revision_429/c.c | U | 2743 | 2752 | 9 | 115806 | 2 | 15 | 70
429 | Revision_429/c.c | U | 2755 | 2764 | 9 | 115807 | 2 | 315 | 70
429 | Revision_429/c.c | U | 2767 | 2776 | 9 | 115808 | 2 | 330 | 70
429 | Revision_429/eiffel.c | U | 1220 | 1229 | 9 | 115809 | 2 | 9 | 70
429 | Revision_429/verilog.c | U | 324 | 333 | 9 | 115810 | 2 | 283 | 70
429 | Revision_429/fortran.c | U | 2204 | 2219 | 9 | 115811 | 2 | 21 | 70
429 | Revision_429/scheme.c | U | 99 | 109 | 9 | 115812 | 2 | 16 | 70
429 | Revision_429/awk.c | U | 71 | 79 | 9 | 115813 | 2 | 10 | 70
429 | Revision_429/sql.c | U | 676 | 685 | 9 | 115814 | 2 | 296 | 70
429 | Revision_429/lua.c | U | 123 | 131 | 9 | 115815 | 2 | 243 | 70
429 | Revision_429/pascal.c | U | 255 | 263 | 9 | 115816 | 2 | 14 | 70
429 | Revision_429/cobol.c | U | 40 | 48 | 9 | 115817 | 2 | 320 | 70
429 | Revision_429/ruby.c | U | 388 | 396 | 9 | 115818 | 2 | 19 | 70
429 | Revision_429/sh.c | U | 102 | 112 | 9 | 115819 | 2 | 17 | 70
429 | Revision_429/php.c | U | 161 | 169 | 9 | 115820 | 2 | 22 | 70
429 | Revision_429/python.c | U | 213 | 221 | 9 | 115821 | 2 | 13 | 70
429 | Revision_429/tcl.c | U | 106 | 114 | 9 | 115822 | 2 | 18 | 70
429 | Revision_429/vim.c | U | 168 | 176 | 9 | 115823 | 2 | 20 | 70
429 | Revision_429/sml.c | U | 201 | 209 | 9 | 115824 | 2 | 321 | 70
429 | Revision_429/beta.c | U | 313 | 321 | 9 | 115825 | 2 | 5 | 70
429 | Revision_429/asp.c | U | 201 | 209 | 9 | 115826 | 2 | 4 | 70
429 | Revision_429/erlang.c | U | 179 | 187 | 9 | 115827 | 2 | 340 | 70
429 | Revision_429/asm.c | U | 367 | 386 | 9 | 115828 | 2 | 274 | 70
429 | Revision_429/make.c | U | 91 | 101 | 9 | 115829 | 2 | 25 | 70
429 | Revision_429/rexx.c | U | 30 | 37 | 9 | 115830 | 2 | 26 | 70
429 | Revision_429/jscript.c | U | 31 | 38 | 9 | 115831 | 2 | 364 | 70
429 | Revision_429/slang.c | U | 34 | 41 | 9 | 115832 | 2 | 24 | 70
429 | Revision_429/yacc.c | U | 31 | 38 | 9 | 115833 | 2 | 23 | 70
429 | Revision_429/html.c | U | 40 | 47 | 9 | 115834 | 2 | 365 | 70
429 | Revision_429/keyword.c | U | 107 | 116 | 9 | 115835 | 2 | 27 | 70
429 | Revision_429/c.c | U | 2114 | 2119 | 9 | 115836 | 2 | 28 | 70
429 | Revision_429/options.c | U | 528 | 533 | 9 | 115837 | 2 | 29 | 70
429 | Revision_429/sql.c | U | 207 | 215 | 9 | 115838 | 2 | 309 | 70
429 | Revision_429/options.c | U | 621 | 627 | 9 | 115839 | 2 | 30 | 70
429 | Revision_429/fortran.c | U | 413 | 425 | 9 | 115840 | 2 | 158 | 70
429 | Revision_429/c.c | U | 2143 | 2151 | 9 | 115841 | 2 | 31 | 70
429 | Revision_429/eiffel.c | U | 1174 | 1186 | 9 | 115842 | 2 | 157 | 70
429 | Revision_429/asp.c | U | 71 | 90 | 15 | 115843 | 3 | 33 | 100
429 | Revision_429/asp.c | U | 94 | 113 | 15 | 115844 | 3 | 34 | 100
429 | Revision_429/asp.c | U | 117 | 133 | 14 | 115845 | 4 | 35 | 72
429 | Revision_429/asp.c | U | 137 | 152 | 14 | 115846 | 4 | 36 | 72
429 | Revision_429/asp.c | U | 175 | 190 | 14 | 115847 | 4 | 36 | 72
429 | Revision_429/vim.c | U | 121 | 135 | 14 | 115848 | 4 | 159 | 72
429 | Revision_429/php.c | U | 113 | 127 | 14 | 115849 | 4 | 40 | 72
429 | Revision_429/asp.c | U | 156 | 171 | 14 | 115850 | 4 | 36 | 72
429 | Revision_429/php.c | U | 92 | 110 | 14 | 115851 | 4 | 173 | 72
429 | Revision_429/vim.c | U | 95 | 110 | 14 | 115852 | 4 | 334 | 72
429 | Revision_429/vim.c | U | 143 | 162 | 14 | 115853 | 4 | 160 | 72
429 | Revision_429/vim.c | U | 114 | 136 | 14 | 115854 | 4 | 160 | 72
429 | Revision_429/args.c | U | 85 | 92 | 8 | 115855 | 5 | 43 | 100
429 | Revision_429/args.c | U | 159 | 166 | 8 | 115856 | 5 | 44 | 100
429 | Revision_429/args.c | U | 181 | 189 | 9 | 115857 | 6 | 45 | 75
429 | Revision_429/args.c | U | 202 | 210 | 9 | 115858 | 6 | 46 | 75
429 | Revision_429/args.c | U | 192 | 199 | 9 | 115859 | 6 | 47 | 75
429 | Revision_429/args.c | U | 265 | 271 | 6 | 115860 | 7 | 48 | 80
429 | Revision_429/options.c | U | 574 | 579 | 6 | 115861 | 7 | 49 | 80
429 | Revision_429/fortran.c | U | 909 | 914 | 6 | 115862 | 7 | 50 | 80
429 | Revision_429/c.c | U | 529 | 535 | 7 | 115863 | 8 | 51 | 80
429 | Revision_429/vstring.c | U | 67 | 74 | 7 | 115864 | 8 | 52 | 80
429 | Revision_429/c.c | U | 538 | 545 | 6 | 115865 | 9 | 53 | 80
429 | Revision_429/c.c | U | 548 | 555 | 6 | 115866 | 9 | 54 | 80
429 | Revision_429/c.c | U | 657 | 673 | 18 | 115867 | 10 | 55 | 72
429 | Revision_429/fortran.c | U | 1875 | 1891 | 18 | 115868 | 10 | 59 | 72
429 | Revision_429/fortran.c | U | 1139 | 1154 | 18 | 115869 | 10 | 375 | 72
429 | Revision_429/c.c | U | 1206 | 1220 | 18 | 115870 | 10 | 56 | 72
429 | Revision_429/c.c | U | 676 | 691 | 18 | 115871 | 10 | 60 | 72
429 | Revision_429/c.c | U | 1129 | 1147 | 18 | 115872 | 10 | 57 | 72
429 | Revision_429/fortran.c | U | 1116 | 1136 | 18 | 115873 | 10 | 58 | 72
429 | Revision_429/Test/local.c | U | 9 | 22 | 18 | 115874 | 10 | 384 | 72
429 | Revision_429/c.c | U | 1132 | 1145 | 18 | 115875 | 10 | 63 | 72
429 | Revision_429/fortran.c | U | 1119 | 1134 | 18 | 115876 | 10 | 58 | 72
429 | Revision_429/fortran.c | U | 1792 | 1820 | 18 | 115877 | 10 | 366 | 72
429 | Revision_429/fortran.c | U | 1878 | 1889 | 18 | 115878 | 10 | 65 | 72
429 | Revision_429/fortran.c | U | 1592 | 1629 | 18 | 115879 | 10 | 367 | 72
429 | Revision_429/c.c | U | 679 | 689 | 13 | 115880 | 11 | 57 | 75
429 | Revision_429/c.c | U | 1208 | 1219 | 13 | 115881 | 11 | 64 | 75
429 | Revision_429/c.c | U | 708 | 728 | 20 | 115882 | 12 | 72 | 72
429 | Revision_429/fortran.c | U | 1306 | 1316 | 20 | 115883 | 12 | 337 | 72
429 | Revision_429/c.c | U | 738 | 744 | 8 | 115884 | 13 | 74 | 71
429 | Revision_429/options.c | U | 467 | 474 | 8 | 115885 | 13 | 75 | 71
429 | Revision_429/c.c | U | 775 | 779 | 5 | 115886 | 14 | 76 | 75
429 | Revision_429/sql.c | U | 504 | 508 | 5 | 115887 | 14 | 297 | 75
429 | Revision_429/eiffel.c | U | 673 | 677 | 5 | 115888 | 14 | 249 | 75
429 | Revision_429/fortran.c | U | 1920 | 1924 | 5 | 115889 | 14 | 79 | 75
429 | Revision_429/c.c | U | 2040 | 2044 | 5 | 115890 | 14 | 80 | 75
429 | Revision_429/eiffel.c | U | 1011 | 1015 | 5 | 115891 | 14 | 269 | 75
429 | Revision_429/fortran.c | U | 1347 | 1351 | 5 | 115892 | 14 | 85 | 75
429 | Revision_429/c.c | U | 2566 | 2570 | 5 | 115893 | 14 | 86 | 75
429 | Revision_429/eiffel.c | U | 960 | 964 | 5 | 115894 | 14 | 269 | 75
429 | Revision_429/eiffel.c | U | 873 | 877 | 5 | 115895 | 14 | 269 | 75
429 | Revision_429/eiffel.c | U | 660 | 664 | 5 | 115896 | 14 | 250 | 75
429 | Revision_429/sql.c | U | 335 | 339 | 5 | 115897 | 14 | 300 | 75
429 | Revision_429/readtags.c | U | 144 | 148 | 5 | 115898 | 14 | 87 | 75
429 | Revision_429/eiffel.c | U | 1030 | 1034 | 5 | 115899 | 14 | 151 | 75
429 | Revision_429/ruby.c | U | 213 | 217 | 5 | 115900 | 14 | 392 | 75
429 | Revision_429/c.c | U | 2631 | 2636 | 5 | 115901 | 14 | 94 | 75
429 | Revision_429/fortran.c | U | 1344 | 1352 | 5 | 115902 | 14 | 84 | 75
429 | Revision_429/eiffel.c | U | 848 | 853 | 5 | 115903 | 14 | 151 | 75
429 | Revision_429/fortran.c | U | 1556 | 1561 | 5 | 115904 | 14 | 79 | 75
429 | Revision_429/fortran.c | U | 1215 | 1219 | 5 | 115905 | 14 | 85 | 75
429 | Revision_429/fortran.c | U | 589 | 593 | 5 | 115906 | 14 | 95 | 75
429 | Revision_429/php.c | U | 84 | 88 | 5 | 115907 | 14 | 40 | 75
429 | Revision_429/keyword.c | U | 185 | 189 | 5 | 115908 | 14 | 91 | 75
429 | Revision_429/readtags.c | U | 455 | 459 | 5 | 115909 | 14 | 90 | 75
429 | Revision_429/options.c | U | 1034 | 1038 | 5 | 115910 | 14 | 89 | 75
429 | Revision_429/strlist.c | U | 150 | 154 | 5 | 115911 | 14 | 126 | 75
429 | Revision_429/c.c | U | 2085 | 2089 | 5 | 115912 | 14 | 125 | 75
429 | Revision_429/fortran.c | U | 1728 | 1732 | 5 | 115913 | 14 | 373 | 75
429 | Revision_429/c.c | U | 2104 | 2111 | 5 | 115914 | 14 | 244 | 75
429 | Revision_429/vstring.c | U | 35 | 40 | 5 | 115915 | 14 | 98 | 75
429 | Revision_429/c.c | U | 1717 | 1721 | 5 | 115916 | 14 | 121 | 75
429 | Revision_429/c.c | U | 1726 | 1730 | 5 | 115917 | 14 | 331 | 75
429 | Revision_429/eiffel.c | U | 1066 | 1075 | 5 | 115918 | 14 | 101 | 75
429 | Revision_429/fortran.c | U | 1012 | 1016 | 5 | 115919 | 14 | 128 | 75
429 | Revision_429/options.c | U | 669 | 673 | 5 | 115920 | 14 | 127 | 75
429 | Revision_429/fortran.c | U | 1549 | 1554 | 5 | 115921 | 14 | 79 | 75
429 | Revision_429/options.c | U | 1213 | 1217 | 5 | 115922 | 14 | 129 | 75
429 | Revision_429/c.c | U | 785 | 806 | 45 | 115923 | 15 | 103 | 80
429 | Revision_429/c.c | U | 915 | 934 | 45 | 115924 | 15 | 103 | 80
429 | Revision_429/c.c | U | 809 | 829 | 45 | 115925 | 15 | 332 | 80
429 | Revision_429/c.c | U | 848 | 868 | 45 | 115926 | 15 | 316 | 80
429 | Revision_429/c.c | U | 871 | 882 | 12 | 115927 | 16 | 317 | 90
429 | Revision_429/c.c | U | 885 | 896 | 12 | 115928 | 16 | 318 | 90
429 | Revision_429/c.c | U | 1269 | 1275 | 7 | 115929 | 17 | 385 | 83
429 | Revision_429/fortran.c | U | 501 | 509 | 7 | 115930 | 17 | 112 | 83
429 | Revision_429/c.c | U | 1342 | 1349 | 7 | 115931 | 18 | 108 | 80
429 | Revision_429/c.c | U | 1351 | 1358 | 7 | 115932 | 18 | 109 | 80
429 | Revision_429/c.c | U | 1372 | 1379 | 7 | 115933 | 19 | 110 | 83
429 | Revision_429/fortran.c | U | 628 | 634 | 7 | 115934 | 19 | 112 | 83
429 | Revision_429/c.c | U | 1382 | 1389 | 7 | 115935 | 19 | 111 | 83
429 | Revision_429/c.c | U | 1420 | 1425 | 6 | 115936 | 20 | 386 | 80
429 | Revision_429/c.c | U | 1737 | 1742 | 6 | 115937 | 20 | 80 | 80
429 | Revision_429/c.c | U | 1438 | 1447 | 9 | 115938 | 21 | 294 | 71
429 | Revision_429/eiffel.c | U | 556 | 564 | 9 | 115939 | 21 | 295 | 71
429 | Revision_429/c.c | U | 1441 | 1445 | 5 | 115940 | 22 | 294 | 75
429 | Revision_429/readtags.c | U | 503 | 507 | 5 | 115941 | 22 | 90 | 75
429 | Revision_429/readtags.c | U | 680 | 684 | 5 | 115942 | 22 | 99 | 75
429 | Revision_429/c.c | U | 1781 | 1785 | 5 | 115943 | 23 | 118 | 75
429 | Revision_429/fortran.c | U | 813 | 817 | 5 | 115944 | 23 | 120 | 75
429 | Revision_429/eiffel.c | U | 419 | 423 | 5 | 115945 | 23 | 119 | 75
429 | Revision_429/c.c | U | 1928 | 1932 | 5 | 115946 | 24 | 121 | 75
429 | Revision_429/get.c | U | 593 | 597 | 5 | 115947 | 24 | 122 | 75
429 | Revision_429/fortran.c | U | 731 | 735 | 5 | 115948 | 24 | 144 | 75
429 | Revision_429/fortran.c | U | 622 | 626 | 5 | 115949 | 24 | 112 | 75
429 | Revision_429/perl.c | U | 100 | 104 | 5 | 115950 | 24 | 163 | 75
429 | Revision_429/pascal.c | U | 133 | 137 | 5 | 115951 | 24 | 164 | 75
429 | Revision_429/c.c | U | 2066 | 2073 | 9 | 115952 | 25 | 28 | 71
429 | Revision_429/eiffel.c | U | 1063 | 1076 | 9 | 115953 | 25 | 156 | 71
429 | Revision_429/c.c | U | 2372 | 2376 | 5 | 115954 | 26 | 387 | 100
429 | Revision_429/c.c | U | 2379 | 2383 | 5 | 115955 | 26 | 94 | 100
429 | Revision_429/c.c | U | 2587 | 2592 | 6 | 115956 | 27 | 94 | 80
429 | Revision_429/sql.c | U | 527 | 532 | 6 | 115957 | 27 | 301 | 80
429 | Revision_429/c.c | U | 2671 | 2680 | 9 | 115958 | 28 | 130 | 71
429 | Revision_429/fortran.c | U | 397 | 406 | 9 | 115959 | 28 | 132 | 71
429 | Revision_429/eiffel.c | U | 215 | 224 | 9 | 115960 | 28 | 131 | 71
429 | Revision_429/asm.c | U | 120 | 128 | 9 | 115961 | 28 | 288 | 71
429 | Revision_429/verilog.c | U | 107 | 117 | 9 | 115962 | 28 | 381 | 71
429 | Revision_429/sql.c | U | 195 | 204 | 9 | 115963 | 28 | 302 | 71
429 | Revision_429/eiffel.c | U | 287 | 301 | 9 | 115964 | 29 | 133 | 71
429 | Revision_429/sql.c | U | 228 | 242 | 9 | 115965 | 29 | 303 | 71
429 | Revision_429/beta.c | U | 71 | 82 | 9 | 115966 | 29 | 134 | 71
429 | Revision_429/sml.c | U | 75 | 81 | 9 | 115967 | 29 | 324 | 71
429 | Revision_429/parse.c | U | 46 | 57 | 9 | 115968 | 29 | 135 | 71
429 | Revision_429/eiffel.c | U | 289 | 299 | 9 | 115969 | 29 | 136 | 71
429 | Revision_429/eiffel.c | U | 367 | 376 | 8 | 115970 | 30 | 304 | 100
429 | Revision_429/sql.c | U | 249 | 256 | 8 | 115971 | 30 | 305 | 100
429 | Revision_429/eiffel.c | U | 382 | 407 | 23 | 115972 | 31 | 139 | 75
429 | Revision_429/fortran.c | U | 771 | 801 | 23 | 115973 | 31 | 140 | 75
429 | Revision_429/eiffel.c | U | 410 | 435 | 20 | 115974 | 32 | 141 | 94
429 | Revision_429/fortran.c | U | 804 | 829 | 20 | 115975 | 32 | 142 | 94
429 | Revision_429/eiffel.c | U | 547 | 551 | 5 | 115976 | 33 | 143 | 75
429 | Revision_429/verilog.c | U | 141 | 145 | 5 | 115977 | 33 | 383 | 75
429 | Revision_429/fortran.c | U | 991 | 995 | 5 | 115978 | 33 | 145 | 75
429 | Revision_429/fortran.c | U | 793 | 797 | 5 | 115979 | 33 | 144 | 75
429 | Revision_429/verilog.c | U | 244 | 248 | 5 | 115980 | 33 | 382 | 75
429 | Revision_429/eiffel.c | U | 572 | 584 | 11 | 115981 | 34 | 114 | 88
429 | Revision_429/sql.c | U | 278 | 289 | 11 | 115982 | 34 | 306 | 88
429 | Revision_429/eiffel.c | U | 587 | 599 | 11 | 115983 | 34 | 117 | 88
429 | Revision_429/fortran.c | U | 858 | 869 | 11 | 115984 | 34 | 116 | 88
429 | Revision_429/eiffel.c | U | 602 | 612 | 9 | 115985 | 35 | 146 | 87
429 | Revision_429/asm.c | U | 131 | 140 | 9 | 115986 | 35 | 270 | 87
429 | Revision_429/fortran.c | U | 876 | 886 | 9 | 115987 | 35 | 147 | 87
429 | Revision_429/eiffel.c | U | 771 | 818 | 13 | 115988 | 36 | 349 | 72
429 | Revision_429/fortran.c | U | 1102 | 1113 | 13 | 115989 | 36 | 350 | 72
429 | Revision_429/eiffel.c | U | 836 | 854 | 13 | 115990 | 37 | 251 | 72
429 | Revision_429/eiffel.c | U | 858 | 879 | 13 | 115991 | 37 | 252 | 72
429 | Revision_429/fortran.c | U | 1384 | 1397 | 13 | 115992 | 37 | 336 | 72
429 | Revision_429/eiffel.c | U | 1005 | 1018 | 13 | 115993 | 37 | 253 | 72
429 | Revision_429/fortran.c | U | 1638 | 1646 | 13 | 115994 | 37 | 337 | 72
429 | Revision_429/eiffel.c | U | 1110 | 1134 | 22 | 115995 | 38 | 307 | 70
429 | Revision_429/sql.c | U | 474 | 499 | 22 | 115996 | 38 | 308 | 70
429 | Revision_429/eiffel.c | U | 1189 | 1195 | 6 | 115997 | 39 | 362 | 80
429 | Revision_429/fortran.c | U | 439 | 444 | 6 | 115998 | 39 | 363 | 80
429 | Revision_429/vim.c | U | 56 | 60 | 5 | 115999 | 40 | 290 | 100
429 | Revision_429/vim.c | U | 62 | 66 | 5 | 116000 | 40 | 291 | 100
429 | Revision_429/python.c | U | 105 | 109 | 5 | 116001 | 41 | 278 | 75
429 | Revision_429/erlang.c | U | 58 | 62 | 5 | 116002 | 41 | 341 | 75
429 | Revision_429/options.c | U | 955 | 960 | 5 | 116003 | 41 | 280 | 75
429 | Revision_429/sml.c | U | 84 | 88 | 5 | 116004 | 41 | 325 | 75
429 | Revision_429/python.c | U | 113 | 122 | 9 | 116005 | 42 | 292 | 75
429 | Revision_429/erlang.c | U | 66 | 75 | 9 | 116006 | 42 | 342 | 75
429 | Revision_429/tcl.c | U | 44 | 54 | 9 | 116007 | 42 | 293 | 75
429 | Revision_429/python.c | U | 145 | 150 | 6 | 116008 | 43 | 343 | 71
429 | Revision_429/erlang.c | U | 108 | 113 | 6 | 116009 | 43 | 346 | 71
429 | Revision_429/erlang.c | U | 116 | 121 | 6 | 116010 | 43 | 344 | 71
429 | Revision_429/perl.c | U | 186 | 192 | 6 | 116011 | 43 | 389 | 71
429 | Revision_429/erlang.c | U | 97 | 105 | 6 | 116012 | 43 | 344 | 71
429 | Revision_429/main.c | U | 260 | 267 | 6 | 116013 | 43 | 377 | 71
429 | Revision_429/main.c | U | 179 | 185 | 6 | 116014 | 43 | 376 | 71
429 | Revision_429/python.c | U | 172 | 181 | 9 | 116015 | 44 | 326 | 85
429 | Revision_429/sml.c | U | 165 | 174 | 9 | 116016 | 44 | 327 | 85
429 | Revision_429/python.c | U | 201 | 206 | 6 | 116017 | 45 | 328 | 80
429 | Revision_429/sml.c | U | 189 | 194 | 6 | 116018 | 45 | 329 | 80
429 | Revision_429/sort.c | U | 123 | 128 | 5 | 116019 | 46 | 281 | 100
429 | Revision_429/sort.c | U | 131 | 136 | 5 | 116020 | 46 | 282 | 100
429 | Revision_429/strlist.c | U | 32 | 38 | 8 | 116021 | 47 | 165 | 71
429 | Revision_429/vstring.c | U | 77 | 87 | 8 | 116022 | 47 | 166 | 71
429 | Revision_429/strlist.c | U | 191 | 196 | 7 | 116023 | 48 | 168 | 83
429 | Revision_429/strlist.c | U | 200 | 206 | 7 | 116024 | 48 | 390 | 83
429 | Revision_429/pascal.c | U | 149 | 153 | 6 | 116025 | 49 | 319 | 75
429 | Revision_429/pascal.c | U | 175 | 181 | 6 | 116026 | 49 | 170 | 75
429 | Revision_429/pascal.c | U | 183 | 189 | 6 | 116027 | 49 | 171 | 75
429 | Revision_429/get.c | U | 302 | 314 | 10 | 116028 | 50 | 174 | 70
429 | Revision_429/parse.c | U | 587 | 601 | 10 | 116029 | 50 | 175 | 70
429 | Revision_429/read.c | U | 214 | 225 | 10 | 116030 | 50 | 176 | 70
429 | Revision_429/get.c | U | 466 | 477 | 10 | 116031 | 51 | 177 | 100
429 | Revision_429/get.c | U | 483 | 494 | 10 | 116032 | 51 | 178 | 100
429 | Revision_429/get.c | U | 540 | 545 | 6 | 116033 | 52 | 180 | 80
429 | Revision_429/read.c | U | 415 | 419 | 6 | 116034 | 52 | 181 | 80
429 | Revision_429/main.c | U | 126 | 139 | 6 | 116035 | 53 | 354 | 80
429 | Revision_429/options.c | U | 394 | 399 | 6 | 116036 | 53 | 355 | 80
429 | Revision_429/routines.c | U | 236 | 243 | 6 | 116037 | 54 | 254 | 80
429 | Revision_429/routines.c | U | 246 | 253 | 6 | 116038 | 54 | 255 | 80
429 | Revision_429/routines.c | U | 287 | 294 | 8 | 116039 | 55 | 256 | 83
429 | Revision_429/readtags.c | U | 106 | 113 | 8 | 116040 | 55 | 123 | 83
429 | Revision_429/readtags.c | U | 116 | 123 | 8 | 116041 | 55 | 238 | 83
429 | Revision_429/routines.c | U | 297 | 304 | 8 | 116042 | 55 | 257 | 83
429 | Revision_429/routines.c | U | 321 | 325 | 5 | 116043 | 56 | 258 | 75
429 | Revision_429/vstring.c | U | 125 | 129 | 5 | 116044 | 56 | 188 | 75
429 | Revision_429/vstring.c | U | 118 | 122 | 5 | 116045 | 56 | 189 | 75
429 | Revision_429/routines.c | U | 328 | 334 | 6 | 116046 | 57 | 259 | 100
429 | Revision_429/routines.c | U | 337 | 343 | 6 | 116047 | 57 | 260 | 100
429 | Revision_429/routines.c | U | 348 | 355 | 8 | 116048 | 58 | 261 | 100
429 | Revision_429/routines.c | U | 360 | 367 | 8 | 116049 | 58 | 262 | 100
429 | Revision_429/sh.c | U | 88 | 93 | 6 | 116050 | 59 | 378 | 80
429 | Revision_429/asm.c | U | 348 | 353 | 6 | 116051 | 59 | 379 | 80
429 | Revision_429/beta.c | U | 136 | 143 | 6 | 116052 | 60 | 201 | 75
429 | Revision_429/beta.c | U | 207 | 215 | 6 | 116053 | 60 | 202 | 75
429 | Revision_429/beta.c | U | 154 | 158 | 5 | 116054 | 61 | 203 | 75
429 | Revision_429/beta.c | U | 274 | 278 | 5 | 116055 | 61 | 205 | 75
429 | Revision_429/beta.c | U | 160 | 164 | 5 | 116056 | 61 | 204 | 75
429 | Revision_429/beta.c | U | 167 | 171 | 5 | 116057 | 61 | 206 | 75
429 | Revision_429/beta.c | U | 280 | 284 | 5 | 116058 | 61 | 207 | 75
429 | Revision_429/sql.c | U | 418 | 424 | 6 | 116059 | 62 | 310 | 75
429 | Revision_429/fortran.c | U | 1081 | 1085 | 6 | 116060 | 62 | 312 | 75
429 | Revision_429/sql.c | U | 624 | 630 | 6 | 116061 | 62 | 298 | 75
429 | Revision_429/sql.c | U | 444 | 449 | 6 | 116062 | 63 | 313 | 100
429 | Revision_429/sql.c | U | 608 | 613 | 6 | 116063 | 63 | 299 | 100
429 | Revision_429/sql.c | U | 459 | 466 | 7 | 116064 | 64 | 313 | 83
429 | Revision_429/fortran.c | U | 1762 | 1768 | 7 | 116065 | 64 | 314 | 83
429 | Revision_429/sql.c | U | 541 | 549 | 7 | 116066 | 64 | 380 | 83
429 | Revision_429/fortran.c | U | 1422 | 1430 | 7 | 116067 | 64 | 59 | 83
429 | Revision_429/parse.c | U | 99 | 109 | 11 | 116068 | 65 | 208 | 88
429 | Revision_429/parse.c | U | 112 | 123 | 11 | 116069 | 65 | 209 | 88
429 | Revision_429/parse.c | U | 300 | 304 | 5 | 116070 | 66 | 356 | 75
429 | Revision_429/parse.c | U | 557 | 561 | 5 | 116071 | 66 | 357 | 75
429 | Revision_429/parse.c | U | 576 | 580 | 5 | 116072 | 66 | 358 | 75
429 | Revision_429/readtags.c | U | 542 | 548 | 6 | 116073 | 67 | 239 | 100
429 | Revision_429/readtags.c | U | 550 | 556 | 6 | 116074 | 67 | 240 | 100
429 | Revision_429/readtags.c | U | 585 | 589 | 6 | 116075 | 68 | 123 | 75
429 | Revision_429/readtags.c | U | 640 | 646 | 6 | 116076 | 68 | 124 | 75
429 | Revision_429/readtags.c | U | 717 | 725 | 8 | 116077 | 69 | 210 | 83
429 | Revision_429/readtags.c | U | 772 | 780 | 8 | 116078 | 69 | 211 | 83
429 | Revision_429/readtags.c | U | 728 | 736 | 8 | 116079 | 69 | 212 | 83
429 | Revision_429/readtags.c | U | 739 | 744 | 6 | 116080 | 70 | 241 | 80
429 | Revision_429/readtags.c | U | 764 | 769 | 6 | 116081 | 70 | 242 | 80
429 | Revision_429/readtags.c | U | 756 | 761 | 6 | 116082 | 70 | 287 | 80
429 | Revision_429/fortran.c | U | 1275 | 1296 | 23 | 116083 | 71 | 369 | 72
429 | Revision_429/fortran.c | U | 1795 | 1818 | 23 | 116084 | 71 | 366 | 72
429 | Revision_429/fortran.c | U | 1329 | 1335 | 7 | 116085 | 72 | 85 | 83
429 | Revision_429/fortran.c | U | 1388 | 1394 | 7 | 116086 | 72 | 84 | 83
429 | Revision_429/fortran.c | U | 1455 | 1463 | 10 | 116087 | 73 | 314 | 77
429 | Revision_429/fortran.c | U | 1494 | 1503 | 10 | 116088 | 73 | 59 | 77
429 | Revision_429/fortran.c | U | 1541 | 1547 | 8 | 116089 | 74 | 65 | 71
429 | Revision_429/fortran.c | U | 1717 | 1726 | 8 | 116090 | 74 | 221 | 71
429 | Revision_429/fortran.c | U | 1735 | 1750 | 20 | 116091 | 75 | 21 | 84
429 | Revision_429/fortran.c | U | 1952 | 1968 | 20 | 116092 | 75 | 374 | 84
429 | Revision_429/fortran.c | U | 1916 | 1935 | 17 | 116093 | 76 | 220 | 75
429 | Revision_429/fortran.c | U | 1987 | 2004 | 17 | 116094 | 76 | 221 | 75
429 | Revision_429/fortran.c | U | 2064 | 2085 | 17 | 116095 | 76 | 372 | 75
429 | Revision_429/asm.c | U | 244 | 257 | 11 | 116096 | 77 | 289 | 77
429 | Revision_429/asm.c | U | 262 | 272 | 11 | 116097 | 77 | 279 | 77
429 | Revision_429/scheme.c | U | 70 | 78 | 8 | 116098 | 78 | 222 | 71
429 | Revision_429/scheme.c | U | 85 | 93 | 8 | 116099 | 78 | 223 | 71
429 | Revision_429/options.c | U | 366 | 372 | 6 | 116100 | 79 | 224 | 100
429 | Revision_429/options.c | U | 375 | 381 | 6 | 116101 | 79 | 225 | 100
429 | Revision_429/options.c | U | 538 | 544 | 7 | 116102 | 80 | 226 | 100
429 | Revision_429/options.c | U | 565 | 571 | 7 | 116103 | 80 | 227 | 100
429 | Revision_429/options.c | U | 547 | 553 | 7 | 116104 | 80 | 228 | 100
429 | Revision_429/options.c | U | 556 | 562 | 7 | 116105 | 80 | 229 | 100
429 | Revision_429/options.c | U | 974 | 978 | 5 | 116106 | 81 | 230 | 75
429 | Revision_429/options.c | U | 1000 | 1004 | 5 | 116107 | 81 | 231 | 75
429 | Revision_429/options.c | U | 1094 | 1098 | 5 | 116108 | 82 | 232 | 100
429 | Revision_429/options.c | U | 1100 | 1104 | 5 | 116109 | 82 | 233 | 100
429 | Revision_429/options.c | U | 1146 | 1158 | 12 | 116110 | 83 | 360 | 100
429 | Revision_429/options.c | U | 1163 | 1175 | 12 | 116111 | 83 | 235 | 100
429 | Revision_429/options.c | U | 1417 | 1434 | 15 | 116112 | 84 | 236 | 91
429 | Revision_429/options.c | U | 1455 | 1472 | 15 | 116113 | 84 | 237 | 91
