Revision | filePath | changeType | StartLine | EndLine | Nlines | cloneId | classId | globalCloneId | Similarity
433 | Revision_433/lisp.c | U | 91 | 97 | 7 | 117058 | 1 | 1 | 83
433 | Revision_433/lisp.c | U | 112 | 118 | 7 | 117059 | 1 | 2 | 83
433 | Revision_433/lisp.c | U | 127 | 137 | 9 | 117060 | 2 | 3 | 70
433 | Revision_433/asp.c | U | 201 | 209 | 9 | 117061 | 2 | 4 | 70
433 | Revision_433/pascal.c | U | 255 | 263 | 9 | 117062 | 2 | 14 | 70
433 | Revision_433/lua.c | U | 123 | 131 | 9 | 117063 | 2 | 243 | 70
433 | Revision_433/c.c | U | 2713 | 2722 | 9 | 117064 | 2 | 12 | 70
433 | Revision_433/c.c | U | 2725 | 2740 | 9 | 117065 | 2 | 8 | 70
433 | Revision_433/perl.c | U | 203 | 211 | 9 | 117066 | 2 | 7 | 70
433 | Revision_433/sql.c | U | 676 | 685 | 9 | 117067 | 2 | 296 | 70
433 | Revision_433/erlang.c | U | 179 | 187 | 9 | 117068 | 2 | 340 | 70
433 | Revision_433/c.c | U | 2743 | 2752 | 9 | 117069 | 2 | 15 | 70
433 | Revision_433/awk.c | U | 71 | 79 | 9 | 117070 | 2 | 10 | 70
433 | Revision_433/scheme.c | U | 99 | 109 | 9 | 117071 | 2 | 16 | 70
433 | Revision_433/c.c | U | 2755 | 2764 | 9 | 117072 | 2 | 315 | 70
433 | Revision_433/c.c | U | 2767 | 2776 | 9 | 117073 | 2 | 330 | 70
433 | Revision_433/eiffel.c | U | 1220 | 1229 | 9 | 117074 | 2 | 9 | 70
433 | Revision_433/cobol.c | U | 40 | 48 | 9 | 117075 | 2 | 320 | 70
433 | Revision_433/ruby.c | U | 388 | 396 | 9 | 117076 | 2 | 19 | 70
433 | Revision_433/sh.c | U | 102 | 112 | 9 | 117077 | 2 | 17 | 70
433 | Revision_433/php.c | U | 161 | 169 | 9 | 117078 | 2 | 22 | 70
433 | Revision_433/python.c | U | 213 | 221 | 9 | 117079 | 2 | 13 | 70
433 | Revision_433/tcl.c | U | 106 | 114 | 9 | 117080 | 2 | 18 | 70
433 | Revision_433/vim.c | U | 168 | 176 | 9 | 117081 | 2 | 20 | 70
433 | Revision_433/sml.c | U | 201 | 209 | 9 | 117082 | 2 | 321 | 70
433 | Revision_433/verilog.c | U | 324 | 333 | 9 | 117083 | 2 | 283 | 70
433 | Revision_433/beta.c | U | 313 | 321 | 9 | 117084 | 2 | 5 | 70
433 | Revision_433/fortran.c | U | 2204 | 2219 | 9 | 117085 | 2 | 21 | 70
433 | Revision_433/make.c | U | 121 | 131 | 9 | 117086 | 2 | 25 | 70
433 | Revision_433/html.c | U | 40 | 47 | 9 | 117087 | 2 | 365 | 70
433 | Revision_433/jscript.c | U | 31 | 38 | 9 | 117088 | 2 | 364 | 70
433 | Revision_433/slang.c | U | 34 | 41 | 9 | 117089 | 2 | 24 | 70
433 | Revision_433/yacc.c | U | 31 | 38 | 9 | 117090 | 2 | 23 | 70
433 | Revision_433/asm.c | U | 367 | 386 | 9 | 117091 | 2 | 274 | 70
433 | Revision_433/rexx.c | U | 30 | 37 | 9 | 117092 | 2 | 26 | 70
433 | Revision_433/keyword.c | U | 107 | 116 | 9 | 117093 | 2 | 27 | 70
433 | Revision_433/fortran.c | U | 413 | 425 | 9 | 117094 | 2 | 158 | 70
433 | Revision_433/sql.c | U | 207 | 215 | 9 | 117095 | 2 | 309 | 70
433 | Revision_433/options.c | U | 621 | 627 | 9 | 117096 | 2 | 29 | 70
433 | Revision_433/c.c | U | 2114 | 2119 | 9 | 117097 | 2 | 28 | 70
433 | Revision_433/options.c | U | 528 | 533 | 9 | 117098 | 2 | 30 | 70
433 | Revision_433/eiffel.c | U | 1174 | 1186 | 9 | 117099 | 2 | 157 | 70
433 | Revision_433/c.c | U | 2143 | 2151 | 9 | 117100 | 2 | 31 | 70
433 | Revision_433/asp.c | U | 71 | 90 | 15 | 117101 | 3 | 33 | 100
433 | Revision_433/asp.c | U | 94 | 113 | 15 | 117102 | 3 | 34 | 100
433 | Revision_433/asp.c | U | 117 | 133 | 14 | 117103 | 4 | 35 | 72
433 | Revision_433/php.c | U | 113 | 127 | 14 | 117104 | 4 | 40 | 72
433 | Revision_433/asp.c | U | 175 | 190 | 14 | 117105 | 4 | 36 | 72
433 | Revision_433/vim.c | U | 121 | 135 | 14 | 117106 | 4 | 159 | 72
433 | Revision_433/asp.c | U | 137 | 152 | 14 | 117107 | 4 | 36 | 72
433 | Revision_433/php.c | U | 92 | 110 | 14 | 117108 | 4 | 173 | 72
433 | Revision_433/asp.c | U | 156 | 171 | 14 | 117109 | 4 | 36 | 72
433 | Revision_433/vim.c | U | 95 | 110 | 14 | 117110 | 4 | 334 | 72
433 | Revision_433/vim.c | U | 143 | 162 | 14 | 117111 | 4 | 160 | 72
433 | Revision_433/vim.c | U | 114 | 136 | 14 | 117112 | 4 | 160 | 72
433 | Revision_433/args.c | U | 85 | 92 | 8 | 117113 | 5 | 43 | 100
433 | Revision_433/args.c | U | 159 | 166 | 8 | 117114 | 5 | 44 | 100
433 | Revision_433/args.c | U | 181 | 189 | 9 | 117115 | 6 | 45 | 75
433 | Revision_433/args.c | U | 202 | 210 | 9 | 117116 | 6 | 46 | 75
433 | Revision_433/args.c | U | 192 | 199 | 9 | 117117 | 6 | 47 | 75
433 | Revision_433/args.c | U | 265 | 271 | 6 | 117118 | 7 | 48 | 80
433 | Revision_433/options.c | U | 574 | 579 | 6 | 117119 | 7 | 49 | 80
433 | Revision_433/fortran.c | U | 909 | 914 | 6 | 117120 | 7 | 50 | 80
433 | Revision_433/c.c | U | 529 | 535 | 7 | 117121 | 8 | 51 | 80
433 | Revision_433/vstring.c | U | 67 | 74 | 7 | 117122 | 8 | 52 | 80
433 | Revision_433/c.c | U | 538 | 545 | 6 | 117123 | 9 | 53 | 80
433 | Revision_433/c.c | U | 548 | 555 | 6 | 117124 | 9 | 54 | 80
433 | Revision_433/c.c | U | 657 | 673 | 18 | 117125 | 10 | 55 | 72
433 | Revision_433/fortran.c | U | 1116 | 1136 | 18 | 117126 | 10 | 58 | 72
433 | Revision_433/c.c | U | 676 | 691 | 18 | 117127 | 10 | 60 | 72
433 | Revision_433/fortran.c | U | 1139 | 1154 | 18 | 117128 | 10 | 375 | 72
433 | Revision_433/c.c | U | 1206 | 1220 | 18 | 117129 | 10 | 56 | 72
433 | Revision_433/c.c | U | 1129 | 1147 | 18 | 117130 | 10 | 57 | 72
433 | Revision_433/fortran.c | U | 1875 | 1891 | 18 | 117131 | 10 | 59 | 72
433 | Revision_433/fortran.c | U | 1792 | 1820 | 18 | 117132 | 10 | 366 | 72
433 | Revision_433/Test/local.c | U | 9 | 22 | 18 | 117133 | 10 | 384 | 72
433 | Revision_433/fortran.c | U | 1119 | 1134 | 18 | 117134 | 10 | 58 | 72
433 | Revision_433/c.c | U | 1132 | 1145 | 18 | 117135 | 10 | 63 | 72
433 | Revision_433/fortran.c | U | 1592 | 1629 | 18 | 117136 | 10 | 367 | 72
433 | Revision_433/fortran.c | U | 1878 | 1889 | 18 | 117137 | 10 | 65 | 72
433 | Revision_433/c.c | U | 679 | 689 | 13 | 117138 | 11 | 57 | 75
433 | Revision_433/c.c | U | 1208 | 1219 | 13 | 117139 | 11 | 64 | 75
433 | Revision_433/c.c | U | 708 | 728 | 20 | 117140 | 12 | 72 | 72
433 | Revision_433/fortran.c | U | 1306 | 1316 | 20 | 117141 | 12 | 337 | 72
433 | Revision_433/c.c | U | 738 | 744 | 8 | 117142 | 13 | 74 | 71
433 | Revision_433/options.c | U | 467 | 474 | 8 | 117143 | 13 | 75 | 71
433 | Revision_433/c.c | U | 775 | 779 | 5 | 117144 | 14 | 76 | 75
433 | Revision_433/c.c | U | 2040 | 2044 | 5 | 117145 | 14 | 80 | 75
433 | Revision_433/eiffel.c | U | 673 | 677 | 5 | 117146 | 14 | 249 | 75
433 | Revision_433/fortran.c | U | 1920 | 1924 | 5 | 117147 | 14 | 79 | 75
433 | Revision_433/sql.c | U | 504 | 508 | 5 | 117148 | 14 | 297 | 75
433 | Revision_433/readtags.c | U | 144 | 148 | 5 | 117149 | 14 | 87 | 75
433 | Revision_433/eiffel.c | U | 660 | 664 | 5 | 117150 | 14 | 250 | 75
433 | Revision_433/sql.c | U | 335 | 339 | 5 | 117151 | 14 | 300 | 75
433 | Revision_433/c.c | U | 2566 | 2570 | 5 | 117152 | 14 | 86 | 75
433 | Revision_433/fortran.c | U | 1347 | 1351 | 5 | 117153 | 14 | 85 | 75
433 | Revision_433/eiffel.c | U | 1011 | 1015 | 5 | 117154 | 14 | 269 | 75
433 | Revision_433/eiffel.c | U | 873 | 877 | 5 | 117155 | 14 | 269 | 75
433 | Revision_433/eiffel.c | U | 960 | 964 | 5 | 117156 | 14 | 269 | 75
433 | Revision_433/c.c | U | 2104 | 2111 | 5 | 117157 | 14 | 244 | 75
433 | Revision_433/fortran.c | U | 1728 | 1732 | 5 | 117158 | 14 | 373 | 75
433 | Revision_433/vstring.c | U | 35 | 40 | 5 | 117159 | 14 | 98 | 75
433 | Revision_433/c.c | U | 1717 | 1721 | 5 | 117160 | 14 | 121 | 75
433 | Revision_433/c.c | U | 1726 | 1730 | 5 | 117161 | 14 | 331 | 75
433 | Revision_433/c.c | U | 2085 | 2089 | 5 | 117162 | 14 | 125 | 75
433 | Revision_433/strlist.c | U | 150 | 154 | 5 | 117163 | 14 | 126 | 75
433 | Revision_433/php.c | U | 84 | 88 | 5 | 117164 | 14 | 40 | 75
433 | Revision_433/ruby.c | U | 213 | 217 | 5 | 117165 | 14 | 392 | 75
433 | Revision_433/eiffel.c | U | 848 | 853 | 5 | 117166 | 14 | 151 | 75
433 | Revision_433/fortran.c | U | 589 | 593 | 5 | 117167 | 14 | 95 | 75
433 | Revision_433/fortran.c | U | 1215 | 1219 | 5 | 117168 | 14 | 85 | 75
433 | Revision_433/eiffel.c | U | 1030 | 1034 | 5 | 117169 | 14 | 151 | 75
433 | Revision_433/fortran.c | U | 1344 | 1352 | 5 | 117170 | 14 | 84 | 75
433 | Revision_433/c.c | U | 2631 | 2636 | 5 | 117171 | 14 | 94 | 75
433 | Revision_433/fortran.c | U | 1556 | 1561 | 5 | 117172 | 14 | 79 | 75
433 | Revision_433/readtags.c | U | 455 | 459 | 5 | 117173 | 14 | 90 | 75
433 | Revision_433/options.c | U | 1034 | 1038 | 5 | 117174 | 14 | 89 | 75
433 | Revision_433/keyword.c | U | 185 | 189 | 5 | 117175 | 14 | 91 | 75
433 | Revision_433/fortran.c | U | 1549 | 1554 | 5 | 117176 | 14 | 79 | 75
433 | Revision_433/options.c | U | 669 | 673 | 5 | 117177 | 14 | 127 | 75
433 | Revision_433/fortran.c | U | 1012 | 1016 | 5 | 117178 | 14 | 128 | 75
433 | Revision_433/eiffel.c | U | 1066 | 1075 | 5 | 117179 | 14 | 101 | 75
433 | Revision_433/options.c | U | 1213 | 1217 | 5 | 117180 | 14 | 129 | 75
433 | Revision_433/c.c | U | 785 | 806 | 46 | 117181 | 15 | 103 | 80
433 | Revision_433/c.c | U | 848 | 868 | 46 | 117182 | 15 | 316 | 80
433 | Revision_433/c.c | U | 915 | 934 | 46 | 117183 | 15 | 103 | 80
433 | Revision_433/c.c | U | 809 | 829 | 46 | 117184 | 15 | 332 | 80
433 | Revision_433/c.c | U | 871 | 882 | 12 | 117185 | 16 | 317 | 90
433 | Revision_433/c.c | U | 885 | 896 | 12 | 117186 | 16 | 318 | 90
433 | Revision_433/c.c | U | 1269 | 1275 | 7 | 117187 | 17 | 385 | 83
433 | Revision_433/fortran.c | U | 501 | 509 | 7 | 117188 | 17 | 112 | 83
433 | Revision_433/c.c | U | 1342 | 1349 | 7 | 117189 | 18 | 108 | 80
433 | Revision_433/c.c | U | 1351 | 1358 | 7 | 117190 | 18 | 109 | 80
433 | Revision_433/c.c | U | 1372 | 1379 | 7 | 117191 | 19 | 110 | 83
433 | Revision_433/c.c | U | 1382 | 1389 | 7 | 117192 | 19 | 111 | 83
433 | Revision_433/fortran.c | U | 628 | 634 | 7 | 117193 | 19 | 112 | 83
433 | Revision_433/c.c | U | 1420 | 1425 | 6 | 117194 | 20 | 386 | 80
433 | Revision_433/c.c | U | 1737 | 1742 | 6 | 117195 | 20 | 80 | 80
433 | Revision_433/c.c | U | 1438 | 1447 | 9 | 117196 | 21 | 294 | 71
433 | Revision_433/eiffel.c | U | 556 | 564 | 9 | 117197 | 21 | 295 | 71
433 | Revision_433/c.c | U | 1441 | 1445 | 5 | 117198 | 22 | 294 | 75
433 | Revision_433/readtags.c | U | 503 | 507 | 5 | 117199 | 22 | 90 | 75
433 | Revision_433/readtags.c | U | 680 | 684 | 5 | 117200 | 22 | 99 | 75
433 | Revision_433/c.c | U | 1781 | 1785 | 5 | 117201 | 23 | 118 | 75
433 | Revision_433/eiffel.c | U | 419 | 423 | 5 | 117202 | 23 | 119 | 75
433 | Revision_433/fortran.c | U | 813 | 817 | 5 | 117203 | 23 | 120 | 75
433 | Revision_433/c.c | U | 1928 | 1932 | 5 | 117204 | 24 | 121 | 75
433 | Revision_433/fortran.c | U | 622 | 626 | 5 | 117205 | 24 | 112 | 75
433 | Revision_433/get.c | U | 593 | 597 | 5 | 117206 | 24 | 122 | 75
433 | Revision_433/fortran.c | U | 731 | 735 | 5 | 117207 | 24 | 144 | 75
433 | Revision_433/pascal.c | U | 133 | 137 | 5 | 117208 | 24 | 164 | 75
433 | Revision_433/perl.c | U | 100 | 104 | 5 | 117209 | 24 | 163 | 75
433 | Revision_433/c.c | U | 2066 | 2073 | 9 | 117210 | 25 | 28 | 71
433 | Revision_433/eiffel.c | U | 1063 | 1076 | 9 | 117211 | 25 | 156 | 71
433 | Revision_433/c.c | U | 2372 | 2376 | 5 | 117212 | 26 | 387 | 100
433 | Revision_433/c.c | U | 2379 | 2383 | 5 | 117213 | 26 | 94 | 100
433 | Revision_433/c.c | U | 2587 | 2592 | 6 | 117214 | 27 | 94 | 80
433 | Revision_433/sql.c | U | 527 | 532 | 6 | 117215 | 27 | 301 | 80
433 | Revision_433/c.c | U | 2671 | 2680 | 9 | 117216 | 28 | 130 | 71
433 | Revision_433/verilog.c | U | 107 | 117 | 9 | 117217 | 28 | 381 | 71
433 | Revision_433/fortran.c | U | 397 | 406 | 9 | 117218 | 28 | 132 | 71
433 | Revision_433/eiffel.c | U | 215 | 224 | 9 | 117219 | 28 | 131 | 71
433 | Revision_433/asm.c | U | 120 | 128 | 9 | 117220 | 28 | 288 | 71
433 | Revision_433/sql.c | U | 195 | 204 | 9 | 117221 | 28 | 302 | 71
433 | Revision_433/eiffel.c | U | 287 | 301 | 10 | 117222 | 29 | 133 | 71
433 | Revision_433/sql.c | U | 228 | 242 | 10 | 117223 | 29 | 303 | 71
433 | Revision_433/beta.c | U | 71 | 82 | 10 | 117224 | 29 | 134 | 71
433 | Revision_433/parse.c | U | 46 | 57 | 10 | 117225 | 29 | 135 | 71
433 | Revision_433/sml.c | U | 75 | 81 | 10 | 117226 | 29 | 324 | 71
433 | Revision_433/eiffel.c | U | 289 | 299 | 10 | 117227 | 29 | 136 | 71
433 | Revision_433/eiffel.c | U | 367 | 376 | 8 | 117228 | 30 | 304 | 100
433 | Revision_433/sql.c | U | 249 | 256 | 8 | 117229 | 30 | 305 | 100
433 | Revision_433/eiffel.c | U | 382 | 407 | 23 | 117230 | 31 | 139 | 75
433 | Revision_433/fortran.c | U | 771 | 801 | 23 | 117231 | 31 | 140 | 75
433 | Revision_433/eiffel.c | U | 410 | 435 | 20 | 117232 | 32 | 141 | 94
433 | Revision_433/fortran.c | U | 804 | 829 | 20 | 117233 | 32 | 142 | 94
433 | Revision_433/eiffel.c | U | 547 | 551 | 5 | 117234 | 33 | 143 | 75
433 | Revision_433/fortran.c | U | 991 | 995 | 5 | 117235 | 33 | 145 | 75
433 | Revision_433/verilog.c | U | 244 | 248 | 5 | 117236 | 33 | 382 | 75
433 | Revision_433/verilog.c | U | 141 | 145 | 5 | 117237 | 33 | 383 | 75
433 | Revision_433/fortran.c | U | 793 | 797 | 5 | 117238 | 33 | 144 | 75
433 | Revision_433/eiffel.c | U | 572 | 584 | 11 | 117239 | 34 | 114 | 88
433 | Revision_433/sql.c | U | 278 | 289 | 11 | 117240 | 34 | 306 | 88
433 | Revision_433/fortran.c | U | 858 | 869 | 11 | 117241 | 34 | 116 | 88
433 | Revision_433/eiffel.c | U | 587 | 599 | 11 | 117242 | 34 | 117 | 88
433 | Revision_433/eiffel.c | U | 602 | 612 | 9 | 117243 | 35 | 146 | 87
433 | Revision_433/asm.c | U | 131 | 140 | 9 | 117244 | 35 | 270 | 87
433 | Revision_433/fortran.c | U | 876 | 886 | 9 | 117245 | 35 | 147 | 87
433 | Revision_433/eiffel.c | U | 771 | 818 | 13 | 117246 | 36 | 349 | 72
433 | Revision_433/fortran.c | U | 1102 | 1113 | 13 | 117247 | 36 | 350 | 72
433 | Revision_433/eiffel.c | U | 836 | 854 | 13 | 117248 | 37 | 251 | 72
433 | Revision_433/eiffel.c | U | 858 | 879 | 13 | 117249 | 37 | 252 | 72
433 | Revision_433/fortran.c | U | 1384 | 1397 | 13 | 117250 | 37 | 336 | 72
433 | Revision_433/eiffel.c | U | 1005 | 1018 | 13 | 117251 | 37 | 253 | 72
433 | Revision_433/fortran.c | U | 1638 | 1646 | 13 | 117252 | 37 | 337 | 72
433 | Revision_433/eiffel.c | U | 1110 | 1134 | 22 | 117253 | 38 | 307 | 70
433 | Revision_433/sql.c | U | 474 | 499 | 22 | 117254 | 38 | 308 | 70
433 | Revision_433/eiffel.c | U | 1189 | 1195 | 6 | 117255 | 39 | 362 | 80
433 | Revision_433/fortran.c | U | 439 | 444 | 6 | 117256 | 39 | 363 | 80
433 | Revision_433/vim.c | U | 56 | 60 | 5 | 117257 | 40 | 290 | 100
433 | Revision_433/vim.c | U | 62 | 66 | 5 | 117258 | 40 | 291 | 100
433 | Revision_433/python.c | U | 105 | 109 | 5 | 117259 | 41 | 278 | 75
433 | Revision_433/erlang.c | U | 58 | 62 | 5 | 117260 | 41 | 341 | 75
433 | Revision_433/sml.c | U | 84 | 88 | 5 | 117261 | 41 | 325 | 75
433 | Revision_433/options.c | U | 955 | 960 | 5 | 117262 | 41 | 280 | 75
433 | Revision_433/python.c | U | 113 | 122 | 9 | 117263 | 42 | 292 | 75
433 | Revision_433/erlang.c | U | 66 | 75 | 9 | 117264 | 42 | 342 | 75
433 | Revision_433/make.c | U | 46 | 55 | 9 | 117265 | 42 | 393 | 75
433 | Revision_433/tcl.c | U | 44 | 54 | 9 | 117266 | 42 | 293 | 75
433 | Revision_433/python.c | U | 145 | 150 | 6 | 117267 | 43 | 343 | 71
433 | Revision_433/erlang.c | U | 108 | 113 | 6 | 117268 | 43 | 346 | 71
433 | Revision_433/erlang.c | U | 116 | 121 | 6 | 117269 | 43 | 344 | 71
433 | Revision_433/perl.c | U | 186 | 192 | 6 | 117270 | 43 | 389 | 71
433 | Revision_433/erlang.c | U | 97 | 105 | 6 | 117271 | 43 | 344 | 71
433 | Revision_433/main.c | U | 260 | 267 | 6 | 117272 | 43 | 377 | 71
433 | Revision_433/main.c | U | 179 | 185 | 6 | 117273 | 43 | 376 | 71
433 | Revision_433/python.c | U | 172 | 181 | 9 | 117274 | 44 | 326 | 85
433 | Revision_433/sml.c | U | 165 | 174 | 9 | 117275 | 44 | 327 | 85
433 | Revision_433/python.c | U | 201 | 206 | 6 | 117276 | 45 | 328 | 80
433 | Revision_433/sml.c | U | 189 | 194 | 6 | 117277 | 45 | 329 | 80
433 | Revision_433/sort.c | U | 123 | 128 | 5 | 117278 | 46 | 281 | 100
433 | Revision_433/sort.c | U | 131 | 136 | 5 | 117279 | 46 | 282 | 100
433 | Revision_433/strlist.c | U | 32 | 38 | 8 | 117280 | 47 | 165 | 71
433 | Revision_433/vstring.c | U | 77 | 87 | 8 | 117281 | 47 | 166 | 71
433 | Revision_433/strlist.c | U | 191 | 196 | 7 | 117282 | 48 | 168 | 83
433 | Revision_433/strlist.c | U | 200 | 206 | 7 | 117283 | 48 | 390 | 83
433 | Revision_433/pascal.c | U | 149 | 153 | 6 | 117284 | 49 | 319 | 75
433 | Revision_433/pascal.c | U | 175 | 181 | 6 | 117285 | 49 | 170 | 75
433 | Revision_433/pascal.c | U | 183 | 189 | 6 | 117286 | 49 | 171 | 75
433 | Revision_433/get.c | U | 302 | 314 | 10 | 117287 | 50 | 174 | 70
433 | Revision_433/parse.c | U | 587 | 601 | 10 | 117288 | 50 | 175 | 70
433 | Revision_433/read.c | U | 214 | 225 | 10 | 117289 | 50 | 176 | 70
433 | Revision_433/get.c | U | 466 | 477 | 10 | 117290 | 51 | 177 | 100
433 | Revision_433/get.c | U | 483 | 494 | 10 | 117291 | 51 | 178 | 100
433 | Revision_433/get.c | U | 540 | 545 | 6 | 117292 | 52 | 180 | 80
433 | Revision_433/read.c | U | 415 | 419 | 6 | 117293 | 52 | 181 | 80
433 | Revision_433/main.c | U | 126 | 139 | 6 | 117294 | 53 | 354 | 80
433 | Revision_433/options.c | U | 394 | 399 | 6 | 117295 | 53 | 355 | 80
433 | Revision_433/routines.c | U | 236 | 243 | 6 | 117296 | 54 | 254 | 80
433 | Revision_433/routines.c | U | 246 | 253 | 6 | 117297 | 54 | 255 | 80
433 | Revision_433/routines.c | U | 287 | 294 | 8 | 117298 | 55 | 256 | 83
433 | Revision_433/readtags.c | U | 106 | 113 | 8 | 117299 | 55 | 123 | 83
433 | Revision_433/routines.c | U | 297 | 304 | 8 | 117300 | 55 | 257 | 83
433 | Revision_433/readtags.c | U | 116 | 123 | 8 | 117301 | 55 | 238 | 83
433 | Revision_433/routines.c | U | 321 | 325 | 5 | 117302 | 56 | 258 | 75
433 | Revision_433/vstring.c | U | 125 | 129 | 5 | 117303 | 56 | 188 | 75
433 | Revision_433/vstring.c | U | 118 | 122 | 5 | 117304 | 56 | 189 | 75
433 | Revision_433/routines.c | U | 328 | 334 | 6 | 117305 | 57 | 259 | 100
433 | Revision_433/routines.c | U | 337 | 343 | 6 | 117306 | 57 | 260 | 100
433 | Revision_433/routines.c | U | 348 | 355 | 8 | 117307 | 58 | 261 | 100
433 | Revision_433/routines.c | U | 360 | 367 | 8 | 117308 | 58 | 262 | 100
433 | Revision_433/sh.c | U | 88 | 93 | 6 | 117309 | 59 | 378 | 80
433 | Revision_433/asm.c | U | 348 | 353 | 6 | 117310 | 59 | 379 | 80
433 | Revision_433/beta.c | U | 136 | 143 | 6 | 117311 | 60 | 201 | 75
433 | Revision_433/beta.c | U | 207 | 215 | 6 | 117312 | 60 | 202 | 75
433 | Revision_433/beta.c | U | 154 | 158 | 5 | 117313 | 61 | 203 | 75
433 | Revision_433/beta.c | U | 280 | 284 | 5 | 117314 | 61 | 205 | 75
433 | Revision_433/beta.c | U | 274 | 278 | 5 | 117315 | 61 | 207 | 75
433 | Revision_433/beta.c | U | 160 | 164 | 5 | 117316 | 61 | 204 | 75
433 | Revision_433/beta.c | U | 167 | 171 | 5 | 117317 | 61 | 206 | 75
433 | Revision_433/sql.c | U | 418 | 424 | 6 | 117318 | 62 | 310 | 75
433 | Revision_433/sql.c | U | 624 | 630 | 6 | 117319 | 62 | 298 | 75
433 | Revision_433/fortran.c | U | 1081 | 1085 | 6 | 117320 | 62 | 312 | 75
433 | Revision_433/sql.c | U | 444 | 449 | 6 | 117321 | 63 | 313 | 100
433 | Revision_433/sql.c | U | 608 | 613 | 6 | 117322 | 63 | 299 | 100
433 | Revision_433/sql.c | U | 459 | 466 | 7 | 117323 | 64 | 313 | 83
433 | Revision_433/fortran.c | U | 1762 | 1768 | 7 | 117324 | 64 | 314 | 83
433 | Revision_433/sql.c | U | 541 | 549 | 7 | 117325 | 64 | 380 | 83
433 | Revision_433/fortran.c | U | 1422 | 1430 | 7 | 117326 | 64 | 59 | 83
433 | Revision_433/parse.c | U | 99 | 109 | 11 | 117327 | 65 | 208 | 88
433 | Revision_433/parse.c | U | 112 | 123 | 11 | 117328 | 65 | 209 | 88
433 | Revision_433/parse.c | U | 300 | 304 | 5 | 117329 | 66 | 356 | 75
433 | Revision_433/parse.c | U | 576 | 580 | 5 | 117330 | 66 | 357 | 75
433 | Revision_433/parse.c | U | 557 | 561 | 5 | 117331 | 66 | 358 | 75
433 | Revision_433/readtags.c | U | 542 | 548 | 6 | 117332 | 67 | 239 | 100
433 | Revision_433/readtags.c | U | 550 | 556 | 6 | 117333 | 67 | 240 | 100
433 | Revision_433/readtags.c | U | 585 | 589 | 6 | 117334 | 68 | 123 | 75
433 | Revision_433/readtags.c | U | 640 | 646 | 6 | 117335 | 68 | 124 | 75
433 | Revision_433/readtags.c | U | 717 | 725 | 8 | 117336 | 69 | 210 | 83
433 | Revision_433/readtags.c | U | 772 | 780 | 8 | 117337 | 69 | 211 | 83
433 | Revision_433/readtags.c | U | 728 | 736 | 8 | 117338 | 69 | 212 | 83
433 | Revision_433/readtags.c | U | 739 | 744 | 6 | 117339 | 70 | 241 | 80
433 | Revision_433/readtags.c | U | 764 | 769 | 6 | 117340 | 70 | 242 | 80
433 | Revision_433/readtags.c | U | 756 | 761 | 6 | 117341 | 70 | 287 | 80
433 | Revision_433/fortran.c | U | 1275 | 1296 | 23 | 117342 | 71 | 369 | 72
433 | Revision_433/fortran.c | U | 1795 | 1818 | 23 | 117343 | 71 | 366 | 72
433 | Revision_433/fortran.c | U | 1329 | 1335 | 7 | 117344 | 72 | 85 | 83
433 | Revision_433/fortran.c | U | 1388 | 1394 | 7 | 117345 | 72 | 84 | 83
433 | Revision_433/fortran.c | U | 1455 | 1463 | 10 | 117346 | 73 | 314 | 77
433 | Revision_433/fortran.c | U | 1494 | 1503 | 10 | 117347 | 73 | 59 | 77
433 | Revision_433/fortran.c | U | 1541 | 1547 | 8 | 117348 | 74 | 65 | 71
433 | Revision_433/fortran.c | U | 1717 | 1726 | 8 | 117349 | 74 | 221 | 71
433 | Revision_433/fortran.c | U | 1735 | 1750 | 20 | 117350 | 75 | 21 | 84
433 | Revision_433/fortran.c | U | 1952 | 1968 | 20 | 117351 | 75 | 374 | 84
433 | Revision_433/fortran.c | U | 1916 | 1935 | 17 | 117352 | 76 | 220 | 75
433 | Revision_433/fortran.c | U | 1987 | 2004 | 17 | 117353 | 76 | 221 | 75
433 | Revision_433/fortran.c | U | 2064 | 2085 | 17 | 117354 | 76 | 372 | 75
433 | Revision_433/asm.c | U | 244 | 257 | 11 | 117355 | 77 | 289 | 77
433 | Revision_433/asm.c | U | 262 | 272 | 11 | 117356 | 77 | 279 | 77
433 | Revision_433/scheme.c | U | 70 | 78 | 8 | 117357 | 78 | 222 | 71
433 | Revision_433/scheme.c | U | 85 | 93 | 8 | 117358 | 78 | 223 | 71
433 | Revision_433/options.c | U | 366 | 372 | 6 | 117359 | 79 | 224 | 100
433 | Revision_433/options.c | U | 375 | 381 | 6 | 117360 | 79 | 225 | 100
433 | Revision_433/options.c | U | 538 | 544 | 7 | 117361 | 80 | 226 | 100
433 | Revision_433/options.c | U | 565 | 571 | 7 | 117362 | 80 | 227 | 100
433 | Revision_433/options.c | U | 547 | 553 | 7 | 117363 | 80 | 228 | 100
433 | Revision_433/options.c | U | 556 | 562 | 7 | 117364 | 80 | 229 | 100
433 | Revision_433/options.c | U | 974 | 978 | 5 | 117365 | 81 | 230 | 75
433 | Revision_433/options.c | U | 1000 | 1004 | 5 | 117366 | 81 | 231 | 75
433 | Revision_433/options.c | U | 1094 | 1098 | 5 | 117367 | 82 | 232 | 100
433 | Revision_433/options.c | U | 1100 | 1104 | 5 | 117368 | 82 | 233 | 100
433 | Revision_433/options.c | U | 1146 | 1158 | 12 | 117369 | 83 | 360 | 100
433 | Revision_433/options.c | U | 1163 | 1175 | 12 | 117370 | 83 | 235 | 100
433 | Revision_433/options.c | U | 1417 | 1434 | 15 | 117371 | 84 | 236 | 91
433 | Revision_433/options.c | U | 1455 | 1472 | 15 | 117372 | 84 | 237 | 91
