Revision | filePath | changeType | StartLine | EndLine | Nlines | cloneId | classId | globalCloneId | Similarity
445 | Revision_445/lisp.c | U | 91 | 97 | 7 | 120954 | 1 | 1 | 83
445 | Revision_445/lisp.c | U | 112 | 118 | 7 | 120955 | 1 | 2 | 83
445 | Revision_445/lisp.c | U | 127 | 137 | 9 | 120956 | 2 | 3 | 70
445 | Revision_445/asp.c | U | 201 | 209 | 9 | 120957 | 2 | 4 | 70
445 | Revision_445/vim.c | U | 168 | 176 | 9 | 120958 | 2 | 20 | 70
445 | Revision_445/lua.c | U | 123 | 131 | 9 | 120959 | 2 | 243 | 70
445 | Revision_445/sql.c | U | 676 | 685 | 9 | 120960 | 2 | 296 | 70
445 | Revision_445/scheme.c | U | 99 | 109 | 9 | 120961 | 2 | 16 | 70
445 | Revision_445/fortran.c | U | 2203 | 2218 | 9 | 120962 | 2 | 21 | 70
445 | Revision_445/c.c | U | 2827 | 2836 | 9 | 120963 | 2 | 12 | 70
445 | Revision_445/php.c | U | 161 | 169 | 9 | 120964 | 2 | 22 | 70
445 | Revision_445/c.c | U | 2815 | 2824 | 9 | 120965 | 2 | 15 | 70
445 | Revision_445/c.c | U | 2803 | 2812 | 9 | 120966 | 2 | 315 | 70
445 | Revision_445/pascal.c | U | 256 | 264 | 9 | 120967 | 2 | 14 | 70
445 | Revision_445/perl.c | U | 203 | 211 | 9 | 120968 | 2 | 7 | 70
445 | Revision_445/python.c | U | 213 | 221 | 9 | 120969 | 2 | 13 | 70
445 | Revision_445/awk.c | U | 71 | 79 | 9 | 120970 | 2 | 10 | 70
445 | Revision_445/erlang.c | U | 179 | 187 | 9 | 120971 | 2 | 340 | 70
445 | Revision_445/tcl.c | U | 106 | 114 | 9 | 120972 | 2 | 18 | 70
445 | Revision_445/sh.c | U | 103 | 113 | 9 | 120973 | 2 | 17 | 70
445 | Revision_445/beta.c | U | 310 | 318 | 9 | 120974 | 2 | 5 | 70
445 | Revision_445/verilog.c | U | 324 | 333 | 9 | 120975 | 2 | 283 | 70
445 | Revision_445/eiffel.c | U | 1220 | 1229 | 9 | 120976 | 2 | 9 | 70
445 | Revision_445/cobol.c | U | 40 | 48 | 9 | 120977 | 2 | 320 | 70
445 | Revision_445/ruby.c | U | 388 | 396 | 9 | 120978 | 2 | 19 | 70
445 | Revision_445/c.c | U | 2773 | 2782 | 9 | 120979 | 2 | 330 | 70
445 | Revision_445/sml.c | U | 201 | 209 | 9 | 120980 | 2 | 321 | 70
445 | Revision_445/c.c | U | 2785 | 2800 | 9 | 120981 | 2 | 8 | 70
445 | Revision_445/make.c | U | 199 | 209 | 9 | 120982 | 2 | 25 | 70
445 | Revision_445/html.c | U | 40 | 47 | 9 | 120983 | 2 | 365 | 70
445 | Revision_445/jscript.c | U | 31 | 38 | 9 | 120984 | 2 | 364 | 70
445 | Revision_445/yacc.c | U | 31 | 38 | 9 | 120985 | 2 | 23 | 70
445 | Revision_445/slang.c | U | 34 | 41 | 9 | 120986 | 2 | 24 | 70
445 | Revision_445/asm.c | U | 367 | 386 | 9 | 120987 | 2 | 274 | 70
445 | Revision_445/rexx.c | U | 30 | 37 | 9 | 120988 | 2 | 26 | 70
445 | Revision_445/keyword.c | U | 107 | 116 | 9 | 120989 | 2 | 27 | 70
445 | Revision_445/options.c | U | 624 | 630 | 9 | 120990 | 2 | 29 | 70
445 | Revision_445/sql.c | U | 207 | 215 | 9 | 120991 | 2 | 309 | 70
445 | Revision_445/fortran.c | U | 413 | 425 | 9 | 120992 | 2 | 158 | 70
445 | Revision_445/options.c | U | 531 | 536 | 9 | 120993 | 2 | 30 | 70
445 | Revision_445/c.c | U | 2163 | 2168 | 9 | 120994 | 2 | 28 | 70
445 | Revision_445/c.c | U | 2192 | 2200 | 9 | 120995 | 2 | 31 | 70
445 | Revision_445/eiffel.c | U | 1174 | 1186 | 9 | 120996 | 2 | 157 | 70
445 | Revision_445/asp.c | U | 71 | 90 | 15 | 120997 | 3 | 33 | 100
445 | Revision_445/asp.c | U | 94 | 113 | 15 | 120998 | 3 | 34 | 100
445 | Revision_445/asp.c | U | 117 | 133 | 14 | 120999 | 4 | 35 | 72
445 | Revision_445/php.c | U | 92 | 110 | 14 | 121000 | 4 | 40 | 72
445 | Revision_445/asp.c | U | 137 | 152 | 14 | 121001 | 4 | 36 | 72
445 | Revision_445/asp.c | U | 156 | 171 | 14 | 121002 | 4 | 36 | 72
445 | Revision_445/asp.c | U | 175 | 190 | 14 | 121003 | 4 | 36 | 72
445 | Revision_445/vim.c | U | 121 | 135 | 14 | 121004 | 4 | 159 | 72
445 | Revision_445/php.c | U | 113 | 127 | 14 | 121005 | 4 | 173 | 72
445 | Revision_445/vim.c | U | 95 | 110 | 14 | 121006 | 4 | 334 | 72
445 | Revision_445/vim.c | U | 143 | 162 | 14 | 121007 | 4 | 160 | 72
445 | Revision_445/vim.c | U | 114 | 136 | 14 | 121008 | 4 | 160 | 72
445 | Revision_445/args.c | U | 85 | 92 | 8 | 121009 | 5 | 43 | 100
445 | Revision_445/args.c | U | 159 | 166 | 8 | 121010 | 5 | 44 | 100
445 | Revision_445/args.c | U | 181 | 189 | 9 | 121011 | 6 | 45 | 75
445 | Revision_445/args.c | U | 192 | 199 | 9 | 121012 | 6 | 46 | 75
445 | Revision_445/args.c | U | 202 | 210 | 9 | 121013 | 6 | 47 | 75
445 | Revision_445/args.c | U | 265 | 271 | 6 | 121014 | 7 | 48 | 80
445 | Revision_445/options.c | U | 577 | 582 | 6 | 121015 | 7 | 49 | 80
445 | Revision_445/fortran.c | U | 908 | 913 | 6 | 121016 | 7 | 50 | 80
445 | Revision_445/c.c | U | 534 | 540 | 7 | 121017 | 8 | 51 | 80
445 | Revision_445/vstring.c | U | 67 | 74 | 7 | 121018 | 8 | 52 | 80
445 | Revision_445/c.c | U | 543 | 550 | 6 | 121019 | 9 | 53 | 80
445 | Revision_445/c.c | U | 553 | 560 | 6 | 121020 | 9 | 54 | 80
445 | Revision_445/c.c | U | 662 | 678 | 17 | 121021 | 10 | 55 | 72
445 | Revision_445/c.c | U | 1161 | 1179 | 17 | 121022 | 10 | 60 | 72
445 | Revision_445/fortran.c | U | 1115 | 1135 | 17 | 121023 | 10 | 58 | 72
445 | Revision_445/fortran.c | U | 1138 | 1153 | 17 | 121024 | 10 | 375 | 72
445 | Revision_445/fortran.c | U | 1874 | 1890 | 17 | 121025 | 10 | 59 | 72
445 | Revision_445/c.c | U | 681 | 696 | 17 | 121026 | 10 | 57 | 72
445 | Revision_445/c.c | U | 1238 | 1252 | 17 | 121027 | 10 | 56 | 72
445 | Revision_445/fortran.c | U | 1791 | 1819 | 17 | 121028 | 10 | 366 | 72
445 | Revision_445/Test/local.c | U | 9 | 22 | 17 | 121029 | 10 | 384 | 72
445 | Revision_445/c.c | U | 1164 | 1177 | 17 | 121030 | 10 | 63 | 72
445 | Revision_445/fortran.c | U | 1118 | 1133 | 17 | 121031 | 10 | 58 | 72
445 | Revision_445/fortran.c | U | 1591 | 1628 | 17 | 121032 | 10 | 367 | 72
445 | Revision_445/fortran.c | U | 1877 | 1888 | 17 | 121033 | 10 | 65 | 72
445 | Revision_445/c.c | U | 684 | 694 | 13 | 121034 | 11 | 57 | 75
445 | Revision_445/c.c | U | 1240 | 1251 | 13 | 121035 | 11 | 64 | 75
445 | Revision_445/c.c | U | 714 | 734 | 20 | 121036 | 12 | 72 | 72
445 | Revision_445/fortran.c | U | 1305 | 1315 | 20 | 121037 | 12 | 337 | 72
445 | Revision_445/c.c | U | 744 | 750 | 8 | 121038 | 13 | 74 | 71
445 | Revision_445/options.c | U | 470 | 477 | 8 | 121039 | 13 | 75 | 71
445 | Revision_445/c.c | U | 785 | 789 | 5 | 121040 | 14 | 76 | 75
445 | Revision_445/sql.c | U | 504 | 508 | 5 | 121041 | 14 | 297 | 75
445 | Revision_445/c.c | U | 2087 | 2091 | 5 | 121042 | 14 | 80 | 75
445 | Revision_445/eiffel.c | U | 673 | 677 | 5 | 121043 | 14 | 249 | 75
445 | Revision_445/fortran.c | U | 1919 | 1923 | 5 | 121044 | 14 | 79 | 75
445 | Revision_445/eiffel.c | U | 873 | 877 | 5 | 121045 | 14 | 269 | 75
445 | Revision_445/eiffel.c | U | 1011 | 1015 | 5 | 121046 | 14 | 269 | 75
445 | Revision_445/eiffel.c | U | 960 | 964 | 5 | 121047 | 14 | 269 | 75
445 | Revision_445/fortran.c | U | 1346 | 1350 | 5 | 121048 | 14 | 85 | 75
445 | Revision_445/readtags.c | U | 144 | 148 | 5 | 121049 | 14 | 87 | 75
445 | Revision_445/sql.c | U | 335 | 339 | 5 | 121050 | 14 | 300 | 75
445 | Revision_445/eiffel.c | U | 660 | 664 | 5 | 121051 | 14 | 250 | 75
445 | Revision_445/ruby.c | U | 213 | 217 | 5 | 121052 | 14 | 392 | 75
445 | Revision_445/php.c | U | 84 | 88 | 5 | 121053 | 14 | 40 | 75
445 | Revision_445/fortran.c | U | 589 | 593 | 5 | 121054 | 14 | 95 | 75
445 | Revision_445/eiffel.c | U | 1030 | 1034 | 5 | 121055 | 14 | 151 | 75
445 | Revision_445/c.c | U | 2691 | 2696 | 5 | 121056 | 14 | 94 | 75
445 | Revision_445/fortran.c | U | 1214 | 1218 | 5 | 121057 | 14 | 85 | 75
445 | Revision_445/fortran.c | U | 1343 | 1351 | 5 | 121058 | 14 | 84 | 75
445 | Revision_445/fortran.c | U | 1555 | 1560 | 5 | 121059 | 14 | 79 | 75
445 | Revision_445/eiffel.c | U | 848 | 853 | 5 | 121060 | 14 | 151 | 75
445 | Revision_445/options.c | U | 1039 | 1043 | 5 | 121061 | 14 | 89 | 75
445 | Revision_445/readtags.c | U | 455 | 459 | 5 | 121062 | 14 | 90 | 75
445 | Revision_445/keyword.c | U | 185 | 189 | 5 | 121063 | 14 | 91 | 75
445 | Revision_445/c.c | U | 1749 | 1753 | 5 | 121064 | 14 | 121 | 75
445 | Revision_445/vstring.c | U | 35 | 40 | 5 | 121065 | 14 | 98 | 75
445 | Revision_445/c.c | U | 2153 | 2160 | 5 | 121066 | 14 | 244 | 75
445 | Revision_445/fortran.c | U | 1727 | 1731 | 5 | 121067 | 14 | 373 | 75
445 | Revision_445/c.c | U | 1758 | 1762 | 5 | 121068 | 14 | 331 | 75
445 | Revision_445/strlist.c | U | 150 | 154 | 5 | 121069 | 14 | 126 | 75
445 | Revision_445/c.c | U | 2134 | 2138 | 5 | 121070 | 14 | 125 | 75
445 | Revision_445/eiffel.c | U | 1066 | 1075 | 5 | 121071 | 14 | 101 | 75
445 | Revision_445/fortran.c | U | 1548 | 1553 | 5 | 121072 | 14 | 79 | 75
445 | Revision_445/fortran.c | U | 1011 | 1015 | 5 | 121073 | 14 | 128 | 75
445 | Revision_445/options.c | U | 672 | 676 | 5 | 121074 | 14 | 127 | 75
445 | Revision_445/options.c | U | 1218 | 1222 | 5 | 121075 | 14 | 129 | 75
445 | Revision_445/c.c | U | 795 | 816 | 46 | 121076 | 15 | 103 | 80
445 | Revision_445/c.c | U | 819 | 839 | 46 | 121077 | 15 | 332 | 80
445 | Revision_445/c.c | U | 925 | 944 | 46 | 121078 | 15 | 103 | 80
445 | Revision_445/c.c | U | 858 | 878 | 46 | 121079 | 15 | 316 | 80
445 | Revision_445/c.c | U | 881 | 892 | 12 | 121080 | 16 | 317 | 90
445 | Revision_445/c.c | U | 895 | 906 | 12 | 121081 | 16 | 318 | 90
445 | Revision_445/c.c | U | 1046 | 1051 | 6 | 121082 | 17 | 407 | 80
445 | Revision_445/sql.c | U | 608 | 613 | 6 | 121083 | 17 | 313 | 80
445 | Revision_445/sql.c | U | 444 | 449 | 6 | 121084 | 17 | 299 | 80
445 | Revision_445/c.c | U | 1301 | 1307 | 7 | 121085 | 18 | 385 | 71
445 | Revision_445/fortran.c | U | 501 | 509 | 7 | 121086 | 18 | 112 | 71
445 | Revision_445/make.c | U | 63 | 69 | 7 | 121087 | 18 | 394 | 71
445 | Revision_445/make.c | U | 53 | 60 | 7 | 121088 | 18 | 395 | 71
445 | Revision_445/c.c | U | 1374 | 1381 | 7 | 121089 | 19 | 108 | 80
445 | Revision_445/c.c | U | 1383 | 1390 | 7 | 121090 | 19 | 109 | 80
445 | Revision_445/c.c | U | 1404 | 1411 | 7 | 121091 | 20 | 110 | 71
445 | Revision_445/fortran.c | U | 628 | 634 | 7 | 121092 | 20 | 112 | 71
445 | Revision_445/c.c | U | 2125 | 2132 | 7 | 121093 | 20 | 111 | 71
445 | Revision_445/c.c | U | 1414 | 1421 | 7 | 121094 | 20 | 405 | 71
445 | Revision_445/sql.c | U | 370 | 377 | 7 | 121095 | 20 | 406 | 71
445 | Revision_445/c.c | U | 1452 | 1457 | 6 | 121096 | 21 | 386 | 80
445 | Revision_445/c.c | U | 1769 | 1774 | 6 | 121097 | 21 | 80 | 80
445 | Revision_445/c.c | U | 1470 | 1479 | 9 | 121098 | 22 | 294 | 71
445 | Revision_445/eiffel.c | U | 556 | 564 | 9 | 121099 | 22 | 295 | 71
445 | Revision_445/c.c | U | 1473 | 1477 | 5 | 121100 | 23 | 294 | 75
445 | Revision_445/readtags.c | U | 503 | 507 | 5 | 121101 | 23 | 90 | 75
445 | Revision_445/readtags.c | U | 680 | 684 | 5 | 121102 | 23 | 99 | 75
445 | Revision_445/c.c | U | 1487 | 1500 | 10 | 121103 | 24 | 396 | 75
445 | Revision_445/make.c | U | 77 | 87 | 10 | 121104 | 24 | 397 | 75
445 | Revision_445/fortran.c | U | 857 | 868 | 10 | 121105 | 24 | 116 | 75
445 | Revision_445/verilog.c | U | 205 | 218 | 10 | 121106 | 24 | 398 | 75
445 | Revision_445/eiffel.c | U | 587 | 599 | 10 | 121107 | 24 | 114 | 75
445 | Revision_445/sql.c | U | 278 | 289 | 10 | 121108 | 24 | 306 | 75
445 | Revision_445/eiffel.c | U | 572 | 584 | 10 | 121109 | 24 | 117 | 75
445 | Revision_445/c.c | U | 1813 | 1817 | 5 | 121110 | 25 | 118 | 75
445 | Revision_445/eiffel.c | U | 419 | 423 | 5 | 121111 | 25 | 119 | 75
445 | Revision_445/fortran.c | U | 812 | 816 | 5 | 121112 | 25 | 120 | 75
445 | Revision_445/c.c | U | 1959 | 1963 | 5 | 121113 | 26 | 121 | 75
445 | Revision_445/get.c | U | 591 | 595 | 5 | 121114 | 26 | 122 | 75
445 | Revision_445/fortran.c | U | 731 | 735 | 5 | 121115 | 26 | 144 | 75
445 | Revision_445/fortran.c | U | 622 | 626 | 5 | 121116 | 26 | 112 | 75
445 | Revision_445/perl.c | U | 100 | 104 | 5 | 121117 | 26 | 163 | 75
445 | Revision_445/pascal.c | U | 134 | 138 | 5 | 121118 | 26 | 164 | 75
445 | Revision_445/c.c | U | 2113 | 2120 | 9 | 121119 | 27 | 28 | 71
445 | Revision_445/eiffel.c | U | 1063 | 1076 | 9 | 121120 | 27 | 156 | 71
445 | Revision_445/c.c | U | 2421 | 2425 | 5 | 121121 | 28 | 387 | 100
445 | Revision_445/c.c | U | 2428 | 2432 | 5 | 121122 | 28 | 94 | 100
445 | Revision_445/c.c | U | 2647 | 2652 | 6 | 121123 | 29 | 94 | 80
445 | Revision_445/sql.c | U | 527 | 532 | 6 | 121124 | 29 | 301 | 80
445 | Revision_445/c.c | U | 2731 | 2740 | 9 | 121125 | 30 | 130 | 71
445 | Revision_445/verilog.c | U | 107 | 117 | 9 | 121126 | 30 | 381 | 71
445 | Revision_445/asm.c | U | 120 | 128 | 9 | 121127 | 30 | 288 | 71
445 | Revision_445/fortran.c | U | 397 | 406 | 9 | 121128 | 30 | 132 | 71
445 | Revision_445/eiffel.c | U | 215 | 224 | 9 | 121129 | 30 | 131 | 71
445 | Revision_445/sql.c | U | 195 | 204 | 9 | 121130 | 30 | 302 | 71
445 | Revision_445/eiffel.c | U | 287 | 301 | 9 | 121131 | 31 | 133 | 71
445 | Revision_445/beta.c | U | 71 | 80 | 9 | 121132 | 31 | 134 | 71
445 | Revision_445/sql.c | U | 228 | 242 | 9 | 121133 | 31 | 303 | 71
445 | Revision_445/sml.c | U | 75 | 81 | 9 | 121134 | 31 | 324 | 71
445 | Revision_445/parse.c | U | 46 | 57 | 9 | 121135 | 31 | 135 | 71
445 | Revision_445/eiffel.c | U | 289 | 299 | 9 | 121136 | 31 | 136 | 71
445 | Revision_445/eiffel.c | U | 367 | 376 | 8 | 121137 | 32 | 304 | 100
445 | Revision_445/sql.c | U | 249 | 256 | 8 | 121138 | 32 | 305 | 100
445 | Revision_445/eiffel.c | U | 382 | 407 | 23 | 121139 | 33 | 139 | 75
445 | Revision_445/fortran.c | U | 770 | 800 | 23 | 121140 | 33 | 140 | 75
445 | Revision_445/eiffel.c | U | 410 | 435 | 20 | 121141 | 34 | 141 | 94
445 | Revision_445/fortran.c | U | 803 | 828 | 20 | 121142 | 34 | 142 | 94
445 | Revision_445/eiffel.c | U | 547 | 551 | 5 | 121143 | 35 | 143 | 75
445 | Revision_445/verilog.c | U | 141 | 145 | 5 | 121144 | 35 | 383 | 75
445 | Revision_445/verilog.c | U | 244 | 248 | 5 | 121145 | 35 | 382 | 75
445 | Revision_445/fortran.c | U | 792 | 796 | 5 | 121146 | 35 | 144 | 75
445 | Revision_445/fortran.c | U | 990 | 994 | 5 | 121147 | 35 | 145 | 75
445 | Revision_445/eiffel.c | U | 602 | 612 | 9 | 121148 | 36 | 146 | 87
445 | Revision_445/fortran.c | U | 875 | 885 | 9 | 121149 | 36 | 147 | 87
445 | Revision_445/asm.c | U | 131 | 140 | 9 | 121150 | 36 | 270 | 87
445 | Revision_445/eiffel.c | U | 771 | 818 | 13 | 121151 | 37 | 349 | 72
445 | Revision_445/fortran.c | U | 1101 | 1112 | 13 | 121152 | 37 | 350 | 72
445 | Revision_445/eiffel.c | U | 836 | 854 | 13 | 121153 | 38 | 251 | 72
445 | Revision_445/eiffel.c | U | 858 | 879 | 13 | 121154 | 38 | 252 | 72
445 | Revision_445/fortran.c | U | 1383 | 1396 | 13 | 121155 | 38 | 336 | 72
445 | Revision_445/eiffel.c | U | 1005 | 1018 | 13 | 121156 | 38 | 253 | 72
445 | Revision_445/fortran.c | U | 1637 | 1645 | 13 | 121157 | 38 | 337 | 72
445 | Revision_445/eiffel.c | U | 1110 | 1134 | 22 | 121158 | 39 | 307 | 70
445 | Revision_445/sql.c | U | 474 | 499 | 22 | 121159 | 39 | 308 | 70
445 | Revision_445/eiffel.c | U | 1189 | 1195 | 6 | 121160 | 40 | 362 | 80
445 | Revision_445/fortran.c | U | 439 | 444 | 6 | 121161 | 40 | 363 | 80
445 | Revision_445/verilog.c | U | 193 | 199 | 8 | 121162 | 41 | 399 | 75
445 | Revision_445/make.c | U | 97 | 105 | 8 | 121163 | 41 | 400 | 75
445 | Revision_445/verilog.c | U | 281 | 285 | 5 | 121164 | 42 | 401 | 75
445 | Revision_445/make.c | U | 44 | 48 | 5 | 121165 | 42 | 402 | 75
445 | Revision_445/vim.c | U | 56 | 60 | 5 | 121166 | 43 | 290 | 100
445 | Revision_445/vim.c | U | 62 | 66 | 5 | 121167 | 43 | 291 | 100
445 | Revision_445/python.c | U | 105 | 109 | 5 | 121168 | 44 | 278 | 75
445 | Revision_445/erlang.c | U | 58 | 62 | 5 | 121169 | 44 | 341 | 75
445 | Revision_445/sml.c | U | 84 | 88 | 5 | 121170 | 44 | 325 | 75
445 | Revision_445/options.c | U | 960 | 965 | 5 | 121171 | 44 | 280 | 75
445 | Revision_445/python.c | U | 113 | 122 | 9 | 121172 | 45 | 292 | 75
445 | Revision_445/tcl.c | U | 44 | 54 | 9 | 121173 | 45 | 293 | 75
445 | Revision_445/erlang.c | U | 66 | 75 | 9 | 121174 | 45 | 342 | 75
445 | Revision_445/python.c | U | 145 | 150 | 6 | 121175 | 46 | 343 | 71
445 | Revision_445/erlang.c | U | 116 | 121 | 6 | 121176 | 46 | 346 | 71
445 | Revision_445/erlang.c | U | 108 | 113 | 6 | 121177 | 46 | 344 | 71
445 | Revision_445/erlang.c | U | 97 | 105 | 6 | 121178 | 46 | 344 | 71
445 | Revision_445/perl.c | U | 186 | 192 | 6 | 121179 | 46 | 389 | 71
445 | Revision_445/main.c | U | 179 | 185 | 6 | 121180 | 46 | 376 | 71
445 | Revision_445/main.c | U | 260 | 267 | 6 | 121181 | 46 | 377 | 71
445 | Revision_445/python.c | U | 172 | 181 | 9 | 121182 | 47 | 326 | 85
445 | Revision_445/sml.c | U | 165 | 174 | 9 | 121183 | 47 | 327 | 85
445 | Revision_445/python.c | U | 201 | 206 | 6 | 121184 | 48 | 328 | 80
445 | Revision_445/sml.c | U | 189 | 194 | 6 | 121185 | 48 | 329 | 80
445 | Revision_445/sort.c | U | 122 | 127 | 5 | 121186 | 49 | 281 | 100
445 | Revision_445/sort.c | U | 130 | 135 | 5 | 121187 | 49 | 282 | 100
445 | Revision_445/strlist.c | U | 32 | 38 | 8 | 121188 | 50 | 165 | 71
445 | Revision_445/vstring.c | U | 77 | 87 | 8 | 121189 | 50 | 166 | 71
445 | Revision_445/strlist.c | U | 191 | 196 | 7 | 121190 | 51 | 168 | 83
445 | Revision_445/strlist.c | U | 200 | 206 | 7 | 121191 | 51 | 390 | 83
445 | Revision_445/pascal.c | U | 150 | 154 | 6 | 121192 | 52 | 319 | 75
445 | Revision_445/pascal.c | U | 176 | 182 | 6 | 121193 | 52 | 170 | 75
445 | Revision_445/pascal.c | U | 184 | 190 | 6 | 121194 | 52 | 171 | 75
445 | Revision_445/get.c | U | 302 | 311 | 10 | 121195 | 53 | 174 | 70
445 | Revision_445/read.c | U | 214 | 225 | 10 | 121196 | 53 | 176 | 70
445 | Revision_445/parse.c | U | 587 | 601 | 10 | 121197 | 53 | 175 | 70
445 | Revision_445/get.c | U | 464 | 475 | 10 | 121198 | 54 | 177 | 100
445 | Revision_445/get.c | U | 481 | 492 | 10 | 121199 | 54 | 178 | 100
445 | Revision_445/get.c | U | 538 | 543 | 6 | 121200 | 55 | 180 | 80
445 | Revision_445/read.c | U | 415 | 419 | 6 | 121201 | 55 | 181 | 80
445 | Revision_445/make.c | U | 185 | 189 | 5 | 121202 | 56 | 403 | 75
445 | Revision_445/sql.c | U | 660 | 664 | 5 | 121203 | 56 | 404 | 75
445 | Revision_445/main.c | U | 126 | 139 | 6 | 121204 | 57 | 354 | 80
445 | Revision_445/options.c | U | 397 | 402 | 6 | 121205 | 57 | 355 | 80
445 | Revision_445/routines.c | U | 236 | 243 | 6 | 121206 | 58 | 254 | 80
445 | Revision_445/routines.c | U | 246 | 253 | 6 | 121207 | 58 | 255 | 80
445 | Revision_445/routines.c | U | 287 | 294 | 8 | 121208 | 59 | 256 | 83
445 | Revision_445/readtags.c | U | 106 | 113 | 8 | 121209 | 59 | 123 | 83
445 | Revision_445/readtags.c | U | 116 | 123 | 8 | 121210 | 59 | 238 | 83
445 | Revision_445/routines.c | U | 297 | 304 | 8 | 121211 | 59 | 257 | 83
445 | Revision_445/routines.c | U | 321 | 325 | 5 | 121212 | 60 | 258 | 75
445 | Revision_445/vstring.c | U | 125 | 129 | 5 | 121213 | 60 | 188 | 75
445 | Revision_445/vstring.c | U | 118 | 122 | 5 | 121214 | 60 | 189 | 75
445 | Revision_445/routines.c | U | 328 | 334 | 6 | 121215 | 61 | 259 | 100
445 | Revision_445/routines.c | U | 337 | 343 | 6 | 121216 | 61 | 260 | 100
445 | Revision_445/routines.c | U | 348 | 355 | 8 | 121217 | 62 | 261 | 100
445 | Revision_445/routines.c | U | 360 | 367 | 8 | 121218 | 62 | 262 | 100
445 | Revision_445/sh.c | U | 89 | 94 | 6 | 121219 | 63 | 378 | 80
445 | Revision_445/asm.c | U | 348 | 353 | 6 | 121220 | 63 | 379 | 80
445 | Revision_445/beta.c | U | 134 | 141 | 6 | 121221 | 64 | 201 | 75
445 | Revision_445/beta.c | U | 204 | 212 | 6 | 121222 | 64 | 202 | 75
445 | Revision_445/beta.c | U | 152 | 156 | 5 | 121223 | 65 | 203 | 75
445 | Revision_445/beta.c | U | 158 | 162 | 5 | 121224 | 65 | 204 | 75
445 | Revision_445/beta.c | U | 277 | 281 | 5 | 121225 | 65 | 205 | 75
445 | Revision_445/beta.c | U | 165 | 169 | 5 | 121226 | 65 | 206 | 75
445 | Revision_445/beta.c | U | 271 | 275 | 5 | 121227 | 65 | 207 | 75
445 | Revision_445/sql.c | U | 418 | 424 | 6 | 121228 | 66 | 310 | 75
445 | Revision_445/sql.c | U | 624 | 630 | 6 | 121229 | 66 | 298 | 75
445 | Revision_445/fortran.c | U | 1080 | 1084 | 6 | 121230 | 66 | 312 | 75
445 | Revision_445/sql.c | U | 459 | 466 | 7 | 121231 | 67 | 313 | 83
445 | Revision_445/fortran.c | U | 1761 | 1767 | 7 | 121232 | 67 | 314 | 83
445 | Revision_445/sql.c | U | 541 | 549 | 7 | 121233 | 67 | 380 | 83
445 | Revision_445/fortran.c | U | 1421 | 1429 | 7 | 121234 | 67 | 59 | 83
445 | Revision_445/parse.c | U | 99 | 109 | 11 | 121235 | 68 | 208 | 88
445 | Revision_445/parse.c | U | 112 | 123 | 11 | 121236 | 68 | 209 | 88
445 | Revision_445/parse.c | U | 300 | 304 | 5 | 121237 | 69 | 356 | 75
445 | Revision_445/parse.c | U | 557 | 561 | 5 | 121238 | 69 | 357 | 75
445 | Revision_445/parse.c | U | 576 | 580 | 5 | 121239 | 69 | 358 | 75
445 | Revision_445/readtags.c | U | 542 | 548 | 6 | 121240 | 70 | 239 | 100
445 | Revision_445/readtags.c | U | 550 | 556 | 6 | 121241 | 70 | 240 | 100
445 | Revision_445/readtags.c | U | 585 | 589 | 6 | 121242 | 71 | 123 | 75
445 | Revision_445/readtags.c | U | 640 | 646 | 6 | 121243 | 71 | 124 | 75
445 | Revision_445/readtags.c | U | 717 | 725 | 8 | 121244 | 72 | 210 | 83
445 | Revision_445/readtags.c | U | 772 | 780 | 8 | 121245 | 72 | 211 | 83
445 | Revision_445/readtags.c | U | 728 | 736 | 8 | 121246 | 72 | 212 | 83
445 | Revision_445/readtags.c | U | 739 | 744 | 6 | 121247 | 73 | 241 | 80
445 | Revision_445/readtags.c | U | 764 | 769 | 6 | 121248 | 73 | 242 | 80
445 | Revision_445/readtags.c | U | 756 | 761 | 6 | 121249 | 73 | 287 | 80
445 | Revision_445/fortran.c | U | 1274 | 1295 | 23 | 121250 | 74 | 369 | 72
445 | Revision_445/fortran.c | U | 1794 | 1817 | 23 | 121251 | 74 | 366 | 72
445 | Revision_445/fortran.c | U | 1328 | 1334 | 7 | 121252 | 75 | 85 | 83
445 | Revision_445/fortran.c | U | 1387 | 1393 | 7 | 121253 | 75 | 84 | 83
445 | Revision_445/fortran.c | U | 1454 | 1462 | 10 | 121254 | 76 | 314 | 77
445 | Revision_445/fortran.c | U | 1493 | 1502 | 10 | 121255 | 76 | 59 | 77
445 | Revision_445/fortran.c | U | 1540 | 1546 | 8 | 121256 | 77 | 65 | 71
445 | Revision_445/fortran.c | U | 1716 | 1725 | 8 | 121257 | 77 | 221 | 71
445 | Revision_445/fortran.c | U | 1734 | 1749 | 20 | 121258 | 78 | 21 | 84
445 | Revision_445/fortran.c | U | 1951 | 1967 | 20 | 121259 | 78 | 374 | 84
445 | Revision_445/fortran.c | U | 1915 | 1934 | 17 | 121260 | 79 | 220 | 75
445 | Revision_445/fortran.c | U | 1986 | 2003 | 17 | 121261 | 79 | 221 | 75
445 | Revision_445/fortran.c | U | 2063 | 2084 | 17 | 121262 | 79 | 372 | 75
445 | Revision_445/asm.c | U | 244 | 257 | 11 | 121263 | 80 | 289 | 77
445 | Revision_445/asm.c | U | 262 | 272 | 11 | 121264 | 80 | 279 | 77
445 | Revision_445/scheme.c | U | 70 | 78 | 8 | 121265 | 81 | 222 | 71
445 | Revision_445/scheme.c | U | 85 | 93 | 8 | 121266 | 81 | 223 | 71
445 | Revision_445/options.c | U | 369 | 375 | 6 | 121267 | 82 | 224 | 100
445 | Revision_445/options.c | U | 378 | 384 | 6 | 121268 | 82 | 225 | 100
445 | Revision_445/options.c | U | 541 | 547 | 7 | 121269 | 83 | 226 | 100
445 | Revision_445/options.c | U | 550 | 556 | 7 | 121270 | 83 | 227 | 100
445 | Revision_445/options.c | U | 559 | 565 | 7 | 121271 | 83 | 228 | 100
445 | Revision_445/options.c | U | 568 | 574 | 7 | 121272 | 83 | 229 | 100
445 | Revision_445/options.c | U | 979 | 983 | 5 | 121273 | 84 | 230 | 75
445 | Revision_445/options.c | U | 1005 | 1009 | 5 | 121274 | 84 | 231 | 75
445 | Revision_445/options.c | U | 1099 | 1103 | 5 | 121275 | 85 | 232 | 100
445 | Revision_445/options.c | U | 1105 | 1109 | 5 | 121276 | 85 | 233 | 100
445 | Revision_445/options.c | U | 1151 | 1163 | 12 | 121277 | 86 | 360 | 100
445 | Revision_445/options.c | U | 1168 | 1180 | 12 | 121278 | 86 | 235 | 100
445 | Revision_445/options.c | U | 1422 | 1439 | 15 | 121279 | 87 | 236 | 91
445 | Revision_445/options.c | U | 1460 | 1477 | 15 | 121280 | 87 | 237 | 91
