Revision | filePath | changeType | StartLine | EndLine | Nlines | cloneId | classId | globalCloneId | Similarity
458 | Revision_458/lisp.c | U | 91 | 97 | 7 | 125200 | 1 | 1 | 83
458 | Revision_458/lisp.c | U | 112 | 118 | 7 | 125201 | 1 | 2 | 83
458 | Revision_458/lisp.c | U | 127 | 137 | 9 | 125202 | 2 | 3 | 70
458 | Revision_458/asp.c | U | 201 | 209 | 9 | 125203 | 2 | 4 | 70
458 | Revision_458/beta.c | U | 310 | 318 | 9 | 125204 | 2 | 5 | 70
458 | Revision_458/erlang.c | U | 179 | 187 | 9 | 125205 | 2 | 340 | 70
458 | Revision_458/perl.c | U | 203 | 211 | 9 | 125206 | 2 | 7 | 70
458 | Revision_458/sml.c | U | 201 | 209 | 9 | 125207 | 2 | 321 | 70
458 | Revision_458/sql.c | U | 676 | 685 | 9 | 125208 | 2 | 296 | 70
458 | Revision_458/lua.c | U | 123 | 131 | 9 | 125209 | 2 | 243 | 70
458 | Revision_458/sh.c | U | 103 | 113 | 9 | 125210 | 2 | 17 | 70
458 | Revision_458/php.c | U | 161 | 169 | 9 | 125211 | 2 | 22 | 70
458 | Revision_458/pascal.c | U | 256 | 264 | 9 | 125212 | 2 | 14 | 70
458 | Revision_458/awk.c | U | 71 | 79 | 9 | 125213 | 2 | 10 | 70
458 | Revision_458/scheme.c | U | 99 | 109 | 9 | 125214 | 2 | 16 | 70
458 | Revision_458/vim.c | U | 168 | 176 | 9 | 125215 | 2 | 20 | 70
458 | Revision_458/c.c | U | 2818 | 2827 | 9 | 125216 | 2 | 12 | 70
458 | Revision_458/c.c | U | 2806 | 2815 | 9 | 125217 | 2 | 15 | 70
458 | Revision_458/c.c | U | 2788 | 2803 | 9 | 125218 | 2 | 8 | 70
458 | Revision_458/c.c | U | 2776 | 2785 | 9 | 125219 | 2 | 315 | 70
458 | Revision_458/eiffel.c | U | 1220 | 1229 | 9 | 125220 | 2 | 9 | 70
458 | Revision_458/c.c | U | 2830 | 2839 | 9 | 125221 | 2 | 330 | 70
458 | Revision_458/verilog.c | U | 324 | 333 | 9 | 125222 | 2 | 283 | 70
458 | Revision_458/cobol.c | U | 40 | 48 | 9 | 125223 | 2 | 320 | 70
458 | Revision_458/ruby.c | U | 389 | 397 | 9 | 125224 | 2 | 19 | 70
458 | Revision_458/fortran.c | U | 2203 | 2218 | 9 | 125225 | 2 | 21 | 70
458 | Revision_458/python.c | U | 273 | 281 | 9 | 125226 | 2 | 13 | 70
458 | Revision_458/tcl.c | U | 106 | 114 | 9 | 125227 | 2 | 18 | 70
458 | Revision_458/html.c | U | 40 | 47 | 9 | 125228 | 2 | 365 | 70
458 | Revision_458/make.c | U | 199 | 209 | 9 | 125229 | 2 | 25 | 70
458 | Revision_458/slang.c | U | 34 | 41 | 9 | 125230 | 2 | 24 | 70
458 | Revision_458/yacc.c | U | 31 | 38 | 9 | 125231 | 2 | 23 | 70
458 | Revision_458/jscript.c | U | 31 | 38 | 9 | 125232 | 2 | 364 | 70
458 | Revision_458/asm.c | U | 367 | 386 | 9 | 125233 | 2 | 274 | 70
458 | Revision_458/rexx.c | U | 30 | 37 | 9 | 125234 | 2 | 26 | 70
458 | Revision_458/keyword.c | U | 107 | 116 | 9 | 125235 | 2 | 27 | 70
458 | Revision_458/c.c | U | 2163 | 2168 | 9 | 125236 | 2 | 28 | 70
458 | Revision_458/options.c | U | 531 | 536 | 9 | 125237 | 2 | 29 | 70
458 | Revision_458/sql.c | U | 207 | 215 | 9 | 125238 | 2 | 309 | 70
458 | Revision_458/fortran.c | U | 413 | 425 | 9 | 125239 | 2 | 158 | 70
458 | Revision_458/options.c | U | 624 | 630 | 9 | 125240 | 2 | 30 | 70
458 | Revision_458/eiffel.c | U | 1174 | 1186 | 9 | 125241 | 2 | 157 | 70
458 | Revision_458/c.c | U | 2192 | 2200 | 9 | 125242 | 2 | 31 | 70
458 | Revision_458/asp.c | U | 71 | 90 | 15 | 125243 | 3 | 33 | 100
458 | Revision_458/asp.c | U | 94 | 113 | 15 | 125244 | 3 | 34 | 100
458 | Revision_458/asp.c | U | 117 | 133 | 14 | 125245 | 4 | 35 | 72
458 | Revision_458/php.c | U | 92 | 110 | 14 | 125246 | 4 | 40 | 72
458 | Revision_458/vim.c | U | 121 | 135 | 14 | 125247 | 4 | 159 | 72
458 | Revision_458/asp.c | U | 137 | 152 | 14 | 125248 | 4 | 36 | 72
458 | Revision_458/php.c | U | 113 | 127 | 14 | 125249 | 4 | 173 | 72
458 | Revision_458/asp.c | U | 156 | 171 | 14 | 125250 | 4 | 36 | 72
458 | Revision_458/asp.c | U | 175 | 190 | 14 | 125251 | 4 | 36 | 72
458 | Revision_458/vim.c | U | 95 | 110 | 14 | 125252 | 4 | 334 | 72
458 | Revision_458/vim.c | U | 143 | 162 | 14 | 125253 | 4 | 160 | 72
458 | Revision_458/vim.c | U | 114 | 136 | 14 | 125254 | 4 | 160 | 72
458 | Revision_458/args.c | U | 85 | 92 | 8 | 125255 | 5 | 43 | 100
458 | Revision_458/args.c | U | 159 | 166 | 8 | 125256 | 5 | 44 | 100
458 | Revision_458/args.c | U | 181 | 189 | 9 | 125257 | 6 | 45 | 75
458 | Revision_458/args.c | U | 192 | 199 | 9 | 125258 | 6 | 46 | 75
458 | Revision_458/args.c | U | 202 | 210 | 9 | 125259 | 6 | 47 | 75
458 | Revision_458/args.c | U | 265 | 271 | 6 | 125260 | 7 | 48 | 80
458 | Revision_458/options.c | U | 577 | 582 | 6 | 125261 | 7 | 49 | 80
458 | Revision_458/fortran.c | U | 908 | 913 | 6 | 125262 | 7 | 50 | 80
458 | Revision_458/c.c | U | 534 | 540 | 7 | 125263 | 8 | 51 | 80
458 | Revision_458/vstring.c | U | 67 | 74 | 7 | 125264 | 8 | 52 | 80
458 | Revision_458/c.c | U | 543 | 550 | 6 | 125265 | 9 | 53 | 80
458 | Revision_458/c.c | U | 553 | 560 | 6 | 125266 | 9 | 54 | 80
458 | Revision_458/c.c | U | 662 | 678 | 17 | 125267 | 10 | 55 | 72
458 | Revision_458/c.c | U | 1238 | 1252 | 17 | 125268 | 10 | 56 | 72
458 | Revision_458/fortran.c | U | 1874 | 1890 | 17 | 125269 | 10 | 59 | 72
458 | Revision_458/fortran.c | U | 1115 | 1135 | 17 | 125270 | 10 | 58 | 72
458 | Revision_458/c.c | U | 1161 | 1179 | 17 | 125271 | 10 | 60 | 72
458 | Revision_458/c.c | U | 681 | 696 | 17 | 125272 | 10 | 57 | 72
458 | Revision_458/fortran.c | U | 1138 | 1153 | 17 | 125273 | 10 | 375 | 72
458 | Revision_458/c.c | U | 1164 | 1177 | 17 | 125274 | 10 | 63 | 72
458 | Revision_458/fortran.c | U | 1118 | 1133 | 17 | 125275 | 10 | 58 | 72
458 | Revision_458/fortran.c | U | 1791 | 1819 | 17 | 125276 | 10 | 366 | 72
458 | Revision_458/Test/local.c | U | 9 | 22 | 17 | 125277 | 10 | 384 | 72
458 | Revision_458/fortran.c | U | 1877 | 1888 | 17 | 125278 | 10 | 65 | 72
458 | Revision_458/fortran.c | U | 1591 | 1628 | 17 | 125279 | 10 | 367 | 72
458 | Revision_458/c.c | U | 684 | 694 | 13 | 125280 | 11 | 57 | 75
458 | Revision_458/c.c | U | 1240 | 1251 | 13 | 125281 | 11 | 64 | 75
458 | Revision_458/c.c | U | 714 | 734 | 20 | 125282 | 12 | 72 | 72
458 | Revision_458/fortran.c | U | 1305 | 1315 | 20 | 125283 | 12 | 337 | 72
458 | Revision_458/c.c | U | 744 | 750 | 8 | 125284 | 13 | 74 | 71
458 | Revision_458/options.c | U | 470 | 477 | 8 | 125285 | 13 | 75 | 71
458 | Revision_458/c.c | U | 785 | 789 | 5 | 125286 | 14 | 76 | 75
458 | Revision_458/fortran.c | U | 1919 | 1923 | 5 | 125287 | 14 | 79 | 75
458 | Revision_458/eiffel.c | U | 673 | 677 | 5 | 125288 | 14 | 249 | 75
458 | Revision_458/sql.c | U | 504 | 508 | 5 | 125289 | 14 | 297 | 75
458 | Revision_458/c.c | U | 2087 | 2091 | 5 | 125290 | 14 | 80 | 75
458 | Revision_458/eiffel.c | U | 960 | 964 | 5 | 125291 | 14 | 269 | 75
458 | Revision_458/eiffel.c | U | 873 | 877 | 5 | 125292 | 14 | 269 | 75
458 | Revision_458/fortran.c | U | 1346 | 1350 | 5 | 125293 | 14 | 85 | 75
458 | Revision_458/eiffel.c | U | 1011 | 1015 | 5 | 125294 | 14 | 269 | 75
458 | Revision_458/eiffel.c | U | 660 | 664 | 5 | 125295 | 14 | 250 | 75
458 | Revision_458/sql.c | U | 335 | 339 | 5 | 125296 | 14 | 300 | 75
458 | Revision_458/readtags.c | U | 144 | 148 | 5 | 125297 | 14 | 87 | 75
458 | Revision_458/options.c | U | 1039 | 1043 | 5 | 125298 | 14 | 89 | 75
458 | Revision_458/readtags.c | U | 455 | 459 | 5 | 125299 | 14 | 90 | 75
458 | Revision_458/keyword.c | U | 185 | 189 | 5 | 125300 | 14 | 91 | 75
458 | Revision_458/fortran.c | U | 1214 | 1218 | 5 | 125301 | 14 | 85 | 75
458 | Revision_458/fortran.c | U | 1555 | 1560 | 5 | 125302 | 14 | 79 | 75
458 | Revision_458/php.c | U | 84 | 88 | 5 | 125303 | 14 | 40 | 75
458 | Revision_458/eiffel.c | U | 1030 | 1034 | 5 | 125304 | 14 | 151 | 75
458 | Revision_458/fortran.c | U | 1343 | 1351 | 5 | 125305 | 14 | 84 | 75
458 | Revision_458/fortran.c | U | 589 | 593 | 5 | 125306 | 14 | 95 | 75
458 | Revision_458/c.c | U | 2694 | 2699 | 5 | 125307 | 14 | 94 | 75
458 | Revision_458/ruby.c | U | 214 | 218 | 5 | 125308 | 14 | 392 | 75
458 | Revision_458/eiffel.c | U | 848 | 853 | 5 | 125309 | 14 | 151 | 75
458 | Revision_458/strlist.c | U | 150 | 154 | 5 | 125310 | 14 | 126 | 75
458 | Revision_458/c.c | U | 2134 | 2138 | 5 | 125311 | 14 | 125 | 75
458 | Revision_458/c.c | U | 1749 | 1753 | 5 | 125312 | 14 | 121 | 75
458 | Revision_458/vstring.c | U | 35 | 40 | 5 | 125313 | 14 | 98 | 75
458 | Revision_458/fortran.c | U | 1727 | 1731 | 5 | 125314 | 14 | 373 | 75
458 | Revision_458/c.c | U | 1758 | 1762 | 5 | 125315 | 14 | 331 | 75
458 | Revision_458/c.c | U | 2153 | 2160 | 5 | 125316 | 14 | 244 | 75
458 | Revision_458/eiffel.c | U | 1066 | 1075 | 5 | 125317 | 14 | 101 | 75
458 | Revision_458/fortran.c | U | 1011 | 1015 | 5 | 125318 | 14 | 128 | 75
458 | Revision_458/options.c | U | 672 | 676 | 5 | 125319 | 14 | 127 | 75
458 | Revision_458/fortran.c | U | 1548 | 1553 | 5 | 125320 | 14 | 79 | 75
458 | Revision_458/options.c | U | 1218 | 1222 | 5 | 125321 | 14 | 129 | 75
458 | Revision_458/c.c | U | 795 | 816 | 46 | 125322 | 15 | 103 | 80
458 | Revision_458/c.c | U | 858 | 878 | 46 | 125323 | 15 | 316 | 80
458 | Revision_458/c.c | U | 925 | 944 | 46 | 125324 | 15 | 103 | 80
458 | Revision_458/c.c | U | 819 | 839 | 46 | 125325 | 15 | 332 | 80
458 | Revision_458/c.c | U | 881 | 892 | 12 | 125326 | 16 | 317 | 90
458 | Revision_458/c.c | U | 895 | 906 | 12 | 125327 | 16 | 318 | 90
458 | Revision_458/c.c | U | 1046 | 1051 | 6 | 125328 | 17 | 407 | 80
458 | Revision_458/sql.c | U | 444 | 449 | 6 | 125329 | 17 | 313 | 80
458 | Revision_458/sql.c | U | 608 | 613 | 6 | 125330 | 17 | 299 | 80
458 | Revision_458/c.c | U | 1301 | 1307 | 7 | 125331 | 18 | 385 | 71
458 | Revision_458/fortran.c | U | 501 | 509 | 7 | 125332 | 18 | 112 | 71
458 | Revision_458/make.c | U | 63 | 69 | 7 | 125333 | 18 | 394 | 71
458 | Revision_458/make.c | U | 53 | 60 | 7 | 125334 | 18 | 395 | 71
458 | Revision_458/c.c | U | 1374 | 1381 | 7 | 125335 | 19 | 108 | 80
458 | Revision_458/c.c | U | 1383 | 1390 | 7 | 125336 | 19 | 109 | 80
458 | Revision_458/c.c | U | 1404 | 1411 | 7 | 125337 | 20 | 110 | 71
458 | Revision_458/c.c | U | 1414 | 1421 | 7 | 125338 | 20 | 111 | 71
458 | Revision_458/c.c | U | 2125 | 2132 | 7 | 125339 | 20 | 405 | 71
458 | Revision_458/fortran.c | U | 628 | 634 | 7 | 125340 | 20 | 112 | 71
458 | Revision_458/sql.c | U | 370 | 377 | 7 | 125341 | 20 | 406 | 71
458 | Revision_458/c.c | U | 1452 | 1457 | 6 | 125342 | 21 | 386 | 80
458 | Revision_458/c.c | U | 1769 | 1774 | 6 | 125343 | 21 | 80 | 80
458 | Revision_458/c.c | U | 1470 | 1479 | 9 | 125344 | 22 | 294 | 71
458 | Revision_458/eiffel.c | U | 556 | 564 | 9 | 125345 | 22 | 295 | 71
458 | Revision_458/c.c | U | 1473 | 1477 | 5 | 125346 | 23 | 294 | 75
458 | Revision_458/readtags.c | U | 503 | 507 | 5 | 125347 | 23 | 90 | 75
458 | Revision_458/readtags.c | U | 680 | 684 | 5 | 125348 | 23 | 99 | 75
458 | Revision_458/c.c | U | 1487 | 1500 | 10 | 125349 | 24 | 396 | 75
458 | Revision_458/make.c | U | 77 | 87 | 10 | 125350 | 24 | 397 | 75
458 | Revision_458/fortran.c | U | 857 | 868 | 10 | 125351 | 24 | 116 | 75
458 | Revision_458/verilog.c | U | 205 | 218 | 10 | 125352 | 24 | 398 | 75
458 | Revision_458/eiffel.c | U | 587 | 599 | 10 | 125353 | 24 | 114 | 75
458 | Revision_458/sql.c | U | 278 | 289 | 10 | 125354 | 24 | 306 | 75
458 | Revision_458/eiffel.c | U | 572 | 584 | 10 | 125355 | 24 | 117 | 75
458 | Revision_458/c.c | U | 1813 | 1817 | 5 | 125356 | 25 | 118 | 75
458 | Revision_458/eiffel.c | U | 419 | 423 | 5 | 125357 | 25 | 119 | 75
458 | Revision_458/fortran.c | U | 812 | 816 | 5 | 125358 | 25 | 120 | 75
458 | Revision_458/c.c | U | 1959 | 1963 | 5 | 125359 | 26 | 121 | 75
458 | Revision_458/fortran.c | U | 622 | 626 | 5 | 125360 | 26 | 112 | 75
458 | Revision_458/get.c | U | 591 | 595 | 5 | 125361 | 26 | 122 | 75
458 | Revision_458/fortran.c | U | 731 | 735 | 5 | 125362 | 26 | 144 | 75
458 | Revision_458/perl.c | U | 100 | 104 | 5 | 125363 | 26 | 163 | 75
458 | Revision_458/pascal.c | U | 134 | 138 | 5 | 125364 | 26 | 164 | 75
458 | Revision_458/c.c | U | 2113 | 2120 | 9 | 125365 | 27 | 28 | 71
458 | Revision_458/eiffel.c | U | 1063 | 1076 | 9 | 125366 | 27 | 156 | 71
458 | Revision_458/c.c | U | 2424 | 2428 | 5 | 125367 | 28 | 387 | 100
458 | Revision_458/c.c | U | 2431 | 2435 | 5 | 125368 | 28 | 94 | 100
458 | Revision_458/c.c | U | 2650 | 2655 | 6 | 125369 | 29 | 94 | 80
458 | Revision_458/sql.c | U | 527 | 532 | 6 | 125370 | 29 | 301 | 80
458 | Revision_458/c.c | U | 2734 | 2743 | 9 | 125371 | 30 | 130 | 71
458 | Revision_458/asm.c | U | 120 | 128 | 9 | 125372 | 30 | 288 | 71
458 | Revision_458/verilog.c | U | 107 | 117 | 9 | 125373 | 30 | 381 | 71
458 | Revision_458/fortran.c | U | 397 | 406 | 9 | 125374 | 30 | 132 | 71
458 | Revision_458/sql.c | U | 195 | 204 | 9 | 125375 | 30 | 302 | 71
458 | Revision_458/eiffel.c | U | 215 | 224 | 9 | 125376 | 30 | 131 | 71
458 | Revision_458/eiffel.c | U | 287 | 301 | 10 | 125377 | 31 | 133 | 71
458 | Revision_458/sql.c | U | 228 | 242 | 10 | 125378 | 31 | 303 | 71
458 | Revision_458/beta.c | U | 71 | 80 | 10 | 125379 | 31 | 134 | 71
458 | Revision_458/parse.c | U | 46 | 57 | 10 | 125380 | 31 | 135 | 71
458 | Revision_458/sml.c | U | 75 | 81 | 10 | 125381 | 31 | 324 | 71
458 | Revision_458/eiffel.c | U | 289 | 299 | 10 | 125382 | 31 | 136 | 71
458 | Revision_458/eiffel.c | U | 367 | 376 | 8 | 125383 | 32 | 304 | 100
458 | Revision_458/sql.c | U | 249 | 256 | 8 | 125384 | 32 | 305 | 100
458 | Revision_458/eiffel.c | U | 382 | 407 | 23 | 125385 | 33 | 139 | 75
458 | Revision_458/fortran.c | U | 770 | 800 | 23 | 125386 | 33 | 140 | 75
458 | Revision_458/eiffel.c | U | 410 | 435 | 20 | 125387 | 34 | 141 | 94
458 | Revision_458/fortran.c | U | 803 | 828 | 20 | 125388 | 34 | 142 | 94
458 | Revision_458/eiffel.c | U | 547 | 551 | 5 | 125389 | 35 | 143 | 75
458 | Revision_458/fortran.c | U | 792 | 796 | 5 | 125390 | 35 | 144 | 75
458 | Revision_458/fortran.c | U | 990 | 994 | 5 | 125391 | 35 | 145 | 75
458 | Revision_458/verilog.c | U | 244 | 248 | 5 | 125392 | 35 | 382 | 75
458 | Revision_458/verilog.c | U | 141 | 145 | 5 | 125393 | 35 | 383 | 75
458 | Revision_458/eiffel.c | U | 602 | 612 | 9 | 125394 | 36 | 146 | 87
458 | Revision_458/asm.c | U | 131 | 140 | 9 | 125395 | 36 | 270 | 87
458 | Revision_458/fortran.c | U | 875 | 885 | 9 | 125396 | 36 | 147 | 87
458 | Revision_458/eiffel.c | U | 771 | 818 | 13 | 125397 | 37 | 349 | 72
458 | Revision_458/fortran.c | U | 1101 | 1112 | 13 | 125398 | 37 | 350 | 72
458 | Revision_458/eiffel.c | U | 836 | 854 | 12 | 125399 | 38 | 251 | 72
458 | Revision_458/fortran.c | U | 1383 | 1396 | 12 | 125400 | 38 | 336 | 72
458 | Revision_458/eiffel.c | U | 858 | 879 | 12 | 125401 | 38 | 252 | 72
458 | Revision_458/eiffel.c | U | 1005 | 1018 | 12 | 125402 | 38 | 253 | 72
458 | Revision_458/fortran.c | U | 1637 | 1645 | 12 | 125403 | 38 | 337 | 72
458 | Revision_458/eiffel.c | U | 1110 | 1134 | 22 | 125404 | 39 | 307 | 70
458 | Revision_458/sql.c | U | 474 | 499 | 22 | 125405 | 39 | 308 | 70
458 | Revision_458/eiffel.c | U | 1189 | 1195 | 6 | 125406 | 40 | 362 | 80
458 | Revision_458/fortran.c | U | 439 | 444 | 6 | 125407 | 40 | 363 | 80
458 | Revision_458/verilog.c | U | 193 | 199 | 8 | 125408 | 41 | 399 | 75
458 | Revision_458/make.c | U | 97 | 105 | 8 | 125409 | 41 | 400 | 75
458 | Revision_458/verilog.c | U | 281 | 285 | 5 | 125410 | 42 | 401 | 75
458 | Revision_458/make.c | U | 44 | 48 | 5 | 125411 | 42 | 402 | 75
458 | Revision_458/vim.c | U | 56 | 60 | 5 | 125412 | 43 | 290 | 100
458 | Revision_458/vim.c | U | 62 | 66 | 5 | 125413 | 43 | 291 | 100
458 | Revision_458/python.c | U | 107 | 111 | 5 | 125414 | 44 | 278 | 75
458 | Revision_458/options.c | U | 960 | 965 | 5 | 125415 | 44 | 280 | 75
458 | Revision_458/sml.c | U | 84 | 88 | 5 | 125416 | 44 | 325 | 75
458 | Revision_458/erlang.c | U | 58 | 62 | 5 | 125417 | 44 | 341 | 75
458 | Revision_458/python.c | U | 116 | 125 | 9 | 125418 | 45 | 292 | 75
458 | Revision_458/tcl.c | U | 44 | 54 | 9 | 125419 | 45 | 293 | 75
458 | Revision_458/erlang.c | U | 66 | 75 | 9 | 125420 | 45 | 342 | 75
458 | Revision_458/python.c | U | 202 | 211 | 9 | 125421 | 46 | 326 | 85
458 | Revision_458/sml.c | U | 165 | 174 | 9 | 125422 | 46 | 327 | 85
458 | Revision_458/python.c | U | 259 | 264 | 6 | 125423 | 47 | 328 | 80
458 | Revision_458/sml.c | U | 189 | 194 | 6 | 125424 | 47 | 329 | 80
458 | Revision_458/perl.c | U | 186 | 192 | 7 | 125425 | 48 | 389 | 71
458 | Revision_458/erlang.c | U | 97 | 105 | 7 | 125426 | 48 | 344 | 71
458 | Revision_458/main.c | U | 260 | 267 | 7 | 125427 | 48 | 377 | 71
458 | Revision_458/erlang.c | U | 116 | 121 | 7 | 125428 | 48 | 346 | 71
458 | Revision_458/erlang.c | U | 108 | 113 | 7 | 125429 | 48 | 344 | 71
458 | Revision_458/main.c | U | 179 | 185 | 7 | 125430 | 48 | 376 | 71
458 | Revision_458/sort.c | U | 122 | 127 | 5 | 125431 | 49 | 281 | 100
458 | Revision_458/sort.c | U | 130 | 135 | 5 | 125432 | 49 | 282 | 100
458 | Revision_458/strlist.c | U | 32 | 38 | 8 | 125433 | 50 | 165 | 71
458 | Revision_458/vstring.c | U | 77 | 87 | 8 | 125434 | 50 | 166 | 71
458 | Revision_458/strlist.c | U | 191 | 196 | 7 | 125435 | 51 | 168 | 83
458 | Revision_458/strlist.c | U | 200 | 206 | 7 | 125436 | 51 | 390 | 83
458 | Revision_458/pascal.c | U | 150 | 154 | 6 | 125437 | 52 | 319 | 75
458 | Revision_458/pascal.c | U | 184 | 190 | 6 | 125438 | 52 | 171 | 75
458 | Revision_458/pascal.c | U | 176 | 182 | 6 | 125439 | 52 | 170 | 75
458 | Revision_458/get.c | U | 302 | 311 | 10 | 125440 | 53 | 174 | 70
458 | Revision_458/parse.c | U | 587 | 601 | 10 | 125441 | 53 | 175 | 70
458 | Revision_458/read.c | U | 214 | 225 | 10 | 125442 | 53 | 176 | 70
458 | Revision_458/get.c | U | 464 | 475 | 10 | 125443 | 54 | 177 | 100
458 | Revision_458/get.c | U | 481 | 492 | 10 | 125444 | 54 | 178 | 100
458 | Revision_458/get.c | U | 538 | 543 | 6 | 125445 | 55 | 180 | 80
458 | Revision_458/read.c | U | 415 | 419 | 6 | 125446 | 55 | 181 | 80
458 | Revision_458/make.c | U | 185 | 189 | 5 | 125447 | 56 | 403 | 75
458 | Revision_458/sql.c | U | 660 | 664 | 5 | 125448 | 56 | 404 | 75
458 | Revision_458/main.c | U | 126 | 139 | 6 | 125449 | 57 | 354 | 80
458 | Revision_458/options.c | U | 397 | 402 | 6 | 125450 | 57 | 355 | 80
458 | Revision_458/routines.c | U | 236 | 243 | 6 | 125451 | 58 | 254 | 80
458 | Revision_458/routines.c | U | 246 | 253 | 6 | 125452 | 58 | 255 | 80
458 | Revision_458/routines.c | U | 287 | 294 | 8 | 125453 | 59 | 256 | 83
458 | Revision_458/readtags.c | U | 116 | 123 | 8 | 125454 | 59 | 123 | 83
458 | Revision_458/readtags.c | U | 106 | 113 | 8 | 125455 | 59 | 238 | 83
458 | Revision_458/routines.c | U | 297 | 304 | 8 | 125456 | 59 | 257 | 83
458 | Revision_458/routines.c | U | 321 | 325 | 5 | 125457 | 60 | 258 | 75
458 | Revision_458/vstring.c | U | 125 | 129 | 5 | 125458 | 60 | 188 | 75
458 | Revision_458/vstring.c | U | 118 | 122 | 5 | 125459 | 60 | 189 | 75
458 | Revision_458/routines.c | U | 328 | 334 | 6 | 125460 | 61 | 259 | 100
458 | Revision_458/routines.c | U | 337 | 343 | 6 | 125461 | 61 | 260 | 100
458 | Revision_458/routines.c | U | 348 | 355 | 8 | 125462 | 62 | 261 | 100
458 | Revision_458/routines.c | U | 360 | 367 | 8 | 125463 | 62 | 262 | 100
458 | Revision_458/sh.c | U | 89 | 94 | 6 | 125464 | 63 | 378 | 80
458 | Revision_458/asm.c | U | 348 | 353 | 6 | 125465 | 63 | 379 | 80
458 | Revision_458/beta.c | U | 134 | 141 | 6 | 125466 | 64 | 201 | 75
458 | Revision_458/beta.c | U | 204 | 212 | 6 | 125467 | 64 | 202 | 75
458 | Revision_458/beta.c | U | 152 | 156 | 5 | 125468 | 65 | 203 | 75
458 | Revision_458/beta.c | U | 277 | 281 | 5 | 125469 | 65 | 205 | 75
458 | Revision_458/beta.c | U | 158 | 162 | 5 | 125470 | 65 | 204 | 75
458 | Revision_458/beta.c | U | 271 | 275 | 5 | 125471 | 65 | 207 | 75
458 | Revision_458/beta.c | U | 165 | 169 | 5 | 125472 | 65 | 206 | 75
458 | Revision_458/sql.c | U | 418 | 424 | 6 | 125473 | 66 | 310 | 75
458 | Revision_458/fortran.c | U | 1080 | 1084 | 6 | 125474 | 66 | 312 | 75
458 | Revision_458/sql.c | U | 624 | 630 | 6 | 125475 | 66 | 298 | 75
458 | Revision_458/sql.c | U | 459 | 466 | 7 | 125476 | 67 | 313 | 83
458 | Revision_458/fortran.c | U | 1761 | 1767 | 7 | 125477 | 67 | 314 | 83
458 | Revision_458/sql.c | U | 541 | 549 | 7 | 125478 | 67 | 380 | 83
458 | Revision_458/fortran.c | U | 1421 | 1429 | 7 | 125479 | 67 | 59 | 83
458 | Revision_458/parse.c | U | 99 | 109 | 11 | 125480 | 68 | 208 | 88
458 | Revision_458/parse.c | U | 112 | 123 | 11 | 125481 | 68 | 209 | 88
458 | Revision_458/parse.c | U | 300 | 304 | 5 | 125482 | 69 | 356 | 75
458 | Revision_458/parse.c | U | 557 | 561 | 5 | 125483 | 69 | 357 | 75
458 | Revision_458/parse.c | U | 576 | 580 | 5 | 125484 | 69 | 358 | 75
458 | Revision_458/readtags.c | U | 542 | 548 | 6 | 125485 | 70 | 239 | 100
458 | Revision_458/readtags.c | U | 550 | 556 | 6 | 125486 | 70 | 240 | 100
458 | Revision_458/readtags.c | U | 585 | 589 | 6 | 125487 | 71 | 123 | 75
458 | Revision_458/readtags.c | U | 640 | 646 | 6 | 125488 | 71 | 124 | 75
458 | Revision_458/readtags.c | U | 717 | 725 | 8 | 125489 | 72 | 210 | 83
458 | Revision_458/readtags.c | U | 772 | 780 | 8 | 125490 | 72 | 211 | 83
458 | Revision_458/readtags.c | U | 728 | 736 | 8 | 125491 | 72 | 212 | 83
458 | Revision_458/readtags.c | U | 739 | 744 | 6 | 125492 | 73 | 241 | 80
458 | Revision_458/readtags.c | U | 756 | 761 | 6 | 125493 | 73 | 242 | 80
458 | Revision_458/readtags.c | U | 764 | 769 | 6 | 125494 | 73 | 287 | 80
458 | Revision_458/fortran.c | U | 1274 | 1295 | 23 | 125495 | 74 | 369 | 72
458 | Revision_458/fortran.c | U | 1794 | 1817 | 23 | 125496 | 74 | 366 | 72
458 | Revision_458/fortran.c | U | 1328 | 1334 | 7 | 125497 | 75 | 85 | 83
458 | Revision_458/fortran.c | U | 1387 | 1393 | 7 | 125498 | 75 | 84 | 83
458 | Revision_458/fortran.c | U | 1454 | 1462 | 10 | 125499 | 76 | 314 | 77
458 | Revision_458/fortran.c | U | 1493 | 1502 | 10 | 125500 | 76 | 59 | 77
458 | Revision_458/fortran.c | U | 1540 | 1546 | 8 | 125501 | 77 | 65 | 71
458 | Revision_458/fortran.c | U | 1716 | 1725 | 8 | 125502 | 77 | 221 | 71
458 | Revision_458/fortran.c | U | 1734 | 1749 | 20 | 125503 | 78 | 21 | 84
458 | Revision_458/fortran.c | U | 1951 | 1967 | 20 | 125504 | 78 | 374 | 84
458 | Revision_458/fortran.c | U | 1915 | 1934 | 17 | 125505 | 79 | 220 | 75
458 | Revision_458/fortran.c | U | 1986 | 2003 | 17 | 125506 | 79 | 221 | 75
458 | Revision_458/fortran.c | U | 2063 | 2084 | 17 | 125507 | 79 | 372 | 75
458 | Revision_458/asm.c | U | 244 | 257 | 11 | 125508 | 80 | 289 | 77
458 | Revision_458/asm.c | U | 262 | 272 | 11 | 125509 | 80 | 279 | 77
458 | Revision_458/scheme.c | U | 70 | 78 | 8 | 125510 | 81 | 222 | 71
458 | Revision_458/scheme.c | U | 85 | 93 | 8 | 125511 | 81 | 223 | 71
458 | Revision_458/options.c | U | 369 | 375 | 6 | 125512 | 82 | 224 | 100
458 | Revision_458/options.c | U | 378 | 384 | 6 | 125513 | 82 | 225 | 100
458 | Revision_458/options.c | U | 541 | 547 | 7 | 125514 | 83 | 226 | 100
458 | Revision_458/options.c | U | 550 | 556 | 7 | 125515 | 83 | 227 | 100
458 | Revision_458/options.c | U | 559 | 565 | 7 | 125516 | 83 | 228 | 100
458 | Revision_458/options.c | U | 568 | 574 | 7 | 125517 | 83 | 229 | 100
458 | Revision_458/options.c | U | 979 | 983 | 5 | 125518 | 84 | 230 | 75
458 | Revision_458/options.c | U | 1005 | 1009 | 5 | 125519 | 84 | 231 | 75
458 | Revision_458/options.c | U | 1099 | 1103 | 5 | 125520 | 85 | 232 | 100
458 | Revision_458/options.c | U | 1105 | 1109 | 5 | 125521 | 85 | 233 | 100
458 | Revision_458/options.c | U | 1151 | 1163 | 12 | 125522 | 86 | 360 | 100
458 | Revision_458/options.c | U | 1168 | 1180 | 12 | 125523 | 86 | 235 | 100
458 | Revision_458/options.c | U | 1422 | 1439 | 15 | 125524 | 87 | 236 | 91
458 | Revision_458/options.c | U | 1460 | 1477 | 15 | 125525 | 87 | 237 | 91
