Revision | filePath | changeType | StartLine | EndLine | Nlines | cloneId | classId | globalCloneId | Similarity
472 | Revision_472/lisp.c | U | 91 | 97 | 7 | 130733 | 1 | 1 | 83
472 | Revision_472/lisp.c | U | 112 | 118 | 7 | 130734 | 1 | 2 | 83
472 | Revision_472/lisp.c | U | 127 | 137 | 9 | 130735 | 2 | 3 | 70
472 | Revision_472/sql.c | U | 1813 | 1822 | 9 | 130736 | 2 | 296 | 70
472 | Revision_472/eiffel.c | U | 1220 | 1229 | 9 | 130737 | 2 | 9 | 70
472 | Revision_472/perl.c | U | 203 | 211 | 9 | 130738 | 2 | 7 | 70
472 | Revision_472/beta.c | U | 310 | 318 | 9 | 130739 | 2 | 5 | 70
472 | Revision_472/lua.c | U | 123 | 131 | 9 | 130740 | 2 | 243 | 70
472 | Revision_472/asp.c | U | 201 | 209 | 9 | 130741 | 2 | 4 | 70
472 | Revision_472/c.c | U | 2818 | 2827 | 9 | 130742 | 2 | 12 | 70
472 | Revision_472/sh.c | U | 103 | 113 | 9 | 130743 | 2 | 17 | 70
472 | Revision_472/c.c | U | 2806 | 2815 | 9 | 130744 | 2 | 15 | 70
472 | Revision_472/erlang.c | U | 179 | 187 | 9 | 130745 | 2 | 340 | 70
472 | Revision_472/python.c | U | 272 | 280 | 9 | 130746 | 2 | 13 | 70
472 | Revision_472/php.c | U | 161 | 169 | 9 | 130747 | 2 | 22 | 70
472 | Revision_472/sml.c | U | 201 | 209 | 9 | 130748 | 2 | 321 | 70
472 | Revision_472/c.c | U | 2788 | 2803 | 9 | 130749 | 2 | 8 | 70
472 | Revision_472/tcl.c | U | 106 | 114 | 9 | 130750 | 2 | 18 | 70
472 | Revision_472/basic.c | U | 180 | 188 | 9 | 130751 | 2 | 408 | 70
472 | Revision_472/ruby.c | U | 389 | 397 | 9 | 130752 | 2 | 19 | 70
472 | Revision_472/vim.c | U | 168 | 176 | 9 | 130753 | 2 | 20 | 70
472 | Revision_472/basic.c | U | 202 | 210 | 9 | 130754 | 2 | 409 | 70
472 | Revision_472/scheme.c | U | 99 | 109 | 9 | 130755 | 2 | 16 | 70
472 | Revision_472/pascal.c | U | 256 | 264 | 9 | 130756 | 2 | 14 | 70
472 | Revision_472/awk.c | U | 71 | 79 | 9 | 130757 | 2 | 10 | 70
472 | Revision_472/c.c | U | 2776 | 2785 | 9 | 130758 | 2 | 315 | 70
472 | Revision_472/basic.c | U | 191 | 199 | 9 | 130759 | 2 | 410 | 70
472 | Revision_472/cobol.c | U | 40 | 48 | 9 | 130760 | 2 | 320 | 70
472 | Revision_472/c.c | U | 2830 | 2839 | 9 | 130761 | 2 | 330 | 70
472 | Revision_472/verilog.c | U | 324 | 333 | 9 | 130762 | 2 | 283 | 70
472 | Revision_472/fortran.c | U | 2203 | 2218 | 9 | 130763 | 2 | 21 | 70
472 | Revision_472/make.c | U | 199 | 209 | 9 | 130764 | 2 | 25 | 70
472 | Revision_472/jscript.c | U | 1234 | 1249 | 9 | 130765 | 2 | 413 | 70
472 | Revision_472/asm.c | U | 367 | 386 | 9 | 130766 | 2 | 274 | 70
472 | Revision_472/slang.c | U | 34 | 41 | 9 | 130767 | 2 | 24 | 70
472 | Revision_472/yacc.c | U | 31 | 38 | 9 | 130768 | 2 | 23 | 70
472 | Revision_472/html.c | U | 40 | 47 | 9 | 130769 | 2 | 365 | 70
472 | Revision_472/rexx.c | U | 30 | 37 | 9 | 130770 | 2 | 26 | 70
472 | Revision_472/keyword.c | U | 107 | 116 | 9 | 130771 | 2 | 27 | 70
472 | Revision_472/c.c | U | 2163 | 2168 | 9 | 130772 | 2 | 28 | 70
472 | Revision_472/options.c | U | 624 | 630 | 9 | 130773 | 2 | 29 | 70
472 | Revision_472/options.c | U | 531 | 536 | 9 | 130774 | 2 | 30 | 70
472 | Revision_472/fortran.c | U | 413 | 425 | 9 | 130775 | 2 | 158 | 70
472 | Revision_472/sql.c | U | 345 | 354 | 9 | 130776 | 2 | 309 | 70
472 | Revision_472/c.c | U | 2192 | 2200 | 9 | 130777 | 2 | 31 | 70
472 | Revision_472/eiffel.c | U | 1174 | 1186 | 9 | 130778 | 2 | 157 | 70
472 | Revision_472/jscript.c | U | 222 | 232 | 9 | 130779 | 2 | 414 | 70
472 | Revision_472/c.c | U | 482 | 488 | 9 | 130780 | 2 | 53 | 70
472 | Revision_472/asp.c | U | 71 | 90 | 15 | 130781 | 3 | 33 | 100
472 | Revision_472/asp.c | U | 94 | 113 | 15 | 130782 | 3 | 34 | 100
472 | Revision_472/asp.c | U | 117 | 133 | 14 | 130783 | 4 | 35 | 72
472 | Revision_472/asp.c | U | 137 | 152 | 14 | 130784 | 4 | 36 | 72
472 | Revision_472/asp.c | U | 156 | 171 | 14 | 130785 | 4 | 36 | 72
472 | Revision_472/php.c | U | 113 | 127 | 14 | 130786 | 4 | 40 | 72
472 | Revision_472/asp.c | U | 175 | 190 | 14 | 130787 | 4 | 36 | 72
472 | Revision_472/vim.c | U | 121 | 135 | 14 | 130788 | 4 | 159 | 72
472 | Revision_472/php.c | U | 92 | 110 | 14 | 130789 | 4 | 173 | 72
472 | Revision_472/vim.c | U | 95 | 110 | 14 | 130790 | 4 | 334 | 72
472 | Revision_472/vim.c | U | 143 | 162 | 14 | 130791 | 4 | 160 | 72
472 | Revision_472/vim.c | U | 114 | 136 | 14 | 130792 | 4 | 160 | 72
472 | Revision_472/args.c | U | 85 | 92 | 8 | 130793 | 5 | 43 | 100
472 | Revision_472/args.c | U | 159 | 166 | 8 | 130794 | 5 | 44 | 100
472 | Revision_472/args.c | U | 181 | 189 | 9 | 130795 | 6 | 45 | 75
472 | Revision_472/args.c | U | 192 | 199 | 9 | 130796 | 6 | 46 | 75
472 | Revision_472/args.c | U | 202 | 210 | 9 | 130797 | 6 | 47 | 75
472 | Revision_472/args.c | U | 265 | 271 | 6 | 130798 | 7 | 48 | 80
472 | Revision_472/options.c | U | 577 | 582 | 6 | 130799 | 7 | 49 | 80
472 | Revision_472/fortran.c | U | 908 | 913 | 6 | 130800 | 7 | 50 | 80
472 | Revision_472/c.c | U | 534 | 540 | 6 | 130801 | 8 | 51 | 75
472 | Revision_472/sql.c | U | 357 | 361 | 6 | 130802 | 8 | 416 | 75
472 | Revision_472/vstring.c | U | 67 | 74 | 6 | 130803 | 8 | 52 | 75
472 | Revision_472/jscript.c | U | 235 | 239 | 6 | 130804 | 8 | 415 | 75
472 | Revision_472/eiffel.c | U | 1189 | 1195 | 6 | 130805 | 8 | 362 | 75
472 | Revision_472/fortran.c | U | 439 | 444 | 6 | 130806 | 8 | 363 | 75
472 | Revision_472/vstring.c | U | 69 | 73 | 6 | 130807 | 8 | 52 | 75
472 | Revision_472/c.c | U | 543 | 550 | 6 | 130808 | 9 | 53 | 80
472 | Revision_472/c.c | U | 553 | 560 | 6 | 130809 | 9 | 54 | 80
472 | Revision_472/c.c | U | 662 | 678 | 18 | 130810 | 10 | 55 | 70
472 | Revision_472/c.c | U | 1238 | 1252 | 18 | 130811 | 10 | 56 | 70
472 | Revision_472/c.c | U | 1161 | 1179 | 18 | 130812 | 10 | 60 | 70
472 | Revision_472/c.c | U | 681 | 696 | 18 | 130813 | 10 | 57 | 70
472 | Revision_472/fortran.c | U | 1138 | 1153 | 18 | 130814 | 10 | 375 | 70
472 | Revision_472/fortran.c | U | 1115 | 1135 | 18 | 130815 | 10 | 58 | 70
472 | Revision_472/fortran.c | U | 1874 | 1890 | 18 | 130816 | 10 | 59 | 70
472 | Revision_472/c.c | U | 1164 | 1177 | 18 | 130817 | 10 | 63 | 70
472 | Revision_472/fortran.c | U | 1118 | 1133 | 18 | 130818 | 10 | 58 | 70
472 | Revision_472/Test/local.c | U | 9 | 22 | 18 | 130819 | 10 | 384 | 70
472 | Revision_472/fortran.c | U | 1791 | 1819 | 18 | 130820 | 10 | 366 | 70
472 | Revision_472/jscript.c | U | 884 | 903 | 18 | 130821 | 10 | 463 | 70
472 | Revision_472/fortran.c | U | 1877 | 1888 | 18 | 130822 | 10 | 65 | 70
472 | Revision_472/fortran.c | U | 1591 | 1628 | 18 | 130823 | 10 | 367 | 70
472 | Revision_472/eiffel.c | U | 1110 | 1134 | 18 | 130824 | 10 | 307 | 70
472 | Revision_472/eiffel.c | U | 904 | 944 | 18 | 130825 | 10 | 248 | 70
472 | Revision_472/sql.c | U | 872 | 890 | 18 | 130826 | 10 | 308 | 70
472 | Revision_472/sql.c | U | 868 | 892 | 18 | 130827 | 10 | 308 | 70
472 | Revision_472/c.c | U | 684 | 694 | 13 | 130828 | 11 | 57 | 75
472 | Revision_472/c.c | U | 1240 | 1251 | 13 | 130829 | 11 | 64 | 75
472 | Revision_472/c.c | U | 714 | 734 | 20 | 130830 | 12 | 72 | 72
472 | Revision_472/fortran.c | U | 1305 | 1315 | 20 | 130831 | 12 | 337 | 72
472 | Revision_472/c.c | U | 744 | 750 | 8 | 130832 | 13 | 74 | 71
472 | Revision_472/options.c | U | 470 | 477 | 8 | 130833 | 13 | 75 | 71
472 | Revision_472/c.c | U | 785 | 789 | 7 | 130834 | 14 | 76 | 71
472 | Revision_472/eiffel.c | U | 673 | 677 | 7 | 130835 | 14 | 249 | 71
472 | Revision_472/sql.c | U | 984 | 991 | 7 | 130836 | 14 | 418 | 71
472 | Revision_472/jscript.c | U | 1119 | 1123 | 7 | 130837 | 14 | 417 | 71
472 | Revision_472/c.c | U | 2087 | 2091 | 7 | 130838 | 14 | 80 | 71
472 | Revision_472/sql.c | U | 900 | 906 | 7 | 130839 | 14 | 419 | 71
472 | Revision_472/fortran.c | U | 1919 | 1923 | 7 | 130840 | 14 | 79 | 71
472 | Revision_472/eiffel.c | U | 660 | 664 | 7 | 130841 | 14 | 250 | 71
472 | Revision_472/sql.c | U | 518 | 522 | 7 | 130842 | 14 | 300 | 71
472 | Revision_472/sql.c | U | 1475 | 1481 | 7 | 130843 | 14 | 420 | 71
472 | Revision_472/sql.c | U | 1446 | 1452 | 7 | 130844 | 14 | 421 | 71
472 | Revision_472/eiffel.c | U | 873 | 877 | 7 | 130845 | 14 | 269 | 71
472 | Revision_472/eiffel.c | U | 960 | 964 | 7 | 130846 | 14 | 269 | 71
472 | Revision_472/fortran.c | U | 1346 | 1350 | 7 | 130847 | 14 | 85 | 71
472 | Revision_472/jscript.c | U | 1128 | 1141 | 7 | 130848 | 14 | 464 | 71
472 | Revision_472/eiffel.c | U | 1011 | 1015 | 7 | 130849 | 14 | 269 | 71
472 | Revision_472/readtags.c | U | 144 | 148 | 7 | 130850 | 14 | 87 | 71
472 | Revision_472/eiffel.c | U | 848 | 853 | 7 | 130851 | 14 | 151 | 71
472 | Revision_472/sql.c | U | 1215 | 1220 | 7 | 130852 | 14 | 422 | 71
472 | Revision_472/jscript.c | U | 1103 | 1124 | 7 | 130853 | 14 | 494 | 71
472 | Revision_472/c.c | U | 2134 | 2138 | 7 | 130854 | 14 | 125 | 71
472 | Revision_472/strlist.c | U | 150 | 154 | 7 | 130855 | 14 | 126 | 71
472 | Revision_472/fortran.c | U | 1555 | 1560 | 7 | 130856 | 14 | 79 | 71
472 | Revision_472/fortran.c | U | 1343 | 1351 | 7 | 130857 | 14 | 84 | 71
472 | Revision_472/fortran.c | U | 589 | 593 | 7 | 130858 | 14 | 95 | 71
472 | Revision_472/fortran.c | U | 1214 | 1218 | 7 | 130859 | 14 | 85 | 71
472 | Revision_472/eiffel.c | U | 1030 | 1034 | 7 | 130860 | 14 | 151 | 71
472 | Revision_472/jscript.c | U | 617 | 626 | 7 | 130861 | 14 | 426 | 71
472 | Revision_472/sql.c | U | 831 | 851 | 7 | 130862 | 14 | 423 | 71
472 | Revision_472/ruby.c | U | 214 | 218 | 7 | 130863 | 14 | 392 | 71
472 | Revision_472/sql.c | U | 744 | 753 | 7 | 130864 | 14 | 424 | 71
472 | Revision_472/sql.c | U | 1207 | 1213 | 7 | 130865 | 14 | 492 | 71
472 | Revision_472/php.c | U | 84 | 88 | 7 | 130866 | 14 | 40 | 71
472 | Revision_472/c.c | U | 2694 | 2699 | 7 | 130867 | 14 | 94 | 71
472 | Revision_472/keyword.c | U | 185 | 189 | 7 | 130868 | 14 | 91 | 71
472 | Revision_472/readtags.c | U | 455 | 459 | 7 | 130869 | 14 | 90 | 71
472 | Revision_472/options.c | U | 1039 | 1043 | 7 | 130870 | 14 | 89 | 71
472 | Revision_472/c.c | U | 2153 | 2160 | 7 | 130871 | 14 | 244 | 71
472 | Revision_472/c.c | U | 1758 | 1762 | 7 | 130872 | 14 | 121 | 71
472 | Revision_472/c.c | U | 1749 | 1753 | 7 | 130873 | 14 | 331 | 71
472 | Revision_472/vstring.c | U | 35 | 40 | 7 | 130874 | 14 | 98 | 71
472 | Revision_472/fortran.c | U | 1727 | 1731 | 7 | 130875 | 14 | 373 | 71
472 | Revision_472/options.c | U | 672 | 676 | 7 | 130876 | 14 | 127 | 71
472 | Revision_472/fortran.c | U | 1011 | 1015 | 7 | 130877 | 14 | 128 | 71
472 | Revision_472/eiffel.c | U | 1066 | 1075 | 7 | 130878 | 14 | 101 | 71
472 | Revision_472/jscript.c | U | 843 | 850 | 7 | 130879 | 14 | 427 | 71
472 | Revision_472/fortran.c | U | 1548 | 1553 | 7 | 130880 | 14 | 79 | 71
472 | Revision_472/options.c | U | 1218 | 1222 | 7 | 130881 | 14 | 129 | 71
472 | Revision_472/sql.c | U | 1341 | 1348 | 7 | 130882 | 14 | 430 | 71
472 | Revision_472/jscript.c | U | 1064 | 1078 | 7 | 130883 | 14 | 429 | 71
472 | Revision_472/jscript.c | U | 502 | 512 | 7 | 130884 | 14 | 428 | 71
472 | Revision_472/sql.c | U | 1724 | 1752 | 7 | 130885 | 14 | 431 | 71
472 | Revision_472/fortran.c | U | 1421 | 1429 | 7 | 130886 | 14 | 59 | 71
472 | Revision_472/jscript.c | U | 574 | 596 | 7 | 130887 | 14 | 432 | 71
472 | Revision_472/jscript.c | U | 516 | 547 | 7 | 130888 | 14 | 433 | 71
472 | Revision_472/fortran.c | U | 1716 | 1725 | 7 | 130889 | 14 | 221 | 71
472 | Revision_472/jscript.c | U | 841 | 851 | 7 | 130890 | 14 | 427 | 71
472 | Revision_472/sql.c | U | 1008 | 1031 | 7 | 130891 | 14 | 437 | 71
472 | Revision_472/sql.c | U | 1168 | 1181 | 7 | 130892 | 14 | 436 | 71
472 | Revision_472/sql.c | U | 975 | 992 | 7 | 130893 | 14 | 435 | 71
472 | Revision_472/jscript.c | U | 796 | 815 | 7 | 130894 | 14 | 438 | 71
472 | Revision_472/jscript.c | U | 631 | 676 | 7 | 130895 | 14 | 491 | 71
472 | Revision_472/fortran.c | U | 1540 | 1546 | 7 | 130896 | 14 | 65 | 71
472 | Revision_472/fortran.c | U | 1087 | 1093 | 7 | 130897 | 14 | 350 | 71
472 | Revision_472/fortran.c | U | 1761 | 1767 | 7 | 130898 | 14 | 314 | 71
472 | Revision_472/sql.c | U | 1458 | 1484 | 7 | 130899 | 14 | 439 | 71
472 | Revision_472/sql.c | U | 1427 | 1455 | 7 | 130900 | 14 | 441 | 71
472 | Revision_472/sql.c | U | 1526 | 1547 | 7 | 130901 | 14 | 442 | 71
472 | Revision_472/sql.c | U | 1487 | 1508 | 7 | 130902 | 14 | 440 | 71
472 | Revision_472/sql.c | U | 1550 | 1571 | 7 | 130903 | 14 | 443 | 71
472 | Revision_472/jscript.c | U | 788 | 817 | 7 | 130904 | 14 | 438 | 71
472 | Revision_472/sql.c | U | 1574 | 1614 | 7 | 130905 | 14 | 445 | 71
472 | Revision_472/jscript.c | U | 793 | 816 | 7 | 130906 | 14 | 438 | 71
472 | Revision_472/sql.c | U | 1185 | 1223 | 7 | 130907 | 14 | 447 | 71
472 | Revision_472/sql.c | U | 1311 | 1350 | 7 | 130908 | 14 | 448 | 71
472 | Revision_472/jscript.c | U | 598 | 627 | 7 | 130909 | 14 | 446 | 71
472 | Revision_472/sql.c | U | 1226 | 1269 | 7 | 130910 | 14 | 449 | 71
472 | Revision_472/jscript.c | U | 785 | 818 | 7 | 130911 | 14 | 438 | 71
472 | Revision_472/c.c | U | 795 | 816 | 45 | 130912 | 15 | 103 | 80
472 | Revision_472/c.c | U | 925 | 944 | 45 | 130913 | 15 | 103 | 80
472 | Revision_472/c.c | U | 858 | 878 | 45 | 130914 | 15 | 316 | 80
472 | Revision_472/c.c | U | 819 | 839 | 45 | 130915 | 15 | 332 | 80
472 | Revision_472/c.c | U | 881 | 892 | 12 | 130916 | 16 | 317 | 90
472 | Revision_472/c.c | U | 895 | 906 | 12 | 130917 | 16 | 318 | 90
472 | Revision_472/c.c | U | 1046 | 1051 | 6 | 130918 | 17 | 407 | 80
472 | Revision_472/jscript.c | U | 1044 | 1049 | 6 | 130919 | 17 | 417 | 80
472 | Revision_472/c.c | U | 1301 | 1307 | 7 | 130920 | 18 | 385 | 71
472 | Revision_472/make.c | U | 63 | 69 | 7 | 130921 | 18 | 394 | 71
472 | Revision_472/fortran.c | U | 501 | 509 | 7 | 130922 | 18 | 112 | 71
472 | Revision_472/make.c | U | 53 | 60 | 7 | 130923 | 18 | 395 | 71
472 | Revision_472/c.c | U | 1374 | 1381 | 7 | 130924 | 19 | 108 | 80
472 | Revision_472/c.c | U | 1383 | 1390 | 7 | 130925 | 19 | 109 | 80
472 | Revision_472/c.c | U | 1404 | 1411 | 7 | 130926 | 20 | 110 | 71
472 | Revision_472/fortran.c | U | 628 | 634 | 7 | 130927 | 20 | 112 | 71
472 | Revision_472/c.c | U | 2125 | 2132 | 7 | 130928 | 20 | 111 | 71
472 | Revision_472/c.c | U | 1414 | 1421 | 7 | 130929 | 20 | 405 | 71
472 | Revision_472/jscript.c | U | 429 | 436 | 7 | 130930 | 20 | 450 | 71
472 | Revision_472/sql.c | U | 559 | 566 | 7 | 130931 | 20 | 406 | 71
472 | Revision_472/c.c | U | 1452 | 1457 | 6 | 130932 | 21 | 386 | 80
472 | Revision_472/c.c | U | 1769 | 1774 | 6 | 130933 | 21 | 80 | 80
472 | Revision_472/c.c | U | 1470 | 1479 | 9 | 130934 | 22 | 294 | 71
472 | Revision_472/eiffel.c | U | 556 | 564 | 9 | 130935 | 22 | 295 | 71
472 | Revision_472/c.c | U | 1473 | 1477 | 5 | 130936 | 23 | 294 | 75
472 | Revision_472/readtags.c | U | 503 | 507 | 5 | 130937 | 23 | 90 | 75
472 | Revision_472/readtags.c | U | 680 | 684 | 5 | 130938 | 23 | 99 | 75
472 | Revision_472/c.c | U | 1487 | 1500 | 10 | 130939 | 24 | 396 | 75
472 | Revision_472/make.c | U | 77 | 87 | 10 | 130940 | 24 | 397 | 75
472 | Revision_472/fortran.c | U | 857 | 868 | 10 | 130941 | 24 | 116 | 75
472 | Revision_472/verilog.c | U | 205 | 218 | 10 | 130942 | 24 | 398 | 75
472 | Revision_472/sql.c | U | 443 | 454 | 10 | 130943 | 24 | 306 | 75
472 | Revision_472/jscript.c | U | 340 | 351 | 10 | 130944 | 24 | 451 | 75
472 | Revision_472/eiffel.c | U | 572 | 584 | 10 | 130945 | 24 | 114 | 75
472 | Revision_472/eiffel.c | U | 587 | 599 | 10 | 130946 | 24 | 117 | 75
472 | Revision_472/c.c | U | 1594 | 1600 | 8 | 130947 | 25 | 452 | 75
472 | Revision_472/jscript.c | U | 363 | 371 | 8 | 130948 | 25 | 453 | 75
472 | Revision_472/c.c | U | 1813 | 1817 | 5 | 130949 | 26 | 118 | 75
472 | Revision_472/fortran.c | U | 812 | 816 | 5 | 130950 | 26 | 120 | 75
472 | Revision_472/eiffel.c | U | 419 | 423 | 5 | 130951 | 26 | 119 | 75
472 | Revision_472/c.c | U | 1959 | 1963 | 5 | 130952 | 27 | 121 | 75
472 | Revision_472/fortran.c | U | 731 | 735 | 5 | 130953 | 27 | 144 | 75
472 | Revision_472/fortran.c | U | 622 | 626 | 5 | 130954 | 27 | 112 | 75
472 | Revision_472/get.c | U | 591 | 595 | 5 | 130955 | 27 | 122 | 75
472 | Revision_472/pascal.c | U | 134 | 138 | 5 | 130956 | 27 | 164 | 75
472 | Revision_472/perl.c | U | 100 | 104 | 5 | 130957 | 27 | 163 | 75
472 | Revision_472/c.c | U | 2113 | 2120 | 9 | 130958 | 28 | 28 | 71
472 | Revision_472/eiffel.c | U | 1063 | 1076 | 9 | 130959 | 28 | 156 | 71
472 | Revision_472/c.c | U | 2411 | 2418 | 5 | 130960 | 29 | 94 | 75
472 | Revision_472/sql.c | U | 1400 | 1404 | 5 | 130961 | 29 | 454 | 75
472 | Revision_472/sql.c | U | 1659 | 1663 | 5 | 130962 | 29 | 455 | 75
472 | Revision_472/jscript.c | U | 722 | 731 | 5 | 130963 | 29 | 456 | 75
472 | Revision_472/jscript.c | U | 733 | 738 | 5 | 130964 | 29 | 457 | 75
472 | Revision_472/c.c | U | 2424 | 2428 | 5 | 130965 | 30 | 387 | 100
472 | Revision_472/c.c | U | 2431 | 2435 | 5 | 130966 | 30 | 94 | 100
472 | Revision_472/c.c | U | 2650 | 2655 | 6 | 130967 | 31 | 94 | 80
472 | Revision_472/sql.c | U | 995 | 1000 | 6 | 130968 | 31 | 301 | 80
472 | Revision_472/c.c | U | 2734 | 2743 | 9 | 130969 | 32 | 130 | 71
472 | Revision_472/verilog.c | U | 107 | 117 | 9 | 130970 | 32 | 381 | 71
472 | Revision_472/jscript.c | U | 210 | 219 | 9 | 130971 | 32 | 458 | 71
472 | Revision_472/sql.c | U | 333 | 342 | 9 | 130972 | 32 | 302 | 71
472 | Revision_472/asm.c | U | 120 | 128 | 9 | 130973 | 32 | 288 | 71
472 | Revision_472/eiffel.c | U | 215 | 224 | 9 | 130974 | 32 | 131 | 71
472 | Revision_472/fortran.c | U | 397 | 406 | 9 | 130975 | 32 | 132 | 71
472 | Revision_472/eiffel.c | U | 287 | 301 | 10 | 130976 | 33 | 133 | 71
472 | Revision_472/beta.c | U | 71 | 80 | 10 | 130977 | 33 | 134 | 71
472 | Revision_472/sql.c | U | 392 | 406 | 10 | 130978 | 33 | 303 | 71
472 | Revision_472/jscript.c | U | 270 | 284 | 10 | 130979 | 33 | 459 | 71
472 | Revision_472/parse.c | U | 46 | 57 | 10 | 130980 | 33 | 135 | 71
472 | Revision_472/sml.c | U | 75 | 81 | 10 | 130981 | 33 | 324 | 71
472 | Revision_472/eiffel.c | U | 289 | 299 | 10 | 130982 | 33 | 136 | 71
472 | Revision_472/eiffel.c | U | 367 | 376 | 8 | 130983 | 34 | 304 | 100
472 | Revision_472/sql.c | U | 413 | 420 | 8 | 130984 | 34 | 305 | 100
472 | Revision_472/jscript.c | U | 309 | 316 | 8 | 130985 | 34 | 460 | 100
472 | Revision_472/eiffel.c | U | 382 | 407 | 23 | 130986 | 35 | 139 | 75
472 | Revision_472/fortran.c | U | 770 | 800 | 23 | 130987 | 35 | 140 | 75
472 | Revision_472/eiffel.c | U | 410 | 435 | 20 | 130988 | 36 | 141 | 94
472 | Revision_472/fortran.c | U | 803 | 828 | 20 | 130989 | 36 | 142 | 94
472 | Revision_472/eiffel.c | U | 547 | 551 | 5 | 130990 | 37 | 143 | 75
472 | Revision_472/verilog.c | U | 141 | 145 | 5 | 130991 | 37 | 383 | 75
472 | Revision_472/fortran.c | U | 792 | 796 | 5 | 130992 | 37 | 144 | 75
472 | Revision_472/fortran.c | U | 990 | 994 | 5 | 130993 | 37 | 145 | 75
472 | Revision_472/verilog.c | U | 244 | 248 | 5 | 130994 | 37 | 382 | 75
472 | Revision_472/eiffel.c | U | 602 | 612 | 9 | 130995 | 38 | 146 | 87
472 | Revision_472/fortran.c | U | 875 | 885 | 9 | 130996 | 38 | 147 | 87
472 | Revision_472/asm.c | U | 131 | 140 | 9 | 130997 | 38 | 270 | 87
472 | Revision_472/eiffel.c | U | 720 | 727 | 9 | 130998 | 39 | 148 | 77
472 | Revision_472/jscript.c | U | 452 | 461 | 9 | 130999 | 39 | 461 | 77
472 | Revision_472/eiffel.c | U | 771 | 818 | 13 | 131000 | 40 | 349 | 72
472 | Revision_472/fortran.c | U | 1101 | 1112 | 13 | 131001 | 40 | 350 | 72
472 | Revision_472/eiffel.c | U | 836 | 854 | 12 | 131002 | 41 | 251 | 72
472 | Revision_472/eiffel.c | U | 858 | 879 | 12 | 131003 | 41 | 252 | 72
472 | Revision_472/fortran.c | U | 1383 | 1396 | 12 | 131004 | 41 | 336 | 72
472 | Revision_472/eiffel.c | U | 1005 | 1018 | 12 | 131005 | 41 | 253 | 72
472 | Revision_472/fortran.c | U | 1637 | 1645 | 12 | 131006 | 41 | 337 | 72
472 | Revision_472/jscript.c | U | 1084 | 1096 | 12 | 131007 | 41 | 495 | 72
472 | Revision_472/eiffel.c | U | 866 | 878 | 12 | 131008 | 41 | 156 | 72
472 | Revision_472/sql.c | U | 1294 | 1304 | 12 | 131009 | 41 | 462 | 72
472 | Revision_472/eiffel.c | U | 995 | 1003 | 7 | 131010 | 42 | 496 | 83
472 | Revision_472/jscript.c | U | 1088 | 1095 | 7 | 131011 | 42 | 495 | 83
472 | Revision_472/fortran.c | U | 1387 | 1393 | 7 | 131012 | 42 | 84 | 83
472 | Revision_472/fortran.c | U | 1328 | 1334 | 7 | 131013 | 42 | 85 | 83
472 | Revision_472/basic.c | U | 118 | 123 | 6 | 131014 | 43 | 411 | 80
472 | Revision_472/basic.c | U | 130 | 135 | 6 | 131015 | 43 | 412 | 80
472 | Revision_472/verilog.c | U | 193 | 199 | 8 | 131016 | 44 | 399 | 75
472 | Revision_472/make.c | U | 97 | 105 | 8 | 131017 | 44 | 400 | 75
472 | Revision_472/verilog.c | U | 281 | 285 | 5 | 131018 | 45 | 401 | 75
472 | Revision_472/make.c | U | 44 | 48 | 5 | 131019 | 45 | 402 | 75
472 | Revision_472/jscript.c | U | 177 | 207 | 18 | 131020 | 46 | 465 | 100
472 | Revision_472/sql.c | U | 654 | 685 | 18 | 131021 | 46 | 466 | 100
472 | Revision_472/jscript.c | U | 246 | 267 | 15 | 131022 | 47 | 467 | 100
472 | Revision_472/sql.c | U | 368 | 389 | 15 | 131023 | 47 | 468 | 100
472 | Revision_472/jscript.c | U | 287 | 293 | 6 | 131024 | 48 | 415 | 100
472 | Revision_472/jscript.c | U | 296 | 302 | 6 | 131025 | 48 | 460 | 100
472 | Revision_472/jscript.c | U | 319 | 334 | 14 | 131026 | 49 | 469 | 100
472 | Revision_472/sql.c | U | 423 | 438 | 14 | 131027 | 49 | 470 | 100
472 | Revision_472/jscript.c | U | 354 | 360 | 7 | 131028 | 50 | 471 | 100
472 | Revision_472/sql.c | U | 457 | 463 | 7 | 131029 | 50 | 297 | 100
472 | Revision_472/jscript.c | U | 374 | 464 | 107 | 131030 | 51 | 472 | 72
472 | Revision_472/sql.c | U | 466 | 600 | 107 | 131031 | 51 | 473 | 72
472 | Revision_472/jscript.c | U | 471 | 478 | 7 | 131032 | 52 | 474 | 80
472 | Revision_472/jscript.c | U | 481 | 488 | 7 | 131033 | 52 | 475 | 80
472 | Revision_472/sql.c | U | 619 | 626 | 7 | 131034 | 52 | 476 | 80
472 | Revision_472/jscript.c | U | 804 | 814 | 6 | 131035 | 53 | 479 | 80
472 | Revision_472/options.c | U | 352 | 357 | 6 | 131036 | 53 | 224 | 80
472 | Revision_472/jscript.c | U | 857 | 863 | 8 | 131037 | 54 | 480 | 75
472 | Revision_472/jscript.c | U | 1051 | 1060 | 8 | 131038 | 54 | 481 | 75
472 | Revision_472/jscript.c | U | 954 | 963 | 6 | 131039 | 55 | 497 | 75
472 | Revision_472/options.c | U | 1680 | 1684 | 6 | 131040 | 55 | 333 | 75
472 | Revision_472/jscript.c | U | 1178 | 1181 | 8 | 131041 | 56 | 498 | 71
472 | Revision_472/Test/local.c | U | 14 | 20 | 8 | 131042 | 56 | 384 | 71
472 | Revision_472/jscript.c | U | 1191 | 1195 | 5 | 131043 | 57 | 484 | 75
472 | Revision_472/sql.c | U | 1796 | 1800 | 5 | 131044 | 57 | 404 | 75
472 | Revision_472/make.c | U | 185 | 189 | 5 | 131045 | 57 | 403 | 75
472 | Revision_472/vim.c | U | 56 | 60 | 5 | 131046 | 58 | 290 | 100
472 | Revision_472/vim.c | U | 62 | 66 | 5 | 131047 | 58 | 291 | 100
472 | Revision_472/python.c | U | 107 | 111 | 5 | 131048 | 59 | 278 | 75
472 | Revision_472/erlang.c | U | 58 | 62 | 5 | 131049 | 59 | 341 | 75
472 | Revision_472/sml.c | U | 84 | 88 | 5 | 131050 | 59 | 325 | 75
472 | Revision_472/options.c | U | 960 | 965 | 5 | 131051 | 59 | 280 | 75
472 | Revision_472/python.c | U | 115 | 124 | 9 | 131052 | 60 | 292 | 75
472 | Revision_472/erlang.c | U | 66 | 75 | 9 | 131053 | 60 | 342 | 75
472 | Revision_472/tcl.c | U | 44 | 54 | 9 | 131054 | 60 | 293 | 75
472 | Revision_472/python.c | U | 201 | 210 | 9 | 131055 | 61 | 326 | 71
472 | Revision_472/sml.c | U | 165 | 174 | 9 | 131056 | 61 | 327 | 71
472 | Revision_472/perl.c | U | 186 | 192 | 7 | 131057 | 62 | 389 | 71
472 | Revision_472/main.c | U | 260 | 267 | 7 | 131058 | 62 | 377 | 71
472 | Revision_472/erlang.c | U | 97 | 105 | 7 | 131059 | 62 | 344 | 71
472 | Revision_472/erlang.c | U | 116 | 121 | 7 | 131060 | 62 | 346 | 71
472 | Revision_472/erlang.c | U | 108 | 113 | 7 | 131061 | 62 | 344 | 71
472 | Revision_472/main.c | U | 179 | 185 | 7 | 131062 | 62 | 376 | 71
472 | Revision_472/sort.c | U | 122 | 127 | 5 | 131063 | 63 | 281 | 100
472 | Revision_472/sort.c | U | 130 | 135 | 5 | 131064 | 63 | 282 | 100
472 | Revision_472/strlist.c | U | 32 | 38 | 8 | 131065 | 64 | 165 | 71
472 | Revision_472/vstring.c | U | 77 | 87 | 8 | 131066 | 64 | 166 | 71
472 | Revision_472/strlist.c | U | 191 | 196 | 7 | 131067 | 65 | 168 | 83
472 | Revision_472/strlist.c | U | 200 | 206 | 7 | 131068 | 65 | 390 | 83
472 | Revision_472/pascal.c | U | 150 | 154 | 6 | 131069 | 66 | 319 | 75
472 | Revision_472/pascal.c | U | 184 | 190 | 6 | 131070 | 66 | 171 | 75
472 | Revision_472/pascal.c | U | 176 | 182 | 6 | 131071 | 66 | 170 | 75
472 | Revision_472/get.c | U | 302 | 311 | 10 | 131072 | 67 | 174 | 70
472 | Revision_472/read.c | U | 214 | 225 | 10 | 131073 | 67 | 176 | 70
472 | Revision_472/parse.c | U | 587 | 601 | 10 | 131074 | 67 | 175 | 70
472 | Revision_472/get.c | U | 464 | 475 | 10 | 131075 | 68 | 177 | 100
472 | Revision_472/get.c | U | 481 | 492 | 10 | 131076 | 68 | 178 | 100
472 | Revision_472/get.c | U | 538 | 543 | 6 | 131077 | 69 | 180 | 80
472 | Revision_472/read.c | U | 415 | 419 | 6 | 131078 | 69 | 181 | 80
472 | Revision_472/main.c | U | 126 | 139 | 6 | 131079 | 70 | 354 | 80
472 | Revision_472/options.c | U | 397 | 402 | 6 | 131080 | 70 | 355 | 80
472 | Revision_472/routines.c | U | 236 | 243 | 6 | 131081 | 71 | 254 | 80
472 | Revision_472/routines.c | U | 246 | 253 | 6 | 131082 | 71 | 255 | 80
472 | Revision_472/routines.c | U | 287 | 294 | 8 | 131083 | 72 | 256 | 83
472 | Revision_472/routines.c | U | 297 | 304 | 8 | 131084 | 72 | 257 | 83
472 | Revision_472/readtags.c | U | 106 | 113 | 8 | 131085 | 72 | 123 | 83
472 | Revision_472/readtags.c | U | 116 | 123 | 8 | 131086 | 72 | 238 | 83
472 | Revision_472/routines.c | U | 321 | 325 | 5 | 131087 | 73 | 258 | 75
472 | Revision_472/vstring.c | U | 125 | 129 | 5 | 131088 | 73 | 188 | 75
472 | Revision_472/vstring.c | U | 118 | 122 | 5 | 131089 | 73 | 189 | 75
472 | Revision_472/routines.c | U | 328 | 334 | 6 | 131090 | 74 | 259 | 100
472 | Revision_472/routines.c | U | 337 | 343 | 6 | 131091 | 74 | 260 | 100
472 | Revision_472/routines.c | U | 348 | 355 | 8 | 131092 | 75 | 261 | 100
472 | Revision_472/routines.c | U | 360 | 367 | 8 | 131093 | 75 | 262 | 100
472 | Revision_472/sh.c | U | 89 | 94 | 6 | 131094 | 76 | 378 | 80
472 | Revision_472/asm.c | U | 348 | 353 | 6 | 131095 | 76 | 379 | 80
472 | Revision_472/beta.c | U | 134 | 141 | 6 | 131096 | 77 | 201 | 75
472 | Revision_472/beta.c | U | 204 | 212 | 6 | 131097 | 77 | 202 | 75
472 | Revision_472/beta.c | U | 152 | 156 | 5 | 131098 | 78 | 203 | 75
472 | Revision_472/beta.c | U | 271 | 275 | 5 | 131099 | 78 | 205 | 75
472 | Revision_472/beta.c | U | 158 | 162 | 5 | 131100 | 78 | 204 | 75
472 | Revision_472/beta.c | U | 277 | 281 | 5 | 131101 | 78 | 207 | 75
472 | Revision_472/beta.c | U | 165 | 169 | 5 | 131102 | 78 | 206 | 75
472 | Revision_472/sql.c | U | 773 | 783 | 8 | 131103 | 79 | 493 | 71
472 | Revision_472/sql.c | U | 1409 | 1418 | 8 | 131104 | 79 | 486 | 71
472 | Revision_472/sql.c | U | 1272 | 1308 | 24 | 131105 | 80 | 487 | 78
472 | Revision_472/sql.c | U | 1678 | 1721 | 24 | 131106 | 80 | 488 | 78
472 | Revision_472/sql.c | U | 1642 | 1667 | 17 | 131107 | 81 | 489 | 84
472 | Revision_472/sql.c | U | 1691 | 1715 | 17 | 131108 | 81 | 490 | 84
472 | Revision_472/parse.c | U | 99 | 109 | 11 | 131109 | 82 | 208 | 88
472 | Revision_472/parse.c | U | 112 | 123 | 11 | 131110 | 82 | 209 | 88
472 | Revision_472/parse.c | U | 300 | 304 | 5 | 131111 | 83 | 356 | 75
472 | Revision_472/parse.c | U | 576 | 580 | 5 | 131112 | 83 | 357 | 75
472 | Revision_472/parse.c | U | 557 | 561 | 5 | 131113 | 83 | 358 | 75
472 | Revision_472/readtags.c | U | 542 | 548 | 6 | 131114 | 84 | 239 | 100
472 | Revision_472/readtags.c | U | 550 | 556 | 6 | 131115 | 84 | 240 | 100
472 | Revision_472/readtags.c | U | 585 | 589 | 6 | 131116 | 85 | 123 | 75
472 | Revision_472/readtags.c | U | 640 | 646 | 6 | 131117 | 85 | 124 | 75
472 | Revision_472/readtags.c | U | 717 | 725 | 8 | 131118 | 86 | 210 | 83
472 | Revision_472/readtags.c | U | 772 | 780 | 8 | 131119 | 86 | 211 | 83
472 | Revision_472/readtags.c | U | 728 | 736 | 8 | 131120 | 86 | 212 | 83
472 | Revision_472/readtags.c | U | 739 | 744 | 6 | 131121 | 87 | 241 | 80
472 | Revision_472/readtags.c | U | 756 | 761 | 6 | 131122 | 87 | 242 | 80
472 | Revision_472/readtags.c | U | 764 | 769 | 6 | 131123 | 87 | 287 | 80
472 | Revision_472/fortran.c | U | 1274 | 1295 | 23 | 131124 | 88 | 369 | 72
472 | Revision_472/fortran.c | U | 1794 | 1817 | 23 | 131125 | 88 | 366 | 72
472 | Revision_472/fortran.c | U | 1454 | 1462 | 10 | 131126 | 89 | 314 | 77
472 | Revision_472/fortran.c | U | 1493 | 1502 | 10 | 131127 | 89 | 59 | 77
472 | Revision_472/fortran.c | U | 1734 | 1749 | 20 | 131128 | 90 | 21 | 84
472 | Revision_472/fortran.c | U | 1951 | 1967 | 20 | 131129 | 90 | 374 | 84
472 | Revision_472/fortran.c | U | 1915 | 1934 | 17 | 131130 | 91 | 220 | 75
472 | Revision_472/fortran.c | U | 1986 | 2003 | 17 | 131131 | 91 | 221 | 75
472 | Revision_472/fortran.c | U | 2063 | 2084 | 17 | 131132 | 91 | 372 | 75
472 | Revision_472/asm.c | U | 244 | 257 | 11 | 131133 | 92 | 289 | 77
472 | Revision_472/asm.c | U | 262 | 272 | 11 | 131134 | 92 | 279 | 77
472 | Revision_472/scheme.c | U | 70 | 78 | 8 | 131135 | 93 | 222 | 71
472 | Revision_472/scheme.c | U | 85 | 93 | 8 | 131136 | 93 | 223 | 71
472 | Revision_472/options.c | U | 369 | 375 | 6 | 131137 | 94 | 224 | 100
472 | Revision_472/options.c | U | 378 | 384 | 6 | 131138 | 94 | 225 | 100
472 | Revision_472/options.c | U | 541 | 547 | 7 | 131139 | 95 | 226 | 100
472 | Revision_472/options.c | U | 568 | 574 | 7 | 131140 | 95 | 227 | 100
472 | Revision_472/options.c | U | 550 | 556 | 7 | 131141 | 95 | 228 | 100
472 | Revision_472/options.c | U | 559 | 565 | 7 | 131142 | 95 | 229 | 100
472 | Revision_472/options.c | U | 979 | 983 | 5 | 131143 | 96 | 230 | 75
472 | Revision_472/options.c | U | 1005 | 1009 | 5 | 131144 | 96 | 231 | 75
472 | Revision_472/options.c | U | 1099 | 1103 | 5 | 131145 | 97 | 232 | 100
472 | Revision_472/options.c | U | 1105 | 1109 | 5 | 131146 | 97 | 233 | 100
472 | Revision_472/options.c | U | 1151 | 1163 | 12 | 131147 | 98 | 360 | 100
472 | Revision_472/options.c | U | 1168 | 1180 | 12 | 131148 | 98 | 235 | 100
472 | Revision_472/options.c | U | 1422 | 1439 | 15 | 131149 | 99 | 236 | 91
472 | Revision_472/options.c | U | 1460 | 1477 | 15 | 131150 | 99 | 237 | 91
