Revision | filePath | changeType | StartLine | EndLine | Nlines | cloneId | classId | globalCloneId | Similarity
479 | Revision_479/lisp.c | U | 91 | 97 | 7 | 133664 | 1 | 1 | 83
479 | Revision_479/lisp.c | U | 112 | 118 | 7 | 133665 | 1 | 2 | 83
479 | Revision_479/lisp.c | U | 127 | 137 | 9 | 133666 | 2 | 3 | 70
479 | Revision_479/c.c | U | 2776 | 2785 | 9 | 133667 | 2 | 12 | 70
479 | Revision_479/awk.c | U | 71 | 79 | 9 | 133668 | 2 | 10 | 70
479 | Revision_479/cobol.c | U | 40 | 48 | 9 | 133669 | 2 | 320 | 70
479 | Revision_479/python.c | U | 272 | 280 | 9 | 133670 | 2 | 13 | 70
479 | Revision_479/sh.c | U | 103 | 113 | 9 | 133671 | 2 | 17 | 70
479 | Revision_479/basic.c | U | 191 | 199 | 9 | 133672 | 2 | 408 | 70
479 | Revision_479/pascal.c | U | 256 | 264 | 9 | 133673 | 2 | 14 | 70
479 | Revision_479/asp.c | U | 201 | 209 | 9 | 133674 | 2 | 4 | 70
479 | Revision_479/ruby.c | U | 389 | 397 | 9 | 133675 | 2 | 19 | 70
479 | Revision_479/basic.c | U | 202 | 210 | 9 | 133676 | 2 | 409 | 70
479 | Revision_479/vim.c | A | 622 | 630 | 9 | 133677 | 2 | 20 | 70
479 | Revision_479/eiffel.c | U | 1220 | 1229 | 9 | 133678 | 2 | 9 | 70
479 | Revision_479/sql.c | U | 1812 | 1821 | 9 | 133679 | 2 | 296 | 70
479 | Revision_479/basic.c | U | 180 | 188 | 9 | 133680 | 2 | 410 | 70
479 | Revision_479/sml.c | U | 201 | 209 | 9 | 133681 | 2 | 321 | 70
479 | Revision_479/php.c | U | 161 | 169 | 9 | 133682 | 2 | 22 | 70
479 | Revision_479/c.c | U | 2818 | 2827 | 9 | 133683 | 2 | 15 | 70
479 | Revision_479/c.c | U | 2788 | 2803 | 9 | 133684 | 2 | 8 | 70
479 | Revision_479/fortran.c | U | 2203 | 2218 | 9 | 133685 | 2 | 21 | 70
479 | Revision_479/tcl.c | U | 106 | 114 | 9 | 133686 | 2 | 18 | 70
479 | Revision_479/verilog.c | U | 324 | 333 | 9 | 133687 | 2 | 283 | 70
479 | Revision_479/scheme.c | U | 99 | 109 | 9 | 133688 | 2 | 16 | 70
479 | Revision_479/lua.c | U | 123 | 131 | 9 | 133689 | 2 | 243 | 70
479 | Revision_479/perl.c | U | 203 | 211 | 9 | 133690 | 2 | 7 | 70
479 | Revision_479/beta.c | U | 310 | 318 | 9 | 133691 | 2 | 5 | 70
479 | Revision_479/erlang.c | U | 179 | 187 | 9 | 133692 | 2 | 340 | 70
479 | Revision_479/c.c | U | 2806 | 2815 | 9 | 133693 | 2 | 315 | 70
479 | Revision_479/c.c | U | 2830 | 2839 | 9 | 133694 | 2 | 330 | 70
479 | Revision_479/make.c | U | 199 | 209 | 9 | 133695 | 2 | 25 | 70
479 | Revision_479/asm.c | U | 367 | 386 | 9 | 133696 | 2 | 274 | 70
479 | Revision_479/jscript.c | U | 1234 | 1247 | 9 | 133697 | 2 | 413 | 70
479 | Revision_479/rexx.c | U | 30 | 37 | 9 | 133698 | 2 | 26 | 70
479 | Revision_479/keyword.c | U | 107 | 116 | 9 | 133699 | 2 | 27 | 70
479 | Revision_479/slang.c | U | 34 | 41 | 9 | 133700 | 2 | 24 | 70
479 | Revision_479/html.c | U | 40 | 47 | 9 | 133701 | 2 | 365 | 70
479 | Revision_479/yacc.c | U | 31 | 38 | 9 | 133702 | 2 | 23 | 70
479 | Revision_479/fortran.c | U | 413 | 425 | 9 | 133703 | 2 | 158 | 70
479 | Revision_479/sql.c | U | 344 | 353 | 9 | 133704 | 2 | 309 | 70
479 | Revision_479/options.c | U | 624 | 630 | 9 | 133705 | 2 | 29 | 70
479 | Revision_479/options.c | U | 531 | 536 | 9 | 133706 | 2 | 30 | 70
479 | Revision_479/c.c | U | 2163 | 2168 | 9 | 133707 | 2 | 28 | 70
479 | Revision_479/eiffel.c | U | 1174 | 1186 | 9 | 133708 | 2 | 157 | 70
479 | Revision_479/jscript.c | U | 187 | 197 | 9 | 133709 | 2 | 414 | 70
479 | Revision_479/c.c | U | 482 | 488 | 9 | 133710 | 2 | 53 | 70
479 | Revision_479/c.c | U | 2192 | 2200 | 9 | 133711 | 2 | 31 | 70
479 | Revision_479/asp.c | U | 71 | 90 | 15 | 133712 | 3 | 33 | 100
479 | Revision_479/asp.c | U | 94 | 113 | 15 | 133713 | 3 | 34 | 100
479 | Revision_479/asp.c | U | 117 | 133 | 14 | 133714 | 4 | 35 | 76
479 | Revision_479/php.c | U | 113 | 127 | 14 | 133715 | 4 | 40 | 76
479 | Revision_479/php.c | U | 92 | 110 | 14 | 133716 | 4 | 173 | 76
479 | Revision_479/asp.c | U | 175 | 190 | 14 | 133717 | 4 | 36 | 76
479 | Revision_479/asp.c | U | 137 | 152 | 14 | 133718 | 4 | 36 | 76
479 | Revision_479/asp.c | U | 156 | 171 | 14 | 133719 | 4 | 36 | 76
479 | Revision_479/args.c | U | 85 | 92 | 8 | 133720 | 5 | 43 | 100
479 | Revision_479/args.c | U | 159 | 166 | 8 | 133721 | 5 | 44 | 100
479 | Revision_479/args.c | U | 181 | 189 | 9 | 133722 | 6 | 45 | 75
479 | Revision_479/args.c | U | 192 | 199 | 9 | 133723 | 6 | 46 | 75
479 | Revision_479/args.c | U | 202 | 210 | 9 | 133724 | 6 | 47 | 75
479 | Revision_479/args.c | U | 265 | 271 | 6 | 133725 | 7 | 48 | 80
479 | Revision_479/options.c | U | 577 | 582 | 6 | 133726 | 7 | 49 | 80
479 | Revision_479/fortran.c | U | 908 | 913 | 6 | 133727 | 7 | 50 | 80
479 | Revision_479/c.c | U | 534 | 540 | 6 | 133728 | 8 | 51 | 75
479 | Revision_479/vstring.c | U | 67 | 74 | 6 | 133729 | 8 | 52 | 75
479 | Revision_479/sql.c | U | 356 | 360 | 6 | 133730 | 8 | 416 | 75
479 | Revision_479/jscript.c | U | 200 | 204 | 6 | 133731 | 8 | 415 | 75
479 | Revision_479/vstring.c | U | 69 | 73 | 6 | 133732 | 8 | 52 | 75
479 | Revision_479/eiffel.c | U | 1189 | 1195 | 6 | 133733 | 8 | 362 | 75
479 | Revision_479/fortran.c | U | 439 | 444 | 6 | 133734 | 8 | 363 | 75
479 | Revision_479/c.c | U | 543 | 550 | 6 | 133735 | 9 | 53 | 80
479 | Revision_479/c.c | U | 553 | 560 | 6 | 133736 | 9 | 54 | 80
479 | Revision_479/c.c | U | 662 | 678 | 18 | 133737 | 10 | 55 | 70
479 | Revision_479/fortran.c | U | 1115 | 1135 | 18 | 133738 | 10 | 58 | 70
479 | Revision_479/fortran.c | U | 1138 | 1153 | 18 | 133739 | 10 | 375 | 70
479 | Revision_479/c.c | U | 681 | 696 | 18 | 133740 | 10 | 60 | 70
479 | Revision_479/fortran.c | U | 1874 | 1890 | 18 | 133741 | 10 | 59 | 70
479 | Revision_479/c.c | U | 1161 | 1179 | 18 | 133742 | 10 | 57 | 70
479 | Revision_479/c.c | U | 1238 | 1252 | 18 | 133743 | 10 | 56 | 70
479 | Revision_479/fortran.c | U | 1791 | 1819 | 18 | 133744 | 10 | 366 | 70
479 | Revision_479/Test/local.c | U | 9 | 22 | 18 | 133745 | 10 | 384 | 70
479 | Revision_479/jscript.c | U | 1155 | 1174 | 18 | 133746 | 10 | 463 | 70
479 | Revision_479/c.c | U | 1164 | 1177 | 18 | 133747 | 10 | 63 | 70
479 | Revision_479/fortran.c | U | 1118 | 1133 | 18 | 133748 | 10 | 58 | 70
479 | Revision_479/fortran.c | U | 1591 | 1628 | 18 | 133749 | 10 | 367 | 70
479 | Revision_479/eiffel.c | U | 1110 | 1134 | 18 | 133750 | 10 | 307 | 70
479 | Revision_479/eiffel.c | U | 904 | 944 | 18 | 133751 | 10 | 248 | 70
479 | Revision_479/sql.c | U | 870 | 888 | 18 | 133752 | 10 | 308 | 70
479 | Revision_479/fortran.c | U | 1877 | 1888 | 18 | 133753 | 10 | 65 | 70
479 | Revision_479/sql.c | U | 866 | 890 | 18 | 133754 | 10 | 308 | 70
479 | Revision_479/c.c | U | 684 | 694 | 13 | 133755 | 11 | 57 | 75
479 | Revision_479/c.c | U | 1240 | 1251 | 13 | 133756 | 11 | 64 | 75
479 | Revision_479/c.c | U | 714 | 734 | 20 | 133757 | 12 | 72 | 72
479 | Revision_479/fortran.c | U | 1305 | 1315 | 20 | 133758 | 12 | 337 | 72
479 | Revision_479/c.c | U | 744 | 750 | 8 | 133759 | 13 | 74 | 71
479 | Revision_479/options.c | U | 470 | 477 | 8 | 133760 | 13 | 75 | 71
479 | Revision_479/c.c | U | 785 | 789 | 7 | 133761 | 14 | 76 | 71
479 | Revision_479/jscript.c | U | 1091 | 1095 | 7 | 133762 | 14 | 417 | 71
479 | Revision_479/c.c | U | 2087 | 2091 | 7 | 133763 | 14 | 80 | 71
479 | Revision_479/sql.c | U | 982 | 989 | 7 | 133764 | 14 | 418 | 71
479 | Revision_479/fortran.c | U | 1919 | 1923 | 7 | 133765 | 14 | 79 | 71
479 | Revision_479/eiffel.c | U | 673 | 677 | 7 | 133766 | 14 | 249 | 71
479 | Revision_479/sql.c | U | 898 | 904 | 7 | 133767 | 14 | 419 | 71
479 | Revision_479/eiffel.c | U | 1011 | 1015 | 7 | 133768 | 14 | 269 | 71
479 | Revision_479/fortran.c | U | 1346 | 1350 | 7 | 133769 | 14 | 85 | 71
479 | Revision_479/eiffel.c | U | 960 | 964 | 7 | 133770 | 14 | 269 | 71
479 | Revision_479/eiffel.c | U | 873 | 877 | 7 | 133771 | 14 | 269 | 71
479 | Revision_479/jscript.c | U | 1100 | 1113 | 7 | 133772 | 14 | 464 | 71
479 | Revision_479/readtags.c | U | 144 | 148 | 7 | 133773 | 14 | 87 | 71
479 | Revision_479/sql.c | U | 1474 | 1480 | 7 | 133774 | 14 | 420 | 71
479 | Revision_479/sql.c | U | 1445 | 1451 | 7 | 133775 | 14 | 421 | 71
479 | Revision_479/jscript.c | U | 1075 | 1096 | 7 | 133776 | 14 | 494 | 71
479 | Revision_479/sql.c | U | 515 | 519 | 7 | 133777 | 14 | 300 | 71
479 | Revision_479/eiffel.c | U | 660 | 664 | 7 | 133778 | 14 | 250 | 71
479 | Revision_479/sql.c | U | 1215 | 1220 | 7 | 133779 | 14 | 422 | 71
479 | Revision_479/eiffel.c | U | 848 | 853 | 7 | 133780 | 14 | 151 | 71
479 | Revision_479/eiffel.c | U | 1030 | 1034 | 7 | 133781 | 14 | 151 | 71
479 | Revision_479/ruby.c | U | 214 | 218 | 7 | 133782 | 14 | 392 | 71
479 | Revision_479/fortran.c | U | 589 | 593 | 7 | 133783 | 14 | 95 | 71
479 | Revision_479/sql.c | U | 1207 | 1213 | 7 | 133784 | 14 | 492 | 71
479 | Revision_479/fortran.c | U | 1214 | 1218 | 7 | 133785 | 14 | 85 | 71
479 | Revision_479/fortran.c | U | 1343 | 1351 | 7 | 133786 | 14 | 84 | 71
479 | Revision_479/fortran.c | U | 1555 | 1560 | 7 | 133787 | 14 | 79 | 71
479 | Revision_479/php.c | U | 84 | 88 | 7 | 133788 | 14 | 40 | 71
479 | Revision_479/c.c | U | 2694 | 2699 | 7 | 133789 | 14 | 94 | 71
479 | Revision_479/jscript.c | U | 623 | 634 | 7 | 133790 | 14 | 426 | 71
479 | Revision_479/sql.c | U | 740 | 751 | 7 | 133791 | 14 | 424 | 71
479 | Revision_479/sql.c | U | 829 | 849 | 7 | 133792 | 14 | 423 | 71
479 | Revision_479/keyword.c | U | 185 | 189 | 7 | 133793 | 14 | 91 | 71
479 | Revision_479/readtags.c | U | 455 | 459 | 7 | 133794 | 14 | 90 | 71
479 | Revision_479/options.c | U | 1039 | 1043 | 7 | 133795 | 14 | 89 | 71
479 | Revision_479/fortran.c | U | 1727 | 1731 | 7 | 133796 | 14 | 373 | 71
479 | Revision_479/vstring.c | U | 35 | 40 | 7 | 133797 | 14 | 98 | 71
479 | Revision_479/c.c | U | 1758 | 1762 | 7 | 133798 | 14 | 121 | 71
479 | Revision_479/c.c | U | 2153 | 2160 | 7 | 133799 | 14 | 244 | 71
479 | Revision_479/c.c | U | 1749 | 1753 | 7 | 133800 | 14 | 331 | 71
479 | Revision_479/strlist.c | U | 150 | 154 | 7 | 133801 | 14 | 126 | 71
479 | Revision_479/c.c | U | 2134 | 2138 | 7 | 133802 | 14 | 125 | 71
479 | Revision_479/eiffel.c | U | 1066 | 1075 | 7 | 133803 | 14 | 101 | 71
479 | Revision_479/jscript.c | U | 708 | 715 | 7 | 133804 | 14 | 427 | 71
479 | Revision_479/fortran.c | U | 1548 | 1553 | 7 | 133805 | 14 | 79 | 71
479 | Revision_479/fortran.c | U | 1011 | 1015 | 7 | 133806 | 14 | 128 | 71
479 | Revision_479/options.c | U | 672 | 676 | 7 | 133807 | 14 | 127 | 71
479 | Revision_479/jscript.c | U | 498 | 508 | 7 | 133808 | 14 | 428 | 71
479 | Revision_479/jscript.c | U | 1032 | 1050 | 7 | 133809 | 14 | 429 | 71
479 | Revision_479/sql.c | U | 1341 | 1348 | 7 | 133810 | 14 | 430 | 71
479 | Revision_479/options.c | U | 1218 | 1222 | 7 | 133811 | 14 | 129 | 71
479 | Revision_479/fortran.c | U | 1421 | 1429 | 7 | 133812 | 14 | 59 | 71
479 | Revision_479/sql.c | U | 1723 | 1751 | 7 | 133813 | 14 | 431 | 71
479 | Revision_479/sql.c | U | 1168 | 1181 | 7 | 133814 | 14 | 436 | 71
479 | Revision_479/jscript.c | U | 512 | 547 | 7 | 133815 | 14 | 432 | 71
479 | Revision_479/sql.c | U | 1006 | 1029 | 7 | 133816 | 14 | 437 | 71
479 | Revision_479/sql.c | U | 973 | 990 | 7 | 133817 | 14 | 435 | 71
479 | Revision_479/jscript.c | U | 706 | 716 | 7 | 133818 | 14 | 427 | 71
479 | Revision_479/fortran.c | U | 1716 | 1725 | 7 | 133819 | 14 | 221 | 71
479 | Revision_479/jscript.c | U | 574 | 600 | 7 | 133820 | 14 | 433 | 71
479 | Revision_479/jscript.c | U | 639 | 688 | 7 | 133821 | 14 | 491 | 71
479 | Revision_479/fortran.c | U | 1761 | 1767 | 7 | 133822 | 14 | 314 | 71
479 | Revision_479/fortran.c | U | 1087 | 1093 | 7 | 133823 | 14 | 350 | 71
479 | Revision_479/fortran.c | U | 1540 | 1546 | 7 | 133824 | 14 | 65 | 71
479 | Revision_479/jscript.c | U | 853 | 872 | 7 | 133825 | 14 | 438 | 71
479 | Revision_479/sql.c | U | 1457 | 1483 | 7 | 133826 | 14 | 439 | 71
479 | Revision_479/sql.c | U | 1549 | 1570 | 7 | 133827 | 14 | 442 | 71
479 | Revision_479/sql.c | U | 1486 | 1507 | 7 | 133828 | 14 | 440 | 71
479 | Revision_479/sql.c | U | 1426 | 1454 | 7 | 133829 | 14 | 441 | 71
479 | Revision_479/sql.c | U | 1525 | 1546 | 7 | 133830 | 14 | 443 | 71
479 | Revision_479/jscript.c | U | 850 | 873 | 7 | 133831 | 14 | 438 | 71
479 | Revision_479/sql.c | U | 1573 | 1613 | 7 | 133832 | 14 | 445 | 71
479 | Revision_479/jscript.c | U | 845 | 874 | 7 | 133833 | 14 | 438 | 71
479 | Revision_479/jscript.c | U | 602 | 635 | 7 | 133834 | 14 | 446 | 71
479 | Revision_479/sql.c | U | 1311 | 1350 | 7 | 133835 | 14 | 448 | 71
479 | Revision_479/sql.c | U | 1185 | 1223 | 7 | 133836 | 14 | 447 | 71
479 | Revision_479/sql.c | U | 1226 | 1269 | 7 | 133837 | 14 | 449 | 71
479 | Revision_479/jscript.c | U | 842 | 875 | 7 | 133838 | 14 | 438 | 71
479 | Revision_479/c.c | U | 795 | 816 | 46 | 133839 | 15 | 103 | 80
479 | Revision_479/c.c | U | 819 | 839 | 46 | 133840 | 15 | 332 | 80
479 | Revision_479/c.c | U | 925 | 944 | 46 | 133841 | 15 | 103 | 80
479 | Revision_479/c.c | U | 858 | 878 | 46 | 133842 | 15 | 316 | 80
479 | Revision_479/c.c | U | 881 | 892 | 12 | 133843 | 16 | 317 | 90
479 | Revision_479/c.c | U | 895 | 906 | 12 | 133844 | 16 | 318 | 90
479 | Revision_479/c.c | U | 1046 | 1051 | 6 | 133845 | 17 | 407 | 80
479 | Revision_479/jscript.c | U | 1012 | 1017 | 6 | 133846 | 17 | 417 | 80
479 | Revision_479/c.c | U | 1301 | 1307 | 7 | 133847 | 18 | 385 | 71
479 | Revision_479/fortran.c | U | 501 | 509 | 7 | 133848 | 18 | 112 | 71
479 | Revision_479/make.c | U | 63 | 69 | 7 | 133849 | 18 | 394 | 71
479 | Revision_479/make.c | U | 53 | 60 | 7 | 133850 | 18 | 395 | 71
479 | Revision_479/c.c | U | 1374 | 1381 | 7 | 133851 | 19 | 108 | 80
479 | Revision_479/c.c | U | 1383 | 1390 | 7 | 133852 | 19 | 109 | 80
479 | Revision_479/c.c | U | 1404 | 1411 | 7 | 133853 | 20 | 110 | 71
479 | Revision_479/c.c | U | 2125 | 2132 | 7 | 133854 | 20 | 111 | 71
479 | Revision_479/c.c | U | 1414 | 1421 | 7 | 133855 | 20 | 405 | 71
479 | Revision_479/fortran.c | U | 628 | 634 | 7 | 133856 | 20 | 112 | 71
479 | Revision_479/sql.c | U | 556 | 563 | 7 | 133857 | 20 | 406 | 71
479 | Revision_479/jscript.c | U | 381 | 388 | 7 | 133858 | 20 | 450 | 71
479 | Revision_479/c.c | U | 1452 | 1457 | 6 | 133859 | 21 | 386 | 80
479 | Revision_479/c.c | U | 1769 | 1774 | 6 | 133860 | 21 | 80 | 80
479 | Revision_479/c.c | U | 1470 | 1479 | 9 | 133861 | 22 | 294 | 71
479 | Revision_479/eiffel.c | U | 556 | 564 | 9 | 133862 | 22 | 295 | 71
479 | Revision_479/c.c | U | 1473 | 1477 | 5 | 133863 | 23 | 294 | 75
479 | Revision_479/readtags.c | U | 503 | 507 | 5 | 133864 | 23 | 90 | 75
479 | Revision_479/readtags.c | U | 680 | 684 | 5 | 133865 | 23 | 99 | 75
479 | Revision_479/c.c | U | 1487 | 1500 | 10 | 133866 | 24 | 396 | 75
479 | Revision_479/make.c | U | 77 | 87 | 10 | 133867 | 24 | 397 | 75
479 | Revision_479/fortran.c | U | 857 | 868 | 10 | 133868 | 24 | 116 | 75
479 | Revision_479/verilog.c | U | 205 | 218 | 10 | 133869 | 24 | 398 | 75
479 | Revision_479/jscript.c | U | 304 | 315 | 10 | 133870 | 24 | 451 | 75
479 | Revision_479/eiffel.c | U | 572 | 584 | 10 | 133871 | 24 | 114 | 75
479 | Revision_479/eiffel.c | U | 587 | 599 | 10 | 133872 | 24 | 117 | 75
479 | Revision_479/sql.c | U | 441 | 452 | 10 | 133873 | 24 | 306 | 75
479 | Revision_479/c.c | U | 1594 | 1600 | 8 | 133874 | 25 | 452 | 75
479 | Revision_479/jscript.c | U | 419 | 427 | 8 | 133875 | 25 | 453 | 75
479 | Revision_479/c.c | U | 1813 | 1817 | 5 | 133876 | 26 | 118 | 75
479 | Revision_479/eiffel.c | U | 419 | 423 | 5 | 133877 | 26 | 119 | 75
479 | Revision_479/fortran.c | U | 812 | 816 | 5 | 133878 | 26 | 120 | 75
479 | Revision_479/c.c | U | 1959 | 1963 | 5 | 133879 | 27 | 121 | 75
479 | Revision_479/get.c | U | 591 | 595 | 5 | 133880 | 27 | 122 | 75
479 | Revision_479/fortran.c | U | 731 | 735 | 5 | 133881 | 27 | 144 | 75
479 | Revision_479/fortran.c | U | 622 | 626 | 5 | 133882 | 27 | 112 | 75
479 | Revision_479/vim.c | A | 396 | 404 | 5 | 133883 | 27 | 500 | 75
479 | Revision_479/perl.c | U | 100 | 104 | 5 | 133884 | 27 | 163 | 75
479 | Revision_479/pascal.c | U | 134 | 138 | 5 | 133885 | 27 | 164 | 75
479 | Revision_479/c.c | U | 2113 | 2120 | 9 | 133886 | 28 | 28 | 71
479 | Revision_479/eiffel.c | U | 1063 | 1076 | 9 | 133887 | 28 | 156 | 71
479 | Revision_479/c.c | U | 2411 | 2418 | 5 | 133888 | 29 | 94 | 75
479 | Revision_479/sql.c | U | 1399 | 1403 | 5 | 133889 | 29 | 454 | 75
479 | Revision_479/sql.c | U | 1658 | 1662 | 5 | 133890 | 29 | 455 | 75
479 | Revision_479/jscript.c | U | 779 | 788 | 5 | 133891 | 29 | 456 | 75
479 | Revision_479/jscript.c | U | 790 | 795 | 5 | 133892 | 29 | 457 | 75
479 | Revision_479/c.c | U | 2424 | 2428 | 5 | 133893 | 30 | 387 | 100
479 | Revision_479/c.c | U | 2431 | 2435 | 5 | 133894 | 30 | 94 | 100
479 | Revision_479/c.c | U | 2650 | 2655 | 6 | 133895 | 31 | 94 | 80
479 | Revision_479/sql.c | U | 993 | 998 | 6 | 133896 | 31 | 301 | 80
479 | Revision_479/c.c | U | 2734 | 2743 | 9 | 133897 | 32 | 130 | 71
479 | Revision_479/asm.c | U | 120 | 128 | 9 | 133898 | 32 | 288 | 71
479 | Revision_479/eiffel.c | U | 215 | 224 | 9 | 133899 | 32 | 131 | 71
479 | Revision_479/fortran.c | U | 397 | 406 | 9 | 133900 | 32 | 132 | 71
479 | Revision_479/jscript.c | U | 175 | 184 | 9 | 133901 | 32 | 458 | 71
479 | Revision_479/sql.c | U | 332 | 341 | 9 | 133902 | 32 | 302 | 71
479 | Revision_479/verilog.c | U | 107 | 117 | 9 | 133903 | 32 | 381 | 71
479 | Revision_479/eiffel.c | U | 287 | 301 | 10 | 133904 | 33 | 133 | 71
479 | Revision_479/jscript.c | U | 211 | 225 | 10 | 133905 | 33 | 459 | 71
479 | Revision_479/sql.c | U | 367 | 381 | 10 | 133906 | 33 | 303 | 71
479 | Revision_479/beta.c | U | 71 | 80 | 10 | 133907 | 33 | 134 | 71
479 | Revision_479/parse.c | U | 46 | 57 | 10 | 133908 | 33 | 135 | 71
479 | Revision_479/sml.c | U | 75 | 81 | 10 | 133909 | 33 | 324 | 71
479 | Revision_479/eiffel.c | U | 289 | 299 | 10 | 133910 | 33 | 136 | 71
479 | Revision_479/eiffel.c | U | 367 | 376 | 8 | 133911 | 34 | 304 | 100
479 | Revision_479/jscript.c | U | 274 | 281 | 8 | 133912 | 34 | 460 | 100
479 | Revision_479/sql.c | U | 412 | 419 | 8 | 133913 | 34 | 305 | 100
479 | Revision_479/eiffel.c | U | 382 | 407 | 23 | 133914 | 35 | 139 | 75
479 | Revision_479/fortran.c | U | 770 | 800 | 23 | 133915 | 35 | 140 | 75
479 | Revision_479/eiffel.c | U | 410 | 435 | 20 | 133916 | 36 | 141 | 94
479 | Revision_479/fortran.c | U | 803 | 828 | 20 | 133917 | 36 | 142 | 94
479 | Revision_479/eiffel.c | U | 547 | 551 | 5 | 133918 | 37 | 143 | 75
479 | Revision_479/verilog.c | U | 141 | 145 | 5 | 133919 | 37 | 383 | 75
479 | Revision_479/fortran.c | U | 792 | 796 | 5 | 133920 | 37 | 144 | 75
479 | Revision_479/fortran.c | U | 990 | 994 | 5 | 133921 | 37 | 145 | 75
479 | Revision_479/verilog.c | U | 244 | 248 | 5 | 133922 | 37 | 382 | 75
479 | Revision_479/eiffel.c | U | 602 | 612 | 9 | 133923 | 38 | 146 | 87
479 | Revision_479/asm.c | U | 131 | 140 | 9 | 133924 | 38 | 270 | 87
479 | Revision_479/fortran.c | U | 875 | 885 | 9 | 133925 | 38 | 147 | 87
479 | Revision_479/eiffel.c | U | 720 | 727 | 9 | 133926 | 39 | 148 | 77
479 | Revision_479/jscript.c | U | 404 | 413 | 9 | 133927 | 39 | 461 | 77
479 | Revision_479/eiffel.c | U | 771 | 818 | 13 | 133928 | 40 | 349 | 72
479 | Revision_479/fortran.c | U | 1101 | 1112 | 13 | 133929 | 40 | 350 | 72
479 | Revision_479/eiffel.c | U | 836 | 854 | 11 | 133930 | 41 | 251 | 72
479 | Revision_479/fortran.c | U | 1383 | 1396 | 11 | 133931 | 41 | 336 | 72
479 | Revision_479/eiffel.c | U | 858 | 879 | 11 | 133932 | 41 | 252 | 72
479 | Revision_479/eiffel.c | U | 1005 | 1018 | 11 | 133933 | 41 | 253 | 72
479 | Revision_479/fortran.c | U | 1637 | 1645 | 11 | 133934 | 41 | 337 | 72
479 | Revision_479/jscript.c | U | 1056 | 1068 | 11 | 133935 | 41 | 495 | 72
479 | Revision_479/eiffel.c | U | 866 | 878 | 11 | 133936 | 41 | 156 | 72
479 | Revision_479/sql.c | U | 1294 | 1304 | 11 | 133937 | 41 | 462 | 72
479 | Revision_479/eiffel.c | U | 995 | 1003 | 7 | 133938 | 42 | 496 | 83
479 | Revision_479/jscript.c | U | 1060 | 1067 | 7 | 133939 | 42 | 495 | 83
479 | Revision_479/fortran.c | U | 1387 | 1393 | 7 | 133940 | 42 | 84 | 83
479 | Revision_479/fortran.c | U | 1328 | 1334 | 7 | 133941 | 42 | 85 | 83
479 | Revision_479/basic.c | U | 118 | 123 | 6 | 133942 | 43 | 411 | 80
479 | Revision_479/basic.c | U | 130 | 135 | 6 | 133943 | 43 | 412 | 80
479 | Revision_479/verilog.c | U | 193 | 199 | 8 | 133944 | 44 | 399 | 75
479 | Revision_479/make.c | U | 97 | 105 | 8 | 133945 | 44 | 400 | 75
479 | Revision_479/verilog.c | U | 281 | 285 | 5 | 133946 | 45 | 401 | 75
479 | Revision_479/make.c | U | 44 | 48 | 5 | 133947 | 45 | 402 | 75
479 | Revision_479/jscript.c | U | 228 | 249 | 15 | 133948 | 46 | 467 | 100
479 | Revision_479/sql.c | U | 384 | 405 | 15 | 133949 | 46 | 468 | 100
479 | Revision_479/jscript.c | U | 252 | 258 | 6 | 133950 | 47 | 415 | 100
479 | Revision_479/jscript.c | U | 261 | 267 | 6 | 133951 | 47 | 460 | 100
479 | Revision_479/jscript.c | U | 284 | 298 | 14 | 133952 | 48 | 469 | 100
479 | Revision_479/sql.c | U | 422 | 436 | 14 | 133953 | 48 | 470 | 100
479 | Revision_479/jscript.c | U | 318 | 324 | 7 | 133954 | 49 | 471 | 100
479 | Revision_479/sql.c | U | 455 | 461 | 7 | 133955 | 49 | 297 | 100
479 | Revision_479/jscript.c | U | 327 | 416 | 107 | 133956 | 50 | 472 | 72
479 | Revision_479/sql.c | U | 464 | 597 | 107 | 133957 | 50 | 473 | 72
479 | Revision_479/jscript.c | U | 434 | 464 | 18 | 133958 | 51 | 465 | 100
479 | Revision_479/sql.c | U | 651 | 681 | 18 | 133959 | 51 | 466 | 100
479 | Revision_479/jscript.c | U | 467 | 474 | 7 | 133960 | 52 | 474 | 80
479 | Revision_479/sql.c | U | 616 | 623 | 7 | 133961 | 52 | 476 | 80
479 | Revision_479/jscript.c | U | 477 | 484 | 7 | 133962 | 52 | 475 | 80
479 | Revision_479/jscript.c | U | 722 | 728 | 8 | 133963 | 53 | 480 | 75
479 | Revision_479/jscript.c | U | 1019 | 1028 | 8 | 133964 | 53 | 481 | 75
479 | Revision_479/jscript.c | U | 861 | 871 | 6 | 133965 | 54 | 479 | 80
479 | Revision_479/options.c | U | 352 | 357 | 6 | 133966 | 54 | 224 | 80
479 | Revision_479/jscript.c | U | 920 | 929 | 6 | 133967 | 55 | 497 | 75
479 | Revision_479/options.c | U | 1680 | 1684 | 6 | 133968 | 55 | 333 | 75
479 | Revision_479/jscript.c | U | 1196 | 1199 | 8 | 133969 | 56 | 498 | 71
479 | Revision_479/Test/local.c | U | 14 | 20 | 8 | 133970 | 56 | 384 | 71
479 | Revision_479/jscript.c | U | 1209 | 1213 | 5 | 133971 | 57 | 484 | 75
479 | Revision_479/sql.c | U | 1795 | 1799 | 5 | 133972 | 57 | 404 | 75
479 | Revision_479/make.c | U | 185 | 189 | 5 | 133973 | 57 | 403 | 75
479 | Revision_479/vim.c | M | 91 | 95 | 5 | 133974 | 58 | 290 | 100
479 | Revision_479/vim.c | M | 97 | 101 | 5 | 133975 | 58 | 291 | 100
479 | Revision_479/vim.c | A | 238 | 261 | 17 | 133976 | 59 | 334 | 76
479 | Revision_479/vim.c | A | 289 | 307 | 17 | 133977 | 59 | 159 | 76
479 | Revision_479/python.c | U | 107 | 111 | 5 | 133978 | 60 | 278 | 75
479 | Revision_479/options.c | U | 960 | 965 | 5 | 133979 | 60 | 280 | 75
479 | Revision_479/sml.c | U | 84 | 88 | 5 | 133980 | 60 | 325 | 75
479 | Revision_479/erlang.c | U | 58 | 62 | 5 | 133981 | 60 | 341 | 75
479 | Revision_479/python.c | U | 115 | 124 | 9 | 133982 | 61 | 292 | 75
479 | Revision_479/tcl.c | U | 44 | 54 | 9 | 133983 | 61 | 293 | 75
479 | Revision_479/erlang.c | U | 66 | 75 | 9 | 133984 | 61 | 342 | 75
479 | Revision_479/python.c | U | 201 | 210 | 9 | 133985 | 62 | 326 | 71
479 | Revision_479/sml.c | U | 165 | 174 | 9 | 133986 | 62 | 327 | 71
479 | Revision_479/perl.c | U | 186 | 192 | 7 | 133987 | 63 | 389 | 71
479 | Revision_479/erlang.c | U | 97 | 105 | 7 | 133988 | 63 | 344 | 71
479 | Revision_479/erlang.c | U | 108 | 113 | 7 | 133989 | 63 | 346 | 71
479 | Revision_479/erlang.c | U | 116 | 121 | 7 | 133990 | 63 | 344 | 71
479 | Revision_479/main.c | U | 260 | 267 | 7 | 133991 | 63 | 377 | 71
479 | Revision_479/main.c | U | 179 | 185 | 7 | 133992 | 63 | 376 | 71
479 | Revision_479/sort.c | U | 122 | 127 | 5 | 133993 | 64 | 281 | 100
479 | Revision_479/sort.c | U | 130 | 135 | 5 | 133994 | 64 | 282 | 100
479 | Revision_479/strlist.c | U | 32 | 38 | 8 | 133995 | 65 | 165 | 71
479 | Revision_479/vstring.c | U | 77 | 87 | 8 | 133996 | 65 | 166 | 71
479 | Revision_479/strlist.c | U | 191 | 196 | 7 | 133997 | 66 | 168 | 83
479 | Revision_479/strlist.c | U | 200 | 206 | 7 | 133998 | 66 | 390 | 83
479 | Revision_479/pascal.c | U | 150 | 154 | 6 | 133999 | 67 | 319 | 75
479 | Revision_479/pascal.c | U | 184 | 190 | 6 | 134000 | 67 | 171 | 75
479 | Revision_479/pascal.c | U | 176 | 182 | 6 | 134001 | 67 | 170 | 75
479 | Revision_479/get.c | U | 302 | 311 | 10 | 134002 | 68 | 174 | 70
479 | Revision_479/read.c | U | 214 | 225 | 10 | 134003 | 68 | 176 | 70
479 | Revision_479/parse.c | U | 587 | 601 | 10 | 134004 | 68 | 175 | 70
479 | Revision_479/get.c | U | 464 | 475 | 10 | 134005 | 69 | 177 | 100
479 | Revision_479/get.c | U | 481 | 492 | 10 | 134006 | 69 | 178 | 100
479 | Revision_479/get.c | U | 538 | 543 | 6 | 134007 | 70 | 180 | 80
479 | Revision_479/read.c | U | 415 | 419 | 6 | 134008 | 70 | 181 | 80
479 | Revision_479/main.c | U | 126 | 139 | 6 | 134009 | 71 | 354 | 80
479 | Revision_479/options.c | U | 397 | 402 | 6 | 134010 | 71 | 355 | 80
479 | Revision_479/routines.c | U | 236 | 243 | 6 | 134011 | 72 | 254 | 80
479 | Revision_479/routines.c | U | 246 | 253 | 6 | 134012 | 72 | 255 | 80
479 | Revision_479/routines.c | U | 287 | 294 | 8 | 134013 | 73 | 256 | 83
479 | Revision_479/readtags.c | U | 116 | 123 | 8 | 134014 | 73 | 123 | 83
479 | Revision_479/readtags.c | U | 106 | 113 | 8 | 134015 | 73 | 238 | 83
479 | Revision_479/routines.c | U | 297 | 304 | 8 | 134016 | 73 | 257 | 83
479 | Revision_479/routines.c | U | 321 | 325 | 5 | 134017 | 74 | 258 | 75
479 | Revision_479/vstring.c | U | 125 | 129 | 5 | 134018 | 74 | 188 | 75
479 | Revision_479/vstring.c | U | 118 | 122 | 5 | 134019 | 74 | 189 | 75
479 | Revision_479/routines.c | U | 328 | 334 | 6 | 134020 | 75 | 259 | 100
479 | Revision_479/routines.c | U | 337 | 343 | 6 | 134021 | 75 | 260 | 100
479 | Revision_479/routines.c | U | 348 | 355 | 8 | 134022 | 76 | 261 | 100
479 | Revision_479/routines.c | U | 360 | 367 | 8 | 134023 | 76 | 262 | 100
479 | Revision_479/sh.c | U | 89 | 94 | 6 | 134024 | 77 | 378 | 80
479 | Revision_479/asm.c | U | 348 | 353 | 6 | 134025 | 77 | 379 | 80
479 | Revision_479/beta.c | U | 134 | 141 | 6 | 134026 | 78 | 201 | 75
479 | Revision_479/beta.c | U | 204 | 212 | 6 | 134027 | 78 | 202 | 75
479 | Revision_479/beta.c | U | 152 | 156 | 5 | 134028 | 79 | 203 | 75
479 | Revision_479/beta.c | U | 277 | 281 | 5 | 134029 | 79 | 205 | 75
479 | Revision_479/beta.c | U | 158 | 162 | 5 | 134030 | 79 | 204 | 75
479 | Revision_479/beta.c | U | 165 | 169 | 5 | 134031 | 79 | 206 | 75
479 | Revision_479/beta.c | U | 271 | 275 | 5 | 134032 | 79 | 207 | 75
479 | Revision_479/sql.c | U | 769 | 779 | 8 | 134033 | 80 | 493 | 71
479 | Revision_479/sql.c | U | 1408 | 1417 | 8 | 134034 | 80 | 486 | 71
479 | Revision_479/sql.c | U | 1272 | 1308 | 24 | 134035 | 81 | 487 | 78
479 | Revision_479/sql.c | U | 1677 | 1720 | 24 | 134036 | 81 | 488 | 78
479 | Revision_479/sql.c | U | 1641 | 1666 | 17 | 134037 | 82 | 489 | 84
479 | Revision_479/sql.c | U | 1690 | 1714 | 17 | 134038 | 82 | 490 | 84
479 | Revision_479/parse.c | U | 99 | 109 | 11 | 134039 | 83 | 208 | 88
479 | Revision_479/parse.c | U | 112 | 123 | 11 | 134040 | 83 | 209 | 88
479 | Revision_479/parse.c | U | 300 | 304 | 5 | 134041 | 84 | 356 | 75
479 | Revision_479/parse.c | U | 557 | 561 | 5 | 134042 | 84 | 357 | 75
479 | Revision_479/parse.c | U | 576 | 580 | 5 | 134043 | 84 | 358 | 75
479 | Revision_479/readtags.c | U | 542 | 548 | 6 | 134044 | 85 | 239 | 100
479 | Revision_479/readtags.c | U | 550 | 556 | 6 | 134045 | 85 | 240 | 100
479 | Revision_479/readtags.c | U | 585 | 589 | 6 | 134046 | 86 | 123 | 75
479 | Revision_479/readtags.c | U | 640 | 646 | 6 | 134047 | 86 | 124 | 75
479 | Revision_479/readtags.c | U | 717 | 725 | 8 | 134048 | 87 | 210 | 83
479 | Revision_479/readtags.c | U | 772 | 780 | 8 | 134049 | 87 | 211 | 83
479 | Revision_479/readtags.c | U | 728 | 736 | 8 | 134050 | 87 | 212 | 83
479 | Revision_479/readtags.c | U | 739 | 744 | 6 | 134051 | 88 | 241 | 80
479 | Revision_479/readtags.c | U | 764 | 769 | 6 | 134052 | 88 | 242 | 80
479 | Revision_479/readtags.c | U | 756 | 761 | 6 | 134053 | 88 | 287 | 80
479 | Revision_479/fortran.c | U | 1274 | 1295 | 23 | 134054 | 89 | 369 | 72
479 | Revision_479/fortran.c | U | 1794 | 1817 | 23 | 134055 | 89 | 366 | 72
479 | Revision_479/fortran.c | U | 1454 | 1462 | 10 | 134056 | 90 | 314 | 77
479 | Revision_479/fortran.c | U | 1493 | 1502 | 10 | 134057 | 90 | 59 | 77
479 | Revision_479/fortran.c | U | 1734 | 1749 | 20 | 134058 | 91 | 21 | 84
479 | Revision_479/fortran.c | U | 1951 | 1967 | 20 | 134059 | 91 | 374 | 84
479 | Revision_479/fortran.c | U | 1915 | 1934 | 17 | 134060 | 92 | 220 | 75
479 | Revision_479/fortran.c | U | 1986 | 2003 | 17 | 134061 | 92 | 221 | 75
479 | Revision_479/fortran.c | U | 2063 | 2084 | 17 | 134062 | 92 | 372 | 75
479 | Revision_479/asm.c | U | 244 | 257 | 11 | 134063 | 93 | 289 | 77
479 | Revision_479/asm.c | U | 262 | 272 | 11 | 134064 | 93 | 279 | 77
479 | Revision_479/scheme.c | U | 70 | 78 | 8 | 134065 | 94 | 222 | 71
479 | Revision_479/scheme.c | U | 85 | 93 | 8 | 134066 | 94 | 223 | 71
479 | Revision_479/options.c | U | 369 | 375 | 6 | 134067 | 95 | 224 | 100
479 | Revision_479/options.c | U | 378 | 384 | 6 | 134068 | 95 | 225 | 100
479 | Revision_479/options.c | U | 541 | 547 | 7 | 134069 | 96 | 226 | 100
479 | Revision_479/options.c | U | 559 | 565 | 7 | 134070 | 96 | 227 | 100
479 | Revision_479/options.c | U | 550 | 556 | 7 | 134071 | 96 | 228 | 100
479 | Revision_479/options.c | U | 568 | 574 | 7 | 134072 | 96 | 229 | 100
479 | Revision_479/options.c | U | 979 | 983 | 5 | 134073 | 97 | 230 | 75
479 | Revision_479/options.c | U | 1005 | 1009 | 5 | 134074 | 97 | 231 | 75
479 | Revision_479/options.c | U | 1099 | 1103 | 5 | 134075 | 98 | 232 | 100
479 | Revision_479/options.c | U | 1105 | 1109 | 5 | 134076 | 98 | 233 | 100
479 | Revision_479/options.c | U | 1151 | 1163 | 12 | 134077 | 99 | 360 | 100
479 | Revision_479/options.c | U | 1168 | 1180 | 12 | 134078 | 99 | 235 | 100
479 | Revision_479/options.c | U | 1422 | 1439 | 15 | 134079 | 100 | 236 | 91
479 | Revision_479/options.c | U | 1460 | 1477 | 15 | 134080 | 100 | 237 | 91
