Revision | filePath | changeType | StartLine | EndLine | Nlines | cloneId | classId | globalCloneId | Similarity
485 | Revision_485/lisp.c | U | 91 | 97 | 7 | 136166 | 1 | 1 | 83
485 | Revision_485/lisp.c | U | 112 | 118 | 7 | 136167 | 1 | 2 | 83
485 | Revision_485/lisp.c | U | 127 | 137 | 9 | 136168 | 2 | 3 | 70
485 | Revision_485/tcl.c | U | 106 | 114 | 9 | 136169 | 2 | 18 | 70
485 | Revision_485/python.c | U | 272 | 280 | 9 | 136170 | 2 | 13 | 70
485 | Revision_485/c.c | U | 2830 | 2839 | 9 | 136171 | 2 | 12 | 70
485 | Revision_485/perl.c | U | 203 | 211 | 9 | 136172 | 2 | 7 | 70
485 | Revision_485/ruby.c | U | 389 | 397 | 9 | 136173 | 2 | 19 | 70
485 | Revision_485/beta.c | U | 310 | 318 | 9 | 136174 | 2 | 5 | 70
485 | Revision_485/eiffel.c | U | 1220 | 1229 | 9 | 136175 | 2 | 9 | 70
485 | Revision_485/lua.c | U | 123 | 131 | 9 | 136176 | 2 | 243 | 70
485 | Revision_485/scheme.c | U | 99 | 109 | 9 | 136177 | 2 | 16 | 70
485 | Revision_485/sml.c | U | 201 | 209 | 9 | 136178 | 2 | 321 | 70
485 | Revision_485/basic.c | U | 202 | 210 | 9 | 136179 | 2 | 408 | 70
485 | Revision_485/c.c | U | 2806 | 2815 | 9 | 136180 | 2 | 15 | 70
485 | Revision_485/vim.c | U | 626 | 634 | 9 | 136181 | 2 | 20 | 70
485 | Revision_485/awk.c | U | 71 | 79 | 9 | 136182 | 2 | 10 | 70
485 | Revision_485/c.c | U | 2818 | 2827 | 9 | 136183 | 2 | 315 | 70
485 | Revision_485/basic.c | U | 191 | 199 | 9 | 136184 | 2 | 409 | 70
485 | Revision_485/erlang.c | U | 179 | 187 | 9 | 136185 | 2 | 340 | 70
485 | Revision_485/pascal.c | U | 256 | 264 | 9 | 136186 | 2 | 14 | 70
485 | Revision_485/php.c | U | 161 | 169 | 9 | 136187 | 2 | 22 | 70
485 | Revision_485/basic.c | U | 180 | 188 | 9 | 136188 | 2 | 410 | 70
485 | Revision_485/sh.c | U | 103 | 113 | 9 | 136189 | 2 | 17 | 70
485 | Revision_485/cobol.c | U | 40 | 48 | 9 | 136190 | 2 | 320 | 70
485 | Revision_485/c.c | U | 2776 | 2785 | 9 | 136191 | 2 | 330 | 70
485 | Revision_485/c.c | U | 2788 | 2803 | 9 | 136192 | 2 | 8 | 70
485 | Revision_485/sql.c | U | 1815 | 1824 | 9 | 136193 | 2 | 296 | 70
485 | Revision_485/asp.c | U | 201 | 209 | 9 | 136194 | 2 | 4 | 70
485 | Revision_485/fortran.c | U | 2203 | 2218 | 9 | 136195 | 2 | 21 | 70
485 | Revision_485/verilog.c | U | 324 | 333 | 9 | 136196 | 2 | 283 | 70
485 | Revision_485/asm.c | U | 367 | 386 | 9 | 136197 | 2 | 274 | 70
485 | Revision_485/html.c | U | 40 | 47 | 9 | 136198 | 2 | 365 | 70
485 | Revision_485/make.c | U | 199 | 209 | 9 | 136199 | 2 | 25 | 70
485 | Revision_485/jscript.c | U | 1234 | 1247 | 9 | 136200 | 2 | 413 | 70
485 | Revision_485/yacc.c | U | 31 | 38 | 9 | 136201 | 2 | 23 | 70
485 | Revision_485/slang.c | U | 34 | 41 | 9 | 136202 | 2 | 24 | 70
485 | Revision_485/rexx.c | U | 30 | 37 | 9 | 136203 | 2 | 26 | 70
485 | Revision_485/keyword.c | U | 107 | 116 | 9 | 136204 | 2 | 27 | 70
485 | Revision_485/c.c | U | 2163 | 2168 | 9 | 136205 | 2 | 28 | 70
485 | Revision_485/sql.c | U | 346 | 355 | 9 | 136206 | 2 | 309 | 70
485 | Revision_485/options.c | U | 624 | 630 | 9 | 136207 | 2 | 29 | 70
485 | Revision_485/options.c | U | 531 | 536 | 9 | 136208 | 2 | 30 | 70
485 | Revision_485/fortran.c | U | 413 | 425 | 9 | 136209 | 2 | 158 | 70
485 | Revision_485/eiffel.c | U | 1174 | 1186 | 9 | 136210 | 2 | 157 | 70
485 | Revision_485/c.c | U | 482 | 488 | 9 | 136211 | 2 | 53 | 70
485 | Revision_485/jscript.c | U | 187 | 197 | 9 | 136212 | 2 | 414 | 70
485 | Revision_485/c.c | U | 2192 | 2200 | 9 | 136213 | 2 | 31 | 70
485 | Revision_485/asp.c | U | 71 | 90 | 15 | 136214 | 3 | 33 | 100
485 | Revision_485/asp.c | U | 94 | 113 | 15 | 136215 | 3 | 34 | 100
485 | Revision_485/asp.c | U | 117 | 133 | 14 | 136216 | 4 | 35 | 76
485 | Revision_485/php.c | U | 113 | 127 | 14 | 136217 | 4 | 40 | 76
485 | Revision_485/asp.c | U | 137 | 152 | 14 | 136218 | 4 | 36 | 76
485 | Revision_485/php.c | U | 92 | 110 | 14 | 136219 | 4 | 173 | 76
485 | Revision_485/asp.c | U | 156 | 171 | 14 | 136220 | 4 | 36 | 76
485 | Revision_485/asp.c | U | 175 | 190 | 14 | 136221 | 4 | 36 | 76
485 | Revision_485/args.c | U | 85 | 92 | 8 | 136222 | 5 | 43 | 100
485 | Revision_485/args.c | U | 159 | 166 | 8 | 136223 | 5 | 44 | 100
485 | Revision_485/args.c | U | 181 | 189 | 9 | 136224 | 6 | 45 | 75
485 | Revision_485/args.c | U | 192 | 199 | 9 | 136225 | 6 | 46 | 75
485 | Revision_485/args.c | U | 202 | 210 | 9 | 136226 | 6 | 47 | 75
485 | Revision_485/args.c | U | 265 | 271 | 6 | 136227 | 7 | 48 | 80
485 | Revision_485/options.c | U | 577 | 582 | 6 | 136228 | 7 | 49 | 80
485 | Revision_485/fortran.c | U | 908 | 913 | 6 | 136229 | 7 | 50 | 80
485 | Revision_485/c.c | U | 534 | 540 | 6 | 136230 | 8 | 51 | 75
485 | Revision_485/vstring.c | U | 67 | 74 | 6 | 136231 | 8 | 52 | 75
485 | Revision_485/jscript.c | U | 200 | 204 | 6 | 136232 | 8 | 415 | 75
485 | Revision_485/sql.c | U | 358 | 362 | 6 | 136233 | 8 | 416 | 75
485 | Revision_485/vstring.c | U | 69 | 73 | 6 | 136234 | 8 | 52 | 75
485 | Revision_485/fortran.c | U | 439 | 444 | 6 | 136235 | 8 | 363 | 75
485 | Revision_485/eiffel.c | U | 1189 | 1195 | 6 | 136236 | 8 | 362 | 75
485 | Revision_485/c.c | U | 543 | 550 | 6 | 136237 | 9 | 53 | 80
485 | Revision_485/c.c | U | 553 | 560 | 6 | 136238 | 9 | 54 | 80
485 | Revision_485/c.c | U | 662 | 678 | 18 | 136239 | 10 | 55 | 70
485 | Revision_485/fortran.c | U | 1138 | 1153 | 18 | 136240 | 10 | 375 | 70
485 | Revision_485/c.c | U | 1238 | 1252 | 18 | 136241 | 10 | 56 | 70
485 | Revision_485/c.c | U | 1161 | 1179 | 18 | 136242 | 10 | 60 | 70
485 | Revision_485/c.c | U | 681 | 696 | 18 | 136243 | 10 | 57 | 70
485 | Revision_485/fortran.c | U | 1874 | 1890 | 18 | 136244 | 10 | 59 | 70
485 | Revision_485/fortran.c | U | 1115 | 1135 | 18 | 136245 | 10 | 58 | 70
485 | Revision_485/Test/local.c | U | 9 | 22 | 18 | 136246 | 10 | 384 | 70
485 | Revision_485/fortran.c | U | 1118 | 1133 | 18 | 136247 | 10 | 58 | 70
485 | Revision_485/c.c | U | 1164 | 1177 | 18 | 136248 | 10 | 63 | 70
485 | Revision_485/jscript.c | U | 1155 | 1174 | 18 | 136249 | 10 | 463 | 70
485 | Revision_485/fortran.c | U | 1791 | 1819 | 18 | 136250 | 10 | 366 | 70
485 | Revision_485/fortran.c | U | 1877 | 1888 | 18 | 136251 | 10 | 65 | 70
485 | Revision_485/eiffel.c | U | 904 | 944 | 18 | 136252 | 10 | 248 | 70
485 | Revision_485/sql.c | U | 872 | 890 | 18 | 136253 | 10 | 308 | 70
485 | Revision_485/eiffel.c | U | 1110 | 1134 | 18 | 136254 | 10 | 307 | 70
485 | Revision_485/fortran.c | U | 1591 | 1628 | 18 | 136255 | 10 | 367 | 70
485 | Revision_485/sql.c | U | 868 | 892 | 18 | 136256 | 10 | 308 | 70
485 | Revision_485/c.c | U | 684 | 694 | 13 | 136257 | 11 | 57 | 75
485 | Revision_485/c.c | U | 1240 | 1251 | 13 | 136258 | 11 | 64 | 75
485 | Revision_485/c.c | U | 714 | 734 | 20 | 136259 | 12 | 72 | 72
485 | Revision_485/fortran.c | U | 1305 | 1315 | 20 | 136260 | 12 | 337 | 72
485 | Revision_485/c.c | U | 744 | 750 | 8 | 136261 | 13 | 74 | 71
485 | Revision_485/options.c | U | 470 | 477 | 8 | 136262 | 13 | 75 | 71
485 | Revision_485/c.c | U | 785 | 789 | 7 | 136263 | 14 | 76 | 71
485 | Revision_485/sql.c | U | 900 | 906 | 7 | 136264 | 14 | 419 | 71
485 | Revision_485/jscript.c | U | 1091 | 1095 | 7 | 136265 | 14 | 417 | 71
485 | Revision_485/sql.c | U | 984 | 991 | 7 | 136266 | 14 | 418 | 71
485 | Revision_485/eiffel.c | U | 673 | 677 | 7 | 136267 | 14 | 249 | 71
485 | Revision_485/c.c | U | 2087 | 2091 | 7 | 136268 | 14 | 80 | 71
485 | Revision_485/fortran.c | U | 1919 | 1923 | 7 | 136269 | 14 | 79 | 71
485 | Revision_485/sql.c | U | 1217 | 1222 | 7 | 136270 | 14 | 422 | 71
485 | Revision_485/eiffel.c | U | 848 | 853 | 7 | 136271 | 14 | 151 | 71
485 | Revision_485/eiffel.c | U | 1011 | 1015 | 7 | 136272 | 14 | 269 | 71
485 | Revision_485/eiffel.c | U | 960 | 964 | 7 | 136273 | 14 | 269 | 71
485 | Revision_485/jscript.c | U | 1100 | 1113 | 7 | 136274 | 14 | 464 | 71
485 | Revision_485/eiffel.c | U | 873 | 877 | 7 | 136275 | 14 | 269 | 71
485 | Revision_485/fortran.c | U | 1346 | 1350 | 7 | 136276 | 14 | 85 | 71
485 | Revision_485/sql.c | U | 1447 | 1453 | 7 | 136277 | 14 | 420 | 71
485 | Revision_485/sql.c | U | 1476 | 1482 | 7 | 136278 | 14 | 421 | 71
485 | Revision_485/sql.c | U | 517 | 521 | 7 | 136279 | 14 | 300 | 71
485 | Revision_485/eiffel.c | U | 660 | 664 | 7 | 136280 | 14 | 250 | 71
485 | Revision_485/readtags.c | U | 144 | 148 | 7 | 136281 | 14 | 87 | 71
485 | Revision_485/jscript.c | U | 1075 | 1096 | 7 | 136282 | 14 | 494 | 71
485 | Revision_485/fortran.c | U | 1214 | 1218 | 7 | 136283 | 14 | 85 | 71
485 | Revision_485/ruby.c | U | 214 | 218 | 7 | 136284 | 14 | 392 | 71
485 | Revision_485/jscript.c | U | 623 | 634 | 7 | 136285 | 14 | 426 | 71
485 | Revision_485/fortran.c | U | 589 | 593 | 7 | 136286 | 14 | 95 | 71
485 | Revision_485/sql.c | U | 1209 | 1215 | 7 | 136287 | 14 | 492 | 71
485 | Revision_485/php.c | U | 84 | 88 | 7 | 136288 | 14 | 40 | 71
485 | Revision_485/sql.c | U | 742 | 753 | 7 | 136289 | 14 | 424 | 71
485 | Revision_485/sql.c | U | 831 | 851 | 7 | 136290 | 14 | 423 | 71
485 | Revision_485/fortran.c | U | 1555 | 1560 | 7 | 136291 | 14 | 79 | 71
485 | Revision_485/fortran.c | U | 1343 | 1351 | 7 | 136292 | 14 | 84 | 71
485 | Revision_485/eiffel.c | U | 1030 | 1034 | 7 | 136293 | 14 | 151 | 71
485 | Revision_485/c.c | U | 2694 | 2699 | 7 | 136294 | 14 | 94 | 71
485 | Revision_485/options.c | U | 1039 | 1043 | 7 | 136295 | 14 | 89 | 71
485 | Revision_485/readtags.c | U | 455 | 459 | 7 | 136296 | 14 | 90 | 71
485 | Revision_485/keyword.c | U | 185 | 189 | 7 | 136297 | 14 | 91 | 71
485 | Revision_485/strlist.c | U | 150 | 154 | 7 | 136298 | 14 | 126 | 71
485 | Revision_485/c.c | U | 2134 | 2138 | 7 | 136299 | 14 | 125 | 71
485 | Revision_485/vstring.c | U | 35 | 40 | 7 | 136300 | 14 | 98 | 71
485 | Revision_485/c.c | U | 1749 | 1753 | 7 | 136301 | 14 | 121 | 71
485 | Revision_485/fortran.c | U | 1727 | 1731 | 7 | 136302 | 14 | 373 | 71
485 | Revision_485/c.c | U | 1758 | 1762 | 7 | 136303 | 14 | 331 | 71
485 | Revision_485/c.c | U | 2153 | 2160 | 7 | 136304 | 14 | 244 | 71
485 | Revision_485/eiffel.c | U | 1066 | 1075 | 7 | 136305 | 14 | 101 | 71
485 | Revision_485/jscript.c | U | 708 | 715 | 7 | 136306 | 14 | 427 | 71
485 | Revision_485/fortran.c | U | 1011 | 1015 | 7 | 136307 | 14 | 128 | 71
485 | Revision_485/options.c | U | 672 | 676 | 7 | 136308 | 14 | 127 | 71
485 | Revision_485/fortran.c | U | 1548 | 1553 | 7 | 136309 | 14 | 79 | 71
485 | Revision_485/jscript.c | U | 1032 | 1050 | 7 | 136310 | 14 | 429 | 71
485 | Revision_485/jscript.c | U | 498 | 508 | 7 | 136311 | 14 | 428 | 71
485 | Revision_485/sql.c | U | 1343 | 1350 | 7 | 136312 | 14 | 430 | 71
485 | Revision_485/options.c | U | 1218 | 1222 | 7 | 136313 | 14 | 129 | 71
485 | Revision_485/sql.c | U | 1725 | 1753 | 7 | 136314 | 14 | 431 | 71
485 | Revision_485/fortran.c | U | 1421 | 1429 | 7 | 136315 | 14 | 59 | 71
485 | Revision_485/jscript.c | U | 574 | 600 | 7 | 136316 | 14 | 432 | 71
485 | Revision_485/fortran.c | U | 1716 | 1725 | 7 | 136317 | 14 | 221 | 71
485 | Revision_485/jscript.c | U | 512 | 547 | 7 | 136318 | 14 | 433 | 71
485 | Revision_485/sql.c | U | 1008 | 1031 | 7 | 136319 | 14 | 437 | 71
485 | Revision_485/sql.c | U | 1170 | 1183 | 7 | 136320 | 14 | 436 | 71
485 | Revision_485/sql.c | U | 975 | 992 | 7 | 136321 | 14 | 435 | 71
485 | Revision_485/jscript.c | U | 706 | 716 | 7 | 136322 | 14 | 427 | 71
485 | Revision_485/jscript.c | U | 853 | 872 | 7 | 136323 | 14 | 438 | 71
485 | Revision_485/jscript.c | U | 639 | 688 | 7 | 136324 | 14 | 491 | 71
485 | Revision_485/fortran.c | U | 1540 | 1546 | 7 | 136325 | 14 | 65 | 71
485 | Revision_485/fortran.c | U | 1761 | 1767 | 7 | 136326 | 14 | 314 | 71
485 | Revision_485/fortran.c | U | 1087 | 1093 | 7 | 136327 | 14 | 350 | 71
485 | Revision_485/sql.c | U | 1459 | 1485 | 7 | 136328 | 14 | 439 | 71
485 | Revision_485/sql.c | U | 1488 | 1509 | 7 | 136329 | 14 | 440 | 71
485 | Revision_485/sql.c | U | 1428 | 1456 | 7 | 136330 | 14 | 441 | 71
485 | Revision_485/sql.c | U | 1551 | 1572 | 7 | 136331 | 14 | 442 | 71
485 | Revision_485/sql.c | U | 1527 | 1548 | 7 | 136332 | 14 | 443 | 71
485 | Revision_485/jscript.c | U | 850 | 873 | 7 | 136333 | 14 | 438 | 71
485 | Revision_485/jscript.c | U | 845 | 874 | 7 | 136334 | 14 | 438 | 71
485 | Revision_485/sql.c | U | 1575 | 1615 | 7 | 136335 | 14 | 445 | 71
485 | Revision_485/jscript.c | U | 602 | 635 | 7 | 136336 | 14 | 446 | 71
485 | Revision_485/sql.c | U | 1187 | 1225 | 7 | 136337 | 14 | 447 | 71
485 | Revision_485/sql.c | U | 1313 | 1352 | 7 | 136338 | 14 | 448 | 71
485 | Revision_485/sql.c | U | 1228 | 1271 | 7 | 136339 | 14 | 449 | 71
485 | Revision_485/jscript.c | U | 842 | 875 | 7 | 136340 | 14 | 438 | 71
485 | Revision_485/c.c | U | 795 | 816 | 45 | 136341 | 15 | 103 | 80
485 | Revision_485/c.c | U | 925 | 944 | 45 | 136342 | 15 | 103 | 80
485 | Revision_485/c.c | U | 858 | 878 | 45 | 136343 | 15 | 316 | 80
485 | Revision_485/c.c | U | 819 | 839 | 45 | 136344 | 15 | 332 | 80
485 | Revision_485/c.c | U | 881 | 892 | 12 | 136345 | 16 | 317 | 90
485 | Revision_485/c.c | U | 895 | 906 | 12 | 136346 | 16 | 318 | 90
485 | Revision_485/c.c | U | 1046 | 1051 | 6 | 136347 | 17 | 407 | 80
485 | Revision_485/jscript.c | U | 1012 | 1017 | 6 | 136348 | 17 | 417 | 80
485 | Revision_485/c.c | U | 1301 | 1307 | 7 | 136349 | 18 | 385 | 71
485 | Revision_485/fortran.c | U | 501 | 509 | 7 | 136350 | 18 | 112 | 71
485 | Revision_485/make.c | U | 63 | 69 | 7 | 136351 | 18 | 394 | 71
485 | Revision_485/make.c | U | 53 | 60 | 7 | 136352 | 18 | 395 | 71
485 | Revision_485/c.c | U | 1374 | 1381 | 7 | 136353 | 19 | 108 | 80
485 | Revision_485/c.c | U | 1383 | 1390 | 7 | 136354 | 19 | 109 | 80
485 | Revision_485/c.c | U | 1404 | 1411 | 7 | 136355 | 20 | 110 | 71
485 | Revision_485/fortran.c | U | 628 | 634 | 7 | 136356 | 20 | 112 | 71
485 | Revision_485/c.c | U | 2125 | 2132 | 7 | 136357 | 20 | 111 | 71
485 | Revision_485/c.c | U | 1414 | 1421 | 7 | 136358 | 20 | 405 | 71
485 | Revision_485/jscript.c | U | 381 | 388 | 7 | 136359 | 20 | 450 | 71
485 | Revision_485/sql.c | U | 558 | 565 | 7 | 136360 | 20 | 406 | 71
485 | Revision_485/c.c | U | 1452 | 1457 | 6 | 136361 | 21 | 386 | 80
485 | Revision_485/c.c | U | 1769 | 1774 | 6 | 136362 | 21 | 80 | 80
485 | Revision_485/c.c | U | 1470 | 1479 | 9 | 136363 | 22 | 294 | 71
485 | Revision_485/eiffel.c | U | 556 | 564 | 9 | 136364 | 22 | 295 | 71
485 | Revision_485/c.c | U | 1473 | 1477 | 5 | 136365 | 23 | 294 | 75
485 | Revision_485/readtags.c | U | 503 | 507 | 5 | 136366 | 23 | 90 | 75
485 | Revision_485/readtags.c | U | 680 | 684 | 5 | 136367 | 23 | 99 | 75
485 | Revision_485/c.c | U | 1487 | 1500 | 10 | 136368 | 24 | 396 | 75
485 | Revision_485/make.c | U | 77 | 87 | 10 | 136369 | 24 | 397 | 75
485 | Revision_485/verilog.c | U | 205 | 218 | 10 | 136370 | 24 | 398 | 75
485 | Revision_485/fortran.c | U | 857 | 868 | 10 | 136371 | 24 | 116 | 75
485 | Revision_485/sql.c | U | 443 | 454 | 10 | 136372 | 24 | 306 | 75
485 | Revision_485/jscript.c | U | 304 | 315 | 10 | 136373 | 24 | 451 | 75
485 | Revision_485/eiffel.c | U | 572 | 584 | 10 | 136374 | 24 | 114 | 75
485 | Revision_485/eiffel.c | U | 587 | 599 | 10 | 136375 | 24 | 117 | 75
485 | Revision_485/c.c | U | 1594 | 1600 | 8 | 136376 | 25 | 452 | 75
485 | Revision_485/jscript.c | U | 419 | 427 | 8 | 136377 | 25 | 453 | 75
485 | Revision_485/c.c | U | 1813 | 1817 | 5 | 136378 | 26 | 118 | 75
485 | Revision_485/eiffel.c | U | 419 | 423 | 5 | 136379 | 26 | 119 | 75
485 | Revision_485/fortran.c | U | 812 | 816 | 5 | 136380 | 26 | 120 | 75
485 | Revision_485/c.c | U | 1959 | 1963 | 5 | 136381 | 27 | 121 | 75
485 | Revision_485/fortran.c | U | 731 | 735 | 5 | 136382 | 27 | 144 | 75
485 | Revision_485/get.c | U | 591 | 595 | 5 | 136383 | 27 | 122 | 75
485 | Revision_485/fortran.c | U | 622 | 626 | 5 | 136384 | 27 | 112 | 75
485 | Revision_485/perl.c | U | 100 | 104 | 5 | 136385 | 27 | 163 | 75
485 | Revision_485/pascal.c | U | 134 | 138 | 5 | 136386 | 27 | 164 | 75
485 | Revision_485/vim.c | U | 400 | 408 | 5 | 136387 | 27 | 500 | 75
485 | Revision_485/c.c | U | 2113 | 2120 | 9 | 136388 | 28 | 28 | 71
485 | Revision_485/eiffel.c | U | 1063 | 1076 | 9 | 136389 | 28 | 156 | 71
485 | Revision_485/c.c | U | 2411 | 2418 | 5 | 136390 | 29 | 94 | 75
485 | Revision_485/sql.c | U | 1401 | 1405 | 5 | 136391 | 29 | 454 | 75
485 | Revision_485/sql.c | U | 1660 | 1664 | 5 | 136392 | 29 | 455 | 75
485 | Revision_485/jscript.c | U | 779 | 788 | 5 | 136393 | 29 | 456 | 75
485 | Revision_485/jscript.c | U | 790 | 795 | 5 | 136394 | 29 | 457 | 75
485 | Revision_485/c.c | U | 2424 | 2428 | 5 | 136395 | 30 | 387 | 100
485 | Revision_485/c.c | U | 2431 | 2435 | 5 | 136396 | 30 | 94 | 100
485 | Revision_485/c.c | U | 2650 | 2655 | 6 | 136397 | 31 | 94 | 80
485 | Revision_485/sql.c | U | 995 | 1000 | 6 | 136398 | 31 | 301 | 80
485 | Revision_485/c.c | U | 2734 | 2743 | 9 | 136399 | 32 | 130 | 71
485 | Revision_485/eiffel.c | U | 215 | 224 | 9 | 136400 | 32 | 131 | 71
485 | Revision_485/fortran.c | U | 397 | 406 | 9 | 136401 | 32 | 132 | 71
485 | Revision_485/sql.c | U | 334 | 343 | 9 | 136402 | 32 | 302 | 71
485 | Revision_485/verilog.c | U | 107 | 117 | 9 | 136403 | 32 | 381 | 71
485 | Revision_485/asm.c | U | 120 | 128 | 9 | 136404 | 32 | 288 | 71
485 | Revision_485/jscript.c | U | 175 | 184 | 9 | 136405 | 32 | 458 | 71
485 | Revision_485/eiffel.c | U | 287 | 301 | 10 | 136406 | 33 | 133 | 71
485 | Revision_485/beta.c | U | 71 | 80 | 10 | 136407 | 33 | 134 | 71
485 | Revision_485/sql.c | U | 369 | 383 | 10 | 136408 | 33 | 303 | 71
485 | Revision_485/jscript.c | U | 211 | 225 | 10 | 136409 | 33 | 459 | 71
485 | Revision_485/parse.c | U | 46 | 57 | 10 | 136410 | 33 | 135 | 71
485 | Revision_485/sml.c | U | 75 | 81 | 10 | 136411 | 33 | 324 | 71
485 | Revision_485/eiffel.c | U | 289 | 299 | 10 | 136412 | 33 | 136 | 71
485 | Revision_485/eiffel.c | U | 367 | 376 | 8 | 136413 | 34 | 304 | 100
485 | Revision_485/jscript.c | U | 274 | 281 | 8 | 136414 | 34 | 460 | 100
485 | Revision_485/sql.c | U | 414 | 421 | 8 | 136415 | 34 | 305 | 100
485 | Revision_485/eiffel.c | U | 382 | 407 | 23 | 136416 | 35 | 139 | 75
485 | Revision_485/fortran.c | U | 770 | 800 | 23 | 136417 | 35 | 140 | 75
485 | Revision_485/eiffel.c | U | 410 | 435 | 20 | 136418 | 36 | 141 | 94
485 | Revision_485/fortran.c | U | 803 | 828 | 20 | 136419 | 36 | 142 | 94
485 | Revision_485/eiffel.c | U | 547 | 551 | 5 | 136420 | 37 | 143 | 75
485 | Revision_485/fortran.c | U | 792 | 796 | 5 | 136421 | 37 | 144 | 75
485 | Revision_485/fortran.c | U | 990 | 994 | 5 | 136422 | 37 | 145 | 75
485 | Revision_485/verilog.c | U | 244 | 248 | 5 | 136423 | 37 | 382 | 75
485 | Revision_485/verilog.c | U | 141 | 145 | 5 | 136424 | 37 | 383 | 75
485 | Revision_485/eiffel.c | U | 602 | 612 | 9 | 136425 | 38 | 146 | 87
485 | Revision_485/asm.c | U | 131 | 140 | 9 | 136426 | 38 | 270 | 87
485 | Revision_485/fortran.c | U | 875 | 885 | 9 | 136427 | 38 | 147 | 87
485 | Revision_485/eiffel.c | U | 720 | 727 | 9 | 136428 | 39 | 148 | 77
485 | Revision_485/jscript.c | U | 404 | 413 | 9 | 136429 | 39 | 461 | 77
485 | Revision_485/eiffel.c | U | 771 | 818 | 13 | 136430 | 40 | 349 | 72
485 | Revision_485/fortran.c | U | 1101 | 1112 | 13 | 136431 | 40 | 350 | 72
485 | Revision_485/eiffel.c | U | 836 | 854 | 12 | 136432 | 41 | 251 | 72
485 | Revision_485/eiffel.c | U | 858 | 879 | 12 | 136433 | 41 | 252 | 72
485 | Revision_485/fortran.c | U | 1383 | 1396 | 12 | 136434 | 41 | 336 | 72
485 | Revision_485/eiffel.c | U | 1005 | 1018 | 12 | 136435 | 41 | 253 | 72
485 | Revision_485/fortran.c | U | 1637 | 1645 | 12 | 136436 | 41 | 337 | 72
485 | Revision_485/jscript.c | U | 1056 | 1068 | 12 | 136437 | 41 | 495 | 72
485 | Revision_485/eiffel.c | U | 866 | 878 | 12 | 136438 | 41 | 156 | 72
485 | Revision_485/sql.c | U | 1296 | 1306 | 12 | 136439 | 41 | 462 | 72
485 | Revision_485/eiffel.c | U | 995 | 1003 | 7 | 136440 | 42 | 496 | 83
485 | Revision_485/jscript.c | U | 1060 | 1067 | 7 | 136441 | 42 | 495 | 83
485 | Revision_485/fortran.c | U | 1328 | 1334 | 7 | 136442 | 42 | 85 | 83
485 | Revision_485/fortran.c | U | 1387 | 1393 | 7 | 136443 | 42 | 84 | 83
485 | Revision_485/basic.c | U | 118 | 123 | 6 | 136444 | 43 | 411 | 80
485 | Revision_485/basic.c | U | 130 | 135 | 6 | 136445 | 43 | 412 | 80
485 | Revision_485/verilog.c | U | 193 | 199 | 8 | 136446 | 44 | 399 | 75
485 | Revision_485/make.c | U | 97 | 105 | 8 | 136447 | 44 | 400 | 75
485 | Revision_485/verilog.c | U | 281 | 285 | 5 | 136448 | 45 | 401 | 75
485 | Revision_485/make.c | U | 44 | 48 | 5 | 136449 | 45 | 402 | 75
485 | Revision_485/jscript.c | U | 228 | 249 | 15 | 136450 | 46 | 467 | 100
485 | Revision_485/sql.c | U | 386 | 407 | 15 | 136451 | 46 | 468 | 100
485 | Revision_485/jscript.c | U | 252 | 258 | 6 | 136452 | 47 | 415 | 100
485 | Revision_485/jscript.c | U | 261 | 267 | 6 | 136453 | 47 | 460 | 100
485 | Revision_485/jscript.c | U | 284 | 298 | 14 | 136454 | 48 | 469 | 100
485 | Revision_485/sql.c | U | 424 | 438 | 14 | 136455 | 48 | 470 | 100
485 | Revision_485/jscript.c | U | 318 | 324 | 7 | 136456 | 49 | 471 | 100
485 | Revision_485/sql.c | U | 457 | 463 | 7 | 136457 | 49 | 297 | 100
485 | Revision_485/jscript.c | U | 327 | 416 | 107 | 136458 | 50 | 472 | 72
485 | Revision_485/sql.c | U | 466 | 599 | 107 | 136459 | 50 | 473 | 72
485 | Revision_485/jscript.c | U | 434 | 464 | 18 | 136460 | 51 | 465 | 100
485 | Revision_485/sql.c | U | 653 | 683 | 18 | 136461 | 51 | 466 | 100
485 | Revision_485/jscript.c | U | 467 | 474 | 7 | 136462 | 52 | 474 | 80
485 | Revision_485/sql.c | U | 618 | 625 | 7 | 136463 | 52 | 476 | 80
485 | Revision_485/jscript.c | U | 477 | 484 | 7 | 136464 | 52 | 475 | 80
485 | Revision_485/jscript.c | U | 722 | 728 | 8 | 136465 | 53 | 480 | 75
485 | Revision_485/jscript.c | U | 1019 | 1028 | 8 | 136466 | 53 | 481 | 75
485 | Revision_485/jscript.c | U | 861 | 871 | 6 | 136467 | 54 | 479 | 80
485 | Revision_485/options.c | U | 352 | 357 | 6 | 136468 | 54 | 224 | 80
485 | Revision_485/jscript.c | U | 920 | 929 | 6 | 136469 | 55 | 497 | 75
485 | Revision_485/options.c | U | 1680 | 1684 | 6 | 136470 | 55 | 333 | 75
485 | Revision_485/jscript.c | U | 1196 | 1199 | 8 | 136471 | 56 | 498 | 71
485 | Revision_485/Test/local.c | U | 14 | 20 | 8 | 136472 | 56 | 384 | 71
485 | Revision_485/jscript.c | U | 1209 | 1213 | 5 | 136473 | 57 | 484 | 75
485 | Revision_485/make.c | U | 185 | 189 | 5 | 136474 | 57 | 403 | 75
485 | Revision_485/sql.c | U | 1797 | 1801 | 5 | 136475 | 57 | 404 | 75
485 | Revision_485/vim.c | U | 97 | 101 | 5 | 136476 | 58 | 290 | 100
485 | Revision_485/vim.c | U | 103 | 107 | 5 | 136477 | 58 | 291 | 100
485 | Revision_485/vim.c | U | 244 | 267 | 17 | 136478 | 59 | 334 | 76
485 | Revision_485/vim.c | U | 294 | 312 | 17 | 136479 | 59 | 159 | 76
485 | Revision_485/python.c | U | 107 | 111 | 5 | 136480 | 60 | 278 | 75
485 | Revision_485/erlang.c | U | 58 | 62 | 5 | 136481 | 60 | 341 | 75
485 | Revision_485/sml.c | U | 84 | 88 | 5 | 136482 | 60 | 325 | 75
485 | Revision_485/options.c | U | 960 | 965 | 5 | 136483 | 60 | 280 | 75
485 | Revision_485/python.c | U | 115 | 124 | 9 | 136484 | 61 | 292 | 75
485 | Revision_485/tcl.c | U | 44 | 54 | 9 | 136485 | 61 | 293 | 75
485 | Revision_485/erlang.c | U | 66 | 75 | 9 | 136486 | 61 | 342 | 75
485 | Revision_485/python.c | U | 201 | 210 | 9 | 136487 | 62 | 326 | 71
485 | Revision_485/sml.c | U | 165 | 174 | 9 | 136488 | 62 | 327 | 71
485 | Revision_485/perl.c | U | 186 | 192 | 7 | 136489 | 63 | 389 | 71
485 | Revision_485/main.c | U | 260 | 267 | 7 | 136490 | 63 | 377 | 71
485 | Revision_485/erlang.c | U | 116 | 121 | 7 | 136491 | 63 | 346 | 71
485 | Revision_485/erlang.c | U | 108 | 113 | 7 | 136492 | 63 | 344 | 71
485 | Revision_485/erlang.c | U | 97 | 105 | 7 | 136493 | 63 | 344 | 71
485 | Revision_485/main.c | U | 179 | 185 | 7 | 136494 | 63 | 376 | 71
485 | Revision_485/sort.c | U | 122 | 127 | 5 | 136495 | 64 | 281 | 100
485 | Revision_485/sort.c | U | 130 | 135 | 5 | 136496 | 64 | 282 | 100
485 | Revision_485/strlist.c | U | 32 | 38 | 8 | 136497 | 65 | 165 | 71
485 | Revision_485/vstring.c | U | 77 | 87 | 8 | 136498 | 65 | 166 | 71
485 | Revision_485/strlist.c | U | 191 | 196 | 7 | 136499 | 66 | 168 | 83
485 | Revision_485/strlist.c | U | 200 | 206 | 7 | 136500 | 66 | 390 | 83
485 | Revision_485/pascal.c | U | 150 | 154 | 6 | 136501 | 67 | 319 | 75
485 | Revision_485/pascal.c | U | 184 | 190 | 6 | 136502 | 67 | 171 | 75
485 | Revision_485/pascal.c | U | 176 | 182 | 6 | 136503 | 67 | 170 | 75
485 | Revision_485/get.c | U | 302 | 311 | 10 | 136504 | 68 | 174 | 70
485 | Revision_485/parse.c | U | 587 | 601 | 10 | 136505 | 68 | 175 | 70
485 | Revision_485/read.c | U | 214 | 225 | 10 | 136506 | 68 | 176 | 70
485 | Revision_485/get.c | U | 464 | 475 | 10 | 136507 | 69 | 177 | 100
485 | Revision_485/get.c | U | 481 | 492 | 10 | 136508 | 69 | 178 | 100
485 | Revision_485/get.c | U | 538 | 543 | 6 | 136509 | 70 | 180 | 80
485 | Revision_485/read.c | U | 415 | 419 | 6 | 136510 | 70 | 181 | 80
485 | Revision_485/main.c | U | 126 | 139 | 6 | 136511 | 71 | 354 | 80
485 | Revision_485/options.c | U | 397 | 402 | 6 | 136512 | 71 | 355 | 80
485 | Revision_485/routines.c | U | 236 | 243 | 6 | 136513 | 72 | 254 | 80
485 | Revision_485/routines.c | U | 246 | 253 | 6 | 136514 | 72 | 255 | 80
485 | Revision_485/routines.c | U | 287 | 294 | 8 | 136515 | 73 | 256 | 83
485 | Revision_485/readtags.c | U | 106 | 113 | 8 | 136516 | 73 | 123 | 83
485 | Revision_485/routines.c | U | 297 | 304 | 8 | 136517 | 73 | 257 | 83
485 | Revision_485/readtags.c | U | 116 | 123 | 8 | 136518 | 73 | 238 | 83
485 | Revision_485/routines.c | U | 321 | 325 | 5 | 136519 | 74 | 258 | 75
485 | Revision_485/vstring.c | U | 125 | 129 | 5 | 136520 | 74 | 188 | 75
485 | Revision_485/vstring.c | U | 118 | 122 | 5 | 136521 | 74 | 189 | 75
485 | Revision_485/routines.c | U | 328 | 334 | 6 | 136522 | 75 | 259 | 100
485 | Revision_485/routines.c | U | 337 | 343 | 6 | 136523 | 75 | 260 | 100
485 | Revision_485/routines.c | U | 348 | 355 | 8 | 136524 | 76 | 261 | 100
485 | Revision_485/routines.c | U | 360 | 367 | 8 | 136525 | 76 | 262 | 100
485 | Revision_485/sh.c | U | 89 | 94 | 6 | 136526 | 77 | 378 | 80
485 | Revision_485/asm.c | U | 348 | 353 | 6 | 136527 | 77 | 379 | 80
485 | Revision_485/beta.c | U | 134 | 141 | 6 | 136528 | 78 | 201 | 75
485 | Revision_485/beta.c | U | 204 | 212 | 6 | 136529 | 78 | 202 | 75
485 | Revision_485/beta.c | U | 152 | 156 | 5 | 136530 | 79 | 203 | 75
485 | Revision_485/beta.c | U | 277 | 281 | 5 | 136531 | 79 | 205 | 75
485 | Revision_485/beta.c | U | 165 | 169 | 5 | 136532 | 79 | 204 | 75
485 | Revision_485/beta.c | U | 158 | 162 | 5 | 136533 | 79 | 206 | 75
485 | Revision_485/beta.c | U | 271 | 275 | 5 | 136534 | 79 | 207 | 75
485 | Revision_485/sql.c | U | 771 | 781 | 8 | 136535 | 80 | 493 | 71
485 | Revision_485/sql.c | U | 1410 | 1419 | 8 | 136536 | 80 | 486 | 71
485 | Revision_485/sql.c | U | 1274 | 1310 | 24 | 136537 | 81 | 487 | 78
485 | Revision_485/sql.c | U | 1679 | 1722 | 24 | 136538 | 81 | 488 | 78
485 | Revision_485/sql.c | U | 1643 | 1668 | 17 | 136539 | 82 | 489 | 84
485 | Revision_485/sql.c | U | 1692 | 1716 | 17 | 136540 | 82 | 490 | 84
485 | Revision_485/parse.c | U | 99 | 109 | 11 | 136541 | 83 | 208 | 88
485 | Revision_485/parse.c | U | 112 | 123 | 11 | 136542 | 83 | 209 | 88
485 | Revision_485/parse.c | U | 300 | 304 | 5 | 136543 | 84 | 356 | 75
485 | Revision_485/parse.c | U | 576 | 580 | 5 | 136544 | 84 | 357 | 75
485 | Revision_485/parse.c | U | 557 | 561 | 5 | 136545 | 84 | 358 | 75
485 | Revision_485/readtags.c | U | 542 | 548 | 6 | 136546 | 85 | 239 | 100
485 | Revision_485/readtags.c | U | 550 | 556 | 6 | 136547 | 85 | 240 | 100
485 | Revision_485/readtags.c | U | 585 | 589 | 6 | 136548 | 86 | 123 | 75
485 | Revision_485/readtags.c | U | 640 | 646 | 6 | 136549 | 86 | 124 | 75
485 | Revision_485/readtags.c | U | 717 | 725 | 8 | 136550 | 87 | 210 | 83
485 | Revision_485/readtags.c | U | 772 | 780 | 8 | 136551 | 87 | 211 | 83
485 | Revision_485/readtags.c | U | 728 | 736 | 8 | 136552 | 87 | 212 | 83
485 | Revision_485/readtags.c | U | 739 | 744 | 6 | 136553 | 88 | 241 | 80
485 | Revision_485/readtags.c | U | 764 | 769 | 6 | 136554 | 88 | 242 | 80
485 | Revision_485/readtags.c | U | 756 | 761 | 6 | 136555 | 88 | 287 | 80
485 | Revision_485/fortran.c | U | 1274 | 1295 | 23 | 136556 | 89 | 369 | 72
485 | Revision_485/fortran.c | U | 1794 | 1817 | 23 | 136557 | 89 | 366 | 72
485 | Revision_485/fortran.c | U | 1454 | 1462 | 10 | 136558 | 90 | 314 | 77
485 | Revision_485/fortran.c | U | 1493 | 1502 | 10 | 136559 | 90 | 59 | 77
485 | Revision_485/fortran.c | U | 1734 | 1749 | 20 | 136560 | 91 | 21 | 84
485 | Revision_485/fortran.c | U | 1951 | 1967 | 20 | 136561 | 91 | 374 | 84
485 | Revision_485/fortran.c | U | 1915 | 1934 | 17 | 136562 | 92 | 220 | 75
485 | Revision_485/fortran.c | U | 1986 | 2003 | 17 | 136563 | 92 | 221 | 75
485 | Revision_485/fortran.c | U | 2063 | 2084 | 17 | 136564 | 92 | 372 | 75
485 | Revision_485/asm.c | U | 244 | 257 | 11 | 136565 | 93 | 289 | 77
485 | Revision_485/asm.c | U | 262 | 272 | 11 | 136566 | 93 | 279 | 77
485 | Revision_485/scheme.c | U | 70 | 78 | 8 | 136567 | 94 | 222 | 71
485 | Revision_485/scheme.c | U | 85 | 93 | 8 | 136568 | 94 | 223 | 71
485 | Revision_485/options.c | U | 369 | 375 | 6 | 136569 | 95 | 224 | 100
485 | Revision_485/options.c | U | 378 | 384 | 6 | 136570 | 95 | 225 | 100
485 | Revision_485/options.c | U | 541 | 547 | 7 | 136571 | 96 | 226 | 100
485 | Revision_485/options.c | U | 559 | 565 | 7 | 136572 | 96 | 227 | 100
485 | Revision_485/options.c | U | 550 | 556 | 7 | 136573 | 96 | 228 | 100
485 | Revision_485/options.c | U | 568 | 574 | 7 | 136574 | 96 | 229 | 100
485 | Revision_485/options.c | U | 979 | 983 | 5 | 136575 | 97 | 230 | 75
485 | Revision_485/options.c | U | 1005 | 1009 | 5 | 136576 | 97 | 231 | 75
485 | Revision_485/options.c | U | 1099 | 1103 | 5 | 136577 | 98 | 232 | 100
485 | Revision_485/options.c | U | 1105 | 1109 | 5 | 136578 | 98 | 233 | 100
485 | Revision_485/options.c | U | 1151 | 1163 | 12 | 136579 | 99 | 360 | 100
485 | Revision_485/options.c | U | 1168 | 1180 | 12 | 136580 | 99 | 235 | 100
485 | Revision_485/options.c | U | 1422 | 1439 | 15 | 136581 | 100 | 236 | 91
485 | Revision_485/options.c | U | 1460 | 1477 | 15 | 136582 | 100 | 237 | 91
