Revision | filePath | changeType | StartLine | EndLine | Nlines | cloneId | classId | globalCloneId | Similarity
501 | Revision_501/lisp.c | U | 91 | 97 | 7 | 142808 | 1 | 1 | 83
501 | Revision_501/lisp.c | U | 112 | 118 | 7 | 142809 | 1 | 2 | 83
501 | Revision_501/lisp.c | U | 127 | 137 | 9 | 142810 | 2 | 3 | 70
501 | Revision_501/sql.c | U | 1815 | 1824 | 9 | 142811 | 2 | 296 | 70
501 | Revision_501/basic.c | U | 191 | 199 | 9 | 142812 | 2 | 408 | 70
501 | Revision_501/c.c | U | 2818 | 2827 | 9 | 142813 | 2 | 12 | 70
501 | Revision_501/python.c | U | 272 | 280 | 9 | 142814 | 2 | 13 | 70
501 | Revision_501/c.c | U | 2806 | 2815 | 9 | 142815 | 2 | 15 | 70
501 | Revision_501/fortran.c | U | 2203 | 2218 | 9 | 142816 | 2 | 21 | 70
501 | Revision_501/ruby.c | U | 389 | 397 | 9 | 142817 | 2 | 19 | 70
501 | Revision_501/basic.c | U | 180 | 188 | 9 | 142818 | 2 | 409 | 70
501 | Revision_501/verilog.c | U | 324 | 333 | 9 | 142819 | 2 | 283 | 70
501 | Revision_501/php.c | U | 71 | 78 | 9 | 142820 | 2 | 501 | 70
501 | Revision_501/cobol.c | U | 40 | 48 | 9 | 142821 | 2 | 320 | 70
501 | Revision_501/scheme.c | U | 99 | 109 | 9 | 142822 | 2 | 16 | 70
501 | Revision_501/awk.c | U | 71 | 79 | 9 | 142823 | 2 | 10 | 70
501 | Revision_501/pascal.c | U | 256 | 264 | 9 | 142824 | 2 | 14 | 70
501 | Revision_501/erlang.c | U | 179 | 187 | 9 | 142825 | 2 | 340 | 70
501 | Revision_501/sml.c | U | 201 | 209 | 9 | 142826 | 2 | 321 | 70
501 | Revision_501/beta.c | U | 310 | 318 | 9 | 142827 | 2 | 5 | 70
501 | Revision_501/lua.c | U | 123 | 131 | 9 | 142828 | 2 | 243 | 70
501 | Revision_501/tcl.c | U | 106 | 114 | 9 | 142829 | 2 | 18 | 70
501 | Revision_501/vim.c | U | 626 | 634 | 9 | 142830 | 2 | 20 | 70
501 | Revision_501/eiffel.c | U | 1220 | 1229 | 9 | 142831 | 2 | 9 | 70
501 | Revision_501/sh.c | U | 103 | 113 | 9 | 142832 | 2 | 17 | 70
501 | Revision_501/perl.c | U | 340 | 348 | 9 | 142833 | 2 | 7 | 70
501 | Revision_501/c.c | U | 2776 | 2785 | 9 | 142834 | 2 | 315 | 70
501 | Revision_501/basic.c | U | 202 | 210 | 9 | 142835 | 2 | 410 | 70
501 | Revision_501/c.c | U | 2830 | 2839 | 9 | 142836 | 2 | 330 | 70
501 | Revision_501/asp.c | U | 201 | 209 | 9 | 142837 | 2 | 4 | 70
501 | Revision_501/c.c | U | 2788 | 2803 | 9 | 142838 | 2 | 8 | 70
501 | Revision_501/jscript.c | U | 1234 | 1247 | 9 | 142839 | 2 | 413 | 70
501 | Revision_501/asm.c | U | 367 | 386 | 9 | 142840 | 2 | 274 | 70
501 | Revision_501/make.c | U | 199 | 209 | 9 | 142841 | 2 | 25 | 70
501 | Revision_501/html.c | U | 40 | 47 | 9 | 142842 | 2 | 365 | 70
501 | Revision_501/rexx.c | U | 30 | 37 | 9 | 142843 | 2 | 26 | 70
501 | Revision_501/slang.c | U | 34 | 41 | 9 | 142844 | 2 | 24 | 70
501 | Revision_501/yacc.c | U | 31 | 38 | 9 | 142845 | 2 | 23 | 70
501 | Revision_501/keyword.c | U | 107 | 116 | 9 | 142846 | 2 | 27 | 70
501 | Revision_501/options.c | U | 624 | 630 | 9 | 142847 | 2 | 29 | 70
501 | Revision_501/c.c | U | 2163 | 2168 | 9 | 142848 | 2 | 28 | 70
501 | Revision_501/fortran.c | U | 413 | 425 | 9 | 142849 | 2 | 158 | 70
501 | Revision_501/options.c | U | 531 | 536 | 9 | 142850 | 2 | 30 | 70
501 | Revision_501/sql.c | U | 346 | 355 | 9 | 142851 | 2 | 309 | 70
501 | Revision_501/c.c | U | 2192 | 2200 | 9 | 142852 | 2 | 31 | 70
501 | Revision_501/eiffel.c | U | 1174 | 1186 | 9 | 142853 | 2 | 157 | 70
501 | Revision_501/jscript.c | U | 187 | 197 | 9 | 142854 | 2 | 414 | 70
501 | Revision_501/c.c | U | 482 | 488 | 9 | 142855 | 2 | 53 | 70
501 | Revision_501/asp.c | U | 71 | 90 | 15 | 142856 | 3 | 33 | 100
501 | Revision_501/asp.c | U | 94 | 113 | 15 | 142857 | 3 | 34 | 100
501 | Revision_501/asp.c | U | 117 | 133 | 14 | 142858 | 4 | 35 | 100
501 | Revision_501/asp.c | U | 137 | 152 | 14 | 142859 | 4 | 36 | 100
501 | Revision_501/asp.c | U | 175 | 190 | 14 | 142860 | 4 | 36 | 100
501 | Revision_501/asp.c | U | 156 | 171 | 14 | 142861 | 4 | 36 | 100
501 | Revision_501/args.c | U | 85 | 92 | 8 | 142862 | 5 | 43 | 100
501 | Revision_501/args.c | U | 159 | 166 | 8 | 142863 | 5 | 44 | 100
501 | Revision_501/args.c | U | 181 | 189 | 9 | 142864 | 6 | 45 | 75
501 | Revision_501/args.c | U | 192 | 199 | 9 | 142865 | 6 | 46 | 75
501 | Revision_501/args.c | U | 202 | 210 | 9 | 142866 | 6 | 47 | 75
501 | Revision_501/args.c | U | 265 | 271 | 6 | 142867 | 7 | 48 | 80
501 | Revision_501/options.c | U | 577 | 582 | 6 | 142868 | 7 | 49 | 80
501 | Revision_501/fortran.c | U | 908 | 913 | 6 | 142869 | 7 | 50 | 80
501 | Revision_501/c.c | U | 534 | 540 | 6 | 142870 | 8 | 51 | 75
501 | Revision_501/vstring.c | U | 67 | 74 | 6 | 142871 | 8 | 52 | 75
501 | Revision_501/jscript.c | U | 200 | 204 | 6 | 142872 | 8 | 415 | 75
501 | Revision_501/sql.c | U | 358 | 362 | 6 | 142873 | 8 | 416 | 75
501 | Revision_501/vstring.c | U | 69 | 73 | 6 | 142874 | 8 | 52 | 75
501 | Revision_501/fortran.c | U | 439 | 444 | 6 | 142875 | 8 | 363 | 75
501 | Revision_501/eiffel.c | U | 1189 | 1195 | 6 | 142876 | 8 | 362 | 75
501 | Revision_501/c.c | U | 543 | 550 | 6 | 142877 | 9 | 53 | 80
501 | Revision_501/c.c | U | 553 | 560 | 6 | 142878 | 9 | 54 | 80
501 | Revision_501/c.c | U | 662 | 678 | 18 | 142879 | 10 | 55 | 70
501 | Revision_501/c.c | U | 681 | 696 | 18 | 142880 | 10 | 60 | 70
501 | Revision_501/c.c | U | 1161 | 1179 | 18 | 142881 | 10 | 57 | 70
501 | Revision_501/fortran.c | U | 1115 | 1135 | 18 | 142882 | 10 | 58 | 70
501 | Revision_501/c.c | U | 1238 | 1252 | 18 | 142883 | 10 | 56 | 70
501 | Revision_501/fortran.c | U | 1138 | 1153 | 18 | 142884 | 10 | 375 | 70
501 | Revision_501/fortran.c | U | 1874 | 1890 | 18 | 142885 | 10 | 59 | 70
501 | Revision_501/fortran.c | U | 1791 | 1819 | 18 | 142886 | 10 | 366 | 70
501 | Revision_501/c.c | U | 1164 | 1177 | 18 | 142887 | 10 | 63 | 70
501 | Revision_501/fortran.c | U | 1118 | 1133 | 18 | 142888 | 10 | 58 | 70
501 | Revision_501/Test/local.c | U | 9 | 22 | 18 | 142889 | 10 | 384 | 70
501 | Revision_501/jscript.c | U | 1155 | 1174 | 18 | 142890 | 10 | 463 | 70
501 | Revision_501/fortran.c | U | 1591 | 1628 | 18 | 142891 | 10 | 367 | 70
501 | Revision_501/fortran.c | U | 1877 | 1888 | 18 | 142892 | 10 | 65 | 70
501 | Revision_501/eiffel.c | U | 1110 | 1134 | 18 | 142893 | 10 | 307 | 70
501 | Revision_501/sql.c | U | 872 | 890 | 18 | 142894 | 10 | 308 | 70
501 | Revision_501/eiffel.c | U | 904 | 944 | 18 | 142895 | 10 | 248 | 70
501 | Revision_501/sql.c | U | 868 | 892 | 18 | 142896 | 10 | 308 | 70
501 | Revision_501/c.c | U | 684 | 694 | 13 | 142897 | 11 | 57 | 75
501 | Revision_501/c.c | U | 1240 | 1251 | 13 | 142898 | 11 | 64 | 75
501 | Revision_501/c.c | U | 714 | 734 | 20 | 142899 | 12 | 72 | 72
501 | Revision_501/fortran.c | U | 1305 | 1315 | 20 | 142900 | 12 | 337 | 72
501 | Revision_501/c.c | U | 744 | 750 | 8 | 142901 | 13 | 74 | 71
501 | Revision_501/options.c | U | 470 | 477 | 8 | 142902 | 13 | 75 | 71
501 | Revision_501/c.c | U | 785 | 789 | 8 | 142903 | 14 | 76 | 71
501 | Revision_501/jscript.c | U | 1091 | 1095 | 8 | 142904 | 14 | 417 | 71
501 | Revision_501/eiffel.c | U | 673 | 677 | 8 | 142905 | 14 | 249 | 71
501 | Revision_501/c.c | U | 2087 | 2091 | 8 | 142906 | 14 | 80 | 71
501 | Revision_501/sql.c | U | 984 | 991 | 8 | 142907 | 14 | 418 | 71
501 | Revision_501/sql.c | U | 900 | 906 | 8 | 142908 | 14 | 419 | 71
501 | Revision_501/fortran.c | U | 1919 | 1923 | 8 | 142909 | 14 | 79 | 71
501 | Revision_501/fortran.c | U | 1346 | 1350 | 8 | 142910 | 14 | 85 | 71
501 | Revision_501/eiffel.c | U | 1011 | 1015 | 8 | 142911 | 14 | 269 | 71
501 | Revision_501/eiffel.c | U | 960 | 964 | 8 | 142912 | 14 | 269 | 71
501 | Revision_501/eiffel.c | U | 873 | 877 | 8 | 142913 | 14 | 269 | 71
501 | Revision_501/jscript.c | U | 1100 | 1113 | 8 | 142914 | 14 | 464 | 71
501 | Revision_501/eiffel.c | U | 660 | 664 | 8 | 142915 | 14 | 250 | 71
501 | Revision_501/sql.c | U | 517 | 521 | 8 | 142916 | 14 | 300 | 71
501 | Revision_501/readtags.c | U | 144 | 148 | 8 | 142917 | 14 | 87 | 71
501 | Revision_501/sql.c | U | 1447 | 1453 | 8 | 142918 | 14 | 420 | 71
501 | Revision_501/sql.c | U | 1476 | 1482 | 8 | 142919 | 14 | 421 | 71
501 | Revision_501/eiffel.c | U | 848 | 853 | 8 | 142920 | 14 | 151 | 71
501 | Revision_501/sql.c | U | 1217 | 1222 | 8 | 142921 | 14 | 422 | 71
501 | Revision_501/jscript.c | U | 1075 | 1096 | 8 | 142922 | 14 | 494 | 71
501 | Revision_501/sql.c | U | 831 | 851 | 8 | 142923 | 14 | 423 | 71
501 | Revision_501/eiffel.c | U | 1030 | 1034 | 8 | 142924 | 14 | 151 | 71
501 | Revision_501/fortran.c | U | 589 | 593 | 8 | 142925 | 14 | 95 | 71
501 | Revision_501/fortran.c | U | 1214 | 1218 | 8 | 142926 | 14 | 85 | 71
501 | Revision_501/sql.c | U | 742 | 753 | 8 | 142927 | 14 | 424 | 71
501 | Revision_501/sql.c | U | 1209 | 1215 | 8 | 142928 | 14 | 492 | 71
501 | Revision_501/jscript.c | U | 623 | 634 | 8 | 142929 | 14 | 426 | 71
501 | Revision_501/ruby.c | U | 214 | 218 | 8 | 142930 | 14 | 392 | 71
501 | Revision_501/fortran.c | U | 1555 | 1560 | 8 | 142931 | 14 | 79 | 71
501 | Revision_501/fortran.c | U | 1343 | 1351 | 8 | 142932 | 14 | 84 | 71
501 | Revision_501/c.c | U | 2694 | 2699 | 8 | 142933 | 14 | 94 | 71
501 | Revision_501/readtags.c | U | 455 | 459 | 8 | 142934 | 14 | 90 | 71
501 | Revision_501/keyword.c | U | 185 | 189 | 8 | 142935 | 14 | 91 | 71
501 | Revision_501/options.c | U | 1039 | 1043 | 8 | 142936 | 14 | 89 | 71
501 | Revision_501/c.c | U | 2134 | 2138 | 8 | 142937 | 14 | 125 | 71
501 | Revision_501/strlist.c | U | 150 | 154 | 8 | 142938 | 14 | 126 | 71
501 | Revision_501/c.c | U | 1749 | 1753 | 8 | 142939 | 14 | 121 | 71
501 | Revision_501/vstring.c | U | 35 | 40 | 8 | 142940 | 14 | 98 | 71
501 | Revision_501/c.c | U | 1758 | 1762 | 8 | 142941 | 14 | 331 | 71
501 | Revision_501/fortran.c | U | 1727 | 1731 | 8 | 142942 | 14 | 373 | 71
501 | Revision_501/c.c | U | 2153 | 2160 | 8 | 142943 | 14 | 244 | 71
501 | Revision_501/jscript.c | U | 708 | 715 | 8 | 142944 | 14 | 427 | 71
501 | Revision_501/eiffel.c | U | 1066 | 1075 | 8 | 142945 | 14 | 101 | 71
501 | Revision_501/options.c | U | 672 | 676 | 8 | 142946 | 14 | 127 | 71
501 | Revision_501/fortran.c | U | 1011 | 1015 | 8 | 142947 | 14 | 128 | 71
501 | Revision_501/fortran.c | U | 1548 | 1553 | 8 | 142948 | 14 | 79 | 71
501 | Revision_501/jscript.c | U | 498 | 508 | 8 | 142949 | 14 | 428 | 71
501 | Revision_501/jscript.c | U | 1032 | 1050 | 8 | 142950 | 14 | 429 | 71
501 | Revision_501/sql.c | U | 1343 | 1350 | 8 | 142951 | 14 | 430 | 71
501 | Revision_501/options.c | U | 1218 | 1222 | 8 | 142952 | 14 | 129 | 71
501 | Revision_501/sql.c | U | 1725 | 1753 | 8 | 142953 | 14 | 431 | 71
501 | Revision_501/fortran.c | U | 1421 | 1429 | 8 | 142954 | 14 | 59 | 71
501 | Revision_501/jscript.c | U | 574 | 600 | 8 | 142955 | 14 | 432 | 71
501 | Revision_501/fortran.c | U | 1716 | 1725 | 8 | 142956 | 14 | 221 | 71
501 | Revision_501/jscript.c | U | 512 | 547 | 8 | 142957 | 14 | 433 | 71
501 | Revision_501/sql.c | U | 1170 | 1183 | 8 | 142958 | 14 | 436 | 71
501 | Revision_501/jscript.c | U | 706 | 716 | 8 | 142959 | 14 | 427 | 71
501 | Revision_501/sql.c | U | 975 | 992 | 8 | 142960 | 14 | 435 | 71
501 | Revision_501/sql.c | U | 1008 | 1031 | 8 | 142961 | 14 | 437 | 71
501 | Revision_501/jscript.c | U | 853 | 872 | 8 | 142962 | 14 | 438 | 71
501 | Revision_501/jscript.c | U | 639 | 688 | 8 | 142963 | 14 | 491 | 71
501 | Revision_501/fortran.c | U | 1540 | 1546 | 8 | 142964 | 14 | 65 | 71
501 | Revision_501/fortran.c | U | 1087 | 1093 | 8 | 142965 | 14 | 350 | 71
501 | Revision_501/fortran.c | U | 1761 | 1767 | 8 | 142966 | 14 | 314 | 71
501 | Revision_501/sql.c | U | 1459 | 1485 | 8 | 142967 | 14 | 439 | 71
501 | Revision_501/sql.c | U | 1527 | 1548 | 8 | 142968 | 14 | 442 | 71
501 | Revision_501/sql.c | U | 1428 | 1456 | 8 | 142969 | 14 | 441 | 71
501 | Revision_501/sql.c | U | 1488 | 1509 | 8 | 142970 | 14 | 440 | 71
501 | Revision_501/sql.c | U | 1551 | 1572 | 8 | 142971 | 14 | 443 | 71
501 | Revision_501/jscript.c | U | 845 | 874 | 8 | 142972 | 14 | 438 | 71
501 | Revision_501/sql.c | U | 1575 | 1615 | 8 | 142973 | 14 | 445 | 71
501 | Revision_501/jscript.c | U | 850 | 873 | 8 | 142974 | 14 | 438 | 71
501 | Revision_501/sql.c | U | 1187 | 1225 | 8 | 142975 | 14 | 447 | 71
501 | Revision_501/sql.c | U | 1313 | 1352 | 8 | 142976 | 14 | 448 | 71
501 | Revision_501/jscript.c | U | 602 | 635 | 8 | 142977 | 14 | 446 | 71
501 | Revision_501/jscript.c | U | 842 | 875 | 8 | 142978 | 14 | 438 | 71
501 | Revision_501/sql.c | U | 1228 | 1271 | 8 | 142979 | 14 | 449 | 71
501 | Revision_501/c.c | U | 795 | 816 | 45 | 142980 | 15 | 103 | 80
501 | Revision_501/c.c | U | 925 | 944 | 45 | 142981 | 15 | 103 | 80
501 | Revision_501/c.c | U | 819 | 839 | 45 | 142982 | 15 | 332 | 80
501 | Revision_501/c.c | U | 858 | 878 | 45 | 142983 | 15 | 316 | 80
501 | Revision_501/c.c | U | 881 | 892 | 12 | 142984 | 16 | 317 | 90
501 | Revision_501/c.c | U | 895 | 906 | 12 | 142985 | 16 | 318 | 90
501 | Revision_501/c.c | U | 1046 | 1051 | 6 | 142986 | 17 | 407 | 80
501 | Revision_501/jscript.c | U | 1012 | 1017 | 6 | 142987 | 17 | 417 | 80
501 | Revision_501/c.c | U | 1301 | 1307 | 7 | 142988 | 18 | 385 | 71
501 | Revision_501/fortran.c | U | 501 | 509 | 7 | 142989 | 18 | 112 | 71
501 | Revision_501/make.c | U | 63 | 69 | 7 | 142990 | 18 | 394 | 71
501 | Revision_501/make.c | U | 53 | 60 | 7 | 142991 | 18 | 395 | 71
501 | Revision_501/c.c | U | 1374 | 1381 | 7 | 142992 | 19 | 108 | 80
501 | Revision_501/c.c | U | 1383 | 1390 | 7 | 142993 | 19 | 109 | 80
501 | Revision_501/c.c | U | 1404 | 1411 | 7 | 142994 | 20 | 110 | 71
501 | Revision_501/fortran.c | U | 628 | 634 | 7 | 142995 | 20 | 112 | 71
501 | Revision_501/c.c | U | 1414 | 1421 | 7 | 142996 | 20 | 111 | 71
501 | Revision_501/c.c | U | 2125 | 2132 | 7 | 142997 | 20 | 405 | 71
501 | Revision_501/sql.c | U | 558 | 565 | 7 | 142998 | 20 | 406 | 71
501 | Revision_501/jscript.c | U | 381 | 388 | 7 | 142999 | 20 | 450 | 71
501 | Revision_501/c.c | U | 1452 | 1457 | 6 | 143000 | 21 | 386 | 80
501 | Revision_501/c.c | U | 1769 | 1774 | 6 | 143001 | 21 | 80 | 80
501 | Revision_501/c.c | U | 1470 | 1479 | 9 | 143002 | 22 | 294 | 71
501 | Revision_501/eiffel.c | U | 556 | 564 | 9 | 143003 | 22 | 295 | 71
501 | Revision_501/c.c | U | 1473 | 1477 | 5 | 143004 | 23 | 294 | 75
501 | Revision_501/readtags.c | U | 503 | 507 | 5 | 143005 | 23 | 90 | 75
501 | Revision_501/readtags.c | U | 680 | 684 | 5 | 143006 | 23 | 99 | 75
501 | Revision_501/c.c | U | 1487 | 1500 | 10 | 143007 | 24 | 396 | 75
501 | Revision_501/make.c | U | 77 | 87 | 10 | 143008 | 24 | 397 | 75
501 | Revision_501/fortran.c | U | 857 | 868 | 10 | 143009 | 24 | 116 | 75
501 | Revision_501/verilog.c | U | 205 | 218 | 10 | 143010 | 24 | 398 | 75
501 | Revision_501/eiffel.c | U | 572 | 584 | 10 | 143011 | 24 | 114 | 75
501 | Revision_501/jscript.c | U | 304 | 315 | 10 | 143012 | 24 | 451 | 75
501 | Revision_501/sql.c | U | 443 | 454 | 10 | 143013 | 24 | 306 | 75
501 | Revision_501/eiffel.c | U | 587 | 599 | 10 | 143014 | 24 | 117 | 75
501 | Revision_501/c.c | U | 1594 | 1600 | 8 | 143015 | 25 | 452 | 75
501 | Revision_501/jscript.c | U | 419 | 427 | 8 | 143016 | 25 | 453 | 75
501 | Revision_501/c.c | U | 1813 | 1817 | 5 | 143017 | 26 | 118 | 75
501 | Revision_501/fortran.c | U | 812 | 816 | 5 | 143018 | 26 | 120 | 75
501 | Revision_501/eiffel.c | U | 419 | 423 | 5 | 143019 | 26 | 119 | 75
501 | Revision_501/c.c | U | 1959 | 1963 | 5 | 143020 | 27 | 121 | 75
501 | Revision_501/get.c | U | 591 | 595 | 5 | 143021 | 27 | 122 | 75
501 | Revision_501/fortran.c | U | 731 | 735 | 5 | 143022 | 27 | 144 | 75
501 | Revision_501/fortran.c | U | 622 | 626 | 5 | 143023 | 27 | 112 | 75
501 | Revision_501/vim.c | U | 400 | 408 | 5 | 143024 | 27 | 500 | 75
501 | Revision_501/perl.c | U | 185 | 189 | 5 | 143025 | 27 | 163 | 75
501 | Revision_501/pascal.c | U | 134 | 138 | 5 | 143026 | 27 | 164 | 75
501 | Revision_501/c.c | U | 2113 | 2120 | 9 | 143027 | 28 | 28 | 71
501 | Revision_501/eiffel.c | U | 1063 | 1076 | 9 | 143028 | 28 | 156 | 71
501 | Revision_501/c.c | U | 2411 | 2418 | 5 | 143029 | 29 | 94 | 75
501 | Revision_501/sql.c | U | 1401 | 1405 | 5 | 143030 | 29 | 454 | 75
501 | Revision_501/sql.c | U | 1660 | 1664 | 5 | 143031 | 29 | 455 | 75
501 | Revision_501/jscript.c | U | 779 | 788 | 5 | 143032 | 29 | 456 | 75
501 | Revision_501/jscript.c | U | 790 | 795 | 5 | 143033 | 29 | 457 | 75
501 | Revision_501/c.c | U | 2424 | 2428 | 5 | 143034 | 30 | 387 | 100
501 | Revision_501/c.c | U | 2431 | 2435 | 5 | 143035 | 30 | 94 | 100
501 | Revision_501/c.c | U | 2650 | 2655 | 6 | 143036 | 31 | 94 | 80
501 | Revision_501/sql.c | U | 995 | 1000 | 6 | 143037 | 31 | 301 | 80
501 | Revision_501/c.c | U | 2734 | 2743 | 9 | 143038 | 32 | 130 | 71
501 | Revision_501/eiffel.c | U | 215 | 224 | 9 | 143039 | 32 | 131 | 71
501 | Revision_501/fortran.c | U | 397 | 406 | 9 | 143040 | 32 | 132 | 71
501 | Revision_501/sql.c | U | 334 | 343 | 9 | 143041 | 32 | 302 | 71
501 | Revision_501/asm.c | U | 120 | 128 | 9 | 143042 | 32 | 288 | 71
501 | Revision_501/jscript.c | U | 175 | 184 | 9 | 143043 | 32 | 458 | 71
501 | Revision_501/verilog.c | U | 107 | 117 | 9 | 143044 | 32 | 381 | 71
501 | Revision_501/eiffel.c | U | 287 | 301 | 10 | 143045 | 33 | 133 | 71
501 | Revision_501/beta.c | U | 71 | 80 | 10 | 143046 | 33 | 134 | 71
501 | Revision_501/jscript.c | U | 211 | 225 | 10 | 143047 | 33 | 459 | 71
501 | Revision_501/sql.c | U | 369 | 383 | 10 | 143048 | 33 | 303 | 71
501 | Revision_501/parse.c | U | 46 | 57 | 10 | 143049 | 33 | 135 | 71
501 | Revision_501/sml.c | U | 75 | 81 | 10 | 143050 | 33 | 324 | 71
501 | Revision_501/eiffel.c | U | 289 | 299 | 10 | 143051 | 33 | 136 | 71
501 | Revision_501/eiffel.c | U | 367 | 376 | 8 | 143052 | 34 | 304 | 100
501 | Revision_501/jscript.c | U | 274 | 281 | 8 | 143053 | 34 | 460 | 100
501 | Revision_501/sql.c | U | 414 | 421 | 8 | 143054 | 34 | 305 | 100
501 | Revision_501/eiffel.c | U | 382 | 407 | 23 | 143055 | 35 | 139 | 75
501 | Revision_501/fortran.c | U | 770 | 800 | 23 | 143056 | 35 | 140 | 75
501 | Revision_501/eiffel.c | U | 410 | 435 | 20 | 143057 | 36 | 141 | 94
501 | Revision_501/fortran.c | U | 803 | 828 | 20 | 143058 | 36 | 142 | 94
501 | Revision_501/eiffel.c | U | 547 | 551 | 5 | 143059 | 37 | 143 | 75
501 | Revision_501/verilog.c | U | 141 | 145 | 5 | 143060 | 37 | 383 | 75
501 | Revision_501/fortran.c | U | 792 | 796 | 5 | 143061 | 37 | 144 | 75
501 | Revision_501/verilog.c | U | 244 | 248 | 5 | 143062 | 37 | 382 | 75
501 | Revision_501/fortran.c | U | 990 | 994 | 5 | 143063 | 37 | 145 | 75
501 | Revision_501/eiffel.c | U | 602 | 612 | 9 | 143064 | 38 | 146 | 87
501 | Revision_501/asm.c | U | 131 | 140 | 9 | 143065 | 38 | 270 | 87
501 | Revision_501/fortran.c | U | 875 | 885 | 9 | 143066 | 38 | 147 | 87
501 | Revision_501/eiffel.c | U | 720 | 727 | 9 | 143067 | 39 | 148 | 77
501 | Revision_501/jscript.c | U | 404 | 413 | 9 | 143068 | 39 | 461 | 77
501 | Revision_501/eiffel.c | U | 771 | 818 | 13 | 143069 | 40 | 349 | 72
501 | Revision_501/fortran.c | U | 1101 | 1112 | 13 | 143070 | 40 | 350 | 72
501 | Revision_501/eiffel.c | U | 836 | 854 | 11 | 143071 | 41 | 251 | 72
501 | Revision_501/fortran.c | U | 1383 | 1396 | 11 | 143072 | 41 | 336 | 72
501 | Revision_501/eiffel.c | U | 858 | 879 | 11 | 143073 | 41 | 252 | 72
501 | Revision_501/eiffel.c | U | 1005 | 1018 | 11 | 143074 | 41 | 253 | 72
501 | Revision_501/fortran.c | U | 1637 | 1645 | 11 | 143075 | 41 | 337 | 72
501 | Revision_501/jscript.c | U | 1056 | 1068 | 11 | 143076 | 41 | 495 | 72
501 | Revision_501/eiffel.c | U | 866 | 878 | 11 | 143077 | 41 | 156 | 72
501 | Revision_501/sql.c | U | 1296 | 1306 | 11 | 143078 | 41 | 462 | 72
501 | Revision_501/eiffel.c | U | 995 | 1003 | 7 | 143079 | 42 | 496 | 83
501 | Revision_501/jscript.c | U | 1060 | 1067 | 7 | 143080 | 42 | 495 | 83
501 | Revision_501/fortran.c | U | 1387 | 1393 | 7 | 143081 | 42 | 84 | 83
501 | Revision_501/fortran.c | U | 1328 | 1334 | 7 | 143082 | 42 | 85 | 83
501 | Revision_501/basic.c | U | 118 | 123 | 6 | 143083 | 43 | 411 | 80
501 | Revision_501/basic.c | U | 130 | 135 | 6 | 143084 | 43 | 412 | 80
501 | Revision_501/verilog.c | U | 193 | 199 | 8 | 143085 | 44 | 399 | 75
501 | Revision_501/make.c | U | 97 | 105 | 8 | 143086 | 44 | 400 | 75
501 | Revision_501/verilog.c | U | 281 | 285 | 5 | 143087 | 45 | 401 | 75
501 | Revision_501/make.c | U | 44 | 48 | 5 | 143088 | 45 | 402 | 75
501 | Revision_501/jscript.c | U | 228 | 249 | 15 | 143089 | 46 | 467 | 100
501 | Revision_501/sql.c | U | 386 | 407 | 15 | 143090 | 46 | 468 | 100
501 | Revision_501/jscript.c | U | 252 | 258 | 6 | 143091 | 47 | 415 | 100
501 | Revision_501/jscript.c | U | 261 | 267 | 6 | 143092 | 47 | 460 | 100
501 | Revision_501/jscript.c | U | 284 | 298 | 14 | 143093 | 48 | 469 | 100
501 | Revision_501/sql.c | U | 424 | 438 | 14 | 143094 | 48 | 470 | 100
501 | Revision_501/jscript.c | U | 318 | 324 | 7 | 143095 | 49 | 471 | 100
501 | Revision_501/sql.c | U | 457 | 463 | 7 | 143096 | 49 | 297 | 100
501 | Revision_501/jscript.c | U | 327 | 416 | 107 | 143097 | 50 | 472 | 72
501 | Revision_501/sql.c | U | 466 | 599 | 107 | 143098 | 50 | 473 | 72
501 | Revision_501/jscript.c | U | 434 | 464 | 18 | 143099 | 51 | 465 | 100
501 | Revision_501/sql.c | U | 653 | 683 | 18 | 143100 | 51 | 466 | 100
501 | Revision_501/jscript.c | U | 467 | 474 | 7 | 143101 | 52 | 474 | 80
501 | Revision_501/sql.c | U | 618 | 625 | 7 | 143102 | 52 | 476 | 80
501 | Revision_501/jscript.c | U | 477 | 484 | 7 | 143103 | 52 | 475 | 80
501 | Revision_501/jscript.c | U | 722 | 728 | 8 | 143104 | 53 | 480 | 75
501 | Revision_501/jscript.c | U | 1019 | 1028 | 8 | 143105 | 53 | 481 | 75
501 | Revision_501/jscript.c | U | 861 | 871 | 6 | 143106 | 54 | 479 | 80
501 | Revision_501/options.c | U | 352 | 357 | 6 | 143107 | 54 | 224 | 80
501 | Revision_501/jscript.c | U | 920 | 929 | 6 | 143108 | 55 | 497 | 75
501 | Revision_501/options.c | U | 1680 | 1684 | 6 | 143109 | 55 | 333 | 75
501 | Revision_501/jscript.c | U | 1196 | 1199 | 8 | 143110 | 56 | 498 | 71
501 | Revision_501/Test/local.c | U | 14 | 20 | 8 | 143111 | 56 | 384 | 71
501 | Revision_501/jscript.c | U | 1209 | 1213 | 5 | 143112 | 57 | 484 | 75
501 | Revision_501/make.c | U | 185 | 189 | 5 | 143113 | 57 | 403 | 75
501 | Revision_501/sql.c | U | 1797 | 1801 | 5 | 143114 | 57 | 404 | 75
501 | Revision_501/vim.c | U | 97 | 101 | 5 | 143115 | 58 | 290 | 100
501 | Revision_501/vim.c | U | 103 | 107 | 5 | 143116 | 58 | 291 | 100
501 | Revision_501/vim.c | U | 244 | 267 | 17 | 143117 | 59 | 334 | 76
501 | Revision_501/vim.c | U | 294 | 312 | 17 | 143118 | 59 | 159 | 76
501 | Revision_501/python.c | U | 107 | 111 | 5 | 143119 | 60 | 278 | 75
501 | Revision_501/options.c | U | 960 | 965 | 5 | 143120 | 60 | 280 | 75
501 | Revision_501/erlang.c | U | 58 | 62 | 5 | 143121 | 60 | 341 | 75
501 | Revision_501/sml.c | U | 84 | 88 | 5 | 143122 | 60 | 325 | 75
501 | Revision_501/python.c | U | 115 | 124 | 9 | 143123 | 61 | 292 | 75
501 | Revision_501/tcl.c | U | 44 | 54 | 9 | 143124 | 61 | 293 | 75
501 | Revision_501/erlang.c | U | 66 | 75 | 9 | 143125 | 61 | 342 | 75
501 | Revision_501/python.c | U | 201 | 210 | 9 | 143126 | 62 | 326 | 71
501 | Revision_501/sml.c | U | 165 | 174 | 9 | 143127 | 62 | 327 | 71
501 | Revision_501/perl.c | U | 206 | 212 | 7 | 143128 | 63 | 389 | 83
501 | Revision_501/perl.c | U | 252 | 257 | 7 | 143129 | 63 | 502 | 83
501 | Revision_501/perl.c | U | 321 | 327 | 7 | 143130 | 64 | 389 | 71
501 | Revision_501/erlang.c | U | 108 | 113 | 7 | 143131 | 64 | 346 | 71
501 | Revision_501/main.c | U | 260 | 267 | 7 | 143132 | 64 | 377 | 71
501 | Revision_501/erlang.c | U | 116 | 121 | 7 | 143133 | 64 | 344 | 71
501 | Revision_501/erlang.c | U | 97 | 105 | 7 | 143134 | 64 | 344 | 71
501 | Revision_501/main.c | U | 179 | 185 | 7 | 143135 | 64 | 376 | 71
501 | Revision_501/sort.c | U | 118 | 123 | 5 | 143136 | 65 | 281 | 100
501 | Revision_501/sort.c | U | 126 | 131 | 5 | 143137 | 65 | 282 | 100
501 | Revision_501/strlist.c | U | 32 | 38 | 8 | 143138 | 66 | 165 | 71
501 | Revision_501/vstring.c | U | 77 | 87 | 8 | 143139 | 66 | 166 | 71
501 | Revision_501/strlist.c | U | 191 | 196 | 7 | 143140 | 67 | 168 | 83
501 | Revision_501/strlist.c | U | 200 | 206 | 7 | 143141 | 67 | 390 | 83
501 | Revision_501/pascal.c | U | 150 | 154 | 6 | 143142 | 68 | 319 | 75
501 | Revision_501/pascal.c | U | 176 | 182 | 6 | 143143 | 68 | 170 | 75
501 | Revision_501/pascal.c | U | 184 | 190 | 6 | 143144 | 68 | 171 | 75
501 | Revision_501/get.c | U | 302 | 311 | 10 | 143145 | 69 | 174 | 70
501 | Revision_501/parse.c | U | 587 | 601 | 10 | 143146 | 69 | 175 | 70
501 | Revision_501/read.c | U | 214 | 225 | 10 | 143147 | 69 | 176 | 70
501 | Revision_501/get.c | U | 464 | 475 | 10 | 143148 | 70 | 177 | 100
501 | Revision_501/get.c | U | 481 | 492 | 10 | 143149 | 70 | 178 | 100
501 | Revision_501/get.c | U | 538 | 543 | 6 | 143150 | 71 | 180 | 80
501 | Revision_501/read.c | U | 415 | 419 | 6 | 143151 | 71 | 181 | 80
501 | Revision_501/main.c | U | 126 | 139 | 6 | 143152 | 72 | 354 | 80
501 | Revision_501/options.c | U | 397 | 402 | 6 | 143153 | 72 | 355 | 80
501 | Revision_501/routines.c | U | 232 | 239 | 6 | 143154 | 73 | 254 | 80
501 | Revision_501/routines.c | U | 242 | 249 | 6 | 143155 | 73 | 255 | 80
501 | Revision_501/routines.c | U | 283 | 290 | 8 | 143156 | 74 | 256 | 83
501 | Revision_501/readtags.c | U | 116 | 123 | 8 | 143157 | 74 | 123 | 83
501 | Revision_501/routines.c | U | 293 | 300 | 8 | 143158 | 74 | 257 | 83
501 | Revision_501/readtags.c | U | 106 | 113 | 8 | 143159 | 74 | 238 | 83
501 | Revision_501/routines.c | U | 317 | 321 | 5 | 143160 | 75 | 258 | 75
501 | Revision_501/vstring.c | U | 125 | 129 | 5 | 143161 | 75 | 188 | 75
501 | Revision_501/vstring.c | U | 118 | 122 | 5 | 143162 | 75 | 189 | 75
501 | Revision_501/routines.c | U | 324 | 330 | 6 | 143163 | 76 | 259 | 100
501 | Revision_501/routines.c | U | 333 | 339 | 6 | 143164 | 76 | 260 | 100
501 | Revision_501/routines.c | U | 344 | 351 | 8 | 143165 | 77 | 261 | 100
501 | Revision_501/routines.c | U | 356 | 363 | 8 | 143166 | 77 | 262 | 100
501 | Revision_501/sh.c | U | 89 | 94 | 6 | 143167 | 78 | 378 | 80
501 | Revision_501/asm.c | U | 348 | 353 | 6 | 143168 | 78 | 379 | 80
501 | Revision_501/beta.c | U | 134 | 141 | 6 | 143169 | 79 | 201 | 75
501 | Revision_501/beta.c | U | 204 | 212 | 6 | 143170 | 79 | 202 | 75
501 | Revision_501/beta.c | U | 152 | 156 | 5 | 143171 | 80 | 203 | 75
501 | Revision_501/beta.c | U | 158 | 162 | 5 | 143172 | 80 | 204 | 75
501 | Revision_501/beta.c | U | 277 | 281 | 5 | 143173 | 80 | 205 | 75
501 | Revision_501/beta.c | U | 165 | 169 | 5 | 143174 | 80 | 206 | 75
501 | Revision_501/beta.c | U | 271 | 275 | 5 | 143175 | 80 | 207 | 75
501 | Revision_501/sql.c | U | 771 | 781 | 8 | 143176 | 81 | 493 | 71
501 | Revision_501/sql.c | U | 1410 | 1419 | 8 | 143177 | 81 | 486 | 71
501 | Revision_501/sql.c | U | 1274 | 1310 | 24 | 143178 | 82 | 487 | 78
501 | Revision_501/sql.c | U | 1679 | 1722 | 24 | 143179 | 82 | 488 | 78
501 | Revision_501/sql.c | U | 1643 | 1668 | 17 | 143180 | 83 | 489 | 84
501 | Revision_501/sql.c | U | 1692 | 1716 | 17 | 143181 | 83 | 490 | 84
501 | Revision_501/parse.c | U | 99 | 109 | 11 | 143182 | 84 | 208 | 88
501 | Revision_501/parse.c | U | 112 | 123 | 11 | 143183 | 84 | 209 | 88
501 | Revision_501/parse.c | U | 300 | 304 | 5 | 143184 | 85 | 356 | 75
501 | Revision_501/parse.c | U | 576 | 580 | 5 | 143185 | 85 | 357 | 75
501 | Revision_501/parse.c | U | 557 | 561 | 5 | 143186 | 85 | 358 | 75
501 | Revision_501/readtags.c | U | 542 | 548 | 6 | 143187 | 86 | 239 | 100
501 | Revision_501/readtags.c | U | 550 | 556 | 6 | 143188 | 86 | 240 | 100
501 | Revision_501/readtags.c | U | 585 | 589 | 6 | 143189 | 87 | 123 | 75
501 | Revision_501/readtags.c | U | 640 | 646 | 6 | 143190 | 87 | 124 | 75
501 | Revision_501/readtags.c | U | 717 | 725 | 8 | 143191 | 88 | 210 | 83
501 | Revision_501/readtags.c | U | 772 | 780 | 8 | 143192 | 88 | 211 | 83
501 | Revision_501/readtags.c | U | 728 | 736 | 8 | 143193 | 88 | 212 | 83
501 | Revision_501/readtags.c | U | 739 | 744 | 6 | 143194 | 89 | 241 | 80
501 | Revision_501/readtags.c | U | 756 | 761 | 6 | 143195 | 89 | 242 | 80
501 | Revision_501/readtags.c | U | 764 | 769 | 6 | 143196 | 89 | 287 | 80
501 | Revision_501/fortran.c | U | 1274 | 1295 | 23 | 143197 | 90 | 369 | 72
501 | Revision_501/fortran.c | U | 1794 | 1817 | 23 | 143198 | 90 | 366 | 72
501 | Revision_501/fortran.c | U | 1454 | 1462 | 10 | 143199 | 91 | 314 | 77
501 | Revision_501/fortran.c | U | 1493 | 1502 | 10 | 143200 | 91 | 59 | 77
501 | Revision_501/fortran.c | U | 1734 | 1749 | 20 | 143201 | 92 | 21 | 84
501 | Revision_501/fortran.c | U | 1951 | 1967 | 20 | 143202 | 92 | 374 | 84
501 | Revision_501/fortran.c | U | 1915 | 1934 | 17 | 143203 | 93 | 220 | 75
501 | Revision_501/fortran.c | U | 1986 | 2003 | 17 | 143204 | 93 | 221 | 75
501 | Revision_501/fortran.c | U | 2063 | 2084 | 17 | 143205 | 93 | 372 | 75
501 | Revision_501/asm.c | U | 244 | 257 | 11 | 143206 | 94 | 289 | 77
501 | Revision_501/asm.c | U | 262 | 272 | 11 | 143207 | 94 | 279 | 77
501 | Revision_501/scheme.c | U | 70 | 78 | 8 | 143208 | 95 | 222 | 71
501 | Revision_501/scheme.c | U | 85 | 93 | 8 | 143209 | 95 | 223 | 71
501 | Revision_501/options.c | U | 369 | 375 | 6 | 143210 | 96 | 224 | 100
501 | Revision_501/options.c | U | 378 | 384 | 6 | 143211 | 96 | 225 | 100
501 | Revision_501/options.c | U | 541 | 547 | 7 | 143212 | 97 | 226 | 100
501 | Revision_501/options.c | U | 550 | 556 | 7 | 143213 | 97 | 227 | 100
501 | Revision_501/options.c | U | 568 | 574 | 7 | 143214 | 97 | 228 | 100
501 | Revision_501/options.c | U | 559 | 565 | 7 | 143215 | 97 | 229 | 100
501 | Revision_501/options.c | U | 979 | 983 | 5 | 143216 | 98 | 230 | 75
501 | Revision_501/options.c | U | 1005 | 1009 | 5 | 143217 | 98 | 231 | 75
501 | Revision_501/options.c | U | 1099 | 1103 | 5 | 143218 | 99 | 232 | 100
501 | Revision_501/options.c | U | 1105 | 1109 | 5 | 143219 | 99 | 233 | 100
501 | Revision_501/options.c | U | 1151 | 1163 | 12 | 143220 | 100 | 360 | 100
501 | Revision_501/options.c | U | 1168 | 1180 | 12 | 143221 | 100 | 235 | 100
501 | Revision_501/options.c | U | 1422 | 1439 | 15 | 143222 | 101 | 236 | 91
501 | Revision_501/options.c | U | 1460 | 1477 | 15 | 143223 | 101 | 237 | 91
