Revision | filePath | changeType | StartLine | EndLine | Nlines | cloneId | classId | globalCloneId | Similarity
510 | Revision_510/args.c | U | 85 | 92 | 8 | 88325 | 1 | 1 | 100
510 | Revision_510/args.c | U | 159 | 166 | 8 | 88326 | 1 | 2 | 100
510 | Revision_510/args.c | U | 181 | 189 | 9 | 88327 | 2 | 3 | 75
510 | Revision_510/args.c | U | 192 | 199 | 9 | 88328 | 2 | 4 | 75
510 | Revision_510/args.c | U | 202 | 210 | 9 | 88329 | 2 | 5 | 75
510 | Revision_510/args.c | U | 265 | 271 | 7 | 88330 | 3 | 6 | 83
510 | Revision_510/options.c | U | 577 | 582 | 7 | 88331 | 3 | 7 | 83
510 | Revision_510/asm.c | U | 120 | 128 | 8 | 88332 | 4 | 188 | 71
510 | Revision_510/sql.c | U | 334 | 343 | 8 | 88333 | 4 | 196 | 71
510 | Revision_510/jscript.c | U | 175 | 184 | 8 | 88334 | 4 | 280 | 71
510 | Revision_510/verilog.c | U | 107 | 117 | 8 | 88335 | 4 | 258 | 71
510 | Revision_510/asm.c | U | 244 | 257 | 11 | 88336 | 5 | 191 | 77
510 | Revision_510/asm.c | U | 262 | 272 | 11 | 88337 | 5 | 179 | 77
510 | Revision_510/asm.c | U | 348 | 353 | 6 | 88338 | 6 | 256 | 80
510 | Revision_510/sh.c | U | 89 | 94 | 6 | 88339 | 6 | 257 | 80
510 | Revision_510/asm.c | U | 367 | 386 | 9 | 88340 | 7 | 174 | 70
510 | Revision_510/sql.c | U | 1815 | 1824 | 9 | 88341 | 7 | 197 | 70
510 | Revision_510/perl.c | U | 341 | 349 | 9 | 88342 | 7 | 19 | 70
510 | Revision_510/erlang.c | U | 179 | 187 | 9 | 88343 | 7 | 230 | 70
510 | Revision_510/tcl.c | U | 106 | 114 | 9 | 88344 | 7 | 22 | 70
510 | Revision_510/verilog.c | U | 324 | 333 | 9 | 88345 | 7 | 184 | 70
510 | Revision_510/make.c | U | 199 | 209 | 9 | 88346 | 7 | 26 | 70
510 | Revision_510/lua.c | U | 123 | 131 | 9 | 88347 | 7 | 154 | 70
510 | Revision_510/basic.c | U | 191 | 199 | 9 | 88348 | 7 | 275 | 70
510 | Revision_510/jscript.c | U | 1234 | 1247 | 9 | 88349 | 7 | 281 | 70
510 | Revision_510/asp.c | U | 201 | 209 | 9 | 88350 | 7 | 18 | 70
510 | Revision_510/awk.c | U | 71 | 79 | 9 | 88351 | 7 | 10 | 70
510 | Revision_510/beta.c | U | 310 | 318 | 9 | 88352 | 7 | 15 | 70
510 | Revision_510/ruby.c | U | 389 | 397 | 9 | 88353 | 7 | 16 | 70
510 | Revision_510/lisp.c | U | 127 | 137 | 9 | 88354 | 7 | 11 | 70
510 | Revision_510/scheme.c | U | 99 | 109 | 9 | 88355 | 7 | 17 | 70
510 | Revision_510/sh.c | U | 103 | 113 | 9 | 88356 | 7 | 24 | 70
510 | Revision_510/basic.c | U | 180 | 188 | 9 | 88357 | 7 | 276 | 70
510 | Revision_510/python.c | U | 272 | 280 | 9 | 88358 | 7 | 14 | 70
510 | Revision_510/sml.c | U | 201 | 209 | 9 | 88359 | 7 | 216 | 70
510 | Revision_510/vim.c | U | 626 | 634 | 9 | 88360 | 7 | 20 | 70
510 | Revision_510/basic.c | U | 202 | 210 | 9 | 88361 | 7 | 277 | 70
510 | Revision_510/php.c | U | 73 | 80 | 9 | 88362 | 7 | 366 | 70
510 | Revision_510/cobol.c | U | 40 | 48 | 9 | 88363 | 7 | 213 | 70
510 | Revision_510/pascal.c | U | 256 | 264 | 9 | 88364 | 7 | 13 | 70
510 | Revision_510/html.c | U | 40 | 47 | 9 | 88365 | 7 | 253 | 70
510 | Revision_510/slang.c | U | 34 | 41 | 9 | 88366 | 7 | 27 | 70
510 | Revision_510/yacc.c | U | 31 | 38 | 9 | 88367 | 7 | 28 | 70
510 | Revision_510/rexx.c | U | 30 | 37 | 9 | 88368 | 7 | 25 | 70
510 | Revision_510/keyword.c | U | 107 | 116 | 9 | 88369 | 7 | 29 | 70
510 | Revision_510/sql.c | U | 346 | 355 | 9 | 88370 | 7 | 205 | 70
510 | Revision_510/options.c | U | 624 | 630 | 9 | 88371 | 7 | 30 | 70
510 | Revision_510/options.c | U | 531 | 536 | 9 | 88372 | 7 | 242 | 70
510 | Revision_510/jscript.c | U | 187 | 197 | 9 | 88373 | 7 | 282 | 70
510 | Revision_510/asp.c | U | 71 | 90 | 15 | 88374 | 8 | 31 | 100
510 | Revision_510/asp.c | U | 94 | 113 | 15 | 88375 | 8 | 32 | 100
510 | Revision_510/asp.c | U | 117 | 133 | 14 | 88376 | 9 | 33 | 100
510 | Revision_510/asp.c | U | 137 | 152 | 14 | 88377 | 9 | 34 | 100
510 | Revision_510/asp.c | U | 175 | 190 | 14 | 88378 | 9 | 34 | 100
510 | Revision_510/asp.c | U | 156 | 171 | 14 | 88379 | 9 | 34 | 100
510 | Revision_510/basic.c | U | 118 | 123 | 6 | 88380 | 10 | 278 | 80
510 | Revision_510/basic.c | U | 130 | 135 | 6 | 88381 | 10 | 279 | 80
510 | Revision_510/beta.c | U | 71 | 80 | 10 | 88382 | 11 | 43 | 70
510 | Revision_510/sql.c | U | 369 | 383 | 10 | 88383 | 11 | 198 | 70
510 | Revision_510/jscript.c | U | 211 | 225 | 10 | 88384 | 11 | 283 | 70
510 | Revision_510/sml.c | U | 75 | 81 | 10 | 88385 | 11 | 217 | 70
510 | Revision_510/parse.c | U | 46 | 57 | 10 | 88386 | 11 | 44 | 70
510 | Revision_510/beta.c | U | 134 | 141 | 6 | 88387 | 12 | 45 | 75
510 | Revision_510/beta.c | U | 204 | 212 | 6 | 88388 | 12 | 46 | 75
510 | Revision_510/beta.c | U | 152 | 156 | 5 | 88389 | 13 | 47 | 75
510 | Revision_510/beta.c | U | 271 | 275 | 5 | 88390 | 13 | 48 | 75
510 | Revision_510/beta.c | U | 277 | 281 | 5 | 88391 | 13 | 50 | 75
510 | Revision_510/beta.c | U | 165 | 169 | 5 | 88392 | 13 | 49 | 75
510 | Revision_510/beta.c | U | 158 | 162 | 5 | 88393 | 13 | 51 | 75
510 | Revision_510/erlang.c | U | 58 | 62 | 5 | 88394 | 14 | 231 | 75
510 | Revision_510/options.c | U | 960 | 965 | 5 | 88395 | 14 | 181 | 75
510 | Revision_510/python.c | U | 107 | 111 | 5 | 88396 | 14 | 180 | 75
510 | Revision_510/sml.c | U | 84 | 88 | 5 | 88397 | 14 | 218 | 75
510 | Revision_510/erlang.c | U | 66 | 75 | 9 | 88398 | 15 | 232 | 75
510 | Revision_510/tcl.c | U | 44 | 54 | 9 | 88399 | 15 | 195 | 75
510 | Revision_510/python.c | U | 115 | 124 | 9 | 88400 | 15 | 194 | 75
510 | Revision_510/erlang.c | U | 97 | 105 | 7 | 88401 | 16 | 237 | 71
510 | Revision_510/perl.c | U | 322 | 328 | 7 | 88402 | 16 | 262 | 71
510 | Revision_510/erlang.c | U | 108 | 113 | 7 | 88403 | 16 | 235 | 71
510 | Revision_510/main.c | U | 260 | 267 | 7 | 88404 | 16 | 254 | 71
510 | Revision_510/erlang.c | U | 116 | 121 | 7 | 88405 | 16 | 239 | 71
510 | Revision_510/main.c | U | 179 | 185 | 7 | 88406 | 16 | 255 | 71
510 | Revision_510/get.c | U | 302 | 311 | 10 | 88407 | 17 | 74 | 70
510 | Revision_510/parse.c | U | 587 | 601 | 10 | 88408 | 17 | 76 | 70
510 | Revision_510/read.c | U | 214 | 225 | 10 | 88409 | 17 | 75 | 70
510 | Revision_510/get.c | U | 464 | 475 | 10 | 88410 | 18 | 77 | 100
510 | Revision_510/get.c | U | 481 | 492 | 10 | 88411 | 18 | 79 | 100
510 | Revision_510/get.c | U | 538 | 543 | 6 | 88412 | 19 | 80 | 80
510 | Revision_510/read.c | U | 415 | 419 | 6 | 88413 | 19 | 81 | 80
510 | Revision_510/get.c | U | 591 | 595 | 5 | 88414 | 20 | 364 | 75
510 | Revision_510/vim.c | U | 400 | 408 | 5 | 88415 | 20 | 365 | 75
510 | Revision_510/jscript.c | U | 200 | 204 | 5 | 88416 | 21 | 286 | 75
510 | Revision_510/sql.c | U | 358 | 362 | 5 | 88417 | 21 | 288 | 75
510 | Revision_510/vstring.c | U | 69 | 73 | 5 | 88418 | 21 | 287 | 75
510 | Revision_510/jscript.c | U | 228 | 249 | 15 | 88419 | 22 | 289 | 100
510 | Revision_510/sql.c | U | 386 | 407 | 15 | 88420 | 22 | 290 | 100
510 | Revision_510/jscript.c | U | 252 | 258 | 6 | 88421 | 23 | 286 | 100
510 | Revision_510/jscript.c | U | 261 | 267 | 6 | 88422 | 23 | 291 | 100
510 | Revision_510/jscript.c | U | 274 | 281 | 8 | 88423 | 24 | 291 | 100
510 | Revision_510/sql.c | U | 414 | 421 | 8 | 88424 | 24 | 292 | 100
510 | Revision_510/jscript.c | U | 284 | 298 | 14 | 88425 | 25 | 293 | 100
510 | Revision_510/sql.c | U | 424 | 438 | 14 | 88426 | 25 | 294 | 100
510 | Revision_510/jscript.c | U | 304 | 315 | 12 | 88427 | 26 | 295 | 100
510 | Revision_510/sql.c | U | 443 | 454 | 12 | 88428 | 26 | 296 | 100
510 | Revision_510/jscript.c | U | 318 | 324 | 7 | 88429 | 27 | 297 | 100
510 | Revision_510/sql.c | U | 457 | 463 | 7 | 88430 | 27 | 298 | 100
510 | Revision_510/jscript.c | U | 327 | 416 | 107 | 88431 | 28 | 299 | 72
510 | Revision_510/sql.c | U | 466 | 599 | 107 | 88432 | 28 | 300 | 72
510 | Revision_510/jscript.c | U | 434 | 464 | 18 | 88433 | 29 | 284 | 100
510 | Revision_510/sql.c | U | 653 | 683 | 18 | 88434 | 29 | 285 | 100
510 | Revision_510/jscript.c | U | 467 | 474 | 7 | 88435 | 30 | 301 | 80
510 | Revision_510/sql.c | U | 618 | 625 | 7 | 88436 | 30 | 304 | 80
510 | Revision_510/jscript.c | U | 477 | 484 | 7 | 88437 | 30 | 302 | 80
510 | Revision_510/jscript.c | U | 498 | 508 | 12 | 88438 | 31 | 306 | 71
510 | Revision_510/jscript.c | U | 708 | 715 | 12 | 88439 | 31 | 307 | 71
510 | Revision_510/sql.c | U | 831 | 851 | 12 | 88440 | 31 | 310 | 71
510 | Revision_510/jscript.c | U | 623 | 634 | 12 | 88441 | 31 | 312 | 71
510 | Revision_510/sql.c | U | 1343 | 1350 | 12 | 88442 | 31 | 311 | 71
510 | Revision_510/jscript.c | U | 1032 | 1050 | 12 | 88443 | 31 | 309 | 71
510 | Revision_510/sql.c | U | 1209 | 1215 | 12 | 88444 | 31 | 356 | 71
510 | Revision_510/sql.c | U | 742 | 753 | 12 | 88445 | 31 | 313 | 71
510 | Revision_510/ruby.c | U | 214 | 218 | 12 | 88446 | 31 | 265 | 71
510 | Revision_510/sql.c | U | 1725 | 1753 | 12 | 88447 | 31 | 314 | 71
510 | Revision_510/jscript.c | U | 512 | 547 | 12 | 88448 | 31 | 315 | 71
510 | Revision_510/jscript.c | U | 574 | 600 | 12 | 88449 | 31 | 316 | 71
510 | Revision_510/jscript.c | U | 639 | 688 | 12 | 88450 | 31 | 355 | 71
510 | Revision_510/sql.c | U | 975 | 992 | 12 | 88451 | 31 | 319 | 71
510 | Revision_510/jscript.c | U | 853 | 872 | 12 | 88452 | 31 | 318 | 71
510 | Revision_510/sql.c | U | 1459 | 1485 | 12 | 88453 | 31 | 320 | 71
510 | Revision_510/sql.c | U | 1527 | 1548 | 12 | 88454 | 31 | 321 | 71
510 | Revision_510/sql.c | U | 1551 | 1572 | 12 | 88455 | 31 | 322 | 71
510 | Revision_510/sql.c | U | 1428 | 1456 | 12 | 88456 | 31 | 323 | 71
510 | Revision_510/sql.c | U | 1488 | 1509 | 12 | 88457 | 31 | 324 | 71
510 | Revision_510/sql.c | U | 1575 | 1615 | 12 | 88458 | 31 | 327 | 71
510 | Revision_510/jscript.c | U | 845 | 874 | 12 | 88459 | 31 | 326 | 71
510 | Revision_510/jscript.c | U | 850 | 873 | 12 | 88460 | 31 | 326 | 71
510 | Revision_510/sql.c | U | 1313 | 1352 | 12 | 88461 | 31 | 329 | 71
510 | Revision_510/sql.c | U | 1187 | 1225 | 12 | 88462 | 31 | 328 | 71
510 | Revision_510/jscript.c | U | 602 | 635 | 12 | 88463 | 31 | 330 | 71
510 | Revision_510/sql.c | U | 1228 | 1271 | 12 | 88464 | 31 | 331 | 71
510 | Revision_510/jscript.c | U | 842 | 875 | 12 | 88465 | 31 | 326 | 71
510 | Revision_510/jscript.c | U | 706 | 716 | 9 | 88466 | 32 | 307 | 71
510 | Revision_510/sql.c | U | 1008 | 1031 | 9 | 88467 | 32 | 337 | 71
510 | Revision_510/jscript.c | U | 722 | 728 | 8 | 88468 | 33 | 338 | 75
510 | Revision_510/jscript.c | U | 1019 | 1028 | 8 | 88469 | 33 | 339 | 75
510 | Revision_510/jscript.c | U | 779 | 788 | 5 | 88470 | 34 | 332 | 75
510 | Revision_510/jscript.c | U | 790 | 795 | 5 | 88471 | 34 | 333 | 75
510 | Revision_510/sql.c | U | 1660 | 1664 | 5 | 88472 | 34 | 334 | 75
510 | Revision_510/sql.c | U | 1401 | 1405 | 5 | 88473 | 34 | 335 | 75
510 | Revision_510/jscript.c | U | 861 | 871 | 6 | 88474 | 35 | 336 | 80
510 | Revision_510/options.c | U | 352 | 357 | 6 | 88475 | 35 | 107 | 80
510 | Revision_510/jscript.c | U | 920 | 929 | 6 | 88476 | 36 | 360 | 75
510 | Revision_510/options.c | U | 1680 | 1684 | 6 | 88477 | 36 | 223 | 75
510 | Revision_510/jscript.c | U | 1091 | 1095 | 5 | 88478 | 37 | 342 | 75
510 | Revision_510/sql.c | U | 984 | 991 | 5 | 88479 | 37 | 343 | 75
510 | Revision_510/jscript.c | U | 1100 | 1113 | 5 | 88480 | 37 | 341 | 75
510 | Revision_510/sql.c | U | 900 | 906 | 5 | 88481 | 37 | 344 | 75
510 | Revision_510/sql.c | U | 1447 | 1453 | 5 | 88482 | 37 | 345 | 75
510 | Revision_510/sql.c | U | 1476 | 1482 | 5 | 88483 | 37 | 346 | 75
510 | Revision_510/sql.c | U | 1217 | 1222 | 5 | 88484 | 37 | 347 | 75
510 | Revision_510/jscript.c | U | 1155 | 1174 | 18 | 88485 | 38 | 357 | 70
510 | Revision_510/sql.c | U | 872 | 890 | 18 | 88486 | 38 | 358 | 70
510 | Revision_510/jscript.c | U | 1196 | 1199 | 8 | 88487 | 39 | 361 | 71
510 | Revision_510/Test/local.c | U | 14 | 20 | 8 | 88488 | 39 | 362 | 71
510 | Revision_510/jscript.c | U | 1209 | 1213 | 5 | 88489 | 40 | 348 | 75
510 | Revision_510/sql.c | U | 1797 | 1801 | 5 | 88490 | 40 | 274 | 75
510 | Revision_510/make.c | U | 185 | 189 | 5 | 88491 | 40 | 273 | 75
510 | Revision_510/keyword.c | U | 185 | 189 | 5 | 88492 | 41 | 85 | 75
510 | Revision_510/options.c | U | 1039 | 1043 | 5 | 88493 | 41 | 86 | 75
510 | Revision_510/readtags.c | U | 455 | 459 | 5 | 88494 | 41 | 87 | 75
510 | Revision_510/lisp.c | U | 91 | 97 | 7 | 88495 | 42 | 89 | 83
510 | Revision_510/lisp.c | U | 112 | 118 | 7 | 88496 | 42 | 90 | 83
510 | Revision_510/main.c | U | 126 | 139 | 6 | 88497 | 43 | 243 | 80
510 | Revision_510/options.c | U | 397 | 402 | 6 | 88498 | 43 | 244 | 80
510 | Revision_510/make.c | U | 44 | 48 | 5 | 88499 | 44 | 267 | 75
510 | Revision_510/verilog.c | U | 281 | 285 | 5 | 88500 | 44 | 268 | 75
510 | Revision_510/make.c | U | 77 | 87 | 11 | 88501 | 45 | 269 | 77
510 | Revision_510/verilog.c | U | 205 | 218 | 11 | 88502 | 45 | 270 | 77
510 | Revision_510/make.c | U | 97 | 105 | 8 | 88503 | 46 | 271 | 75
510 | Revision_510/verilog.c | U | 193 | 199 | 8 | 88504 | 46 | 272 | 75
510 | Revision_510/options.c | U | 369 | 375 | 6 | 88505 | 47 | 107 | 100
510 | Revision_510/options.c | U | 378 | 384 | 6 | 88506 | 47 | 108 | 100
510 | Revision_510/options.c | U | 541 | 547 | 7 | 88507 | 48 | 112 | 100
510 | Revision_510/options.c | U | 550 | 556 | 7 | 88508 | 48 | 115 | 100
510 | Revision_510/options.c | U | 568 | 574 | 7 | 88509 | 48 | 114 | 100
510 | Revision_510/options.c | U | 559 | 565 | 7 | 88510 | 48 | 113 | 100
510 | Revision_510/options.c | U | 672 | 676 | 5 | 88511 | 49 | 116 | 75
510 | Revision_510/options.c | U | 1218 | 1222 | 5 | 88512 | 49 | 117 | 75
510 | Revision_510/options.c | U | 979 | 983 | 5 | 88513 | 50 | 118 | 75
510 | Revision_510/options.c | U | 1005 | 1009 | 5 | 88514 | 50 | 119 | 75
510 | Revision_510/options.c | U | 1099 | 1103 | 5 | 88515 | 51 | 120 | 100
510 | Revision_510/options.c | U | 1105 | 1109 | 5 | 88516 | 51 | 120 | 100
510 | Revision_510/options.c | U | 1151 | 1163 | 12 | 88517 | 52 | 245 | 100
510 | Revision_510/options.c | U | 1168 | 1180 | 12 | 88518 | 52 | 123 | 100
510 | Revision_510/options.c | U | 1422 | 1439 | 15 | 88519 | 53 | 124 | 91
510 | Revision_510/options.c | U | 1460 | 1477 | 15 | 88520 | 53 | 125 | 91
510 | Revision_510/parse.c | U | 99 | 109 | 11 | 88521 | 54 | 126 | 88
510 | Revision_510/parse.c | U | 112 | 123 | 11 | 88522 | 54 | 127 | 88
510 | Revision_510/parse.c | U | 300 | 304 | 5 | 88523 | 55 | 246 | 75
510 | Revision_510/parse.c | U | 576 | 580 | 5 | 88524 | 55 | 247 | 75
510 | Revision_510/parse.c | U | 557 | 561 | 5 | 88525 | 55 | 248 | 75
510 | Revision_510/pascal.c | U | 134 | 138 | 5 | 88526 | 56 | 128 | 75
510 | Revision_510/perl.c | U | 185 | 189 | 5 | 88527 | 56 | 129 | 75
510 | Revision_510/pascal.c | U | 150 | 154 | 6 | 88528 | 57 | 212 | 75
510 | Revision_510/pascal.c | U | 184 | 190 | 6 | 88529 | 57 | 131 | 75
510 | Revision_510/pascal.c | U | 176 | 182 | 6 | 88530 | 57 | 130 | 75
510 | Revision_510/perl.c | U | 206 | 212 | 7 | 88531 | 58 | 262 | 83
510 | Revision_510/perl.c | U | 252 | 257 | 7 | 88532 | 58 | 367 | 83
510 | Revision_510/python.c | U | 201 | 210 | 9 | 88533 | 59 | 219 | 71
510 | Revision_510/sml.c | U | 165 | 174 | 9 | 88534 | 59 | 220 | 71
510 | Revision_510/readtags.c | U | 106 | 113 | 8 | 88535 | 60 | 149 | 83
510 | Revision_510/routines.c | U | 293 | 300 | 8 | 88536 | 60 | 155 | 83
510 | Revision_510/routines.c | U | 283 | 290 | 8 | 88537 | 60 | 156 | 83
510 | Revision_510/readtags.c | U | 116 | 123 | 8 | 88538 | 60 | 134 | 83
510 | Revision_510/readtags.c | U | 144 | 148 | 5 | 88539 | 61 | 110 | 75
510 | Revision_510/vstring.c | U | 35 | 40 | 5 | 88540 | 61 | 111 | 75
510 | Revision_510/readtags.c | U | 503 | 507 | 5 | 88541 | 62 | 87 | 75
510 | Revision_510/readtags.c | U | 680 | 684 | 5 | 88542 | 62 | 88 | 75
510 | Revision_510/readtags.c | U | 542 | 548 | 6 | 88543 | 63 | 150 | 100
510 | Revision_510/readtags.c | U | 550 | 556 | 6 | 88544 | 63 | 151 | 100
510 | Revision_510/readtags.c | U | 585 | 589 | 6 | 88545 | 64 | 134 | 75
510 | Revision_510/readtags.c | U | 640 | 646 | 6 | 88546 | 64 | 135 | 75
510 | Revision_510/readtags.c | U | 717 | 725 | 8 | 88547 | 65 | 136 | 83
510 | Revision_510/readtags.c | U | 772 | 780 | 8 | 88548 | 65 | 139 | 83
510 | Revision_510/readtags.c | U | 728 | 736 | 8 | 88549 | 65 | 139 | 83
510 | Revision_510/readtags.c | U | 739 | 744 | 6 | 88550 | 66 | 152 | 80
510 | Revision_510/readtags.c | U | 756 | 761 | 6 | 88551 | 66 | 153 | 80
510 | Revision_510/readtags.c | U | 764 | 769 | 6 | 88552 | 66 | 187 | 80
510 | Revision_510/routines.c | U | 232 | 239 | 6 | 88553 | 67 | 157 | 80
510 | Revision_510/routines.c | U | 242 | 249 | 6 | 88554 | 67 | 158 | 80
510 | Revision_510/routines.c | U | 317 | 321 | 5 | 88555 | 68 | 159 | 75
510 | Revision_510/vstring.c | U | 125 | 129 | 5 | 88556 | 68 | 94 | 75
510 | Revision_510/vstring.c | U | 118 | 122 | 5 | 88557 | 68 | 95 | 75
510 | Revision_510/routines.c | U | 324 | 330 | 6 | 88558 | 69 | 160 | 100
510 | Revision_510/routines.c | U | 333 | 339 | 6 | 88559 | 69 | 161 | 100
510 | Revision_510/routines.c | U | 344 | 351 | 8 | 88560 | 70 | 162 | 100
510 | Revision_510/routines.c | U | 356 | 363 | 8 | 88561 | 70 | 163 | 100
510 | Revision_510/scheme.c | U | 70 | 78 | 8 | 88562 | 71 | 140 | 71
510 | Revision_510/scheme.c | U | 85 | 93 | 8 | 88563 | 71 | 141 | 71
510 | Revision_510/sort.c | U | 118 | 123 | 5 | 88564 | 72 | 182 | 100
510 | Revision_510/sort.c | U | 126 | 131 | 5 | 88565 | 72 | 183 | 100
510 | Revision_510/sql.c | U | 517 | 521 | 5 | 88566 | 73 | 206 | 75
510 | Revision_510/strlist.c | U | 150 | 154 | 5 | 88567 | 73 | 62 | 75
510 | Revision_510/sql.c | U | 771 | 781 | 8 | 88568 | 74 | 359 | 71
510 | Revision_510/sql.c | U | 1410 | 1419 | 8 | 88569 | 74 | 350 | 71
510 | Revision_510/sql.c | U | 1274 | 1310 | 24 | 88570 | 75 | 351 | 78
510 | Revision_510/sql.c | U | 1679 | 1722 | 24 | 88571 | 75 | 352 | 78
510 | Revision_510/sql.c | U | 1643 | 1668 | 17 | 88572 | 76 | 353 | 84
510 | Revision_510/sql.c | U | 1692 | 1716 | 17 | 88573 | 76 | 354 | 84
510 | Revision_510/strlist.c | U | 32 | 38 | 8 | 88574 | 77 | 142 | 71
510 | Revision_510/vstring.c | U | 77 | 87 | 8 | 88575 | 77 | 143 | 71
510 | Revision_510/strlist.c | U | 191 | 196 | 7 | 88576 | 78 | 146 | 83
510 | Revision_510/strlist.c | U | 200 | 206 | 7 | 88577 | 78 | 264 | 83
510 | Revision_510/verilog.c | U | 141 | 145 | 5 | 88578 | 79 | 259 | 75
510 | Revision_510/verilog.c | U | 244 | 248 | 5 | 88579 | 79 | 260 | 75
510 | Revision_510/vim.c | U | 97 | 101 | 5 | 88580 | 80 | 192 | 100
510 | Revision_510/vim.c | U | 103 | 107 | 5 | 88581 | 80 | 193 | 100
510 | Revision_510/vim.c | U | 244 | 267 | 17 | 88582 | 81 | 224 | 76
510 | Revision_510/vim.c | U | 294 | 312 | 17 | 88583 | 81 | 147 | 76
