Revision | filePath | changeType | StartLine | EndLine | Nlines | cloneId | classId | globalCloneId | Similarity
515 | Revision_515/lisp.c | U | 91 | 97 | 7 | 148644 | 1 | 1 | 83
515 | Revision_515/lisp.c | U | 112 | 118 | 7 | 148645 | 1 | 2 | 83
515 | Revision_515/lisp.c | U | 127 | 137 | 9 | 148646 | 2 | 3 | 70
515 | Revision_515/python.c | U | 272 | 280 | 9 | 148647 | 2 | 13 | 70
515 | Revision_515/fortran.c | U | 2203 | 2218 | 9 | 148648 | 2 | 21 | 70
515 | Revision_515/asp.c | U | 201 | 209 | 9 | 148649 | 2 | 4 | 70
515 | Revision_515/sql.c | U | 1815 | 1824 | 9 | 148650 | 2 | 296 | 70
515 | Revision_515/basic.c | U | 180 | 188 | 9 | 148651 | 2 | 408 | 70
515 | Revision_515/basic.c | U | 191 | 199 | 9 | 148652 | 2 | 409 | 70
515 | Revision_515/basic.c | U | 202 | 210 | 9 | 148653 | 2 | 410 | 70
515 | Revision_515/pascal.c | U | 256 | 264 | 9 | 148654 | 2 | 14 | 70
515 | Revision_515/vim.c | U | 626 | 634 | 9 | 148655 | 2 | 20 | 70
515 | Revision_515/eiffel.c | U | 1246 | 1255 | 9 | 148656 | 2 | 9 | 70
515 | Revision_515/erlang.c | U | 179 | 187 | 9 | 148657 | 2 | 340 | 70
515 | Revision_515/beta.c | U | 310 | 318 | 9 | 148658 | 2 | 5 | 70
515 | Revision_515/perl.c | U | 341 | 349 | 9 | 148659 | 2 | 7 | 70
515 | Revision_515/sh.c | U | 103 | 113 | 9 | 148660 | 2 | 17 | 70
515 | Revision_515/awk.c | U | 71 | 79 | 9 | 148661 | 2 | 10 | 70
515 | Revision_515/lua.c | U | 123 | 131 | 9 | 148662 | 2 | 243 | 70
515 | Revision_515/tcl.c | U | 106 | 114 | 9 | 148663 | 2 | 18 | 70
515 | Revision_515/c.c | M | 2841 | 2850 | 9 | 148664 | 2 | 12 | 70
515 | Revision_515/sml.c | U | 201 | 209 | 9 | 148665 | 2 | 321 | 70
515 | Revision_515/scheme.c | U | 99 | 109 | 9 | 148666 | 2 | 16 | 70
515 | Revision_515/php.c | U | 73 | 80 | 9 | 148667 | 2 | 501 | 70
515 | Revision_515/cobol.c | U | 40 | 48 | 9 | 148668 | 2 | 320 | 70
515 | Revision_515/c.c | M | 2829 | 2838 | 9 | 148669 | 2 | 15 | 70
515 | Revision_515/c.c | M | 2817 | 2826 | 9 | 148670 | 2 | 315 | 70
515 | Revision_515/c.c | U | 2799 | 2814 | 9 | 148671 | 2 | 8 | 70
515 | Revision_515/c.c | M | 2787 | 2796 | 9 | 148672 | 2 | 330 | 70
515 | Revision_515/verilog.c | U | 324 | 333 | 9 | 148673 | 2 | 283 | 70
515 | Revision_515/ruby.c | U | 389 | 397 | 9 | 148674 | 2 | 19 | 70
515 | Revision_515/make.c | U | 199 | 209 | 9 | 148675 | 2 | 25 | 70
515 | Revision_515/html.c | U | 40 | 47 | 9 | 148676 | 2 | 365 | 70
515 | Revision_515/asm.c | U | 367 | 386 | 9 | 148677 | 2 | 274 | 70
515 | Revision_515/jscript.c | U | 1234 | 1247 | 9 | 148678 | 2 | 413 | 70
515 | Revision_515/slang.c | U | 34 | 41 | 9 | 148679 | 2 | 24 | 70
515 | Revision_515/yacc.c | U | 31 | 38 | 9 | 148680 | 2 | 23 | 70
515 | Revision_515/rexx.c | U | 30 | 37 | 9 | 148681 | 2 | 26 | 70
515 | Revision_515/keyword.c | U | 107 | 116 | 9 | 148682 | 2 | 27 | 70
515 | Revision_515/fortran.c | U | 413 | 425 | 9 | 148683 | 2 | 158 | 70
515 | Revision_515/options.c | U | 531 | 536 | 9 | 148684 | 2 | 29 | 70
515 | Revision_515/sql.c | U | 346 | 355 | 9 | 148685 | 2 | 309 | 70
515 | Revision_515/options.c | U | 624 | 630 | 9 | 148686 | 2 | 30 | 70
515 | Revision_515/c.c | M | 2174 | 2179 | 9 | 148687 | 2 | 28 | 70
515 | Revision_515/eiffel.c | U | 1200 | 1212 | 9 | 148688 | 2 | 157 | 70
515 | Revision_515/jscript.c | U | 187 | 197 | 9 | 148689 | 2 | 414 | 70
515 | Revision_515/c.c | U | 482 | 488 | 9 | 148690 | 2 | 53 | 70
515 | Revision_515/c.c | M | 2203 | 2211 | 9 | 148691 | 2 | 31 | 70
515 | Revision_515/asp.c | U | 71 | 90 | 15 | 148692 | 3 | 33 | 100
515 | Revision_515/asp.c | U | 94 | 113 | 15 | 148693 | 3 | 34 | 100
515 | Revision_515/asp.c | U | 117 | 133 | 14 | 148694 | 4 | 35 | 100
515 | Revision_515/asp.c | U | 137 | 152 | 14 | 148695 | 4 | 36 | 100
515 | Revision_515/asp.c | U | 175 | 190 | 14 | 148696 | 4 | 36 | 100
515 | Revision_515/asp.c | U | 156 | 171 | 14 | 148697 | 4 | 36 | 100
515 | Revision_515/args.c | U | 85 | 92 | 8 | 148698 | 5 | 43 | 100
515 | Revision_515/args.c | U | 160 | 167 | 8 | 148699 | 5 | 44 | 100
515 | Revision_515/args.c | U | 182 | 190 | 9 | 148700 | 6 | 45 | 75
515 | Revision_515/args.c | U | 203 | 211 | 9 | 148701 | 6 | 46 | 75
515 | Revision_515/args.c | U | 193 | 200 | 9 | 148702 | 6 | 47 | 75
515 | Revision_515/args.c | U | 266 | 272 | 6 | 148703 | 7 | 48 | 80
515 | Revision_515/options.c | U | 577 | 582 | 6 | 148704 | 7 | 49 | 80
515 | Revision_515/fortran.c | U | 908 | 913 | 6 | 148705 | 7 | 50 | 80
515 | Revision_515/c.c | U | 534 | 540 | 6 | 148706 | 8 | 51 | 75
515 | Revision_515/sql.c | U | 358 | 362 | 6 | 148707 | 8 | 416 | 75
515 | Revision_515/jscript.c | U | 200 | 204 | 6 | 148708 | 8 | 415 | 75
515 | Revision_515/vstring.c | U | 67 | 74 | 6 | 148709 | 8 | 52 | 75
515 | Revision_515/eiffel.c | U | 1215 | 1221 | 6 | 148710 | 8 | 362 | 75
515 | Revision_515/fortran.c | U | 439 | 444 | 6 | 148711 | 8 | 363 | 75
515 | Revision_515/vstring.c | U | 69 | 73 | 6 | 148712 | 8 | 52 | 75
515 | Revision_515/c.c | U | 543 | 550 | 6 | 148713 | 9 | 53 | 80
515 | Revision_515/c.c | U | 553 | 560 | 6 | 148714 | 9 | 54 | 80
515 | Revision_515/c.c | U | 662 | 678 | 18 | 148715 | 10 | 55 | 70
515 | Revision_515/c.c | U | 681 | 696 | 18 | 148716 | 10 | 60 | 70
515 | Revision_515/c.c | U | 1161 | 1179 | 18 | 148717 | 10 | 57 | 70
515 | Revision_515/fortran.c | U | 1874 | 1890 | 18 | 148718 | 10 | 59 | 70
515 | Revision_515/fortran.c | U | 1138 | 1153 | 18 | 148719 | 10 | 375 | 70
515 | Revision_515/c.c | U | 1238 | 1252 | 18 | 148720 | 10 | 56 | 70
515 | Revision_515/fortran.c | U | 1115 | 1135 | 18 | 148721 | 10 | 58 | 70
515 | Revision_515/jscript.c | U | 1155 | 1174 | 18 | 148722 | 10 | 463 | 70
515 | Revision_515/Test/local.c | U | 9 | 22 | 18 | 148723 | 10 | 384 | 70
515 | Revision_515/c.c | U | 1164 | 1177 | 18 | 148724 | 10 | 63 | 70
515 | Revision_515/fortran.c | U | 1118 | 1133 | 18 | 148725 | 10 | 58 | 70
515 | Revision_515/fortran.c | U | 1791 | 1819 | 18 | 148726 | 10 | 366 | 70
515 | Revision_515/sql.c | U | 872 | 890 | 18 | 148727 | 10 | 308 | 70
515 | Revision_515/eiffel.c | U | 1190 | 1195 | 18 | 148728 | 10 | 362 | 70
515 | Revision_515/eiffel.c | U | 905 | 945 | 18 | 148729 | 10 | 248 | 70
515 | Revision_515/eiffel.c | U | 1111 | 1135 | 18 | 148730 | 10 | 307 | 70
515 | Revision_515/fortran.c | U | 1877 | 1888 | 18 | 148731 | 10 | 65 | 70
515 | Revision_515/fortran.c | U | 1591 | 1628 | 18 | 148732 | 10 | 367 | 70
515 | Revision_515/sql.c | U | 868 | 892 | 18 | 148733 | 10 | 308 | 70
515 | Revision_515/eiffel.c | U | 1184 | 1196 | 18 | 148734 | 10 | 157 | 70
515 | Revision_515/c.c | U | 684 | 694 | 13 | 148735 | 11 | 57 | 75
515 | Revision_515/c.c | U | 1240 | 1251 | 13 | 148736 | 11 | 64 | 75
515 | Revision_515/c.c | U | 714 | 734 | 20 | 148737 | 12 | 72 | 72
515 | Revision_515/fortran.c | U | 1305 | 1315 | 20 | 148738 | 12 | 337 | 72
515 | Revision_515/c.c | U | 744 | 750 | 8 | 148739 | 13 | 74 | 71
515 | Revision_515/options.c | U | 470 | 477 | 8 | 148740 | 13 | 75 | 71
515 | Revision_515/c.c | U | 785 | 789 | 8 | 148741 | 14 | 76 | 71
515 | Revision_515/sql.c | U | 984 | 991 | 8 | 148742 | 14 | 418 | 71
515 | Revision_515/c.c | M | 2098 | 2102 | 8 | 148743 | 14 | 80 | 71
515 | Revision_515/eiffel.c | U | 674 | 678 | 8 | 148744 | 14 | 249 | 71
515 | Revision_515/fortran.c | U | 1919 | 1923 | 8 | 148745 | 14 | 79 | 71
515 | Revision_515/jscript.c | U | 1091 | 1095 | 8 | 148746 | 14 | 417 | 71
515 | Revision_515/sql.c | U | 900 | 906 | 8 | 148747 | 14 | 419 | 71
515 | Revision_515/sql.c | U | 1447 | 1453 | 8 | 148748 | 14 | 420 | 71
515 | Revision_515/sql.c | U | 1476 | 1482 | 8 | 148749 | 14 | 421 | 71
515 | Revision_515/readtags.c | U | 144 | 148 | 8 | 148750 | 14 | 87 | 71
515 | Revision_515/eiffel.c | U | 661 | 665 | 8 | 148751 | 14 | 250 | 71
515 | Revision_515/sql.c | U | 517 | 521 | 8 | 148752 | 14 | 300 | 71
515 | Revision_515/eiffel.c | U | 961 | 965 | 8 | 148753 | 14 | 269 | 71
515 | Revision_515/jscript.c | U | 1075 | 1096 | 8 | 148754 | 14 | 494 | 71
515 | Revision_515/eiffel.c | U | 1012 | 1016 | 8 | 148755 | 14 | 269 | 71
515 | Revision_515/fortran.c | U | 1346 | 1350 | 8 | 148756 | 14 | 85 | 71
515 | Revision_515/jscript.c | U | 1100 | 1113 | 8 | 148757 | 14 | 464 | 71
515 | Revision_515/eiffel.c | U | 874 | 878 | 8 | 148758 | 14 | 269 | 71
515 | Revision_515/sql.c | U | 1217 | 1222 | 8 | 148759 | 14 | 422 | 71
515 | Revision_515/eiffel.c | U | 849 | 854 | 8 | 148760 | 14 | 151 | 71
515 | Revision_515/vstring.c | U | 35 | 40 | 8 | 148761 | 14 | 98 | 71
515 | Revision_515/c.c | M | 1760 | 1764 | 8 | 148762 | 14 | 121 | 71
515 | Revision_515/c.c | M | 1769 | 1773 | 8 | 148763 | 14 | 331 | 71
515 | Revision_515/fortran.c | U | 1727 | 1731 | 8 | 148764 | 14 | 373 | 71
515 | Revision_515/c.c | M | 2164 | 2171 | 8 | 148765 | 14 | 244 | 71
515 | Revision_515/c.c | M | 2145 | 2149 | 8 | 148766 | 14 | 125 | 71
515 | Revision_515/strlist.c | U | 150 | 154 | 8 | 148767 | 14 | 126 | 71
515 | Revision_515/readtags.c | U | 455 | 459 | 8 | 148768 | 14 | 90 | 71
515 | Revision_515/keyword.c | U | 185 | 189 | 8 | 148769 | 14 | 91 | 71
515 | Revision_515/options.c | U | 1039 | 1043 | 8 | 148770 | 14 | 89 | 71
515 | Revision_515/sql.c | U | 742 | 753 | 8 | 148771 | 14 | 424 | 71
515 | Revision_515/fortran.c | U | 1555 | 1560 | 8 | 148772 | 14 | 79 | 71
515 | Revision_515/sql.c | U | 1209 | 1215 | 8 | 148773 | 14 | 492 | 71
515 | Revision_515/ruby.c | U | 214 | 218 | 8 | 148774 | 14 | 392 | 71
515 | Revision_515/fortran.c | U | 1343 | 1351 | 8 | 148775 | 14 | 84 | 71
515 | Revision_515/jscript.c | U | 623 | 634 | 8 | 148776 | 14 | 426 | 71
515 | Revision_515/fortran.c | U | 1214 | 1218 | 8 | 148777 | 14 | 85 | 71
515 | Revision_515/sql.c | U | 831 | 851 | 8 | 148778 | 14 | 423 | 71
515 | Revision_515/c.c | M | 2705 | 2710 | 8 | 148779 | 14 | 94 | 71
515 | Revision_515/fortran.c | U | 589 | 593 | 8 | 148780 | 14 | 95 | 71
515 | Revision_515/eiffel.c | U | 1031 | 1035 | 8 | 148781 | 14 | 151 | 71
515 | Revision_515/fortran.c | U | 1548 | 1553 | 8 | 148782 | 14 | 79 | 71
515 | Revision_515/options.c | U | 672 | 676 | 8 | 148783 | 14 | 127 | 71
515 | Revision_515/fortran.c | U | 1011 | 1015 | 8 | 148784 | 14 | 128 | 71
515 | Revision_515/jscript.c | U | 708 | 715 | 8 | 148785 | 14 | 427 | 71
515 | Revision_515/eiffel.c | U | 1067 | 1076 | 8 | 148786 | 14 | 101 | 71
515 | Revision_515/options.c | U | 1218 | 1222 | 8 | 148787 | 14 | 129 | 71
515 | Revision_515/jscript.c | U | 498 | 508 | 8 | 148788 | 14 | 428 | 71
515 | Revision_515/sql.c | U | 1343 | 1350 | 8 | 148789 | 14 | 430 | 71
515 | Revision_515/jscript.c | U | 1032 | 1050 | 8 | 148790 | 14 | 429 | 71
515 | Revision_515/sql.c | U | 1725 | 1753 | 8 | 148791 | 14 | 431 | 71
515 | Revision_515/fortran.c | U | 1421 | 1429 | 8 | 148792 | 14 | 59 | 71
515 | Revision_515/jscript.c | U | 512 | 547 | 8 | 148793 | 14 | 432 | 71
515 | Revision_515/jscript.c | U | 574 | 600 | 8 | 148794 | 14 | 433 | 71
515 | Revision_515/fortran.c | U | 1716 | 1725 | 8 | 148795 | 14 | 221 | 71
515 | Revision_515/jscript.c | U | 706 | 716 | 8 | 148796 | 14 | 427 | 71
515 | Revision_515/sql.c | U | 1008 | 1031 | 8 | 148797 | 14 | 437 | 71
515 | Revision_515/sql.c | U | 975 | 992 | 8 | 148798 | 14 | 435 | 71
515 | Revision_515/sql.c | U | 1170 | 1183 | 8 | 148799 | 14 | 436 | 71
515 | Revision_515/jscript.c | U | 639 | 688 | 8 | 148800 | 14 | 491 | 71
515 | Revision_515/jscript.c | U | 853 | 872 | 8 | 148801 | 14 | 438 | 71
515 | Revision_515/fortran.c | U | 1540 | 1546 | 8 | 148802 | 14 | 65 | 71
515 | Revision_515/fortran.c | U | 1087 | 1093 | 8 | 148803 | 14 | 350 | 71
515 | Revision_515/fortran.c | U | 1761 | 1767 | 8 | 148804 | 14 | 314 | 71
515 | Revision_515/sql.c | U | 1459 | 1485 | 8 | 148805 | 14 | 439 | 71
515 | Revision_515/sql.c | U | 1428 | 1456 | 8 | 148806 | 14 | 441 | 71
515 | Revision_515/sql.c | U | 1488 | 1509 | 8 | 148807 | 14 | 440 | 71
515 | Revision_515/sql.c | U | 1551 | 1572 | 8 | 148808 | 14 | 442 | 71
515 | Revision_515/sql.c | U | 1527 | 1548 | 8 | 148809 | 14 | 443 | 71
515 | Revision_515/sql.c | U | 1575 | 1615 | 8 | 148810 | 14 | 445 | 71
515 | Revision_515/jscript.c | U | 845 | 874 | 8 | 148811 | 14 | 438 | 71
515 | Revision_515/jscript.c | U | 850 | 873 | 8 | 148812 | 14 | 438 | 71
515 | Revision_515/sql.c | U | 1187 | 1225 | 8 | 148813 | 14 | 447 | 71
515 | Revision_515/sql.c | U | 1313 | 1352 | 8 | 148814 | 14 | 448 | 71
515 | Revision_515/jscript.c | U | 602 | 635 | 8 | 148815 | 14 | 446 | 71
515 | Revision_515/jscript.c | U | 842 | 875 | 8 | 148816 | 14 | 438 | 71
515 | Revision_515/sql.c | U | 1228 | 1271 | 8 | 148817 | 14 | 449 | 71
515 | Revision_515/c.c | U | 795 | 816 | 46 | 148818 | 15 | 103 | 80
515 | Revision_515/c.c | U | 858 | 878 | 46 | 148819 | 15 | 316 | 80
515 | Revision_515/c.c | U | 925 | 944 | 46 | 148820 | 15 | 103 | 80
515 | Revision_515/c.c | U | 819 | 839 | 46 | 148821 | 15 | 332 | 80
515 | Revision_515/c.c | U | 881 | 892 | 12 | 148822 | 16 | 317 | 90
515 | Revision_515/c.c | U | 895 | 906 | 12 | 148823 | 16 | 318 | 90
515 | Revision_515/c.c | U | 1046 | 1051 | 6 | 148824 | 17 | 407 | 80
515 | Revision_515/jscript.c | U | 1012 | 1017 | 6 | 148825 | 17 | 417 | 80
515 | Revision_515/c.c | U | 1301 | 1307 | 7 | 148826 | 18 | 385 | 71
515 | Revision_515/make.c | U | 63 | 69 | 7 | 148827 | 18 | 394 | 71
515 | Revision_515/fortran.c | U | 501 | 509 | 7 | 148828 | 18 | 112 | 71
515 | Revision_515/make.c | U | 53 | 60 | 7 | 148829 | 18 | 395 | 71
515 | Revision_515/c.c | U | 1374 | 1381 | 7 | 148830 | 19 | 108 | 80
515 | Revision_515/c.c | U | 1383 | 1390 | 7 | 148831 | 19 | 109 | 80
515 | Revision_515/c.c | U | 1404 | 1411 | 7 | 148832 | 20 | 110 | 71
515 | Revision_515/c.c | U | 1414 | 1421 | 7 | 148833 | 20 | 111 | 71
515 | Revision_515/fortran.c | U | 628 | 634 | 7 | 148834 | 20 | 112 | 71
515 | Revision_515/c.c | M | 2136 | 2143 | 7 | 148835 | 20 | 405 | 71
515 | Revision_515/jscript.c | U | 381 | 388 | 7 | 148836 | 20 | 450 | 71
515 | Revision_515/sql.c | U | 558 | 565 | 7 | 148837 | 20 | 406 | 71
515 | Revision_515/c.c | U | 1452 | 1457 | 6 | 148838 | 21 | 386 | 80
515 | Revision_515/c.c | M | 1780 | 1785 | 6 | 148839 | 21 | 80 | 80
515 | Revision_515/c.c | U | 1470 | 1479 | 9 | 148840 | 22 | 294 | 71
515 | Revision_515/eiffel.c | U | 557 | 565 | 9 | 148841 | 22 | 295 | 71
515 | Revision_515/c.c | U | 1473 | 1477 | 5 | 148842 | 23 | 294 | 75
515 | Revision_515/readtags.c | U | 503 | 507 | 5 | 148843 | 23 | 90 | 75
515 | Revision_515/readtags.c | U | 680 | 684 | 5 | 148844 | 23 | 99 | 75
515 | Revision_515/c.c | U | 1487 | 1500 | 10 | 148845 | 24 | 396 | 75
515 | Revision_515/make.c | U | 77 | 87 | 10 | 148846 | 24 | 397 | 75
515 | Revision_515/verilog.c | U | 205 | 218 | 10 | 148847 | 24 | 398 | 75
515 | Revision_515/fortran.c | U | 857 | 868 | 10 | 148848 | 24 | 116 | 75
515 | Revision_515/sql.c | U | 443 | 454 | 10 | 148849 | 24 | 306 | 75
515 | Revision_515/eiffel.c | U | 573 | 585 | 10 | 148850 | 24 | 114 | 75
515 | Revision_515/jscript.c | U | 304 | 315 | 10 | 148851 | 24 | 451 | 75
515 | Revision_515/eiffel.c | U | 588 | 600 | 10 | 148852 | 24 | 117 | 75
515 | Revision_515/c.c | M | 1604 | 1610 | 8 | 148853 | 25 | 452 | 75
515 | Revision_515/jscript.c | U | 419 | 427 | 8 | 148854 | 25 | 453 | 75
515 | Revision_515/c.c | M | 1824 | 1828 | 5 | 148855 | 26 | 118 | 75
515 | Revision_515/eiffel.c | U | 420 | 424 | 5 | 148856 | 26 | 119 | 75
515 | Revision_515/fortran.c | U | 812 | 816 | 5 | 148857 | 26 | 120 | 75
515 | Revision_515/c.c | M | 1970 | 1974 | 5 | 148858 | 27 | 121 | 75
515 | Revision_515/fortran.c | U | 731 | 735 | 5 | 148859 | 27 | 144 | 75
515 | Revision_515/fortran.c | U | 622 | 626 | 5 | 148860 | 27 | 112 | 75
515 | Revision_515/get.c | U | 591 | 595 | 5 | 148861 | 27 | 122 | 75
515 | Revision_515/perl.c | U | 185 | 189 | 5 | 148862 | 27 | 163 | 75
515 | Revision_515/pascal.c | U | 134 | 138 | 5 | 148863 | 27 | 164 | 75
515 | Revision_515/vim.c | U | 400 | 408 | 5 | 148864 | 27 | 500 | 75
515 | Revision_515/c.c | M | 2124 | 2131 | 9 | 148865 | 28 | 28 | 71
515 | Revision_515/eiffel.c | U | 1064 | 1077 | 9 | 148866 | 28 | 156 | 71
515 | Revision_515/c.c | M | 2422 | 2429 | 5 | 148867 | 29 | 94 | 75
515 | Revision_515/sql.c | U | 1401 | 1405 | 5 | 148868 | 29 | 454 | 75
515 | Revision_515/sql.c | U | 1660 | 1664 | 5 | 148869 | 29 | 455 | 75
515 | Revision_515/jscript.c | U | 779 | 788 | 5 | 148870 | 29 | 456 | 75
515 | Revision_515/jscript.c | U | 790 | 795 | 5 | 148871 | 29 | 457 | 75
515 | Revision_515/c.c | M | 2435 | 2439 | 5 | 148872 | 30 | 387 | 100
515 | Revision_515/c.c | M | 2442 | 2446 | 5 | 148873 | 30 | 94 | 100
515 | Revision_515/c.c | M | 2661 | 2666 | 6 | 148874 | 31 | 94 | 80
515 | Revision_515/sql.c | U | 995 | 1000 | 6 | 148875 | 31 | 301 | 80
515 | Revision_515/c.c | M | 2745 | 2754 | 9 | 148876 | 32 | 130 | 71
515 | Revision_515/asm.c | U | 120 | 128 | 9 | 148877 | 32 | 288 | 71
515 | Revision_515/sql.c | U | 334 | 343 | 9 | 148878 | 32 | 302 | 71
515 | Revision_515/verilog.c | U | 107 | 117 | 9 | 148879 | 32 | 381 | 71
515 | Revision_515/eiffel.c | U | 216 | 225 | 9 | 148880 | 32 | 131 | 71
515 | Revision_515/fortran.c | U | 397 | 406 | 9 | 148881 | 32 | 132 | 71
515 | Revision_515/jscript.c | U | 175 | 184 | 9 | 148882 | 32 | 458 | 71
515 | Revision_515/eiffel.c | U | 288 | 302 | 10 | 148883 | 33 | 133 | 71
515 | Revision_515/sql.c | U | 369 | 383 | 10 | 148884 | 33 | 303 | 71
515 | Revision_515/jscript.c | U | 211 | 225 | 10 | 148885 | 33 | 459 | 71
515 | Revision_515/beta.c | U | 71 | 80 | 10 | 148886 | 33 | 134 | 71
515 | Revision_515/parse.c | U | 46 | 57 | 10 | 148887 | 33 | 135 | 71
515 | Revision_515/sml.c | U | 75 | 81 | 10 | 148888 | 33 | 324 | 71
515 | Revision_515/eiffel.c | U | 290 | 300 | 10 | 148889 | 33 | 136 | 71
515 | Revision_515/eiffel.c | U | 368 | 377 | 8 | 148890 | 34 | 304 | 100
515 | Revision_515/jscript.c | U | 274 | 281 | 8 | 148891 | 34 | 460 | 100
515 | Revision_515/sql.c | U | 414 | 421 | 8 | 148892 | 34 | 305 | 100
515 | Revision_515/eiffel.c | U | 383 | 408 | 23 | 148893 | 35 | 139 | 75
515 | Revision_515/fortran.c | U | 770 | 800 | 23 | 148894 | 35 | 140 | 75
515 | Revision_515/eiffel.c | U | 411 | 436 | 20 | 148895 | 36 | 141 | 94
515 | Revision_515/fortran.c | U | 803 | 828 | 20 | 148896 | 36 | 142 | 94
515 | Revision_515/eiffel.c | U | 548 | 552 | 5 | 148897 | 37 | 143 | 75
515 | Revision_515/fortran.c | U | 990 | 994 | 5 | 148898 | 37 | 145 | 75
515 | Revision_515/verilog.c | U | 244 | 248 | 5 | 148899 | 37 | 382 | 75
515 | Revision_515/verilog.c | U | 141 | 145 | 5 | 148900 | 37 | 383 | 75
515 | Revision_515/fortran.c | U | 792 | 796 | 5 | 148901 | 37 | 144 | 75
515 | Revision_515/eiffel.c | U | 603 | 613 | 9 | 148902 | 38 | 146 | 87
515 | Revision_515/asm.c | U | 131 | 140 | 9 | 148903 | 38 | 270 | 87
515 | Revision_515/fortran.c | U | 875 | 885 | 9 | 148904 | 38 | 147 | 87
515 | Revision_515/eiffel.c | U | 721 | 728 | 9 | 148905 | 39 | 148 | 77
515 | Revision_515/jscript.c | U | 404 | 413 | 9 | 148906 | 39 | 461 | 77
515 | Revision_515/eiffel.c | U | 772 | 819 | 13 | 148907 | 40 | 349 | 72
515 | Revision_515/fortran.c | U | 1101 | 1112 | 13 | 148908 | 40 | 350 | 72
515 | Revision_515/eiffel.c | U | 837 | 855 | 12 | 148909 | 41 | 251 | 72
515 | Revision_515/eiffel.c | U | 859 | 880 | 12 | 148910 | 41 | 252 | 72
515 | Revision_515/fortran.c | U | 1383 | 1396 | 12 | 148911 | 41 | 336 | 72
515 | Revision_515/eiffel.c | U | 1006 | 1019 | 12 | 148912 | 41 | 253 | 72
515 | Revision_515/fortran.c | U | 1637 | 1645 | 12 | 148913 | 41 | 337 | 72
515 | Revision_515/jscript.c | U | 1056 | 1068 | 12 | 148914 | 41 | 495 | 72
515 | Revision_515/eiffel.c | U | 867 | 879 | 12 | 148915 | 41 | 156 | 72
515 | Revision_515/sql.c | U | 1296 | 1306 | 12 | 148916 | 41 | 462 | 72
515 | Revision_515/eiffel.c | U | 996 | 1004 | 7 | 148917 | 42 | 496 | 83
515 | Revision_515/jscript.c | U | 1060 | 1067 | 7 | 148918 | 42 | 495 | 83
515 | Revision_515/fortran.c | U | 1387 | 1393 | 7 | 148919 | 42 | 84 | 83
515 | Revision_515/fortran.c | U | 1328 | 1334 | 7 | 148920 | 42 | 85 | 83
515 | Revision_515/basic.c | U | 118 | 123 | 6 | 148921 | 43 | 411 | 80
515 | Revision_515/basic.c | U | 130 | 135 | 6 | 148922 | 43 | 412 | 80
515 | Revision_515/verilog.c | U | 193 | 199 | 8 | 148923 | 44 | 399 | 75
515 | Revision_515/make.c | U | 97 | 105 | 8 | 148924 | 44 | 400 | 75
515 | Revision_515/verilog.c | U | 281 | 285 | 5 | 148925 | 45 | 401 | 75
515 | Revision_515/make.c | U | 44 | 48 | 5 | 148926 | 45 | 402 | 75
515 | Revision_515/jscript.c | U | 228 | 249 | 15 | 148927 | 46 | 467 | 100
515 | Revision_515/sql.c | U | 386 | 407 | 15 | 148928 | 46 | 468 | 100
515 | Revision_515/jscript.c | U | 252 | 258 | 6 | 148929 | 47 | 415 | 100
515 | Revision_515/jscript.c | U | 261 | 267 | 6 | 148930 | 47 | 460 | 100
515 | Revision_515/jscript.c | U | 284 | 298 | 14 | 148931 | 48 | 469 | 100
515 | Revision_515/sql.c | U | 424 | 438 | 14 | 148932 | 48 | 470 | 100
515 | Revision_515/jscript.c | U | 318 | 324 | 7 | 148933 | 49 | 471 | 100
515 | Revision_515/sql.c | U | 457 | 463 | 7 | 148934 | 49 | 297 | 100
515 | Revision_515/jscript.c | U | 327 | 416 | 107 | 148935 | 50 | 472 | 72
515 | Revision_515/sql.c | U | 466 | 599 | 107 | 148936 | 50 | 473 | 72
515 | Revision_515/jscript.c | U | 434 | 464 | 18 | 148937 | 51 | 465 | 100
515 | Revision_515/sql.c | U | 653 | 683 | 18 | 148938 | 51 | 466 | 100
515 | Revision_515/jscript.c | U | 467 | 474 | 7 | 148939 | 52 | 474 | 80
515 | Revision_515/sql.c | U | 618 | 625 | 7 | 148940 | 52 | 476 | 80
515 | Revision_515/jscript.c | U | 477 | 484 | 7 | 148941 | 52 | 475 | 80
515 | Revision_515/jscript.c | U | 722 | 728 | 8 | 148942 | 53 | 480 | 75
515 | Revision_515/jscript.c | U | 1019 | 1028 | 8 | 148943 | 53 | 481 | 75
515 | Revision_515/jscript.c | U | 861 | 871 | 6 | 148944 | 54 | 479 | 80
515 | Revision_515/options.c | U | 352 | 357 | 6 | 148945 | 54 | 224 | 80
515 | Revision_515/jscript.c | U | 920 | 929 | 6 | 148946 | 55 | 497 | 75
515 | Revision_515/options.c | U | 1680 | 1684 | 6 | 148947 | 55 | 333 | 75
515 | Revision_515/jscript.c | U | 1196 | 1199 | 8 | 148948 | 56 | 498 | 71
515 | Revision_515/Test/local.c | U | 14 | 20 | 8 | 148949 | 56 | 384 | 71
515 | Revision_515/jscript.c | U | 1209 | 1213 | 5 | 148950 | 57 | 484 | 75
515 | Revision_515/sql.c | U | 1797 | 1801 | 5 | 148951 | 57 | 404 | 75
515 | Revision_515/make.c | U | 185 | 189 | 5 | 148952 | 57 | 403 | 75
515 | Revision_515/vim.c | U | 97 | 101 | 5 | 148953 | 58 | 290 | 100
515 | Revision_515/vim.c | U | 103 | 107 | 5 | 148954 | 58 | 291 | 100
515 | Revision_515/vim.c | U | 244 | 267 | 17 | 148955 | 59 | 334 | 76
515 | Revision_515/vim.c | U | 294 | 312 | 17 | 148956 | 59 | 159 | 76
515 | Revision_515/python.c | U | 107 | 111 | 5 | 148957 | 60 | 278 | 75
515 | Revision_515/erlang.c | U | 58 | 62 | 5 | 148958 | 60 | 341 | 75
515 | Revision_515/sml.c | U | 84 | 88 | 5 | 148959 | 60 | 325 | 75
515 | Revision_515/options.c | U | 960 | 965 | 5 | 148960 | 60 | 280 | 75
515 | Revision_515/python.c | U | 115 | 124 | 9 | 148961 | 61 | 292 | 75
515 | Revision_515/erlang.c | U | 66 | 75 | 9 | 148962 | 61 | 342 | 75
515 | Revision_515/tcl.c | U | 44 | 54 | 9 | 148963 | 61 | 293 | 75
515 | Revision_515/python.c | U | 201 | 210 | 9 | 148964 | 62 | 326 | 71
515 | Revision_515/sml.c | U | 165 | 174 | 9 | 148965 | 62 | 327 | 71
515 | Revision_515/perl.c | U | 206 | 212 | 7 | 148966 | 63 | 389 | 83
515 | Revision_515/perl.c | U | 252 | 257 | 7 | 148967 | 63 | 502 | 83
515 | Revision_515/perl.c | U | 322 | 328 | 7 | 148968 | 64 | 389 | 71
515 | Revision_515/erlang.c | U | 97 | 105 | 7 | 148969 | 64 | 344 | 71
515 | Revision_515/erlang.c | U | 108 | 113 | 7 | 148970 | 64 | 346 | 71
515 | Revision_515/main.c | U | 260 | 267 | 7 | 148971 | 64 | 377 | 71
515 | Revision_515/erlang.c | U | 116 | 121 | 7 | 148972 | 64 | 344 | 71
515 | Revision_515/main.c | U | 179 | 185 | 7 | 148973 | 64 | 376 | 71
515 | Revision_515/sort.c | U | 118 | 123 | 5 | 148974 | 65 | 281 | 100
515 | Revision_515/sort.c | U | 126 | 131 | 5 | 148975 | 65 | 282 | 100
515 | Revision_515/strlist.c | U | 32 | 38 | 8 | 148976 | 66 | 165 | 71
515 | Revision_515/vstring.c | U | 77 | 87 | 8 | 148977 | 66 | 166 | 71
515 | Revision_515/strlist.c | U | 191 | 196 | 7 | 148978 | 67 | 168 | 83
515 | Revision_515/strlist.c | U | 200 | 206 | 7 | 148979 | 67 | 390 | 83
515 | Revision_515/pascal.c | U | 150 | 154 | 6 | 148980 | 68 | 319 | 75
515 | Revision_515/pascal.c | U | 184 | 190 | 6 | 148981 | 68 | 171 | 75
515 | Revision_515/pascal.c | U | 176 | 182 | 6 | 148982 | 68 | 170 | 75
515 | Revision_515/get.c | U | 302 | 311 | 10 | 148983 | 69 | 174 | 70
515 | Revision_515/parse.c | U | 587 | 601 | 10 | 148984 | 69 | 175 | 70
515 | Revision_515/read.c | U | 214 | 225 | 10 | 148985 | 69 | 176 | 70
515 | Revision_515/get.c | U | 464 | 475 | 10 | 148986 | 70 | 177 | 100
515 | Revision_515/get.c | U | 481 | 492 | 10 | 148987 | 70 | 178 | 100
515 | Revision_515/get.c | U | 538 | 543 | 6 | 148988 | 71 | 180 | 80
515 | Revision_515/read.c | U | 415 | 419 | 6 | 148989 | 71 | 181 | 80
515 | Revision_515/main.c | U | 126 | 139 | 6 | 148990 | 72 | 354 | 80
515 | Revision_515/options.c | U | 397 | 402 | 6 | 148991 | 72 | 355 | 80
515 | Revision_515/routines.c | U | 232 | 239 | 6 | 148992 | 73 | 254 | 80
515 | Revision_515/routines.c | U | 242 | 249 | 6 | 148993 | 73 | 255 | 80
515 | Revision_515/routines.c | U | 283 | 290 | 8 | 148994 | 74 | 256 | 83
515 | Revision_515/routines.c | U | 293 | 300 | 8 | 148995 | 74 | 257 | 83
515 | Revision_515/readtags.c | U | 106 | 113 | 8 | 148996 | 74 | 123 | 83
515 | Revision_515/readtags.c | U | 116 | 123 | 8 | 148997 | 74 | 238 | 83
515 | Revision_515/routines.c | U | 317 | 321 | 5 | 148998 | 75 | 258 | 75
515 | Revision_515/vstring.c | U | 125 | 129 | 5 | 148999 | 75 | 188 | 75
515 | Revision_515/vstring.c | U | 118 | 122 | 5 | 149000 | 75 | 189 | 75
515 | Revision_515/routines.c | U | 324 | 330 | 6 | 149001 | 76 | 259 | 100
515 | Revision_515/routines.c | U | 333 | 339 | 6 | 149002 | 76 | 260 | 100
515 | Revision_515/routines.c | U | 344 | 351 | 8 | 149003 | 77 | 261 | 100
515 | Revision_515/routines.c | U | 356 | 363 | 8 | 149004 | 77 | 262 | 100
515 | Revision_515/sh.c | U | 89 | 94 | 6 | 149005 | 78 | 378 | 80
515 | Revision_515/asm.c | U | 348 | 353 | 6 | 149006 | 78 | 379 | 80
515 | Revision_515/beta.c | U | 134 | 141 | 6 | 149007 | 79 | 201 | 75
515 | Revision_515/beta.c | U | 204 | 212 | 6 | 149008 | 79 | 202 | 75
515 | Revision_515/beta.c | U | 152 | 156 | 5 | 149009 | 80 | 203 | 75
515 | Revision_515/beta.c | U | 271 | 275 | 5 | 149010 | 80 | 205 | 75
515 | Revision_515/beta.c | U | 277 | 281 | 5 | 149011 | 80 | 207 | 75
515 | Revision_515/beta.c | U | 165 | 169 | 5 | 149012 | 80 | 204 | 75
515 | Revision_515/beta.c | U | 158 | 162 | 5 | 149013 | 80 | 206 | 75
515 | Revision_515/sql.c | U | 771 | 781 | 8 | 149014 | 81 | 493 | 71
515 | Revision_515/sql.c | U | 1410 | 1419 | 8 | 149015 | 81 | 486 | 71
515 | Revision_515/sql.c | U | 1274 | 1310 | 24 | 149016 | 82 | 487 | 78
515 | Revision_515/sql.c | U | 1679 | 1722 | 24 | 149017 | 82 | 488 | 78
515 | Revision_515/sql.c | U | 1643 | 1668 | 17 | 149018 | 83 | 489 | 84
515 | Revision_515/sql.c | U | 1692 | 1716 | 17 | 149019 | 83 | 490 | 84
515 | Revision_515/parse.c | U | 99 | 109 | 11 | 149020 | 84 | 208 | 88
515 | Revision_515/parse.c | U | 112 | 123 | 11 | 149021 | 84 | 209 | 88
515 | Revision_515/parse.c | U | 300 | 304 | 5 | 149022 | 85 | 356 | 75
515 | Revision_515/parse.c | U | 576 | 580 | 5 | 149023 | 85 | 357 | 75
515 | Revision_515/parse.c | U | 557 | 561 | 5 | 149024 | 85 | 358 | 75
515 | Revision_515/readtags.c | U | 542 | 548 | 6 | 149025 | 86 | 239 | 100
515 | Revision_515/readtags.c | U | 550 | 556 | 6 | 149026 | 86 | 240 | 100
515 | Revision_515/readtags.c | U | 585 | 589 | 6 | 149027 | 87 | 123 | 75
515 | Revision_515/readtags.c | U | 640 | 646 | 6 | 149028 | 87 | 124 | 75
515 | Revision_515/readtags.c | U | 717 | 725 | 8 | 149029 | 88 | 210 | 83
515 | Revision_515/readtags.c | U | 772 | 780 | 8 | 149030 | 88 | 211 | 83
515 | Revision_515/readtags.c | U | 728 | 736 | 8 | 149031 | 88 | 212 | 83
515 | Revision_515/readtags.c | U | 739 | 744 | 6 | 149032 | 89 | 241 | 80
515 | Revision_515/readtags.c | U | 764 | 769 | 6 | 149033 | 89 | 242 | 80
515 | Revision_515/readtags.c | U | 756 | 761 | 6 | 149034 | 89 | 287 | 80
515 | Revision_515/fortran.c | U | 1274 | 1295 | 23 | 149035 | 90 | 369 | 72
515 | Revision_515/fortran.c | U | 1794 | 1817 | 23 | 149036 | 90 | 366 | 72
515 | Revision_515/fortran.c | U | 1454 | 1462 | 10 | 149037 | 91 | 314 | 77
515 | Revision_515/fortran.c | U | 1493 | 1502 | 10 | 149038 | 91 | 59 | 77
515 | Revision_515/fortran.c | U | 1734 | 1749 | 20 | 149039 | 92 | 21 | 84
515 | Revision_515/fortran.c | U | 1951 | 1967 | 20 | 149040 | 92 | 374 | 84
515 | Revision_515/fortran.c | U | 1915 | 1934 | 17 | 149041 | 93 | 220 | 75
515 | Revision_515/fortran.c | U | 1986 | 2003 | 17 | 149042 | 93 | 221 | 75
515 | Revision_515/fortran.c | U | 2063 | 2084 | 17 | 149043 | 93 | 372 | 75
515 | Revision_515/asm.c | U | 244 | 257 | 11 | 149044 | 94 | 289 | 77
515 | Revision_515/asm.c | U | 262 | 272 | 11 | 149045 | 94 | 279 | 77
515 | Revision_515/scheme.c | U | 70 | 78 | 8 | 149046 | 95 | 222 | 71
515 | Revision_515/scheme.c | U | 85 | 93 | 8 | 149047 | 95 | 223 | 71
515 | Revision_515/options.c | U | 369 | 375 | 6 | 149048 | 96 | 224 | 100
515 | Revision_515/options.c | U | 378 | 384 | 6 | 149049 | 96 | 225 | 100
515 | Revision_515/options.c | U | 541 | 547 | 7 | 149050 | 97 | 226 | 100
515 | Revision_515/options.c | U | 550 | 556 | 7 | 149051 | 97 | 227 | 100
515 | Revision_515/options.c | U | 568 | 574 | 7 | 149052 | 97 | 228 | 100
515 | Revision_515/options.c | U | 559 | 565 | 7 | 149053 | 97 | 229 | 100
515 | Revision_515/options.c | U | 979 | 983 | 5 | 149054 | 98 | 230 | 75
515 | Revision_515/options.c | U | 1005 | 1009 | 5 | 149055 | 98 | 231 | 75
515 | Revision_515/options.c | U | 1099 | 1103 | 5 | 149056 | 99 | 232 | 100
515 | Revision_515/options.c | U | 1105 | 1109 | 5 | 149057 | 99 | 233 | 100
515 | Revision_515/options.c | U | 1151 | 1163 | 12 | 149058 | 100 | 360 | 100
515 | Revision_515/options.c | U | 1168 | 1180 | 12 | 149059 | 100 | 235 | 100
515 | Revision_515/options.c | U | 1422 | 1439 | 15 | 149060 | 101 | 236 | 91
515 | Revision_515/options.c | U | 1460 | 1477 | 15 | 149061 | 101 | 237 | 91
