Revision | filePath | changeType | StartLine | EndLine | Nlines | cloneId | classId | globalCloneId | Similarity
522 | Revision_522/lisp.c | U | 91 | 97 | 7 | 151575 | 1 | 1 | 83
522 | Revision_522/lisp.c | U | 112 | 118 | 7 | 151576 | 1 | 2 | 83
522 | Revision_522/lisp.c | U | 127 | 137 | 9 | 151577 | 2 | 3 | 70
522 | Revision_522/pascal.c | U | 256 | 264 | 9 | 151578 | 2 | 14 | 70
522 | Revision_522/awk.c | U | 71 | 79 | 9 | 151579 | 2 | 10 | 70
522 | Revision_522/fortran.c | U | 2203 | 2218 | 9 | 151580 | 2 | 21 | 70
522 | Revision_522/python.c | U | 272 | 280 | 9 | 151581 | 2 | 13 | 70
522 | Revision_522/c.c | U | 2795 | 2804 | 9 | 151582 | 2 | 12 | 70
522 | Revision_522/verilog.c | U | 324 | 333 | 9 | 151583 | 2 | 283 | 70
522 | Revision_522/perl.c | U | 341 | 349 | 9 | 151584 | 2 | 7 | 70
522 | Revision_522/c.c | U | 2849 | 2858 | 9 | 151585 | 2 | 15 | 70
522 | Revision_522/eiffel.c | U | 1246 | 1255 | 9 | 151586 | 2 | 9 | 70
522 | Revision_522/beta.c | U | 310 | 318 | 9 | 151587 | 2 | 5 | 70
522 | Revision_522/c.c | U | 2807 | 2822 | 9 | 151588 | 2 | 8 | 70
522 | Revision_522/erlang.c | U | 179 | 187 | 9 | 151589 | 2 | 340 | 70
522 | Revision_522/vim.c | U | 626 | 634 | 9 | 151590 | 2 | 20 | 70
522 | Revision_522/basic.c | U | 180 | 188 | 9 | 151591 | 2 | 408 | 70
522 | Revision_522/ruby.c | U | 389 | 397 | 9 | 151592 | 2 | 19 | 70
522 | Revision_522/basic.c | U | 191 | 199 | 9 | 151593 | 2 | 409 | 70
522 | Revision_522/basic.c | U | 202 | 210 | 9 | 151594 | 2 | 410 | 70
522 | Revision_522/sql.c | U | 1815 | 1824 | 9 | 151595 | 2 | 296 | 70
522 | Revision_522/asp.c | U | 201 | 209 | 9 | 151596 | 2 | 4 | 70
522 | Revision_522/tcl.c | U | 106 | 114 | 9 | 151597 | 2 | 18 | 70
522 | Revision_522/lua.c | U | 123 | 131 | 9 | 151598 | 2 | 243 | 70
522 | Revision_522/c.c | U | 2825 | 2834 | 9 | 151599 | 2 | 315 | 70
522 | Revision_522/scheme.c | U | 99 | 109 | 9 | 151600 | 2 | 16 | 70
522 | Revision_522/c.c | U | 2837 | 2846 | 9 | 151601 | 2 | 330 | 70
522 | Revision_522/php.c | U | 73 | 80 | 9 | 151602 | 2 | 501 | 70
522 | Revision_522/cobol.c | U | 40 | 48 | 9 | 151603 | 2 | 320 | 70
522 | Revision_522/sml.c | U | 201 | 209 | 9 | 151604 | 2 | 321 | 70
522 | Revision_522/sh.c | U | 103 | 113 | 9 | 151605 | 2 | 17 | 70
522 | Revision_522/html.c | U | 40 | 47 | 9 | 151606 | 2 | 365 | 70
522 | Revision_522/rexx.c | U | 30 | 37 | 9 | 151607 | 2 | 26 | 70
522 | Revision_522/make.c | U | 199 | 209 | 9 | 151608 | 2 | 25 | 70
522 | Revision_522/asm.c | U | 367 | 386 | 9 | 151609 | 2 | 274 | 70
522 | Revision_522/jscript.c | U | 1234 | 1247 | 9 | 151610 | 2 | 413 | 70
522 | Revision_522/slang.c | U | 34 | 41 | 9 | 151611 | 2 | 24 | 70
522 | Revision_522/yacc.c | U | 31 | 38 | 9 | 151612 | 2 | 23 | 70
522 | Revision_522/keyword.c | U | 107 | 116 | 9 | 151613 | 2 | 27 | 70
522 | Revision_522/options.c | U | 624 | 630 | 9 | 151614 | 2 | 29 | 70
522 | Revision_522/sql.c | U | 346 | 355 | 9 | 151615 | 2 | 309 | 70
522 | Revision_522/fortran.c | U | 413 | 425 | 9 | 151616 | 2 | 158 | 70
522 | Revision_522/options.c | U | 531 | 536 | 9 | 151617 | 2 | 30 | 70
522 | Revision_522/c.c | U | 2182 | 2187 | 9 | 151618 | 2 | 28 | 70
522 | Revision_522/c.c | U | 2211 | 2219 | 9 | 151619 | 2 | 31 | 70
522 | Revision_522/eiffel.c | U | 1200 | 1212 | 9 | 151620 | 2 | 157 | 70
522 | Revision_522/jscript.c | U | 187 | 197 | 9 | 151621 | 2 | 414 | 70
522 | Revision_522/c.c | U | 482 | 488 | 9 | 151622 | 2 | 53 | 70
522 | Revision_522/asp.c | U | 71 | 90 | 15 | 151623 | 3 | 33 | 100
522 | Revision_522/asp.c | U | 94 | 113 | 15 | 151624 | 3 | 34 | 100
522 | Revision_522/asp.c | U | 117 | 133 | 14 | 151625 | 4 | 35 | 100
522 | Revision_522/asp.c | U | 137 | 152 | 14 | 151626 | 4 | 36 | 100
522 | Revision_522/asp.c | U | 156 | 171 | 14 | 151627 | 4 | 36 | 100
522 | Revision_522/asp.c | U | 175 | 190 | 14 | 151628 | 4 | 36 | 100
522 | Revision_522/args.c | U | 85 | 92 | 8 | 151629 | 5 | 43 | 100
522 | Revision_522/args.c | U | 160 | 167 | 8 | 151630 | 5 | 44 | 100
522 | Revision_522/args.c | U | 182 | 190 | 9 | 151631 | 6 | 45 | 75
522 | Revision_522/args.c | U | 203 | 211 | 9 | 151632 | 6 | 46 | 75
522 | Revision_522/args.c | U | 193 | 200 | 9 | 151633 | 6 | 47 | 75
522 | Revision_522/args.c | U | 266 | 272 | 6 | 151634 | 7 | 48 | 80
522 | Revision_522/options.c | U | 577 | 582 | 6 | 151635 | 7 | 49 | 80
522 | Revision_522/fortran.c | U | 908 | 913 | 6 | 151636 | 7 | 50 | 80
522 | Revision_522/c.c | U | 534 | 540 | 6 | 151637 | 8 | 51 | 75
522 | Revision_522/vstring.c | U | 67 | 74 | 6 | 151638 | 8 | 52 | 75
522 | Revision_522/sql.c | U | 358 | 362 | 6 | 151639 | 8 | 416 | 75
522 | Revision_522/jscript.c | U | 200 | 204 | 6 | 151640 | 8 | 415 | 75
522 | Revision_522/eiffel.c | U | 1215 | 1221 | 6 | 151641 | 8 | 362 | 75
522 | Revision_522/vstring.c | U | 69 | 73 | 6 | 151642 | 8 | 52 | 75
522 | Revision_522/fortran.c | U | 439 | 444 | 6 | 151643 | 8 | 363 | 75
522 | Revision_522/c.c | U | 543 | 550 | 6 | 151644 | 9 | 53 | 80
522 | Revision_522/c.c | U | 553 | 560 | 6 | 151645 | 9 | 54 | 80
522 | Revision_522/c.c | U | 662 | 678 | 18 | 151646 | 10 | 55 | 70
522 | Revision_522/fortran.c | U | 1138 | 1153 | 18 | 151647 | 10 | 375 | 70
522 | Revision_522/c.c | U | 1168 | 1186 | 18 | 151648 | 10 | 60 | 70
522 | Revision_522/fortran.c | U | 1874 | 1890 | 18 | 151649 | 10 | 59 | 70
522 | Revision_522/c.c | U | 681 | 696 | 18 | 151650 | 10 | 57 | 70
522 | Revision_522/fortran.c | U | 1115 | 1135 | 18 | 151651 | 10 | 58 | 70
522 | Revision_522/c.c | U | 1245 | 1259 | 18 | 151652 | 10 | 56 | 70
522 | Revision_522/Test/local.c | U | 9 | 22 | 18 | 151653 | 10 | 384 | 70
522 | Revision_522/jscript.c | U | 1155 | 1174 | 18 | 151654 | 10 | 463 | 70
522 | Revision_522/fortran.c | U | 1791 | 1819 | 18 | 151655 | 10 | 366 | 70
522 | Revision_522/c.c | U | 1171 | 1184 | 18 | 151656 | 10 | 63 | 70
522 | Revision_522/fortran.c | U | 1118 | 1133 | 18 | 151657 | 10 | 58 | 70
522 | Revision_522/sql.c | U | 872 | 890 | 18 | 151658 | 10 | 308 | 70
522 | Revision_522/eiffel.c | U | 1190 | 1195 | 18 | 151659 | 10 | 362 | 70
522 | Revision_522/eiffel.c | U | 1111 | 1135 | 18 | 151660 | 10 | 307 | 70
522 | Revision_522/eiffel.c | U | 905 | 945 | 18 | 151661 | 10 | 248 | 70
522 | Revision_522/fortran.c | U | 1591 | 1628 | 18 | 151662 | 10 | 367 | 70
522 | Revision_522/fortran.c | U | 1877 | 1888 | 18 | 151663 | 10 | 65 | 70
522 | Revision_522/eiffel.c | U | 1184 | 1196 | 18 | 151664 | 10 | 157 | 70
522 | Revision_522/sql.c | U | 868 | 892 | 18 | 151665 | 10 | 308 | 70
522 | Revision_522/c.c | U | 684 | 694 | 13 | 151666 | 11 | 57 | 75
522 | Revision_522/c.c | U | 1247 | 1258 | 13 | 151667 | 11 | 64 | 75
522 | Revision_522/c.c | U | 714 | 736 | 21 | 151668 | 12 | 72 | 70
522 | Revision_522/fortran.c | U | 1305 | 1315 | 21 | 151669 | 12 | 337 | 70
522 | Revision_522/c.c | U | 746 | 752 | 8 | 151670 | 13 | 74 | 71
522 | Revision_522/options.c | U | 470 | 477 | 8 | 151671 | 13 | 75 | 71
522 | Revision_522/c.c | U | 787 | 791 | 8 | 151672 | 14 | 76 | 71
522 | Revision_522/c.c | U | 2106 | 2110 | 8 | 151673 | 14 | 80 | 71
522 | Revision_522/fortran.c | U | 1919 | 1923 | 8 | 151674 | 14 | 79 | 71
522 | Revision_522/sql.c | U | 984 | 991 | 8 | 151675 | 14 | 418 | 71
522 | Revision_522/sql.c | U | 900 | 906 | 8 | 151676 | 14 | 419 | 71
522 | Revision_522/jscript.c | U | 1091 | 1095 | 8 | 151677 | 14 | 417 | 71
522 | Revision_522/eiffel.c | U | 674 | 678 | 8 | 151678 | 14 | 249 | 71
522 | Revision_522/readtags.c | U | 144 | 148 | 8 | 151679 | 14 | 87 | 71
522 | Revision_522/jscript.c | U | 1100 | 1113 | 8 | 151680 | 14 | 464 | 71
522 | Revision_522/eiffel.c | U | 874 | 878 | 8 | 151681 | 14 | 269 | 71
522 | Revision_522/eiffel.c | U | 1012 | 1016 | 8 | 151682 | 14 | 269 | 71
522 | Revision_522/eiffel.c | U | 961 | 965 | 8 | 151683 | 14 | 269 | 71
522 | Revision_522/fortran.c | U | 1346 | 1350 | 8 | 151684 | 14 | 85 | 71
522 | Revision_522/jscript.c | U | 1075 | 1096 | 8 | 151685 | 14 | 494 | 71
522 | Revision_522/sql.c | U | 1447 | 1453 | 8 | 151686 | 14 | 420 | 71
522 | Revision_522/sql.c | U | 1476 | 1482 | 8 | 151687 | 14 | 421 | 71
522 | Revision_522/sql.c | U | 1217 | 1222 | 8 | 151688 | 14 | 422 | 71
522 | Revision_522/eiffel.c | U | 849 | 854 | 8 | 151689 | 14 | 151 | 71
522 | Revision_522/eiffel.c | U | 661 | 665 | 8 | 151690 | 14 | 250 | 71
522 | Revision_522/sql.c | U | 517 | 521 | 8 | 151691 | 14 | 300 | 71
522 | Revision_522/c.c | U | 1777 | 1781 | 8 | 151692 | 14 | 121 | 71
522 | Revision_522/c.c | U | 2172 | 2179 | 8 | 151693 | 14 | 244 | 71
522 | Revision_522/vstring.c | U | 35 | 40 | 8 | 151694 | 14 | 98 | 71
522 | Revision_522/c.c | U | 1768 | 1772 | 8 | 151695 | 14 | 331 | 71
522 | Revision_522/fortran.c | U | 1727 | 1731 | 8 | 151696 | 14 | 373 | 71
522 | Revision_522/jscript.c | U | 623 | 634 | 8 | 151697 | 14 | 426 | 71
522 | Revision_522/fortran.c | U | 1343 | 1351 | 8 | 151698 | 14 | 84 | 71
522 | Revision_522/sql.c | U | 831 | 851 | 8 | 151699 | 14 | 423 | 71
522 | Revision_522/sql.c | U | 742 | 753 | 8 | 151700 | 14 | 424 | 71
522 | Revision_522/c.c | U | 2713 | 2718 | 8 | 151701 | 14 | 94 | 71
522 | Revision_522/fortran.c | U | 1555 | 1560 | 8 | 151702 | 14 | 79 | 71
522 | Revision_522/fortran.c | U | 589 | 593 | 8 | 151703 | 14 | 95 | 71
522 | Revision_522/fortran.c | U | 1214 | 1218 | 8 | 151704 | 14 | 85 | 71
522 | Revision_522/eiffel.c | U | 1031 | 1035 | 8 | 151705 | 14 | 151 | 71
522 | Revision_522/ruby.c | U | 214 | 218 | 8 | 151706 | 14 | 392 | 71
522 | Revision_522/sql.c | U | 1209 | 1215 | 8 | 151707 | 14 | 492 | 71
522 | Revision_522/keyword.c | U | 185 | 189 | 8 | 151708 | 14 | 91 | 71
522 | Revision_522/readtags.c | U | 455 | 459 | 8 | 151709 | 14 | 90 | 71
522 | Revision_522/options.c | U | 1039 | 1043 | 8 | 151710 | 14 | 89 | 71
522 | Revision_522/strlist.c | U | 150 | 154 | 8 | 151711 | 14 | 126 | 71
522 | Revision_522/c.c | U | 2153 | 2157 | 8 | 151712 | 14 | 125 | 71
522 | Revision_522/fortran.c | U | 1548 | 1553 | 8 | 151713 | 14 | 79 | 71
522 | Revision_522/jscript.c | U | 708 | 715 | 8 | 151714 | 14 | 427 | 71
522 | Revision_522/eiffel.c | U | 1067 | 1076 | 8 | 151715 | 14 | 101 | 71
522 | Revision_522/fortran.c | U | 1011 | 1015 | 8 | 151716 | 14 | 128 | 71
522 | Revision_522/options.c | U | 672 | 676 | 8 | 151717 | 14 | 127 | 71
522 | Revision_522/sql.c | U | 1343 | 1350 | 8 | 151718 | 14 | 430 | 71
522 | Revision_522/jscript.c | U | 1032 | 1050 | 8 | 151719 | 14 | 429 | 71
522 | Revision_522/jscript.c | U | 498 | 508 | 8 | 151720 | 14 | 428 | 71
522 | Revision_522/options.c | U | 1218 | 1222 | 8 | 151721 | 14 | 129 | 71
522 | Revision_522/sql.c | U | 1725 | 1753 | 8 | 151722 | 14 | 431 | 71
522 | Revision_522/fortran.c | U | 1421 | 1429 | 8 | 151723 | 14 | 59 | 71
522 | Revision_522/jscript.c | U | 574 | 600 | 8 | 151724 | 14 | 432 | 71
522 | Revision_522/fortran.c | U | 1716 | 1725 | 8 | 151725 | 14 | 221 | 71
522 | Revision_522/jscript.c | U | 512 | 547 | 8 | 151726 | 14 | 433 | 71
522 | Revision_522/sql.c | U | 1170 | 1183 | 8 | 151727 | 14 | 436 | 71
522 | Revision_522/jscript.c | U | 706 | 716 | 8 | 151728 | 14 | 427 | 71
522 | Revision_522/sql.c | U | 975 | 992 | 8 | 151729 | 14 | 435 | 71
522 | Revision_522/sql.c | U | 1008 | 1031 | 8 | 151730 | 14 | 437 | 71
522 | Revision_522/jscript.c | U | 853 | 872 | 8 | 151731 | 14 | 438 | 71
522 | Revision_522/jscript.c | U | 639 | 688 | 8 | 151732 | 14 | 491 | 71
522 | Revision_522/fortran.c | U | 1540 | 1546 | 8 | 151733 | 14 | 65 | 71
522 | Revision_522/fortran.c | U | 1087 | 1093 | 8 | 151734 | 14 | 350 | 71
522 | Revision_522/fortran.c | U | 1761 | 1767 | 8 | 151735 | 14 | 314 | 71
522 | Revision_522/sql.c | U | 1459 | 1485 | 8 | 151736 | 14 | 439 | 71
522 | Revision_522/sql.c | U | 1428 | 1456 | 8 | 151737 | 14 | 441 | 71
522 | Revision_522/sql.c | U | 1527 | 1548 | 8 | 151738 | 14 | 442 | 71
522 | Revision_522/sql.c | U | 1551 | 1572 | 8 | 151739 | 14 | 443 | 71
522 | Revision_522/sql.c | U | 1488 | 1509 | 8 | 151740 | 14 | 440 | 71
522 | Revision_522/jscript.c | U | 845 | 874 | 8 | 151741 | 14 | 438 | 71
522 | Revision_522/sql.c | U | 1575 | 1615 | 8 | 151742 | 14 | 445 | 71
522 | Revision_522/jscript.c | U | 850 | 873 | 8 | 151743 | 14 | 438 | 71
522 | Revision_522/sql.c | U | 1187 | 1225 | 8 | 151744 | 14 | 447 | 71
522 | Revision_522/sql.c | U | 1313 | 1352 | 8 | 151745 | 14 | 448 | 71
522 | Revision_522/jscript.c | U | 602 | 635 | 8 | 151746 | 14 | 446 | 71
522 | Revision_522/jscript.c | U | 842 | 875 | 8 | 151747 | 14 | 438 | 71
522 | Revision_522/sql.c | U | 1228 | 1271 | 8 | 151748 | 14 | 449 | 71
522 | Revision_522/c.c | U | 797 | 818 | 44 | 151749 | 15 | 103 | 72
522 | Revision_522/c.c | U | 821 | 841 | 44 | 151750 | 15 | 332 | 72
522 | Revision_522/c.c | U | 932 | 951 | 44 | 151751 | 15 | 103 | 72
522 | Revision_522/c.c | U | 865 | 885 | 44 | 151752 | 15 | 316 | 72
522 | Revision_522/c.c | U | 844 | 863 | 44 | 151753 | 15 | 316 | 72
522 | Revision_522/c.c | U | 888 | 899 | 12 | 151754 | 16 | 317 | 90
522 | Revision_522/c.c | U | 902 | 913 | 12 | 151755 | 16 | 318 | 90
522 | Revision_522/c.c | U | 1053 | 1058 | 6 | 151756 | 17 | 407 | 80
522 | Revision_522/jscript.c | U | 1012 | 1017 | 6 | 151757 | 17 | 417 | 80
522 | Revision_522/c.c | U | 1308 | 1314 | 7 | 151758 | 18 | 385 | 71
522 | Revision_522/fortran.c | U | 501 | 509 | 7 | 151759 | 18 | 112 | 71
522 | Revision_522/make.c | U | 63 | 69 | 7 | 151760 | 18 | 394 | 71
522 | Revision_522/make.c | U | 53 | 60 | 7 | 151761 | 18 | 395 | 71
522 | Revision_522/c.c | U | 1381 | 1388 | 7 | 151762 | 19 | 108 | 80
522 | Revision_522/c.c | U | 1390 | 1397 | 7 | 151763 | 19 | 109 | 80
522 | Revision_522/c.c | U | 1411 | 1418 | 7 | 151764 | 20 | 110 | 71
522 | Revision_522/c.c | U | 1421 | 1428 | 7 | 151765 | 20 | 111 | 71
522 | Revision_522/fortran.c | U | 628 | 634 | 7 | 151766 | 20 | 112 | 71
522 | Revision_522/c.c | U | 2144 | 2151 | 7 | 151767 | 20 | 405 | 71
522 | Revision_522/sql.c | U | 558 | 565 | 7 | 151768 | 20 | 406 | 71
522 | Revision_522/jscript.c | U | 381 | 388 | 7 | 151769 | 20 | 450 | 71
522 | Revision_522/c.c | U | 1459 | 1464 | 6 | 151770 | 21 | 386 | 80
522 | Revision_522/c.c | U | 1788 | 1793 | 6 | 151771 | 21 | 80 | 80
522 | Revision_522/c.c | U | 1477 | 1486 | 9 | 151772 | 22 | 294 | 71
522 | Revision_522/eiffel.c | U | 557 | 565 | 9 | 151773 | 22 | 295 | 71
522 | Revision_522/c.c | U | 1480 | 1484 | 5 | 151774 | 23 | 294 | 75
522 | Revision_522/readtags.c | U | 503 | 507 | 5 | 151775 | 23 | 90 | 75
522 | Revision_522/readtags.c | U | 680 | 684 | 5 | 151776 | 23 | 99 | 75
522 | Revision_522/c.c | U | 1494 | 1507 | 10 | 151777 | 24 | 396 | 75
522 | Revision_522/make.c | U | 77 | 87 | 10 | 151778 | 24 | 397 | 75
522 | Revision_522/verilog.c | U | 205 | 218 | 10 | 151779 | 24 | 398 | 75
522 | Revision_522/fortran.c | U | 857 | 868 | 10 | 151780 | 24 | 116 | 75
522 | Revision_522/eiffel.c | U | 573 | 585 | 10 | 151781 | 24 | 114 | 75
522 | Revision_522/sql.c | U | 443 | 454 | 10 | 151782 | 24 | 306 | 75
522 | Revision_522/jscript.c | U | 304 | 315 | 10 | 151783 | 24 | 451 | 75
522 | Revision_522/eiffel.c | U | 588 | 600 | 10 | 151784 | 24 | 117 | 75
522 | Revision_522/c.c | U | 1611 | 1617 | 8 | 151785 | 25 | 452 | 75
522 | Revision_522/jscript.c | U | 419 | 427 | 8 | 151786 | 25 | 453 | 75
522 | Revision_522/c.c | U | 1832 | 1836 | 5 | 151787 | 26 | 118 | 75
522 | Revision_522/fortran.c | U | 812 | 816 | 5 | 151788 | 26 | 120 | 75
522 | Revision_522/eiffel.c | U | 420 | 424 | 5 | 151789 | 26 | 119 | 75
522 | Revision_522/c.c | U | 1978 | 1982 | 5 | 151790 | 27 | 121 | 75
522 | Revision_522/fortran.c | U | 731 | 735 | 5 | 151791 | 27 | 144 | 75
522 | Revision_522/fortran.c | U | 622 | 626 | 5 | 151792 | 27 | 112 | 75
522 | Revision_522/get.c | U | 591 | 595 | 5 | 151793 | 27 | 122 | 75
522 | Revision_522/pascal.c | U | 134 | 138 | 5 | 151794 | 27 | 164 | 75
522 | Revision_522/perl.c | U | 185 | 189 | 5 | 151795 | 27 | 163 | 75
522 | Revision_522/vim.c | U | 400 | 408 | 5 | 151796 | 27 | 500 | 75
522 | Revision_522/c.c | U | 2132 | 2139 | 9 | 151797 | 28 | 28 | 71
522 | Revision_522/eiffel.c | U | 1064 | 1077 | 9 | 151798 | 28 | 156 | 71
522 | Revision_522/c.c | U | 2430 | 2437 | 5 | 151799 | 29 | 94 | 75
522 | Revision_522/sql.c | U | 1401 | 1405 | 5 | 151800 | 29 | 454 | 75
522 | Revision_522/sql.c | U | 1660 | 1664 | 5 | 151801 | 29 | 455 | 75
522 | Revision_522/jscript.c | U | 779 | 788 | 5 | 151802 | 29 | 456 | 75
522 | Revision_522/jscript.c | U | 790 | 795 | 5 | 151803 | 29 | 457 | 75
522 | Revision_522/c.c | U | 2443 | 2447 | 5 | 151804 | 30 | 387 | 100
522 | Revision_522/c.c | U | 2450 | 2454 | 5 | 151805 | 30 | 94 | 100
522 | Revision_522/c.c | U | 2669 | 2674 | 6 | 151806 | 31 | 94 | 80
522 | Revision_522/sql.c | U | 995 | 1000 | 6 | 151807 | 31 | 301 | 80
522 | Revision_522/c.c | U | 2753 | 2762 | 9 | 151808 | 32 | 130 | 71
522 | Revision_522/verilog.c | U | 107 | 117 | 9 | 151809 | 32 | 381 | 71
522 | Revision_522/asm.c | U | 120 | 128 | 9 | 151810 | 32 | 288 | 71
522 | Revision_522/eiffel.c | U | 216 | 225 | 9 | 151811 | 32 | 131 | 71
522 | Revision_522/fortran.c | U | 397 | 406 | 9 | 151812 | 32 | 132 | 71
522 | Revision_522/jscript.c | U | 175 | 184 | 9 | 151813 | 32 | 458 | 71
522 | Revision_522/sql.c | U | 334 | 343 | 9 | 151814 | 32 | 302 | 71
522 | Revision_522/eiffel.c | U | 288 | 302 | 10 | 151815 | 33 | 133 | 71
522 | Revision_522/jscript.c | U | 211 | 225 | 10 | 151816 | 33 | 459 | 71
522 | Revision_522/sql.c | U | 369 | 383 | 10 | 151817 | 33 | 303 | 71
522 | Revision_522/beta.c | U | 71 | 80 | 10 | 151818 | 33 | 134 | 71
522 | Revision_522/parse.c | U | 46 | 57 | 10 | 151819 | 33 | 135 | 71
522 | Revision_522/sml.c | U | 75 | 81 | 10 | 151820 | 33 | 324 | 71
522 | Revision_522/eiffel.c | U | 290 | 300 | 10 | 151821 | 33 | 136 | 71
522 | Revision_522/eiffel.c | U | 368 | 377 | 8 | 151822 | 34 | 304 | 100
522 | Revision_522/jscript.c | U | 274 | 281 | 8 | 151823 | 34 | 460 | 100
522 | Revision_522/sql.c | U | 414 | 421 | 8 | 151824 | 34 | 305 | 100
522 | Revision_522/eiffel.c | U | 383 | 408 | 23 | 151825 | 35 | 139 | 75
522 | Revision_522/fortran.c | U | 770 | 800 | 23 | 151826 | 35 | 140 | 75
522 | Revision_522/eiffel.c | U | 411 | 436 | 20 | 151827 | 36 | 141 | 94
522 | Revision_522/fortran.c | U | 803 | 828 | 20 | 151828 | 36 | 142 | 94
522 | Revision_522/eiffel.c | U | 548 | 552 | 5 | 151829 | 37 | 143 | 75
522 | Revision_522/fortran.c | U | 990 | 994 | 5 | 151830 | 37 | 145 | 75
522 | Revision_522/fortran.c | U | 792 | 796 | 5 | 151831 | 37 | 144 | 75
522 | Revision_522/verilog.c | U | 244 | 248 | 5 | 151832 | 37 | 382 | 75
522 | Revision_522/verilog.c | U | 141 | 145 | 5 | 151833 | 37 | 383 | 75
522 | Revision_522/eiffel.c | U | 603 | 613 | 9 | 151834 | 38 | 146 | 87
522 | Revision_522/asm.c | U | 131 | 140 | 9 | 151835 | 38 | 270 | 87
522 | Revision_522/fortran.c | U | 875 | 885 | 9 | 151836 | 38 | 147 | 87
522 | Revision_522/eiffel.c | U | 721 | 728 | 9 | 151837 | 39 | 148 | 77
522 | Revision_522/jscript.c | U | 404 | 413 | 9 | 151838 | 39 | 461 | 77
522 | Revision_522/eiffel.c | U | 772 | 819 | 13 | 151839 | 40 | 349 | 72
522 | Revision_522/fortran.c | U | 1101 | 1112 | 13 | 151840 | 40 | 350 | 72
522 | Revision_522/eiffel.c | U | 837 | 855 | 11 | 151841 | 41 | 251 | 72
522 | Revision_522/fortran.c | U | 1383 | 1396 | 11 | 151842 | 41 | 336 | 72
522 | Revision_522/eiffel.c | U | 859 | 880 | 11 | 151843 | 41 | 252 | 72
522 | Revision_522/eiffel.c | U | 1006 | 1019 | 11 | 151844 | 41 | 253 | 72
522 | Revision_522/fortran.c | U | 1637 | 1645 | 11 | 151845 | 41 | 337 | 72
522 | Revision_522/jscript.c | U | 1056 | 1068 | 11 | 151846 | 41 | 495 | 72
522 | Revision_522/eiffel.c | U | 867 | 879 | 11 | 151847 | 41 | 156 | 72
522 | Revision_522/sql.c | U | 1296 | 1306 | 11 | 151848 | 41 | 462 | 72
522 | Revision_522/eiffel.c | U | 996 | 1004 | 7 | 151849 | 42 | 496 | 83
522 | Revision_522/jscript.c | U | 1060 | 1067 | 7 | 151850 | 42 | 495 | 83
522 | Revision_522/fortran.c | U | 1328 | 1334 | 7 | 151851 | 42 | 85 | 83
522 | Revision_522/fortran.c | U | 1387 | 1393 | 7 | 151852 | 42 | 84 | 83
522 | Revision_522/basic.c | U | 118 | 123 | 6 | 151853 | 43 | 411 | 80
522 | Revision_522/basic.c | U | 130 | 135 | 6 | 151854 | 43 | 412 | 80
522 | Revision_522/verilog.c | U | 193 | 199 | 8 | 151855 | 44 | 399 | 75
522 | Revision_522/make.c | U | 97 | 105 | 8 | 151856 | 44 | 400 | 75
522 | Revision_522/verilog.c | U | 281 | 285 | 5 | 151857 | 45 | 401 | 75
522 | Revision_522/make.c | U | 44 | 48 | 5 | 151858 | 45 | 402 | 75
522 | Revision_522/jscript.c | U | 228 | 249 | 15 | 151859 | 46 | 467 | 100
522 | Revision_522/sql.c | U | 386 | 407 | 15 | 151860 | 46 | 468 | 100
522 | Revision_522/jscript.c | U | 252 | 258 | 6 | 151861 | 47 | 415 | 100
522 | Revision_522/jscript.c | U | 261 | 267 | 6 | 151862 | 47 | 460 | 100
522 | Revision_522/jscript.c | U | 284 | 298 | 14 | 151863 | 48 | 469 | 100
522 | Revision_522/sql.c | U | 424 | 438 | 14 | 151864 | 48 | 470 | 100
522 | Revision_522/jscript.c | U | 318 | 324 | 7 | 151865 | 49 | 471 | 100
522 | Revision_522/sql.c | U | 457 | 463 | 7 | 151866 | 49 | 297 | 100
522 | Revision_522/jscript.c | U | 327 | 416 | 107 | 151867 | 50 | 472 | 72
522 | Revision_522/sql.c | U | 466 | 599 | 107 | 151868 | 50 | 473 | 72
522 | Revision_522/jscript.c | U | 434 | 464 | 18 | 151869 | 51 | 465 | 100
522 | Revision_522/sql.c | U | 653 | 683 | 18 | 151870 | 51 | 466 | 100
522 | Revision_522/jscript.c | U | 467 | 474 | 7 | 151871 | 52 | 474 | 80
522 | Revision_522/sql.c | U | 618 | 625 | 7 | 151872 | 52 | 476 | 80
522 | Revision_522/jscript.c | U | 477 | 484 | 7 | 151873 | 52 | 475 | 80
522 | Revision_522/jscript.c | U | 722 | 728 | 8 | 151874 | 53 | 480 | 75
522 | Revision_522/jscript.c | U | 1019 | 1028 | 8 | 151875 | 53 | 481 | 75
522 | Revision_522/jscript.c | U | 861 | 871 | 6 | 151876 | 54 | 479 | 80
522 | Revision_522/options.c | U | 352 | 357 | 6 | 151877 | 54 | 224 | 80
522 | Revision_522/jscript.c | U | 920 | 929 | 6 | 151878 | 55 | 497 | 75
522 | Revision_522/options.c | U | 1680 | 1684 | 6 | 151879 | 55 | 333 | 75
522 | Revision_522/jscript.c | U | 1196 | 1199 | 8 | 151880 | 56 | 498 | 71
522 | Revision_522/Test/local.c | U | 14 | 20 | 8 | 151881 | 56 | 384 | 71
522 | Revision_522/jscript.c | U | 1209 | 1213 | 5 | 151882 | 57 | 484 | 75
522 | Revision_522/make.c | U | 185 | 189 | 5 | 151883 | 57 | 403 | 75
522 | Revision_522/sql.c | U | 1797 | 1801 | 5 | 151884 | 57 | 404 | 75
522 | Revision_522/vim.c | U | 97 | 101 | 5 | 151885 | 58 | 290 | 100
522 | Revision_522/vim.c | U | 103 | 107 | 5 | 151886 | 58 | 291 | 100
522 | Revision_522/vim.c | U | 244 | 267 | 17 | 151887 | 59 | 334 | 76
522 | Revision_522/vim.c | U | 294 | 312 | 17 | 151888 | 59 | 159 | 76
522 | Revision_522/python.c | U | 107 | 111 | 5 | 151889 | 60 | 278 | 75
522 | Revision_522/sml.c | U | 84 | 88 | 5 | 151890 | 60 | 325 | 75
522 | Revision_522/erlang.c | U | 58 | 62 | 5 | 151891 | 60 | 341 | 75
522 | Revision_522/options.c | U | 960 | 965 | 5 | 151892 | 60 | 280 | 75
522 | Revision_522/python.c | U | 115 | 124 | 9 | 151893 | 61 | 292 | 75
522 | Revision_522/erlang.c | U | 66 | 75 | 9 | 151894 | 61 | 342 | 75
522 | Revision_522/tcl.c | U | 44 | 54 | 9 | 151895 | 61 | 293 | 75
522 | Revision_522/python.c | U | 201 | 210 | 9 | 151896 | 62 | 326 | 71
522 | Revision_522/sml.c | U | 165 | 174 | 9 | 151897 | 62 | 327 | 71
522 | Revision_522/perl.c | U | 206 | 212 | 7 | 151898 | 63 | 389 | 83
522 | Revision_522/perl.c | U | 252 | 257 | 7 | 151899 | 63 | 502 | 83
522 | Revision_522/perl.c | U | 322 | 328 | 7 | 151900 | 64 | 389 | 71
522 | Revision_522/erlang.c | U | 116 | 121 | 7 | 151901 | 64 | 346 | 71
522 | Revision_522/erlang.c | U | 108 | 113 | 7 | 151902 | 64 | 344 | 71
522 | Revision_522/erlang.c | U | 97 | 105 | 7 | 151903 | 64 | 344 | 71
522 | Revision_522/main.c | U | 260 | 267 | 7 | 151904 | 64 | 377 | 71
522 | Revision_522/main.c | U | 179 | 185 | 7 | 151905 | 64 | 376 | 71
522 | Revision_522/sort.c | U | 118 | 123 | 5 | 151906 | 65 | 281 | 100
522 | Revision_522/sort.c | U | 126 | 131 | 5 | 151907 | 65 | 282 | 100
522 | Revision_522/strlist.c | U | 32 | 38 | 8 | 151908 | 66 | 165 | 71
522 | Revision_522/vstring.c | U | 77 | 87 | 8 | 151909 | 66 | 166 | 71
522 | Revision_522/strlist.c | U | 191 | 196 | 7 | 151910 | 67 | 168 | 83
522 | Revision_522/strlist.c | U | 200 | 206 | 7 | 151911 | 67 | 390 | 83
522 | Revision_522/pascal.c | U | 150 | 154 | 6 | 151912 | 68 | 319 | 75
522 | Revision_522/pascal.c | U | 176 | 182 | 6 | 151913 | 68 | 170 | 75
522 | Revision_522/pascal.c | U | 184 | 190 | 6 | 151914 | 68 | 171 | 75
522 | Revision_522/get.c | U | 302 | 311 | 10 | 151915 | 69 | 174 | 70
522 | Revision_522/parse.c | U | 587 | 601 | 10 | 151916 | 69 | 175 | 70
522 | Revision_522/read.c | U | 214 | 225 | 10 | 151917 | 69 | 176 | 70
522 | Revision_522/get.c | U | 464 | 475 | 10 | 151918 | 70 | 177 | 100
522 | Revision_522/get.c | U | 481 | 492 | 10 | 151919 | 70 | 178 | 100
522 | Revision_522/get.c | U | 538 | 543 | 6 | 151920 | 71 | 180 | 80
522 | Revision_522/read.c | U | 415 | 419 | 6 | 151921 | 71 | 181 | 80
522 | Revision_522/main.c | U | 126 | 139 | 6 | 151922 | 72 | 354 | 80
522 | Revision_522/options.c | U | 397 | 402 | 6 | 151923 | 72 | 355 | 80
522 | Revision_522/routines.c | U | 232 | 239 | 6 | 151924 | 73 | 254 | 80
522 | Revision_522/routines.c | U | 242 | 249 | 6 | 151925 | 73 | 255 | 80
522 | Revision_522/routines.c | U | 283 | 290 | 8 | 151926 | 74 | 256 | 83
522 | Revision_522/readtags.c | U | 116 | 123 | 8 | 151927 | 74 | 123 | 83
522 | Revision_522/routines.c | U | 293 | 300 | 8 | 151928 | 74 | 257 | 83
522 | Revision_522/readtags.c | U | 106 | 113 | 8 | 151929 | 74 | 238 | 83
522 | Revision_522/routines.c | U | 317 | 321 | 5 | 151930 | 75 | 258 | 75
522 | Revision_522/vstring.c | U | 125 | 129 | 5 | 151931 | 75 | 188 | 75
522 | Revision_522/vstring.c | U | 118 | 122 | 5 | 151932 | 75 | 189 | 75
522 | Revision_522/routines.c | U | 324 | 330 | 6 | 151933 | 76 | 259 | 100
522 | Revision_522/routines.c | U | 333 | 339 | 6 | 151934 | 76 | 260 | 100
522 | Revision_522/routines.c | U | 344 | 351 | 8 | 151935 | 77 | 261 | 100
522 | Revision_522/routines.c | U | 356 | 363 | 8 | 151936 | 77 | 262 | 100
522 | Revision_522/sh.c | U | 89 | 94 | 6 | 151937 | 78 | 378 | 80
522 | Revision_522/asm.c | U | 348 | 353 | 6 | 151938 | 78 | 379 | 80
522 | Revision_522/beta.c | U | 134 | 141 | 6 | 151939 | 79 | 201 | 75
522 | Revision_522/beta.c | U | 204 | 212 | 6 | 151940 | 79 | 202 | 75
522 | Revision_522/beta.c | U | 152 | 156 | 5 | 151941 | 80 | 203 | 75
522 | Revision_522/beta.c | U | 165 | 169 | 5 | 151942 | 80 | 204 | 75
522 | Revision_522/beta.c | U | 271 | 275 | 5 | 151943 | 80 | 205 | 75
522 | Revision_522/beta.c | U | 277 | 281 | 5 | 151944 | 80 | 207 | 75
522 | Revision_522/beta.c | U | 158 | 162 | 5 | 151945 | 80 | 206 | 75
522 | Revision_522/sql.c | U | 771 | 781 | 8 | 151946 | 81 | 493 | 71
522 | Revision_522/sql.c | U | 1410 | 1419 | 8 | 151947 | 81 | 486 | 71
522 | Revision_522/sql.c | U | 1274 | 1310 | 24 | 151948 | 82 | 487 | 78
522 | Revision_522/sql.c | U | 1679 | 1722 | 24 | 151949 | 82 | 488 | 78
522 | Revision_522/sql.c | U | 1643 | 1668 | 17 | 151950 | 83 | 489 | 84
522 | Revision_522/sql.c | U | 1692 | 1716 | 17 | 151951 | 83 | 490 | 84
522 | Revision_522/parse.c | U | 99 | 109 | 11 | 151952 | 84 | 208 | 88
522 | Revision_522/parse.c | U | 112 | 123 | 11 | 151953 | 84 | 209 | 88
522 | Revision_522/parse.c | U | 300 | 304 | 5 | 151954 | 85 | 356 | 75
522 | Revision_522/parse.c | U | 576 | 580 | 5 | 151955 | 85 | 357 | 75
522 | Revision_522/parse.c | U | 557 | 561 | 5 | 151956 | 85 | 358 | 75
522 | Revision_522/readtags.c | U | 542 | 548 | 6 | 151957 | 86 | 239 | 100
522 | Revision_522/readtags.c | U | 550 | 556 | 6 | 151958 | 86 | 240 | 100
522 | Revision_522/readtags.c | U | 585 | 589 | 6 | 151959 | 87 | 123 | 75
522 | Revision_522/readtags.c | U | 640 | 646 | 6 | 151960 | 87 | 124 | 75
522 | Revision_522/readtags.c | U | 717 | 725 | 8 | 151961 | 88 | 210 | 83
522 | Revision_522/readtags.c | U | 772 | 780 | 8 | 151962 | 88 | 211 | 83
522 | Revision_522/readtags.c | U | 728 | 736 | 8 | 151963 | 88 | 212 | 83
522 | Revision_522/readtags.c | U | 739 | 744 | 6 | 151964 | 89 | 241 | 80
522 | Revision_522/readtags.c | U | 764 | 769 | 6 | 151965 | 89 | 242 | 80
522 | Revision_522/readtags.c | U | 756 | 761 | 6 | 151966 | 89 | 287 | 80
522 | Revision_522/fortran.c | U | 1274 | 1295 | 23 | 151967 | 90 | 369 | 72
522 | Revision_522/fortran.c | U | 1794 | 1817 | 23 | 151968 | 90 | 366 | 72
522 | Revision_522/fortran.c | U | 1454 | 1462 | 10 | 151969 | 91 | 314 | 77
522 | Revision_522/fortran.c | U | 1493 | 1502 | 10 | 151970 | 91 | 59 | 77
522 | Revision_522/fortran.c | U | 1734 | 1749 | 20 | 151971 | 92 | 21 | 84
522 | Revision_522/fortran.c | U | 1951 | 1967 | 20 | 151972 | 92 | 374 | 84
522 | Revision_522/fortran.c | U | 1915 | 1934 | 17 | 151973 | 93 | 220 | 75
522 | Revision_522/fortran.c | U | 1986 | 2003 | 17 | 151974 | 93 | 221 | 75
522 | Revision_522/fortran.c | U | 2063 | 2084 | 17 | 151975 | 93 | 372 | 75
522 | Revision_522/asm.c | U | 244 | 257 | 11 | 151976 | 94 | 289 | 77
522 | Revision_522/asm.c | U | 262 | 272 | 11 | 151977 | 94 | 279 | 77
522 | Revision_522/scheme.c | U | 70 | 78 | 8 | 151978 | 95 | 222 | 71
522 | Revision_522/scheme.c | U | 85 | 93 | 8 | 151979 | 95 | 223 | 71
522 | Revision_522/options.c | U | 369 | 375 | 6 | 151980 | 96 | 224 | 100
522 | Revision_522/options.c | U | 378 | 384 | 6 | 151981 | 96 | 225 | 100
522 | Revision_522/options.c | U | 541 | 547 | 7 | 151982 | 97 | 226 | 100
522 | Revision_522/options.c | U | 559 | 565 | 7 | 151983 | 97 | 227 | 100
522 | Revision_522/options.c | U | 550 | 556 | 7 | 151984 | 97 | 228 | 100
522 | Revision_522/options.c | U | 568 | 574 | 7 | 151985 | 97 | 229 | 100
522 | Revision_522/options.c | U | 979 | 983 | 5 | 151986 | 98 | 230 | 75
522 | Revision_522/options.c | U | 1005 | 1009 | 5 | 151987 | 98 | 231 | 75
522 | Revision_522/options.c | U | 1099 | 1103 | 5 | 151988 | 99 | 232 | 100
522 | Revision_522/options.c | U | 1105 | 1109 | 5 | 151989 | 99 | 233 | 100
522 | Revision_522/options.c | U | 1151 | 1163 | 12 | 151990 | 100 | 360 | 100
522 | Revision_522/options.c | U | 1168 | 1180 | 12 | 151991 | 100 | 235 | 100
522 | Revision_522/options.c | U | 1422 | 1439 | 15 | 151992 | 101 | 236 | 91
522 | Revision_522/options.c | U | 1460 | 1477 | 15 | 151993 | 101 | 237 | 91
