Revision | filePath | changeType | StartLine | EndLine | Nlines | cloneId | classId | globalCloneId | Similarity
533 | Revision_533/lisp.c | U | 91 | 97 | 7 | 156205 | 1 | 1 | 83
533 | Revision_533/lisp.c | U | 112 | 118 | 7 | 156206 | 1 | 2 | 83
533 | Revision_533/lisp.c | U | 127 | 137 | 9 | 156207 | 2 | 3 | 70
533 | Revision_533/lua.c | U | 123 | 131 | 9 | 156208 | 2 | 243 | 70
533 | Revision_533/fortran.c | U | 2203 | 2218 | 9 | 156209 | 2 | 21 | 70
533 | Revision_533/basic.c | U | 191 | 199 | 9 | 156210 | 2 | 408 | 70
533 | Revision_533/verilog.c | U | 316 | 325 | 9 | 156211 | 2 | 283 | 70
533 | Revision_533/c.c | U | 2883 | 2892 | 9 | 156212 | 2 | 12 | 70
533 | Revision_533/basic.c | U | 202 | 210 | 9 | 156213 | 2 | 409 | 70
533 | Revision_533/erlang.c | U | 179 | 187 | 9 | 156214 | 2 | 340 | 70
533 | Revision_533/beta.c | U | 310 | 318 | 9 | 156215 | 2 | 5 | 70
533 | Revision_533/pascal.c | U | 256 | 264 | 9 | 156216 | 2 | 14 | 70
533 | Revision_533/c.c | U | 2871 | 2880 | 9 | 156217 | 2 | 15 | 70
533 | Revision_533/sql.c | U | 1815 | 1824 | 9 | 156218 | 2 | 296 | 70
533 | Revision_533/tcl.c | U | 106 | 114 | 9 | 156219 | 2 | 18 | 70
533 | Revision_533/ruby.c | U | 389 | 397 | 9 | 156220 | 2 | 19 | 70
533 | Revision_533/asp.c | U | 201 | 209 | 9 | 156221 | 2 | 4 | 70
533 | Revision_533/c.c | U | 2859 | 2868 | 9 | 156222 | 2 | 315 | 70
533 | Revision_533/perl.c | U | 341 | 349 | 9 | 156223 | 2 | 7 | 70
533 | Revision_533/basic.c | U | 180 | 188 | 9 | 156224 | 2 | 410 | 70
533 | Revision_533/scheme.c | U | 99 | 109 | 9 | 156225 | 2 | 16 | 70
533 | Revision_533/cobol.c | U | 40 | 48 | 9 | 156226 | 2 | 320 | 70
533 | Revision_533/python.c | U | 447 | 455 | 9 | 156227 | 2 | 13 | 70
533 | Revision_533/c.c | U | 2829 | 2838 | 9 | 156228 | 2 | 330 | 70
533 | Revision_533/vim.c | U | 626 | 634 | 9 | 156229 | 2 | 20 | 70
533 | Revision_533/sml.c | U | 201 | 209 | 9 | 156230 | 2 | 321 | 70
533 | Revision_533/awk.c | U | 71 | 79 | 9 | 156231 | 2 | 10 | 70
533 | Revision_533/php.c | U | 73 | 80 | 9 | 156232 | 2 | 501 | 70
533 | Revision_533/eiffel.c | U | 1246 | 1255 | 9 | 156233 | 2 | 9 | 70
533 | Revision_533/c.c | U | 2841 | 2856 | 9 | 156234 | 2 | 8 | 70
533 | Revision_533/sh.c | U | 103 | 113 | 9 | 156235 | 2 | 17 | 70
533 | Revision_533/yacc.c | U | 31 | 38 | 9 | 156236 | 2 | 23 | 70
533 | Revision_533/slang.c | U | 34 | 41 | 9 | 156237 | 2 | 24 | 70
533 | Revision_533/make.c | U | 199 | 209 | 9 | 156238 | 2 | 25 | 70
533 | Revision_533/jscript.c | U | 1234 | 1247 | 9 | 156239 | 2 | 413 | 70
533 | Revision_533/asm.c | U | 367 | 386 | 9 | 156240 | 2 | 274 | 70
533 | Revision_533/html.c | U | 40 | 47 | 9 | 156241 | 2 | 365 | 70
533 | Revision_533/keyword.c | U | 107 | 116 | 9 | 156242 | 2 | 27 | 70
533 | Revision_533/rexx.c | U | 30 | 37 | 9 | 156243 | 2 | 26 | 70
533 | Revision_533/c.c | U | 2187 | 2192 | 9 | 156244 | 2 | 28 | 70
533 | Revision_533/options.c | U | 624 | 630 | 9 | 156245 | 2 | 29 | 70
533 | Revision_533/options.c | U | 531 | 536 | 9 | 156246 | 2 | 30 | 70
533 | Revision_533/fortran.c | U | 413 | 425 | 9 | 156247 | 2 | 158 | 70
533 | Revision_533/sql.c | U | 346 | 355 | 9 | 156248 | 2 | 309 | 70
533 | Revision_533/c.c | U | 2216 | 2224 | 9 | 156249 | 2 | 31 | 70
533 | Revision_533/jscript.c | U | 187 | 197 | 9 | 156250 | 2 | 414 | 70
533 | Revision_533/eiffel.c | U | 1200 | 1212 | 9 | 156251 | 2 | 157 | 70
533 | Revision_533/c.c | U | 482 | 488 | 9 | 156252 | 2 | 53 | 70
533 | Revision_533/asp.c | U | 71 | 90 | 15 | 156253 | 3 | 33 | 100
533 | Revision_533/asp.c | U | 94 | 113 | 15 | 156254 | 3 | 34 | 100
533 | Revision_533/asp.c | U | 117 | 133 | 14 | 156255 | 4 | 35 | 100
533 | Revision_533/asp.c | U | 156 | 171 | 14 | 156256 | 4 | 36 | 100
533 | Revision_533/asp.c | U | 137 | 152 | 14 | 156257 | 4 | 36 | 100
533 | Revision_533/asp.c | U | 175 | 190 | 14 | 156258 | 4 | 36 | 100
533 | Revision_533/args.c | U | 85 | 92 | 8 | 156259 | 5 | 43 | 100
533 | Revision_533/args.c | U | 160 | 167 | 8 | 156260 | 5 | 44 | 100
533 | Revision_533/args.c | U | 182 | 190 | 9 | 156261 | 6 | 45 | 75
533 | Revision_533/args.c | U | 203 | 211 | 9 | 156262 | 6 | 46 | 75
533 | Revision_533/args.c | U | 193 | 200 | 9 | 156263 | 6 | 47 | 75
533 | Revision_533/args.c | U | 266 | 272 | 6 | 156264 | 7 | 48 | 80
533 | Revision_533/options.c | U | 577 | 582 | 6 | 156265 | 7 | 49 | 80
533 | Revision_533/fortran.c | U | 908 | 913 | 6 | 156266 | 7 | 50 | 80
533 | Revision_533/c.c | U | 534 | 540 | 6 | 156267 | 8 | 51 | 75
533 | Revision_533/jscript.c | U | 200 | 204 | 6 | 156268 | 8 | 415 | 75
533 | Revision_533/sql.c | U | 358 | 362 | 6 | 156269 | 8 | 416 | 75
533 | Revision_533/vstring.c | U | 67 | 74 | 6 | 156270 | 8 | 52 | 75
533 | Revision_533/fortran.c | U | 439 | 444 | 6 | 156271 | 8 | 363 | 75
533 | Revision_533/eiffel.c | U | 1215 | 1221 | 6 | 156272 | 8 | 362 | 75
533 | Revision_533/vstring.c | U | 69 | 73 | 6 | 156273 | 8 | 52 | 75
533 | Revision_533/c.c | U | 543 | 550 | 6 | 156274 | 9 | 53 | 80
533 | Revision_533/c.c | U | 553 | 560 | 6 | 156275 | 9 | 54 | 80
533 | Revision_533/c.c | U | 662 | 678 | 18 | 156276 | 10 | 55 | 70
533 | Revision_533/c.c | U | 1168 | 1186 | 18 | 156277 | 10 | 60 | 70
533 | Revision_533/c.c | U | 681 | 696 | 18 | 156278 | 10 | 57 | 70
533 | Revision_533/fortran.c | U | 1874 | 1890 | 18 | 156279 | 10 | 59 | 70
533 | Revision_533/c.c | U | 1245 | 1259 | 18 | 156280 | 10 | 56 | 70
533 | Revision_533/fortran.c | U | 1115 | 1135 | 18 | 156281 | 10 | 58 | 70
533 | Revision_533/fortran.c | U | 1138 | 1153 | 18 | 156282 | 10 | 375 | 70
533 | Revision_533/jscript.c | U | 1155 | 1174 | 18 | 156283 | 10 | 463 | 70
533 | Revision_533/fortran.c | U | 1118 | 1133 | 18 | 156284 | 10 | 58 | 70
533 | Revision_533/c.c | U | 1171 | 1184 | 18 | 156285 | 10 | 63 | 70
533 | Revision_533/fortran.c | U | 1791 | 1819 | 18 | 156286 | 10 | 366 | 70
533 | Revision_533/Test/local.c | U | 9 | 22 | 18 | 156287 | 10 | 384 | 70
533 | Revision_533/eiffel.c | U | 1111 | 1135 | 18 | 156288 | 10 | 307 | 70
533 | Revision_533/eiffel.c | U | 905 | 945 | 18 | 156289 | 10 | 248 | 70
533 | Revision_533/sql.c | U | 872 | 890 | 18 | 156290 | 10 | 308 | 70
533 | Revision_533/eiffel.c | U | 1190 | 1195 | 18 | 156291 | 10 | 362 | 70
533 | Revision_533/fortran.c | U | 1877 | 1888 | 18 | 156292 | 10 | 65 | 70
533 | Revision_533/fortran.c | U | 1591 | 1628 | 18 | 156293 | 10 | 367 | 70
533 | Revision_533/eiffel.c | U | 1184 | 1196 | 18 | 156294 | 10 | 157 | 70
533 | Revision_533/sql.c | U | 868 | 892 | 18 | 156295 | 10 | 308 | 70
533 | Revision_533/c.c | U | 684 | 694 | 13 | 156296 | 11 | 57 | 75
533 | Revision_533/c.c | U | 1247 | 1258 | 13 | 156297 | 11 | 64 | 75
533 | Revision_533/c.c | U | 714 | 736 | 21 | 156298 | 12 | 72 | 70
533 | Revision_533/fortran.c | U | 1305 | 1315 | 21 | 156299 | 12 | 337 | 70
533 | Revision_533/c.c | U | 746 | 752 | 8 | 156300 | 13 | 74 | 71
533 | Revision_533/options.c | U | 470 | 477 | 8 | 156301 | 13 | 75 | 71
533 | Revision_533/c.c | U | 787 | 791 | 8 | 156302 | 14 | 76 | 71
533 | Revision_533/eiffel.c | U | 674 | 678 | 8 | 156303 | 14 | 249 | 71
533 | Revision_533/c.c | U | 2111 | 2115 | 8 | 156304 | 14 | 80 | 71
533 | Revision_533/fortran.c | U | 1919 | 1923 | 8 | 156305 | 14 | 79 | 71
533 | Revision_533/jscript.c | U | 1091 | 1095 | 8 | 156306 | 14 | 417 | 71
533 | Revision_533/sql.c | U | 984 | 991 | 8 | 156307 | 14 | 418 | 71
533 | Revision_533/sql.c | U | 900 | 906 | 8 | 156308 | 14 | 419 | 71
533 | Revision_533/sql.c | U | 517 | 521 | 8 | 156309 | 14 | 300 | 71
533 | Revision_533/eiffel.c | U | 661 | 665 | 8 | 156310 | 14 | 250 | 71
533 | Revision_533/readtags.c | U | 144 | 148 | 8 | 156311 | 14 | 87 | 71
533 | Revision_533/jscript.c | U | 1075 | 1096 | 8 | 156312 | 14 | 494 | 71
533 | Revision_533/eiffel.c | U | 961 | 965 | 8 | 156313 | 14 | 269 | 71
533 | Revision_533/eiffel.c | U | 1012 | 1016 | 8 | 156314 | 14 | 269 | 71
533 | Revision_533/eiffel.c | U | 874 | 878 | 8 | 156315 | 14 | 269 | 71
533 | Revision_533/fortran.c | U | 1346 | 1350 | 8 | 156316 | 14 | 85 | 71
533 | Revision_533/jscript.c | U | 1100 | 1113 | 8 | 156317 | 14 | 464 | 71
533 | Revision_533/sql.c | U | 1447 | 1453 | 8 | 156318 | 14 | 420 | 71
533 | Revision_533/sql.c | U | 1476 | 1482 | 8 | 156319 | 14 | 421 | 71
533 | Revision_533/eiffel.c | U | 849 | 854 | 8 | 156320 | 14 | 151 | 71
533 | Revision_533/sql.c | U | 1217 | 1222 | 8 | 156321 | 14 | 422 | 71
533 | Revision_533/strlist.c | U | 150 | 154 | 8 | 156322 | 14 | 126 | 71
533 | Revision_533/c.c | U | 2158 | 2162 | 8 | 156323 | 14 | 125 | 71
533 | Revision_533/c.c | U | 2177 | 2184 | 8 | 156324 | 14 | 244 | 71
533 | Revision_533/c.c | U | 1782 | 1786 | 8 | 156325 | 14 | 121 | 71
533 | Revision_533/fortran.c | U | 1727 | 1731 | 8 | 156326 | 14 | 373 | 71
533 | Revision_533/vstring.c | U | 35 | 40 | 8 | 156327 | 14 | 98 | 71
533 | Revision_533/c.c | U | 1773 | 1777 | 8 | 156328 | 14 | 331 | 71
533 | Revision_533/keyword.c | U | 185 | 189 | 8 | 156329 | 14 | 91 | 71
533 | Revision_533/readtags.c | U | 455 | 459 | 8 | 156330 | 14 | 90 | 71
533 | Revision_533/options.c | U | 1039 | 1043 | 8 | 156331 | 14 | 89 | 71
533 | Revision_533/fortran.c | U | 1214 | 1218 | 8 | 156332 | 14 | 85 | 71
533 | Revision_533/fortran.c | U | 589 | 593 | 8 | 156333 | 14 | 95 | 71
533 | Revision_533/c.c | U | 2747 | 2752 | 8 | 156334 | 14 | 94 | 71
533 | Revision_533/ruby.c | U | 214 | 218 | 8 | 156335 | 14 | 392 | 71
533 | Revision_533/sql.c | U | 1209 | 1215 | 8 | 156336 | 14 | 492 | 71
533 | Revision_533/jscript.c | U | 623 | 634 | 8 | 156337 | 14 | 426 | 71
533 | Revision_533/fortran.c | U | 1555 | 1560 | 8 | 156338 | 14 | 79 | 71
533 | Revision_533/fortran.c | U | 1343 | 1351 | 8 | 156339 | 14 | 84 | 71
533 | Revision_533/sql.c | U | 742 | 753 | 8 | 156340 | 14 | 424 | 71
533 | Revision_533/eiffel.c | U | 1031 | 1035 | 8 | 156341 | 14 | 151 | 71
533 | Revision_533/sql.c | U | 831 | 851 | 8 | 156342 | 14 | 423 | 71
533 | Revision_533/fortran.c | U | 1011 | 1015 | 8 | 156343 | 14 | 128 | 71
533 | Revision_533/options.c | U | 672 | 676 | 8 | 156344 | 14 | 127 | 71
533 | Revision_533/fortran.c | U | 1548 | 1553 | 8 | 156345 | 14 | 79 | 71
533 | Revision_533/eiffel.c | U | 1067 | 1076 | 8 | 156346 | 14 | 101 | 71
533 | Revision_533/jscript.c | U | 708 | 715 | 8 | 156347 | 14 | 427 | 71
533 | Revision_533/options.c | U | 1218 | 1222 | 8 | 156348 | 14 | 129 | 71
533 | Revision_533/jscript.c | U | 1032 | 1050 | 8 | 156349 | 14 | 429 | 71
533 | Revision_533/sql.c | U | 1343 | 1350 | 8 | 156350 | 14 | 430 | 71
533 | Revision_533/jscript.c | U | 498 | 508 | 8 | 156351 | 14 | 428 | 71
533 | Revision_533/sql.c | U | 1725 | 1753 | 8 | 156352 | 14 | 431 | 71
533 | Revision_533/fortran.c | U | 1421 | 1429 | 8 | 156353 | 14 | 59 | 71
533 | Revision_533/jscript.c | U | 512 | 547 | 8 | 156354 | 14 | 432 | 71
533 | Revision_533/fortran.c | U | 1716 | 1725 | 8 | 156355 | 14 | 221 | 71
533 | Revision_533/jscript.c | U | 574 | 600 | 8 | 156356 | 14 | 433 | 71
533 | Revision_533/jscript.c | U | 706 | 716 | 8 | 156357 | 14 | 427 | 71
533 | Revision_533/sql.c | U | 1170 | 1183 | 8 | 156358 | 14 | 436 | 71
533 | Revision_533/sql.c | U | 1008 | 1031 | 8 | 156359 | 14 | 437 | 71
533 | Revision_533/sql.c | U | 975 | 992 | 8 | 156360 | 14 | 435 | 71
533 | Revision_533/jscript.c | U | 639 | 688 | 8 | 156361 | 14 | 491 | 71
533 | Revision_533/fortran.c | U | 1540 | 1546 | 8 | 156362 | 14 | 65 | 71
533 | Revision_533/jscript.c | U | 853 | 872 | 8 | 156363 | 14 | 438 | 71
533 | Revision_533/fortran.c | U | 1087 | 1093 | 8 | 156364 | 14 | 350 | 71
533 | Revision_533/fortran.c | U | 1761 | 1767 | 8 | 156365 | 14 | 314 | 71
533 | Revision_533/sql.c | U | 1459 | 1485 | 8 | 156366 | 14 | 439 | 71
533 | Revision_533/sql.c | U | 1428 | 1456 | 8 | 156367 | 14 | 441 | 71
533 | Revision_533/sql.c | U | 1527 | 1548 | 8 | 156368 | 14 | 442 | 71
533 | Revision_533/sql.c | U | 1488 | 1509 | 8 | 156369 | 14 | 440 | 71
533 | Revision_533/sql.c | U | 1551 | 1572 | 8 | 156370 | 14 | 443 | 71
533 | Revision_533/sql.c | U | 1575 | 1615 | 8 | 156371 | 14 | 445 | 71
533 | Revision_533/jscript.c | U | 845 | 874 | 8 | 156372 | 14 | 438 | 71
533 | Revision_533/jscript.c | U | 850 | 873 | 8 | 156373 | 14 | 438 | 71
533 | Revision_533/sql.c | U | 1313 | 1352 | 8 | 156374 | 14 | 448 | 71
533 | Revision_533/sql.c | U | 1187 | 1225 | 8 | 156375 | 14 | 447 | 71
533 | Revision_533/jscript.c | U | 602 | 635 | 8 | 156376 | 14 | 446 | 71
533 | Revision_533/sql.c | U | 1228 | 1271 | 8 | 156377 | 14 | 449 | 71
533 | Revision_533/jscript.c | U | 842 | 875 | 8 | 156378 | 14 | 438 | 71
533 | Revision_533/c.c | U | 797 | 818 | 43 | 156379 | 15 | 103 | 80
533 | Revision_533/c.c | U | 932 | 951 | 43 | 156380 | 15 | 103 | 80
533 | Revision_533/c.c | U | 821 | 841 | 43 | 156381 | 15 | 332 | 80
533 | Revision_533/c.c | U | 865 | 885 | 43 | 156382 | 15 | 316 | 80
533 | Revision_533/c.c | U | 844 | 863 | 43 | 156383 | 15 | 316 | 80
533 | Revision_533/c.c | U | 888 | 899 | 12 | 156384 | 16 | 317 | 90
533 | Revision_533/c.c | U | 902 | 913 | 12 | 156385 | 16 | 318 | 90
533 | Revision_533/c.c | U | 1053 | 1058 | 6 | 156386 | 17 | 407 | 80
533 | Revision_533/jscript.c | U | 1012 | 1017 | 6 | 156387 | 17 | 417 | 80
533 | Revision_533/c.c | U | 1308 | 1314 | 7 | 156388 | 18 | 385 | 71
533 | Revision_533/make.c | U | 63 | 69 | 7 | 156389 | 18 | 394 | 71
533 | Revision_533/fortran.c | U | 501 | 509 | 7 | 156390 | 18 | 112 | 71
533 | Revision_533/make.c | U | 53 | 60 | 7 | 156391 | 18 | 395 | 71
533 | Revision_533/c.c | U | 1381 | 1388 | 7 | 156392 | 19 | 108 | 80
533 | Revision_533/c.c | U | 1390 | 1397 | 7 | 156393 | 19 | 109 | 80
533 | Revision_533/c.c | U | 1411 | 1418 | 7 | 156394 | 20 | 110 | 71
533 | Revision_533/c.c | U | 1421 | 1428 | 7 | 156395 | 20 | 111 | 71
533 | Revision_533/c.c | U | 2149 | 2156 | 7 | 156396 | 20 | 405 | 71
533 | Revision_533/fortran.c | U | 628 | 634 | 7 | 156397 | 20 | 112 | 71
533 | Revision_533/sql.c | U | 558 | 565 | 7 | 156398 | 20 | 406 | 71
533 | Revision_533/jscript.c | U | 381 | 388 | 7 | 156399 | 20 | 450 | 71
533 | Revision_533/c.c | U | 1459 | 1464 | 6 | 156400 | 21 | 386 | 80
533 | Revision_533/c.c | U | 1793 | 1798 | 6 | 156401 | 21 | 80 | 80
533 | Revision_533/c.c | U | 1477 | 1486 | 9 | 156402 | 22 | 294 | 71
533 | Revision_533/eiffel.c | U | 557 | 565 | 9 | 156403 | 22 | 295 | 71
533 | Revision_533/c.c | U | 1480 | 1484 | 5 | 156404 | 23 | 294 | 75
533 | Revision_533/readtags.c | U | 503 | 507 | 5 | 156405 | 23 | 90 | 75
533 | Revision_533/readtags.c | U | 680 | 684 | 5 | 156406 | 23 | 99 | 75
533 | Revision_533/c.c | U | 1494 | 1507 | 10 | 156407 | 24 | 396 | 75
533 | Revision_533/make.c | U | 77 | 87 | 10 | 156408 | 24 | 397 | 75
533 | Revision_533/verilog.c | U | 197 | 210 | 10 | 156409 | 24 | 398 | 75
533 | Revision_533/fortran.c | U | 857 | 868 | 10 | 156410 | 24 | 116 | 75
533 | Revision_533/jscript.c | U | 304 | 315 | 10 | 156411 | 24 | 451 | 75
533 | Revision_533/eiffel.c | U | 588 | 600 | 10 | 156412 | 24 | 114 | 75
533 | Revision_533/eiffel.c | U | 573 | 585 | 10 | 156413 | 24 | 117 | 75
533 | Revision_533/sql.c | U | 443 | 454 | 10 | 156414 | 24 | 306 | 75
533 | Revision_533/c.c | U | 1611 | 1617 | 8 | 156415 | 25 | 452 | 75
533 | Revision_533/jscript.c | U | 419 | 427 | 8 | 156416 | 25 | 453 | 75
533 | Revision_533/c.c | U | 1837 | 1841 | 5 | 156417 | 26 | 118 | 75
533 | Revision_533/fortran.c | U | 812 | 816 | 5 | 156418 | 26 | 120 | 75
533 | Revision_533/eiffel.c | U | 420 | 424 | 5 | 156419 | 26 | 119 | 75
533 | Revision_533/c.c | U | 1983 | 1987 | 5 | 156420 | 27 | 121 | 75
533 | Revision_533/get.c | U | 594 | 598 | 5 | 156421 | 27 | 122 | 75
533 | Revision_533/fortran.c | U | 622 | 626 | 5 | 156422 | 27 | 112 | 75
533 | Revision_533/fortran.c | U | 731 | 735 | 5 | 156423 | 27 | 144 | 75
533 | Revision_533/vim.c | U | 400 | 408 | 5 | 156424 | 27 | 500 | 75
533 | Revision_533/python.c | U | 380 | 387 | 5 | 156425 | 27 | 503 | 75
533 | Revision_533/pascal.c | U | 134 | 138 | 5 | 156426 | 27 | 164 | 75
533 | Revision_533/perl.c | U | 185 | 189 | 5 | 156427 | 27 | 163 | 75
533 | Revision_533/c.c | U | 2137 | 2144 | 9 | 156428 | 28 | 28 | 71
533 | Revision_533/eiffel.c | U | 1064 | 1077 | 9 | 156429 | 28 | 156 | 71
533 | Revision_533/c.c | U | 2460 | 2467 | 5 | 156430 | 29 | 94 | 75
533 | Revision_533/sql.c | U | 1401 | 1405 | 5 | 156431 | 29 | 454 | 75
533 | Revision_533/sql.c | U | 1660 | 1664 | 5 | 156432 | 29 | 455 | 75
533 | Revision_533/jscript.c | U | 779 | 788 | 5 | 156433 | 29 | 456 | 75
533 | Revision_533/jscript.c | U | 790 | 795 | 5 | 156434 | 29 | 457 | 75
533 | Revision_533/c.c | U | 2473 | 2477 | 5 | 156435 | 30 | 387 | 100
533 | Revision_533/c.c | U | 2480 | 2484 | 5 | 156436 | 30 | 94 | 100
533 | Revision_533/c.c | U | 2703 | 2708 | 6 | 156437 | 31 | 94 | 80
533 | Revision_533/sql.c | U | 995 | 1000 | 6 | 156438 | 31 | 301 | 80
533 | Revision_533/c.c | U | 2787 | 2796 | 9 | 156439 | 32 | 130 | 71
533 | Revision_533/fortran.c | U | 397 | 406 | 9 | 156440 | 32 | 132 | 71
533 | Revision_533/asm.c | U | 120 | 128 | 9 | 156441 | 32 | 288 | 71
533 | Revision_533/eiffel.c | U | 216 | 225 | 9 | 156442 | 32 | 131 | 71
533 | Revision_533/sql.c | U | 334 | 343 | 9 | 156443 | 32 | 302 | 71
533 | Revision_533/verilog.c | U | 108 | 118 | 9 | 156444 | 32 | 381 | 71
533 | Revision_533/jscript.c | U | 175 | 184 | 9 | 156445 | 32 | 458 | 71
533 | Revision_533/eiffel.c | U | 288 | 302 | 10 | 156446 | 33 | 133 | 71
533 | Revision_533/jscript.c | U | 211 | 225 | 10 | 156447 | 33 | 459 | 71
533 | Revision_533/sql.c | U | 369 | 383 | 10 | 156448 | 33 | 303 | 71
533 | Revision_533/beta.c | U | 71 | 80 | 10 | 156449 | 33 | 134 | 71
533 | Revision_533/parse.c | U | 46 | 57 | 10 | 156450 | 33 | 135 | 71
533 | Revision_533/sml.c | U | 75 | 81 | 10 | 156451 | 33 | 324 | 71
533 | Revision_533/eiffel.c | U | 290 | 300 | 10 | 156452 | 33 | 136 | 71
533 | Revision_533/eiffel.c | U | 368 | 377 | 8 | 156453 | 34 | 304 | 100
533 | Revision_533/jscript.c | U | 274 | 281 | 8 | 156454 | 34 | 460 | 100
533 | Revision_533/sql.c | U | 414 | 421 | 8 | 156455 | 34 | 305 | 100
533 | Revision_533/eiffel.c | U | 383 | 408 | 23 | 156456 | 35 | 139 | 75
533 | Revision_533/fortran.c | U | 770 | 800 | 23 | 156457 | 35 | 140 | 75
533 | Revision_533/eiffel.c | U | 411 | 436 | 20 | 156458 | 36 | 141 | 94
533 | Revision_533/fortran.c | U | 803 | 828 | 20 | 156459 | 36 | 142 | 94
533 | Revision_533/eiffel.c | U | 548 | 552 | 5 | 156460 | 37 | 143 | 75
533 | Revision_533/verilog.c | U | 142 | 146 | 5 | 156461 | 37 | 383 | 75
533 | Revision_533/fortran.c | U | 792 | 796 | 5 | 156462 | 37 | 144 | 75
533 | Revision_533/fortran.c | U | 990 | 994 | 5 | 156463 | 37 | 145 | 75
533 | Revision_533/verilog.c | U | 236 | 240 | 5 | 156464 | 37 | 382 | 75
533 | Revision_533/eiffel.c | U | 603 | 613 | 9 | 156465 | 38 | 146 | 87
533 | Revision_533/asm.c | U | 131 | 140 | 9 | 156466 | 38 | 270 | 87
533 | Revision_533/fortran.c | U | 875 | 885 | 9 | 156467 | 38 | 147 | 87
533 | Revision_533/eiffel.c | U | 721 | 728 | 9 | 156468 | 39 | 148 | 77
533 | Revision_533/jscript.c | U | 404 | 413 | 9 | 156469 | 39 | 461 | 77
533 | Revision_533/eiffel.c | U | 772 | 819 | 13 | 156470 | 40 | 349 | 72
533 | Revision_533/fortran.c | U | 1101 | 1112 | 13 | 156471 | 40 | 350 | 72
533 | Revision_533/eiffel.c | U | 837 | 855 | 11 | 156472 | 41 | 251 | 72
533 | Revision_533/fortran.c | U | 1383 | 1396 | 11 | 156473 | 41 | 336 | 72
533 | Revision_533/eiffel.c | U | 859 | 880 | 11 | 156474 | 41 | 252 | 72
533 | Revision_533/fortran.c | U | 1637 | 1645 | 11 | 156475 | 41 | 337 | 72
533 | Revision_533/eiffel.c | U | 1006 | 1019 | 11 | 156476 | 41 | 253 | 72
533 | Revision_533/jscript.c | U | 1056 | 1068 | 11 | 156477 | 41 | 495 | 72
533 | Revision_533/eiffel.c | U | 867 | 879 | 11 | 156478 | 41 | 156 | 72
533 | Revision_533/sql.c | U | 1296 | 1306 | 11 | 156479 | 41 | 462 | 72
533 | Revision_533/eiffel.c | U | 996 | 1004 | 7 | 156480 | 42 | 496 | 83
533 | Revision_533/jscript.c | U | 1060 | 1067 | 7 | 156481 | 42 | 495 | 83
533 | Revision_533/fortran.c | U | 1328 | 1334 | 7 | 156482 | 42 | 85 | 83
533 | Revision_533/fortran.c | U | 1387 | 1393 | 7 | 156483 | 42 | 84 | 83
533 | Revision_533/basic.c | U | 118 | 123 | 6 | 156484 | 43 | 411 | 80
533 | Revision_533/basic.c | U | 130 | 135 | 6 | 156485 | 43 | 412 | 80
533 | Revision_533/verilog.c | U | 185 | 191 | 8 | 156486 | 44 | 399 | 75
533 | Revision_533/make.c | U | 97 | 105 | 8 | 156487 | 44 | 400 | 75
533 | Revision_533/verilog.c | U | 273 | 277 | 5 | 156488 | 45 | 401 | 75
533 | Revision_533/make.c | U | 44 | 48 | 5 | 156489 | 45 | 402 | 75
533 | Revision_533/jscript.c | U | 228 | 249 | 15 | 156490 | 46 | 467 | 100
533 | Revision_533/sql.c | U | 386 | 407 | 15 | 156491 | 46 | 468 | 100
533 | Revision_533/jscript.c | U | 252 | 258 | 6 | 156492 | 47 | 415 | 100
533 | Revision_533/jscript.c | U | 261 | 267 | 6 | 156493 | 47 | 460 | 100
533 | Revision_533/jscript.c | U | 284 | 298 | 14 | 156494 | 48 | 469 | 100
533 | Revision_533/sql.c | U | 424 | 438 | 14 | 156495 | 48 | 470 | 100
533 | Revision_533/jscript.c | U | 318 | 324 | 7 | 156496 | 49 | 471 | 100
533 | Revision_533/sql.c | U | 457 | 463 | 7 | 156497 | 49 | 297 | 100
533 | Revision_533/jscript.c | U | 327 | 416 | 107 | 156498 | 50 | 472 | 72
533 | Revision_533/sql.c | U | 466 | 599 | 107 | 156499 | 50 | 473 | 72
533 | Revision_533/jscript.c | U | 434 | 464 | 18 | 156500 | 51 | 465 | 100
533 | Revision_533/sql.c | U | 653 | 683 | 18 | 156501 | 51 | 466 | 100
533 | Revision_533/jscript.c | U | 467 | 474 | 7 | 156502 | 52 | 474 | 80
533 | Revision_533/sql.c | U | 618 | 625 | 7 | 156503 | 52 | 476 | 80
533 | Revision_533/jscript.c | U | 477 | 484 | 7 | 156504 | 52 | 475 | 80
533 | Revision_533/jscript.c | U | 722 | 728 | 8 | 156505 | 53 | 480 | 75
533 | Revision_533/jscript.c | U | 1019 | 1028 | 8 | 156506 | 53 | 481 | 75
533 | Revision_533/jscript.c | U | 861 | 871 | 6 | 156507 | 54 | 479 | 80
533 | Revision_533/options.c | U | 352 | 357 | 6 | 156508 | 54 | 224 | 80
533 | Revision_533/jscript.c | U | 920 | 929 | 6 | 156509 | 55 | 497 | 75
533 | Revision_533/options.c | U | 1680 | 1684 | 6 | 156510 | 55 | 333 | 75
533 | Revision_533/jscript.c | U | 1196 | 1199 | 8 | 156511 | 56 | 498 | 71
533 | Revision_533/Test/local.c | U | 14 | 20 | 8 | 156512 | 56 | 384 | 71
533 | Revision_533/jscript.c | U | 1209 | 1213 | 5 | 156513 | 57 | 484 | 75
533 | Revision_533/make.c | U | 185 | 189 | 5 | 156514 | 57 | 403 | 75
533 | Revision_533/sql.c | U | 1797 | 1801 | 5 | 156515 | 57 | 404 | 75
533 | Revision_533/vim.c | U | 97 | 101 | 5 | 156516 | 58 | 290 | 100
533 | Revision_533/vim.c | U | 103 | 107 | 5 | 156517 | 58 | 291 | 100
533 | Revision_533/vim.c | U | 244 | 267 | 17 | 156518 | 59 | 334 | 76
533 | Revision_533/vim.c | U | 294 | 312 | 17 | 156519 | 59 | 159 | 76
533 | Revision_533/python.c | U | 84 | 97 | 11 | 156520 | 60 | 37 | 77
533 | Revision_533/python.c | U | 127 | 138 | 11 | 156521 | 60 | 13 | 77
533 | Revision_533/python.c | U | 177 | 181 | 5 | 156522 | 61 | 278 | 75
533 | Revision_533/sml.c | U | 84 | 88 | 5 | 156523 | 61 | 325 | 75
533 | Revision_533/python.c | U | 198 | 202 | 5 | 156524 | 61 | 326 | 75
533 | Revision_533/erlang.c | U | 58 | 62 | 5 | 156525 | 61 | 341 | 75
533 | Revision_533/options.c | U | 960 | 965 | 5 | 156526 | 61 | 280 | 75
533 | Revision_533/python.c | U | 206 | 215 | 9 | 156527 | 62 | 292 | 75
533 | Revision_533/erlang.c | U | 66 | 75 | 9 | 156528 | 62 | 342 | 75
533 | Revision_533/tcl.c | U | 44 | 54 | 9 | 156529 | 62 | 293 | 75
533 | Revision_533/python.c | U | 417 | 421 | 5 | 156530 | 63 | 504 | 75
533 | Revision_533/pascal.c | U | 184 | 190 | 5 | 156531 | 63 | 171 | 75
533 | Revision_533/pascal.c | U | 176 | 182 | 5 | 156532 | 63 | 170 | 75
533 | Revision_533/pascal.c | U | 150 | 154 | 5 | 156533 | 63 | 319 | 75
533 | Revision_533/perl.c | U | 206 | 212 | 7 | 156534 | 64 | 389 | 83
533 | Revision_533/perl.c | U | 252 | 257 | 7 | 156535 | 64 | 502 | 83
533 | Revision_533/perl.c | U | 322 | 328 | 7 | 156536 | 65 | 389 | 71
533 | Revision_533/erlang.c | U | 97 | 105 | 7 | 156537 | 65 | 344 | 71
533 | Revision_533/erlang.c | U | 108 | 113 | 7 | 156538 | 65 | 346 | 71
533 | Revision_533/erlang.c | U | 116 | 121 | 7 | 156539 | 65 | 344 | 71
533 | Revision_533/main.c | U | 260 | 267 | 7 | 156540 | 65 | 377 | 71
533 | Revision_533/main.c | U | 179 | 185 | 7 | 156541 | 65 | 376 | 71
533 | Revision_533/sort.c | U | 118 | 123 | 5 | 156542 | 66 | 281 | 100
533 | Revision_533/sort.c | U | 126 | 131 | 5 | 156543 | 66 | 282 | 100
533 | Revision_533/strlist.c | U | 32 | 38 | 8 | 156544 | 67 | 165 | 71
533 | Revision_533/vstring.c | U | 77 | 87 | 8 | 156545 | 67 | 166 | 71
533 | Revision_533/strlist.c | U | 191 | 196 | 7 | 156546 | 68 | 168 | 83
533 | Revision_533/strlist.c | U | 200 | 206 | 7 | 156547 | 68 | 390 | 83
533 | Revision_533/get.c | U | 305 | 314 | 10 | 156548 | 69 | 174 | 70
533 | Revision_533/parse.c | U | 587 | 601 | 10 | 156549 | 69 | 175 | 70
533 | Revision_533/read.c | U | 214 | 225 | 10 | 156550 | 69 | 176 | 70
533 | Revision_533/get.c | U | 467 | 478 | 10 | 156551 | 70 | 177 | 87
533 | Revision_533/get.c | U | 484 | 495 | 10 | 156552 | 70 | 178 | 87
533 | Revision_533/get.c | U | 541 | 546 | 6 | 156553 | 71 | 180 | 80
533 | Revision_533/read.c | U | 415 | 419 | 6 | 156554 | 71 | 181 | 80
533 | Revision_533/main.c | U | 126 | 139 | 6 | 156555 | 72 | 354 | 80
533 | Revision_533/options.c | U | 397 | 402 | 6 | 156556 | 72 | 355 | 80
533 | Revision_533/routines.c | U | 232 | 239 | 6 | 156557 | 73 | 254 | 80
533 | Revision_533/routines.c | U | 242 | 249 | 6 | 156558 | 73 | 255 | 80
533 | Revision_533/routines.c | U | 283 | 290 | 8 | 156559 | 74 | 256 | 83
533 | Revision_533/routines.c | U | 293 | 300 | 8 | 156560 | 74 | 257 | 83
533 | Revision_533/readtags.c | U | 116 | 123 | 8 | 156561 | 74 | 123 | 83
533 | Revision_533/readtags.c | U | 106 | 113 | 8 | 156562 | 74 | 238 | 83
533 | Revision_533/routines.c | U | 317 | 321 | 5 | 156563 | 75 | 258 | 75
533 | Revision_533/vstring.c | U | 125 | 129 | 5 | 156564 | 75 | 188 | 75
533 | Revision_533/vstring.c | U | 118 | 122 | 5 | 156565 | 75 | 189 | 75
533 | Revision_533/routines.c | U | 324 | 330 | 6 | 156566 | 76 | 259 | 100
533 | Revision_533/routines.c | U | 333 | 339 | 6 | 156567 | 76 | 260 | 100
533 | Revision_533/routines.c | U | 344 | 351 | 8 | 156568 | 77 | 261 | 100
533 | Revision_533/routines.c | U | 356 | 363 | 8 | 156569 | 77 | 262 | 100
533 | Revision_533/sh.c | U | 89 | 94 | 6 | 156570 | 78 | 378 | 80
533 | Revision_533/asm.c | U | 348 | 353 | 6 | 156571 | 78 | 379 | 80
533 | Revision_533/beta.c | U | 134 | 141 | 6 | 156572 | 79 | 201 | 75
533 | Revision_533/beta.c | U | 204 | 212 | 6 | 156573 | 79 | 202 | 75
533 | Revision_533/beta.c | U | 152 | 156 | 5 | 156574 | 80 | 203 | 75
533 | Revision_533/beta.c | U | 271 | 275 | 5 | 156575 | 80 | 205 | 75
533 | Revision_533/beta.c | U | 277 | 281 | 5 | 156576 | 80 | 207 | 75
533 | Revision_533/beta.c | U | 165 | 169 | 5 | 156577 | 80 | 204 | 75
533 | Revision_533/beta.c | U | 158 | 162 | 5 | 156578 | 80 | 206 | 75
533 | Revision_533/sql.c | U | 771 | 781 | 8 | 156579 | 81 | 493 | 71
533 | Revision_533/sql.c | U | 1410 | 1419 | 8 | 156580 | 81 | 486 | 71
533 | Revision_533/sql.c | U | 1274 | 1310 | 24 | 156581 | 82 | 487 | 78
533 | Revision_533/sql.c | U | 1679 | 1722 | 24 | 156582 | 82 | 488 | 78
533 | Revision_533/sql.c | U | 1643 | 1668 | 17 | 156583 | 83 | 489 | 84
533 | Revision_533/sql.c | U | 1692 | 1716 | 17 | 156584 | 83 | 490 | 84
533 | Revision_533/parse.c | U | 99 | 109 | 11 | 156585 | 84 | 208 | 88
533 | Revision_533/parse.c | U | 112 | 123 | 11 | 156586 | 84 | 209 | 88
533 | Revision_533/parse.c | U | 300 | 304 | 5 | 156587 | 85 | 356 | 75
533 | Revision_533/parse.c | U | 576 | 580 | 5 | 156588 | 85 | 357 | 75
533 | Revision_533/parse.c | U | 557 | 561 | 5 | 156589 | 85 | 358 | 75
533 | Revision_533/readtags.c | U | 542 | 548 | 6 | 156590 | 86 | 239 | 100
533 | Revision_533/readtags.c | U | 550 | 556 | 6 | 156591 | 86 | 240 | 100
533 | Revision_533/readtags.c | U | 585 | 589 | 6 | 156592 | 87 | 123 | 75
533 | Revision_533/readtags.c | U | 640 | 646 | 6 | 156593 | 87 | 124 | 75
533 | Revision_533/readtags.c | U | 717 | 725 | 8 | 156594 | 88 | 210 | 83
533 | Revision_533/readtags.c | U | 772 | 780 | 8 | 156595 | 88 | 211 | 83
533 | Revision_533/readtags.c | U | 728 | 736 | 8 | 156596 | 88 | 212 | 83
533 | Revision_533/readtags.c | U | 739 | 744 | 6 | 156597 | 89 | 241 | 80
533 | Revision_533/readtags.c | U | 764 | 769 | 6 | 156598 | 89 | 242 | 80
533 | Revision_533/readtags.c | U | 756 | 761 | 6 | 156599 | 89 | 287 | 80
533 | Revision_533/fortran.c | U | 1274 | 1295 | 23 | 156600 | 90 | 369 | 72
533 | Revision_533/fortran.c | U | 1794 | 1817 | 23 | 156601 | 90 | 366 | 72
533 | Revision_533/fortran.c | U | 1454 | 1462 | 10 | 156602 | 91 | 314 | 77
533 | Revision_533/fortran.c | U | 1493 | 1502 | 10 | 156603 | 91 | 59 | 77
533 | Revision_533/fortran.c | U | 1734 | 1749 | 20 | 156604 | 92 | 21 | 84
533 | Revision_533/fortran.c | U | 1951 | 1967 | 20 | 156605 | 92 | 374 | 84
533 | Revision_533/fortran.c | U | 1915 | 1934 | 17 | 156606 | 93 | 220 | 75
533 | Revision_533/fortran.c | U | 1986 | 2003 | 17 | 156607 | 93 | 221 | 75
533 | Revision_533/fortran.c | U | 2063 | 2084 | 17 | 156608 | 93 | 372 | 75
533 | Revision_533/asm.c | U | 244 | 257 | 11 | 156609 | 94 | 289 | 77
533 | Revision_533/asm.c | U | 262 | 272 | 11 | 156610 | 94 | 279 | 77
533 | Revision_533/scheme.c | U | 70 | 78 | 8 | 156611 | 95 | 222 | 71
533 | Revision_533/scheme.c | U | 85 | 93 | 8 | 156612 | 95 | 223 | 71
533 | Revision_533/options.c | U | 369 | 375 | 6 | 156613 | 96 | 224 | 100
533 | Revision_533/options.c | U | 378 | 384 | 6 | 156614 | 96 | 225 | 100
533 | Revision_533/options.c | U | 541 | 547 | 7 | 156615 | 97 | 226 | 100
533 | Revision_533/options.c | U | 550 | 556 | 7 | 156616 | 97 | 227 | 100
533 | Revision_533/options.c | U | 559 | 565 | 7 | 156617 | 97 | 228 | 100
533 | Revision_533/options.c | U | 568 | 574 | 7 | 156618 | 97 | 229 | 100
533 | Revision_533/options.c | U | 979 | 983 | 5 | 156619 | 98 | 230 | 75
533 | Revision_533/options.c | U | 1005 | 1009 | 5 | 156620 | 98 | 231 | 75
533 | Revision_533/options.c | U | 1099 | 1103 | 5 | 156621 | 99 | 232 | 100
533 | Revision_533/options.c | U | 1105 | 1109 | 5 | 156622 | 99 | 233 | 100
533 | Revision_533/options.c | U | 1151 | 1163 | 12 | 156623 | 100 | 360 | 100
533 | Revision_533/options.c | U | 1168 | 1180 | 12 | 156624 | 100 | 235 | 100
533 | Revision_533/options.c | U | 1422 | 1439 | 15 | 156625 | 101 | 236 | 91
533 | Revision_533/options.c | U | 1460 | 1477 | 15 | 156626 | 101 | 237 | 91
