Revision | filePath | changeType | StartLine | EndLine | Nlines | cloneId | classId | globalCloneId | Similarity
555 | Revision_555/lisp.c | U | 91 | 97 | 7 | 165546 | 1 | 1 | 83
555 | Revision_555/lisp.c | U | 112 | 118 | 7 | 165547 | 1 | 2 | 83
555 | Revision_555/lisp.c | U | 127 | 137 | 9 | 165548 | 2 | 3 | 70
555 | Revision_555/c.c | U | 2873 | 2882 | 9 | 165549 | 2 | 12 | 70
555 | Revision_555/basic.c | U | 180 | 188 | 9 | 165550 | 2 | 408 | 70
555 | Revision_555/pascal.c | U | 257 | 265 | 9 | 165551 | 2 | 14 | 70
555 | Revision_555/lua.c | U | 123 | 131 | 9 | 165552 | 2 | 243 | 70
555 | Revision_555/c.c | U | 2885 | 2894 | 9 | 165553 | 2 | 15 | 70
555 | Revision_555/php.c | U | 73 | 80 | 9 | 165554 | 2 | 501 | 70
555 | Revision_555/vim.c | U | 626 | 634 | 9 | 165555 | 2 | 20 | 70
555 | Revision_555/cobol.c | U | 40 | 48 | 9 | 165556 | 2 | 320 | 70
555 | Revision_555/scheme.c | U | 99 | 109 | 9 | 165557 | 2 | 16 | 70
555 | Revision_555/tcl.c | U | 106 | 114 | 9 | 165558 | 2 | 18 | 70
555 | Revision_555/perl.c | U | 341 | 349 | 9 | 165559 | 2 | 7 | 70
555 | Revision_555/verilog.c | U | 316 | 325 | 9 | 165560 | 2 | 283 | 70
555 | Revision_555/sml.c | U | 202 | 210 | 9 | 165561 | 2 | 321 | 70
555 | Revision_555/basic.c | U | 191 | 199 | 9 | 165562 | 2 | 409 | 70
555 | Revision_555/c.c | U | 2855 | 2870 | 9 | 165563 | 2 | 8 | 70
555 | Revision_555/beta.c | U | 311 | 319 | 9 | 165564 | 2 | 5 | 70
555 | Revision_555/python.c | U | 447 | 455 | 9 | 165565 | 2 | 13 | 70
555 | Revision_555/sh.c | U | 103 | 113 | 9 | 165566 | 2 | 17 | 70
555 | Revision_555/asp.c | U | 201 | 209 | 9 | 165567 | 2 | 4 | 70
555 | Revision_555/awk.c | U | 71 | 79 | 9 | 165568 | 2 | 10 | 70
555 | Revision_555/sql.c | U | 1816 | 1825 | 9 | 165569 | 2 | 296 | 70
555 | Revision_555/ruby.c | U | 389 | 397 | 9 | 165570 | 2 | 19 | 70
555 | Revision_555/c.c | U | 2843 | 2852 | 9 | 165571 | 2 | 315 | 70
555 | Revision_555/c.c | U | 2897 | 2906 | 9 | 165572 | 2 | 330 | 70
555 | Revision_555/fortran.c | U | 2200 | 2215 | 9 | 165573 | 2 | 21 | 70
555 | Revision_555/erlang.c | U | 179 | 187 | 9 | 165574 | 2 | 340 | 70
555 | Revision_555/basic.c | U | 202 | 210 | 9 | 165575 | 2 | 410 | 70
555 | Revision_555/eiffel.c | U | 1249 | 1258 | 9 | 165576 | 2 | 9 | 70
555 | Revision_555/asm.c | U | 366 | 385 | 9 | 165577 | 2 | 274 | 70
555 | Revision_555/make.c | U | 199 | 209 | 9 | 165578 | 2 | 25 | 70
555 | Revision_555/jscript.c | U | 1237 | 1250 | 9 | 165579 | 2 | 413 | 70
555 | Revision_555/html.c | U | 40 | 47 | 9 | 165580 | 2 | 365 | 70
555 | Revision_555/yacc.c | U | 31 | 38 | 9 | 165581 | 2 | 23 | 70
555 | Revision_555/slang.c | U | 34 | 41 | 9 | 165582 | 2 | 24 | 70
555 | Revision_555/rexx.c | U | 30 | 37 | 9 | 165583 | 2 | 26 | 70
555 | Revision_555/keyword.c | U | 107 | 116 | 9 | 165584 | 2 | 27 | 70
555 | Revision_555/fortran.c | U | 413 | 425 | 9 | 165585 | 2 | 158 | 70
555 | Revision_555/options.c | U | 533 | 538 | 9 | 165586 | 2 | 29 | 70
555 | Revision_555/c.c | U | 2194 | 2199 | 9 | 165587 | 2 | 28 | 70
555 | Revision_555/sql.c | U | 346 | 355 | 9 | 165588 | 2 | 309 | 70
555 | Revision_555/options.c | U | 626 | 632 | 9 | 165589 | 2 | 30 | 70
555 | Revision_555/jscript.c | U | 187 | 197 | 9 | 165590 | 2 | 414 | 70
555 | Revision_555/eiffel.c | U | 1203 | 1215 | 9 | 165591 | 2 | 157 | 70
555 | Revision_555/c.c | U | 484 | 490 | 9 | 165592 | 2 | 53 | 70
555 | Revision_555/c.c | U | 2223 | 2231 | 9 | 165593 | 2 | 31 | 70
555 | Revision_555/asp.c | U | 71 | 90 | 15 | 165594 | 3 | 33 | 100
555 | Revision_555/asp.c | U | 94 | 113 | 15 | 165595 | 3 | 34 | 100
555 | Revision_555/asp.c | U | 117 | 133 | 14 | 165596 | 4 | 35 | 100
555 | Revision_555/asp.c | U | 137 | 152 | 14 | 165597 | 4 | 36 | 100
555 | Revision_555/asp.c | U | 175 | 190 | 14 | 165598 | 4 | 36 | 100
555 | Revision_555/asp.c | U | 156 | 171 | 14 | 165599 | 4 | 36 | 100
555 | Revision_555/args.c | U | 85 | 92 | 8 | 165600 | 5 | 43 | 100
555 | Revision_555/args.c | U | 160 | 167 | 8 | 165601 | 5 | 44 | 100
555 | Revision_555/args.c | U | 182 | 190 | 9 | 165602 | 6 | 45 | 75
555 | Revision_555/args.c | U | 193 | 200 | 9 | 165603 | 6 | 46 | 75
555 | Revision_555/args.c | U | 203 | 211 | 9 | 165604 | 6 | 47 | 75
555 | Revision_555/args.c | U | 266 | 272 | 6 | 165605 | 7 | 48 | 80
555 | Revision_555/options.c | U | 579 | 584 | 6 | 165606 | 7 | 49 | 80
555 | Revision_555/fortran.c | U | 903 | 908 | 6 | 165607 | 7 | 50 | 80
555 | Revision_555/c.c | U | 536 | 542 | 6 | 165608 | 8 | 51 | 75
555 | Revision_555/vstring.c | U | 67 | 74 | 6 | 165609 | 8 | 52 | 75
555 | Revision_555/jscript.c | U | 200 | 204 | 6 | 165610 | 8 | 415 | 75
555 | Revision_555/sql.c | U | 358 | 362 | 6 | 165611 | 8 | 416 | 75
555 | Revision_555/vstring.c | U | 69 | 73 | 6 | 165612 | 8 | 52 | 75
555 | Revision_555/fortran.c | U | 439 | 444 | 6 | 165613 | 8 | 363 | 75
555 | Revision_555/eiffel.c | U | 1218 | 1224 | 6 | 165614 | 8 | 362 | 75
555 | Revision_555/c.c | U | 545 | 552 | 6 | 165615 | 9 | 53 | 80
555 | Revision_555/c.c | U | 555 | 562 | 6 | 165616 | 9 | 54 | 80
555 | Revision_555/c.c | U | 664 | 680 | 18 | 165617 | 10 | 55 | 70
555 | Revision_555/c.c | U | 1167 | 1185 | 18 | 165618 | 10 | 60 | 70
555 | Revision_555/c.c | U | 1244 | 1258 | 18 | 165619 | 10 | 56 | 70
555 | Revision_555/fortran.c | U | 1135 | 1150 | 18 | 165620 | 10 | 375 | 70
555 | Revision_555/fortran.c | U | 1112 | 1132 | 18 | 165621 | 10 | 58 | 70
555 | Revision_555/fortran.c | U | 1871 | 1887 | 18 | 165622 | 10 | 59 | 70
555 | Revision_555/c.c | U | 683 | 698 | 18 | 165623 | 10 | 57 | 70
555 | Revision_555/fortran.c | U | 1115 | 1130 | 18 | 165624 | 10 | 58 | 70
555 | Revision_555/c.c | U | 1170 | 1183 | 18 | 165625 | 10 | 63 | 70
555 | Revision_555/Test/local.c | U | 9 | 22 | 18 | 165626 | 10 | 384 | 70
555 | Revision_555/fortran.c | U | 1788 | 1816 | 18 | 165627 | 10 | 366 | 70
555 | Revision_555/jscript.c | U | 1156 | 1175 | 18 | 165628 | 10 | 463 | 70
555 | Revision_555/fortran.c | U | 1874 | 1885 | 18 | 165629 | 10 | 65 | 70
555 | Revision_555/fortran.c | U | 1588 | 1625 | 18 | 165630 | 10 | 367 | 70
555 | Revision_555/eiffel.c | U | 1114 | 1138 | 18 | 165631 | 10 | 307 | 70
555 | Revision_555/eiffel.c | U | 1193 | 1198 | 18 | 165632 | 10 | 362 | 70
555 | Revision_555/eiffel.c | U | 908 | 948 | 18 | 165633 | 10 | 248 | 70
555 | Revision_555/sql.c | U | 873 | 891 | 18 | 165634 | 10 | 308 | 70
555 | Revision_555/eiffel.c | U | 1187 | 1199 | 18 | 165635 | 10 | 157 | 70
555 | Revision_555/sql.c | U | 869 | 893 | 18 | 165636 | 10 | 308 | 70
555 | Revision_555/c.c | U | 686 | 696 | 13 | 165637 | 11 | 57 | 75
555 | Revision_555/c.c | U | 1246 | 1257 | 13 | 165638 | 11 | 64 | 75
555 | Revision_555/c.c | U | 716 | 738 | 21 | 165639 | 12 | 72 | 70
555 | Revision_555/fortran.c | U | 1302 | 1312 | 21 | 165640 | 12 | 337 | 70
555 | Revision_555/c.c | U | 748 | 754 | 8 | 165641 | 13 | 74 | 71
555 | Revision_555/options.c | U | 472 | 479 | 8 | 165642 | 13 | 75 | 71
555 | Revision_555/c.c | U | 789 | 793 | 8 | 165643 | 14 | 76 | 71
555 | Revision_555/fortran.c | U | 1916 | 1920 | 8 | 165644 | 14 | 79 | 71
555 | Revision_555/sql.c | U | 985 | 992 | 8 | 165645 | 14 | 418 | 71
555 | Revision_555/sql.c | U | 901 | 907 | 8 | 165646 | 14 | 419 | 71
555 | Revision_555/c.c | U | 2118 | 2122 | 8 | 165647 | 14 | 80 | 71
555 | Revision_555/eiffel.c | U | 675 | 679 | 8 | 165648 | 14 | 249 | 71
555 | Revision_555/jscript.c | U | 1092 | 1096 | 8 | 165649 | 14 | 417 | 71
555 | Revision_555/jscript.c | U | 1101 | 1114 | 8 | 165650 | 14 | 464 | 71
555 | Revision_555/jscript.c | U | 1076 | 1097 | 8 | 165651 | 14 | 494 | 71
555 | Revision_555/fortran.c | U | 1343 | 1347 | 8 | 165652 | 14 | 85 | 71
555 | Revision_555/eiffel.c | U | 1015 | 1019 | 8 | 165653 | 14 | 269 | 71
555 | Revision_555/eiffel.c | U | 964 | 968 | 8 | 165654 | 14 | 269 | 71
555 | Revision_555/eiffel.c | U | 877 | 881 | 8 | 165655 | 14 | 269 | 71
555 | Revision_555/sql.c | U | 1448 | 1454 | 8 | 165656 | 14 | 420 | 71
555 | Revision_555/sql.c | U | 1477 | 1483 | 8 | 165657 | 14 | 421 | 71
555 | Revision_555/eiffel.c | U | 852 | 857 | 8 | 165658 | 14 | 151 | 71
555 | Revision_555/sql.c | U | 1218 | 1223 | 8 | 165659 | 14 | 422 | 71
555 | Revision_555/readtags.c | U | 144 | 148 | 8 | 165660 | 14 | 87 | 71
555 | Revision_555/sql.c | U | 518 | 522 | 8 | 165661 | 14 | 300 | 71
555 | Revision_555/eiffel.c | U | 662 | 666 | 8 | 165662 | 14 | 250 | 71
555 | Revision_555/sql.c | U | 832 | 852 | 8 | 165663 | 14 | 423 | 71
555 | Revision_555/fortran.c | U | 1211 | 1215 | 8 | 165664 | 14 | 85 | 71
555 | Revision_555/sql.c | U | 743 | 754 | 8 | 165665 | 14 | 424 | 71
555 | Revision_555/eiffel.c | U | 1034 | 1038 | 8 | 165666 | 14 | 151 | 71
555 | Revision_555/jscript.c | U | 624 | 635 | 8 | 165667 | 14 | 426 | 71
555 | Revision_555/sql.c | U | 1210 | 1216 | 8 | 165668 | 14 | 492 | 71
555 | Revision_555/ruby.c | U | 214 | 218 | 8 | 165669 | 14 | 392 | 71
555 | Revision_555/fortran.c | U | 1340 | 1348 | 8 | 165670 | 14 | 84 | 71
555 | Revision_555/fortran.c | U | 1552 | 1557 | 8 | 165671 | 14 | 79 | 71
555 | Revision_555/c.c | U | 2761 | 2766 | 8 | 165672 | 14 | 94 | 71
555 | Revision_555/options.c | U | 1041 | 1045 | 8 | 165673 | 14 | 89 | 71
555 | Revision_555/readtags.c | U | 455 | 459 | 8 | 165674 | 14 | 90 | 71
555 | Revision_555/keyword.c | U | 185 | 189 | 8 | 165675 | 14 | 91 | 71
555 | Revision_555/c.c | U | 1780 | 1784 | 8 | 165676 | 14 | 121 | 71
555 | Revision_555/fortran.c | U | 1724 | 1728 | 8 | 165677 | 14 | 373 | 71
555 | Revision_555/vstring.c | U | 35 | 40 | 8 | 165678 | 14 | 98 | 71
555 | Revision_555/c.c | U | 1789 | 1793 | 8 | 165679 | 14 | 331 | 71
555 | Revision_555/c.c | U | 2184 | 2191 | 8 | 165680 | 14 | 244 | 71
555 | Revision_555/c.c | U | 2165 | 2169 | 8 | 165681 | 14 | 125 | 71
555 | Revision_555/strlist.c | U | 150 | 154 | 8 | 165682 | 14 | 126 | 71
555 | Revision_555/jscript.c | U | 709 | 716 | 8 | 165683 | 14 | 427 | 71
555 | Revision_555/eiffel.c | U | 1070 | 1079 | 8 | 165684 | 14 | 101 | 71
555 | Revision_555/fortran.c | U | 1545 | 1550 | 8 | 165685 | 14 | 79 | 71
555 | Revision_555/options.c | U | 674 | 678 | 8 | 165686 | 14 | 127 | 71
555 | Revision_555/fortran.c | U | 1006 | 1010 | 8 | 165687 | 14 | 128 | 71
555 | Revision_555/routines.c | U | 453 | 459 | 8 | 165688 | 14 | 266 | 71
555 | Revision_555/sql.c | U | 1344 | 1351 | 8 | 165689 | 14 | 430 | 71
555 | Revision_555/jscript.c | U | 1033 | 1051 | 8 | 165690 | 14 | 429 | 71
555 | Revision_555/jscript.c | U | 499 | 509 | 8 | 165691 | 14 | 428 | 71
555 | Revision_555/options.c | U | 1220 | 1224 | 8 | 165692 | 14 | 129 | 71
555 | Revision_555/sql.c | U | 1726 | 1754 | 8 | 165693 | 14 | 431 | 71
555 | Revision_555/fortran.c | U | 1418 | 1426 | 8 | 165694 | 14 | 59 | 71
555 | Revision_555/jscript.c | U | 513 | 548 | 8 | 165695 | 14 | 432 | 71
555 | Revision_555/fortran.c | U | 1713 | 1722 | 8 | 165696 | 14 | 221 | 71
555 | Revision_555/jscript.c | U | 575 | 601 | 8 | 165697 | 14 | 433 | 71
555 | Revision_555/sql.c | U | 1171 | 1184 | 8 | 165698 | 14 | 436 | 71
555 | Revision_555/sql.c | U | 1009 | 1032 | 8 | 165699 | 14 | 437 | 71
555 | Revision_555/jscript.c | U | 707 | 717 | 8 | 165700 | 14 | 427 | 71
555 | Revision_555/sql.c | U | 976 | 993 | 8 | 165701 | 14 | 435 | 71
555 | Revision_555/jscript.c | U | 640 | 689 | 8 | 165702 | 14 | 491 | 71
555 | Revision_555/fortran.c | U | 1537 | 1543 | 8 | 165703 | 14 | 65 | 71
555 | Revision_555/jscript.c | U | 854 | 873 | 8 | 165704 | 14 | 438 | 71
555 | Revision_555/fortran.c | U | 1758 | 1764 | 8 | 165705 | 14 | 314 | 71
555 | Revision_555/fortran.c | U | 1084 | 1090 | 8 | 165706 | 14 | 350 | 71
555 | Revision_555/sql.c | U | 1460 | 1486 | 8 | 165707 | 14 | 439 | 71
555 | Revision_555/sql.c | U | 1489 | 1510 | 8 | 165708 | 14 | 440 | 71
555 | Revision_555/sql.c | U | 1429 | 1457 | 8 | 165709 | 14 | 441 | 71
555 | Revision_555/sql.c | U | 1528 | 1549 | 8 | 165710 | 14 | 442 | 71
555 | Revision_555/sql.c | U | 1552 | 1573 | 8 | 165711 | 14 | 443 | 71
555 | Revision_555/jscript.c | U | 851 | 874 | 8 | 165712 | 14 | 438 | 71
555 | Revision_555/sql.c | U | 1576 | 1616 | 8 | 165713 | 14 | 445 | 71
555 | Revision_555/jscript.c | U | 846 | 875 | 8 | 165714 | 14 | 438 | 71
555 | Revision_555/jscript.c | U | 603 | 636 | 8 | 165715 | 14 | 446 | 71
555 | Revision_555/sql.c | U | 1188 | 1226 | 8 | 165716 | 14 | 447 | 71
555 | Revision_555/sql.c | U | 1314 | 1353 | 8 | 165717 | 14 | 448 | 71
555 | Revision_555/jscript.c | U | 843 | 876 | 8 | 165718 | 14 | 438 | 71
555 | Revision_555/sql.c | U | 1229 | 1272 | 8 | 165719 | 14 | 449 | 71
555 | Revision_555/c.c | U | 799 | 820 | 44 | 165720 | 15 | 103 | 72
555 | Revision_555/c.c | U | 823 | 843 | 44 | 165721 | 15 | 332 | 72
555 | Revision_555/c.c | U | 864 | 884 | 44 | 165722 | 15 | 316 | 72
555 | Revision_555/c.c | U | 931 | 950 | 44 | 165723 | 15 | 103 | 72
555 | Revision_555/c.c | U | 846 | 862 | 44 | 165724 | 15 | 316 | 72
555 | Revision_555/c.c | U | 887 | 898 | 12 | 165725 | 16 | 317 | 90
555 | Revision_555/c.c | U | 901 | 912 | 12 | 165726 | 16 | 318 | 90
555 | Revision_555/c.c | U | 1052 | 1057 | 6 | 165727 | 17 | 407 | 80
555 | Revision_555/jscript.c | U | 1013 | 1018 | 6 | 165728 | 17 | 417 | 80
555 | Revision_555/c.c | U | 1307 | 1313 | 7 | 165729 | 18 | 385 | 71
555 | Revision_555/make.c | U | 63 | 69 | 7 | 165730 | 18 | 394 | 71
555 | Revision_555/fortran.c | U | 501 | 509 | 7 | 165731 | 18 | 112 | 71
555 | Revision_555/make.c | U | 53 | 60 | 7 | 165732 | 18 | 395 | 71
555 | Revision_555/c.c | U | 1380 | 1387 | 7 | 165733 | 19 | 108 | 80
555 | Revision_555/c.c | U | 1389 | 1396 | 7 | 165734 | 19 | 109 | 80
555 | Revision_555/c.c | U | 1410 | 1417 | 7 | 165735 | 20 | 110 | 71
555 | Revision_555/fortran.c | U | 625 | 631 | 7 | 165736 | 20 | 112 | 71
555 | Revision_555/c.c | U | 2156 | 2163 | 7 | 165737 | 20 | 111 | 71
555 | Revision_555/c.c | U | 1420 | 1427 | 7 | 165738 | 20 | 405 | 71
555 | Revision_555/jscript.c | U | 382 | 389 | 7 | 165739 | 20 | 450 | 71
555 | Revision_555/sql.c | U | 559 | 566 | 7 | 165740 | 20 | 406 | 71
555 | Revision_555/c.c | U | 1458 | 1463 | 6 | 165741 | 21 | 386 | 80
555 | Revision_555/c.c | U | 1800 | 1805 | 6 | 165742 | 21 | 80 | 80
555 | Revision_555/c.c | U | 1484 | 1493 | 9 | 165743 | 22 | 294 | 71
555 | Revision_555/eiffel.c | U | 557 | 565 | 9 | 165744 | 22 | 295 | 71
555 | Revision_555/c.c | U | 1487 | 1491 | 5 | 165745 | 23 | 294 | 75
555 | Revision_555/readtags.c | U | 503 | 507 | 5 | 165746 | 23 | 90 | 75
555 | Revision_555/readtags.c | U | 680 | 684 | 5 | 165747 | 23 | 99 | 75
555 | Revision_555/c.c | U | 1501 | 1514 | 10 | 165748 | 24 | 396 | 75
555 | Revision_555/make.c | U | 77 | 87 | 10 | 165749 | 24 | 397 | 75
555 | Revision_555/verilog.c | U | 197 | 210 | 10 | 165750 | 24 | 398 | 75
555 | Revision_555/fortran.c | U | 853 | 864 | 10 | 165751 | 24 | 116 | 75
555 | Revision_555/jscript.c | U | 304 | 315 | 10 | 165752 | 24 | 451 | 75
555 | Revision_555/eiffel.c | U | 590 | 602 | 10 | 165753 | 24 | 114 | 75
555 | Revision_555/eiffel.c | U | 575 | 587 | 10 | 165754 | 24 | 117 | 75
555 | Revision_555/sql.c | U | 443 | 454 | 10 | 165755 | 24 | 306 | 75
555 | Revision_555/c.c | U | 1618 | 1624 | 8 | 165756 | 25 | 452 | 75
555 | Revision_555/jscript.c | U | 420 | 428 | 8 | 165757 | 25 | 453 | 75
555 | Revision_555/c.c | U | 1990 | 1994 | 5 | 165758 | 26 | 121 | 75
555 | Revision_555/get.c | U | 594 | 598 | 5 | 165759 | 26 | 122 | 75
555 | Revision_555/fortran.c | U | 619 | 623 | 5 | 165760 | 26 | 112 | 75
555 | Revision_555/fortran.c | U | 728 | 732 | 5 | 165761 | 26 | 144 | 75
555 | Revision_555/vim.c | U | 400 | 408 | 5 | 165762 | 26 | 500 | 75
555 | Revision_555/pascal.c | U | 134 | 138 | 5 | 165763 | 26 | 164 | 75
555 | Revision_555/perl.c | U | 185 | 189 | 5 | 165764 | 26 | 163 | 75
555 | Revision_555/python.c | U | 380 | 387 | 5 | 165765 | 26 | 503 | 75
555 | Revision_555/c.c | U | 2144 | 2151 | 9 | 165766 | 27 | 28 | 71
555 | Revision_555/eiffel.c | U | 1067 | 1080 | 9 | 165767 | 27 | 156 | 71
555 | Revision_555/c.c | U | 2467 | 2474 | 5 | 165768 | 28 | 94 | 75
555 | Revision_555/sql.c | U | 1402 | 1406 | 5 | 165769 | 28 | 454 | 75
555 | Revision_555/sql.c | U | 1661 | 1665 | 5 | 165770 | 28 | 455 | 75
555 | Revision_555/jscript.c | U | 780 | 789 | 5 | 165771 | 28 | 456 | 75
555 | Revision_555/jscript.c | U | 791 | 796 | 5 | 165772 | 28 | 457 | 75
555 | Revision_555/c.c | U | 2480 | 2484 | 5 | 165773 | 29 | 387 | 100
555 | Revision_555/c.c | U | 2487 | 2491 | 5 | 165774 | 29 | 94 | 100
555 | Revision_555/c.c | U | 2710 | 2715 | 6 | 165775 | 30 | 94 | 80
555 | Revision_555/sql.c | U | 996 | 1001 | 6 | 165776 | 30 | 301 | 80
555 | Revision_555/c.c | U | 2801 | 2810 | 9 | 165777 | 31 | 130 | 71
555 | Revision_555/jscript.c | U | 175 | 184 | 9 | 165778 | 31 | 458 | 71
555 | Revision_555/asm.c | U | 120 | 128 | 9 | 165779 | 31 | 288 | 71
555 | Revision_555/verilog.c | U | 108 | 118 | 9 | 165780 | 31 | 381 | 71
555 | Revision_555/eiffel.c | U | 216 | 225 | 9 | 165781 | 31 | 131 | 71
555 | Revision_555/sql.c | U | 334 | 343 | 9 | 165782 | 31 | 302 | 71
555 | Revision_555/fortran.c | U | 397 | 406 | 9 | 165783 | 31 | 132 | 71
555 | Revision_555/eiffel.c | U | 288 | 302 | 10 | 165784 | 32 | 133 | 71
555 | Revision_555/sql.c | U | 369 | 383 | 10 | 165785 | 32 | 303 | 71
555 | Revision_555/beta.c | U | 71 | 80 | 10 | 165786 | 32 | 134 | 71
555 | Revision_555/jscript.c | U | 211 | 225 | 10 | 165787 | 32 | 459 | 71
555 | Revision_555/sml.c | U | 75 | 81 | 10 | 165788 | 32 | 324 | 71
555 | Revision_555/parse.c | U | 43 | 54 | 10 | 165789 | 32 | 135 | 71
555 | Revision_555/eiffel.c | U | 290 | 300 | 10 | 165790 | 32 | 136 | 71
555 | Revision_555/eiffel.c | U | 368 | 377 | 8 | 165791 | 33 | 304 | 100
555 | Revision_555/jscript.c | U | 274 | 281 | 8 | 165792 | 33 | 460 | 100
555 | Revision_555/sql.c | U | 414 | 421 | 8 | 165793 | 33 | 305 | 100
555 | Revision_555/eiffel.c | U | 383 | 404 | 20 | 165794 | 34 | 139 | 70
555 | Revision_555/fortran.c | U | 767 | 793 | 20 | 165795 | 34 | 140 | 70
555 | Revision_555/eiffel.c | U | 407 | 435 | 24 | 165796 | 35 | 141 | 95
555 | Revision_555/fortran.c | U | 796 | 824 | 24 | 165797 | 35 | 505 | 95
555 | Revision_555/eiffel.c | U | 415 | 421 | 6 | 165798 | 36 | 119 | 80
555 | Revision_555/eiffel.c | U | 423 | 428 | 6 | 165799 | 36 | 119 | 80
555 | Revision_555/options.c | U | 352 | 357 | 6 | 165800 | 36 | 224 | 80
555 | Revision_555/jscript.c | U | 862 | 872 | 6 | 165801 | 36 | 479 | 80
555 | Revision_555/fortran.c | U | 812 | 817 | 6 | 165802 | 36 | 116 | 80
555 | Revision_555/fortran.c | U | 804 | 810 | 6 | 165803 | 36 | 50 | 80
555 | Revision_555/eiffel.c | U | 548 | 552 | 5 | 165804 | 37 | 143 | 75
555 | Revision_555/verilog.c | U | 142 | 146 | 5 | 165805 | 37 | 383 | 75
555 | Revision_555/verilog.c | U | 236 | 240 | 5 | 165806 | 37 | 382 | 75
555 | Revision_555/fortran.c | U | 985 | 989 | 5 | 165807 | 37 | 145 | 75
555 | Revision_555/fortran.c | U | 785 | 789 | 5 | 165808 | 37 | 144 | 75
555 | Revision_555/eiffel.c | U | 605 | 614 | 8 | 165809 | 38 | 146 | 100
555 | Revision_555/sql.c | U | 457 | 464 | 8 | 165810 | 38 | 305 | 100
555 | Revision_555/fortran.c | U | 871 | 880 | 8 | 165811 | 38 | 147 | 100
555 | Revision_555/jscript.c | U | 318 | 325 | 8 | 165812 | 38 | 471 | 100
555 | Revision_555/asm.c | U | 131 | 139 | 8 | 165813 | 38 | 270 | 100
555 | Revision_555/eiffel.c | U | 722 | 729 | 9 | 165814 | 39 | 148 | 77
555 | Revision_555/jscript.c | U | 405 | 414 | 9 | 165815 | 39 | 461 | 77
555 | Revision_555/eiffel.c | U | 731 | 736 | 6 | 165816 | 40 | 506 | 100
555 | Revision_555/fortran.c | U | 1043 | 1048 | 6 | 165817 | 40 | 312 | 100
555 | Revision_555/eiffel.c | U | 775 | 822 | 13 | 165818 | 41 | 349 | 72
555 | Revision_555/fortran.c | U | 1098 | 1109 | 13 | 165819 | 41 | 350 | 72
555 | Revision_555/eiffel.c | U | 840 | 858 | 12 | 165820 | 42 | 251 | 72
555 | Revision_555/eiffel.c | U | 862 | 883 | 12 | 165821 | 42 | 252 | 72
555 | Revision_555/fortran.c | U | 1380 | 1393 | 12 | 165822 | 42 | 336 | 72
555 | Revision_555/eiffel.c | U | 1009 | 1022 | 12 | 165823 | 42 | 253 | 72
555 | Revision_555/fortran.c | U | 1634 | 1642 | 12 | 165824 | 42 | 337 | 72
555 | Revision_555/jscript.c | U | 1057 | 1069 | 12 | 165825 | 42 | 495 | 72
555 | Revision_555/eiffel.c | U | 870 | 882 | 12 | 165826 | 42 | 156 | 72
555 | Revision_555/sql.c | U | 1297 | 1307 | 12 | 165827 | 42 | 462 | 72
555 | Revision_555/eiffel.c | U | 999 | 1007 | 7 | 165828 | 43 | 496 | 83
555 | Revision_555/jscript.c | U | 1061 | 1068 | 7 | 165829 | 43 | 495 | 83
555 | Revision_555/fortran.c | U | 1325 | 1331 | 7 | 165830 | 43 | 85 | 83
555 | Revision_555/fortran.c | U | 1384 | 1390 | 7 | 165831 | 43 | 84 | 83
555 | Revision_555/basic.c | U | 118 | 123 | 6 | 165832 | 44 | 411 | 80
555 | Revision_555/basic.c | U | 130 | 135 | 6 | 165833 | 44 | 412 | 80
555 | Revision_555/verilog.c | U | 185 | 191 | 8 | 165834 | 45 | 399 | 75
555 | Revision_555/make.c | U | 97 | 105 | 8 | 165835 | 45 | 400 | 75
555 | Revision_555/verilog.c | U | 273 | 277 | 5 | 165836 | 46 | 401 | 75
555 | Revision_555/make.c | U | 44 | 48 | 5 | 165837 | 46 | 402 | 75
555 | Revision_555/jscript.c | U | 228 | 249 | 15 | 165838 | 47 | 467 | 100
555 | Revision_555/sql.c | U | 386 | 407 | 15 | 165839 | 47 | 468 | 100
555 | Revision_555/jscript.c | U | 252 | 258 | 6 | 165840 | 48 | 415 | 100
555 | Revision_555/jscript.c | U | 261 | 267 | 6 | 165841 | 48 | 460 | 100
555 | Revision_555/jscript.c | U | 284 | 298 | 14 | 165842 | 49 | 469 | 100
555 | Revision_555/sql.c | U | 424 | 438 | 14 | 165843 | 49 | 470 | 100
555 | Revision_555/jscript.c | U | 328 | 417 | 107 | 165844 | 50 | 472 | 72
555 | Revision_555/sql.c | U | 467 | 600 | 107 | 165845 | 50 | 473 | 72
555 | Revision_555/jscript.c | U | 435 | 465 | 18 | 165846 | 51 | 465 | 100
555 | Revision_555/sql.c | U | 654 | 684 | 18 | 165847 | 51 | 466 | 100
555 | Revision_555/jscript.c | U | 468 | 475 | 7 | 165848 | 52 | 474 | 80
555 | Revision_555/sql.c | U | 619 | 626 | 7 | 165849 | 52 | 476 | 80
555 | Revision_555/jscript.c | U | 478 | 485 | 7 | 165850 | 52 | 475 | 80
555 | Revision_555/jscript.c | U | 723 | 729 | 8 | 165851 | 53 | 480 | 75
555 | Revision_555/jscript.c | U | 1020 | 1029 | 8 | 165852 | 53 | 481 | 75
555 | Revision_555/jscript.c | U | 921 | 930 | 6 | 165853 | 54 | 497 | 75
555 | Revision_555/options.c | U | 1682 | 1686 | 6 | 165854 | 54 | 333 | 75
555 | Revision_555/jscript.c | U | 1197 | 1200 | 8 | 165855 | 55 | 498 | 71
555 | Revision_555/Test/local.c | U | 14 | 20 | 8 | 165856 | 55 | 384 | 71
555 | Revision_555/jscript.c | U | 1210 | 1214 | 5 | 165857 | 56 | 484 | 75
555 | Revision_555/make.c | U | 185 | 189 | 5 | 165858 | 56 | 403 | 75
555 | Revision_555/sql.c | U | 1798 | 1802 | 5 | 165859 | 56 | 404 | 75
555 | Revision_555/vim.c | U | 97 | 101 | 5 | 165860 | 57 | 290 | 100
555 | Revision_555/vim.c | U | 103 | 107 | 5 | 165861 | 57 | 291 | 100
555 | Revision_555/vim.c | U | 244 | 267 | 17 | 165862 | 58 | 334 | 76
555 | Revision_555/vim.c | U | 294 | 312 | 17 | 165863 | 58 | 159 | 76
555 | Revision_555/python.c | U | 84 | 97 | 11 | 165864 | 59 | 37 | 77
555 | Revision_555/python.c | U | 127 | 138 | 11 | 165865 | 59 | 13 | 77
555 | Revision_555/python.c | U | 177 | 181 | 5 | 165866 | 60 | 278 | 75
555 | Revision_555/python.c | U | 198 | 202 | 5 | 165867 | 60 | 326 | 75
555 | Revision_555/sml.c | U | 84 | 88 | 5 | 165868 | 60 | 325 | 75
555 | Revision_555/erlang.c | U | 58 | 62 | 5 | 165869 | 60 | 341 | 75
555 | Revision_555/options.c | U | 962 | 967 | 5 | 165870 | 60 | 280 | 75
555 | Revision_555/python.c | U | 206 | 215 | 9 | 165871 | 61 | 292 | 75
555 | Revision_555/tcl.c | U | 44 | 54 | 9 | 165872 | 61 | 293 | 75
555 | Revision_555/erlang.c | U | 66 | 75 | 9 | 165873 | 61 | 342 | 75
555 | Revision_555/python.c | U | 417 | 421 | 5 | 165874 | 62 | 504 | 75
555 | Revision_555/pascal.c | U | 184 | 190 | 5 | 165875 | 62 | 171 | 75
555 | Revision_555/pascal.c | U | 150 | 154 | 5 | 165876 | 62 | 319 | 75
555 | Revision_555/pascal.c | U | 176 | 182 | 5 | 165877 | 62 | 170 | 75
555 | Revision_555/perl.c | U | 206 | 212 | 7 | 165878 | 63 | 389 | 83
555 | Revision_555/perl.c | U | 252 | 257 | 7 | 165879 | 63 | 502 | 83
555 | Revision_555/perl.c | U | 322 | 328 | 7 | 165880 | 64 | 389 | 71
555 | Revision_555/erlang.c | U | 116 | 121 | 7 | 165881 | 64 | 346 | 71
555 | Revision_555/erlang.c | U | 108 | 113 | 7 | 165882 | 64 | 344 | 71
555 | Revision_555/erlang.c | U | 97 | 105 | 7 | 165883 | 64 | 344 | 71
555 | Revision_555/main.c | U | 260 | 267 | 7 | 165884 | 64 | 377 | 71
555 | Revision_555/main.c | U | 179 | 185 | 7 | 165885 | 64 | 376 | 71
555 | Revision_555/sort.c | U | 118 | 123 | 5 | 165886 | 65 | 281 | 100
555 | Revision_555/sort.c | U | 126 | 131 | 5 | 165887 | 65 | 282 | 100
555 | Revision_555/strlist.c | U | 32 | 38 | 8 | 165888 | 66 | 165 | 71
555 | Revision_555/vstring.c | U | 77 | 87 | 8 | 165889 | 66 | 166 | 71
555 | Revision_555/strlist.c | U | 191 | 196 | 7 | 165890 | 67 | 168 | 83
555 | Revision_555/strlist.c | U | 200 | 206 | 7 | 165891 | 67 | 390 | 83
555 | Revision_555/get.c | U | 305 | 314 | 10 | 165892 | 68 | 174 | 70
555 | Revision_555/read.c | U | 220 | 231 | 10 | 165893 | 68 | 176 | 70
555 | Revision_555/parse.c | U | 584 | 598 | 10 | 165894 | 68 | 175 | 70
555 | Revision_555/get.c | U | 467 | 478 | 10 | 165895 | 69 | 177 | 87
555 | Revision_555/get.c | U | 484 | 495 | 10 | 165896 | 69 | 178 | 87
555 | Revision_555/get.c | U | 541 | 546 | 6 | 165897 | 70 | 180 | 80
555 | Revision_555/read.c | U | 421 | 425 | 6 | 165898 | 70 | 181 | 80
555 | Revision_555/main.c | U | 126 | 139 | 6 | 165899 | 71 | 354 | 80
555 | Revision_555/options.c | U | 397 | 402 | 6 | 165900 | 71 | 355 | 80
555 | Revision_555/routines.c | U | 237 | 244 | 6 | 165901 | 72 | 254 | 80
555 | Revision_555/routines.c | U | 247 | 254 | 6 | 165902 | 72 | 255 | 80
555 | Revision_555/routines.c | U | 288 | 295 | 8 | 165903 | 73 | 256 | 83
555 | Revision_555/readtags.c | U | 116 | 123 | 8 | 165904 | 73 | 123 | 83
555 | Revision_555/readtags.c | U | 106 | 113 | 8 | 165905 | 73 | 238 | 83
555 | Revision_555/routines.c | U | 298 | 305 | 8 | 165906 | 73 | 257 | 83
555 | Revision_555/routines.c | U | 322 | 326 | 5 | 165907 | 74 | 258 | 75
555 | Revision_555/vstring.c | U | 125 | 129 | 5 | 165908 | 74 | 188 | 75
555 | Revision_555/vstring.c | U | 118 | 122 | 5 | 165909 | 74 | 189 | 75
555 | Revision_555/routines.c | U | 329 | 335 | 6 | 165910 | 75 | 259 | 100
555 | Revision_555/routines.c | U | 338 | 344 | 6 | 165911 | 75 | 260 | 100
555 | Revision_555/routines.c | U | 349 | 356 | 8 | 165912 | 76 | 261 | 100
555 | Revision_555/routines.c | U | 361 | 368 | 8 | 165913 | 76 | 262 | 100
555 | Revision_555/sh.c | U | 89 | 94 | 6 | 165914 | 77 | 378 | 80
555 | Revision_555/asm.c | U | 347 | 352 | 6 | 165915 | 77 | 379 | 80
555 | Revision_555/beta.c | U | 134 | 141 | 6 | 165916 | 78 | 201 | 75
555 | Revision_555/beta.c | U | 204 | 212 | 6 | 165917 | 78 | 202 | 75
555 | Revision_555/beta.c | U | 152 | 156 | 5 | 165918 | 79 | 203 | 75
555 | Revision_555/beta.c | U | 165 | 169 | 5 | 165919 | 79 | 204 | 75
555 | Revision_555/beta.c | U | 158 | 162 | 5 | 165920 | 79 | 206 | 75
555 | Revision_555/beta.c | U | 271 | 275 | 5 | 165921 | 79 | 205 | 75
555 | Revision_555/beta.c | U | 277 | 281 | 5 | 165922 | 79 | 207 | 75
555 | Revision_555/sql.c | U | 772 | 782 | 8 | 165923 | 80 | 493 | 71
555 | Revision_555/sql.c | U | 1411 | 1420 | 8 | 165924 | 80 | 486 | 71
555 | Revision_555/sql.c | U | 1275 | 1311 | 24 | 165925 | 81 | 487 | 78
555 | Revision_555/sql.c | U | 1680 | 1723 | 24 | 165926 | 81 | 488 | 78
555 | Revision_555/sql.c | U | 1644 | 1669 | 17 | 165927 | 82 | 489 | 84
555 | Revision_555/sql.c | U | 1693 | 1717 | 17 | 165928 | 82 | 490 | 84
555 | Revision_555/parse.c | U | 96 | 106 | 11 | 165929 | 83 | 208 | 88
555 | Revision_555/parse.c | U | 109 | 120 | 11 | 165930 | 83 | 209 | 88
555 | Revision_555/parse.c | U | 297 | 301 | 5 | 165931 | 84 | 356 | 75
555 | Revision_555/parse.c | U | 573 | 577 | 5 | 165932 | 84 | 357 | 75
555 | Revision_555/parse.c | U | 554 | 558 | 5 | 165933 | 84 | 358 | 75
555 | Revision_555/readtags.c | U | 542 | 548 | 6 | 165934 | 85 | 239 | 100
555 | Revision_555/readtags.c | U | 550 | 556 | 6 | 165935 | 85 | 240 | 100
555 | Revision_555/readtags.c | U | 585 | 589 | 6 | 165936 | 86 | 123 | 75
555 | Revision_555/readtags.c | U | 640 | 646 | 6 | 165937 | 86 | 124 | 75
555 | Revision_555/readtags.c | U | 717 | 725 | 8 | 165938 | 87 | 210 | 83
555 | Revision_555/readtags.c | U | 772 | 780 | 8 | 165939 | 87 | 211 | 83
555 | Revision_555/readtags.c | U | 728 | 736 | 8 | 165940 | 87 | 212 | 83
555 | Revision_555/readtags.c | U | 739 | 744 | 6 | 165941 | 88 | 241 | 80
555 | Revision_555/readtags.c | U | 764 | 769 | 6 | 165942 | 88 | 242 | 80
555 | Revision_555/readtags.c | U | 756 | 761 | 6 | 165943 | 88 | 287 | 80
555 | Revision_555/fortran.c | U | 1271 | 1292 | 23 | 165944 | 89 | 369 | 72
555 | Revision_555/fortran.c | U | 1791 | 1814 | 23 | 165945 | 89 | 366 | 72
555 | Revision_555/fortran.c | U | 1451 | 1459 | 10 | 165946 | 90 | 314 | 77
555 | Revision_555/fortran.c | U | 1490 | 1499 | 10 | 165947 | 90 | 59 | 77
555 | Revision_555/fortran.c | U | 1731 | 1746 | 20 | 165948 | 91 | 21 | 84
555 | Revision_555/fortran.c | U | 1948 | 1964 | 20 | 165949 | 91 | 374 | 84
555 | Revision_555/fortran.c | U | 1912 | 1931 | 17 | 165950 | 92 | 220 | 75
555 | Revision_555/fortran.c | U | 1983 | 2000 | 17 | 165951 | 92 | 221 | 75
555 | Revision_555/fortran.c | U | 2060 | 2081 | 17 | 165952 | 92 | 372 | 75
555 | Revision_555/asm.c | U | 243 | 256 | 11 | 165953 | 93 | 289 | 77
555 | Revision_555/asm.c | U | 261 | 271 | 11 | 165954 | 93 | 279 | 77
555 | Revision_555/scheme.c | U | 70 | 78 | 8 | 165955 | 94 | 222 | 71
555 | Revision_555/scheme.c | U | 85 | 93 | 8 | 165956 | 94 | 223 | 71
555 | Revision_555/options.c | U | 369 | 375 | 6 | 165957 | 95 | 224 | 100
555 | Revision_555/options.c | U | 378 | 384 | 6 | 165958 | 95 | 225 | 100
555 | Revision_555/options.c | U | 543 | 549 | 7 | 165959 | 96 | 226 | 100
555 | Revision_555/options.c | U | 561 | 567 | 7 | 165960 | 96 | 227 | 100
555 | Revision_555/options.c | U | 552 | 558 | 7 | 165961 | 96 | 228 | 100
555 | Revision_555/options.c | U | 570 | 576 | 7 | 165962 | 96 | 229 | 100
555 | Revision_555/options.c | U | 981 | 985 | 5 | 165963 | 97 | 230 | 75
555 | Revision_555/options.c | U | 1007 | 1011 | 5 | 165964 | 97 | 231 | 75
555 | Revision_555/options.c | U | 1101 | 1105 | 5 | 165965 | 98 | 232 | 100
555 | Revision_555/options.c | U | 1107 | 1111 | 5 | 165966 | 98 | 233 | 100
555 | Revision_555/options.c | U | 1153 | 1165 | 12 | 165967 | 99 | 360 | 100
555 | Revision_555/options.c | U | 1170 | 1182 | 12 | 165968 | 99 | 235 | 100
555 | Revision_555/options.c | U | 1424 | 1441 | 15 | 165969 | 100 | 236 | 91
555 | Revision_555/options.c | U | 1462 | 1479 | 15 | 165970 | 100 | 237 | 91
