Revision | filePath | changeType | StartLine | EndLine | Nlines | cloneId | classId | globalCloneId | Similarity
569 | Revision_569/args.c | U | 85 | 92 | 8 | 103801 | 1 | 1 | 100
569 | Revision_569/args.c | U | 160 | 167 | 8 | 103802 | 1 | 2 | 100
569 | Revision_569/args.c | U | 182 | 190 | 9 | 103803 | 2 | 3 | 75
569 | Revision_569/args.c | U | 193 | 200 | 9 | 103804 | 2 | 4 | 75
569 | Revision_569/args.c | U | 203 | 211 | 9 | 103805 | 2 | 5 | 75
569 | Revision_569/args.c | U | 266 | 272 | 7 | 103806 | 3 | 6 | 83
569 | Revision_569/options.c | U | 579 | 584 | 7 | 103807 | 3 | 7 | 83
569 | Revision_569/asm.c | U | 120 | 128 | 8 | 103808 | 4 | 188 | 71
569 | Revision_569/jscript.c | U | 175 | 184 | 8 | 103809 | 4 | 280 | 71
569 | Revision_569/sql.c | U | 334 | 343 | 8 | 103810 | 4 | 196 | 71
569 | Revision_569/verilog.c | U | 108 | 118 | 8 | 103811 | 4 | 258 | 71
569 | Revision_569/asm.c | U | 131 | 139 | 8 | 103812 | 5 | 170 | 100
569 | Revision_569/jscript.c | U | 318 | 325 | 8 | 103813 | 5 | 297 | 100
569 | Revision_569/sql.c | U | 457 | 464 | 8 | 103814 | 5 | 292 | 100
569 | Revision_569/asm.c | U | 243 | 256 | 11 | 103815 | 6 | 191 | 77
569 | Revision_569/asm.c | U | 261 | 271 | 11 | 103816 | 6 | 179 | 77
569 | Revision_569/asm.c | U | 347 | 352 | 6 | 103817 | 7 | 256 | 80
569 | Revision_569/sh.c | U | 89 | 94 | 6 | 103818 | 7 | 257 | 80
569 | Revision_569/asm.c | U | 366 | 385 | 9 | 103819 | 8 | 174 | 71
569 | Revision_569/verilog.c | U | 327 | 336 | 9 | 103820 | 8 | 184 | 71
569 | Revision_569/erlang.c | U | 179 | 187 | 9 | 103821 | 8 | 230 | 71
569 | Revision_569/tcl.c | U | 106 | 114 | 9 | 103822 | 8 | 22 | 71
569 | Revision_569/sql.c | U | 1816 | 1825 | 9 | 103823 | 8 | 197 | 71
569 | Revision_569/python.c | U | 447 | 455 | 9 | 103824 | 8 | 14 | 71
569 | Revision_569/perl.c | U | 341 | 349 | 9 | 103825 | 8 | 19 | 71
569 | Revision_569/basic.c | U | 207 | 215 | 9 | 103826 | 8 | 275 | 71
569 | Revision_569/vim.c | U | 626 | 634 | 9 | 103827 | 8 | 20 | 71
569 | Revision_569/sh.c | U | 103 | 113 | 9 | 103828 | 8 | 24 | 71
569 | Revision_569/basic.c | U | 218 | 226 | 9 | 103829 | 8 | 276 | 71
569 | Revision_569/ruby.c | U | 389 | 397 | 9 | 103830 | 8 | 16 | 71
569 | Revision_569/lua.c | U | 123 | 131 | 9 | 103831 | 8 | 154 | 71
569 | Revision_569/awk.c | U | 71 | 79 | 9 | 103832 | 8 | 10 | 71
569 | Revision_569/basic.c | U | 196 | 204 | 9 | 103833 | 8 | 277 | 71
569 | Revision_569/asp.c | U | 201 | 209 | 9 | 103834 | 8 | 18 | 71
569 | Revision_569/sml.c | U | 202 | 210 | 9 | 103835 | 8 | 216 | 71
569 | Revision_569/jscript.c | U | 1237 | 1250 | 9 | 103836 | 8 | 281 | 71
569 | Revision_569/beta.c | U | 311 | 319 | 9 | 103837 | 8 | 15 | 71
569 | Revision_569/make.c | U | 199 | 209 | 9 | 103838 | 8 | 26 | 71
569 | Revision_569/scheme.c | U | 99 | 109 | 9 | 103839 | 8 | 17 | 71
569 | Revision_569/lisp.c | U | 127 | 137 | 9 | 103840 | 8 | 11 | 71
569 | Revision_569/pascal.c | U | 257 | 265 | 9 | 103841 | 8 | 13 | 71
569 | Revision_569/php.c | U | 89 | 96 | 9 | 103842 | 8 | 366 | 71
569 | Revision_569/cobol.c | U | 40 | 48 | 9 | 103843 | 8 | 213 | 71
569 | Revision_569/yacc.c | U | 31 | 38 | 9 | 103844 | 8 | 28 | 71
569 | Revision_569/slang.c | U | 34 | 41 | 9 | 103845 | 8 | 27 | 71
569 | Revision_569/html.c | U | 40 | 47 | 9 | 103846 | 8 | 253 | 71
569 | Revision_569/rexx.c | U | 30 | 37 | 9 | 103847 | 8 | 25 | 71
569 | Revision_569/keyword.c | U | 107 | 116 | 9 | 103848 | 8 | 29 | 71
569 | Revision_569/options.c | U | 533 | 538 | 9 | 103849 | 8 | 30 | 71
569 | Revision_569/options.c | U | 626 | 632 | 9 | 103850 | 8 | 242 | 71
569 | Revision_569/sql.c | U | 346 | 355 | 9 | 103851 | 8 | 205 | 71
569 | Revision_569/jscript.c | U | 187 | 197 | 9 | 103852 | 8 | 282 | 71
569 | Revision_569/asp.c | U | 71 | 90 | 15 | 103853 | 9 | 31 | 100
569 | Revision_569/asp.c | U | 94 | 113 | 15 | 103854 | 9 | 32 | 100
569 | Revision_569/asp.c | U | 117 | 133 | 14 | 103855 | 10 | 33 | 100
569 | Revision_569/asp.c | U | 137 | 152 | 14 | 103856 | 10 | 34 | 100
569 | Revision_569/asp.c | U | 175 | 190 | 14 | 103857 | 10 | 34 | 100
569 | Revision_569/asp.c | U | 156 | 171 | 14 | 103858 | 10 | 34 | 100
569 | Revision_569/basic.c | U | 134 | 139 | 6 | 103859 | 11 | 278 | 80
569 | Revision_569/basic.c | U | 146 | 151 | 6 | 103860 | 11 | 279 | 80
569 | Revision_569/beta.c | U | 71 | 80 | 9 | 103861 | 12 | 43 | 70
569 | Revision_569/sml.c | U | 75 | 81 | 9 | 103862 | 12 | 217 | 70
569 | Revision_569/sql.c | U | 369 | 383 | 9 | 103863 | 12 | 198 | 70
569 | Revision_569/parse.c | U | 43 | 54 | 9 | 103864 | 12 | 44 | 70
569 | Revision_569/jscript.c | U | 211 | 225 | 9 | 103865 | 12 | 283 | 70
569 | Revision_569/beta.c | U | 134 | 141 | 6 | 103866 | 13 | 45 | 75
569 | Revision_569/beta.c | U | 204 | 212 | 6 | 103867 | 13 | 46 | 75
569 | Revision_569/beta.c | U | 152 | 156 | 5 | 103868 | 14 | 47 | 75
569 | Revision_569/beta.c | U | 165 | 169 | 5 | 103869 | 14 | 49 | 75
569 | Revision_569/beta.c | U | 271 | 275 | 5 | 103870 | 14 | 48 | 75
569 | Revision_569/beta.c | U | 158 | 162 | 5 | 103871 | 14 | 51 | 75
569 | Revision_569/beta.c | U | 277 | 281 | 5 | 103872 | 14 | 50 | 75
569 | Revision_569/erlang.c | U | 58 | 62 | 5 | 103873 | 15 | 231 | 75
569 | Revision_569/options.c | U | 963 | 968 | 5 | 103874 | 15 | 181 | 75
569 | Revision_569/python.c | U | 198 | 202 | 5 | 103875 | 15 | 180 | 75
569 | Revision_569/sml.c | U | 84 | 88 | 5 | 103876 | 15 | 218 | 75
569 | Revision_569/python.c | U | 177 | 181 | 5 | 103877 | 15 | 368 | 75
569 | Revision_569/erlang.c | U | 66 | 75 | 9 | 103878 | 16 | 232 | 75
569 | Revision_569/python.c | U | 206 | 215 | 9 | 103879 | 16 | 194 | 75
569 | Revision_569/tcl.c | U | 44 | 54 | 9 | 103880 | 16 | 195 | 75
569 | Revision_569/erlang.c | U | 97 | 105 | 7 | 103881 | 17 | 237 | 71
569 | Revision_569/erlang.c | U | 108 | 113 | 7 | 103882 | 17 | 235 | 71
569 | Revision_569/erlang.c | U | 116 | 121 | 7 | 103883 | 17 | 239 | 71
569 | Revision_569/main.c | U | 260 | 267 | 7 | 103884 | 17 | 254 | 71
569 | Revision_569/perl.c | U | 322 | 328 | 7 | 103885 | 17 | 262 | 71
569 | Revision_569/main.c | U | 179 | 185 | 7 | 103886 | 17 | 255 | 71
569 | Revision_569/get.c | U | 305 | 314 | 10 | 103887 | 18 | 74 | 70
569 | Revision_569/read.c | U | 220 | 231 | 10 | 103888 | 18 | 75 | 70
569 | Revision_569/parse.c | U | 584 | 598 | 10 | 103889 | 18 | 76 | 70
569 | Revision_569/get.c | U | 467 | 478 | 10 | 103890 | 19 | 77 | 87
569 | Revision_569/get.c | U | 484 | 495 | 10 | 103891 | 19 | 79 | 87
569 | Revision_569/get.c | U | 541 | 546 | 6 | 103892 | 20 | 80 | 80
569 | Revision_569/read.c | U | 421 | 425 | 6 | 103893 | 20 | 81 | 80
569 | Revision_569/get.c | U | 594 | 598 | 5 | 103894 | 21 | 364 | 75
569 | Revision_569/vim.c | U | 400 | 408 | 5 | 103895 | 21 | 365 | 75
569 | Revision_569/jscript.c | U | 200 | 204 | 5 | 103896 | 22 | 286 | 75
569 | Revision_569/sql.c | U | 358 | 362 | 5 | 103897 | 22 | 288 | 75
569 | Revision_569/vstring.c | U | 69 | 73 | 5 | 103898 | 22 | 287 | 75
569 | Revision_569/jscript.c | U | 228 | 249 | 15 | 103899 | 23 | 289 | 100
569 | Revision_569/sql.c | U | 386 | 407 | 15 | 103900 | 23 | 290 | 100
569 | Revision_569/jscript.c | U | 252 | 258 | 6 | 103901 | 24 | 286 | 100
569 | Revision_569/jscript.c | U | 261 | 267 | 6 | 103902 | 24 | 291 | 100
569 | Revision_569/jscript.c | U | 274 | 281 | 8 | 103903 | 25 | 291 | 100
569 | Revision_569/sql.c | U | 414 | 421 | 8 | 103904 | 25 | 292 | 100
569 | Revision_569/jscript.c | U | 284 | 298 | 14 | 103905 | 26 | 293 | 100
569 | Revision_569/sql.c | U | 424 | 438 | 14 | 103906 | 26 | 294 | 100
569 | Revision_569/jscript.c | U | 304 | 315 | 12 | 103907 | 27 | 295 | 100
569 | Revision_569/sql.c | U | 443 | 454 | 12 | 103908 | 27 | 296 | 100
569 | Revision_569/jscript.c | U | 328 | 417 | 107 | 103909 | 28 | 299 | 72
569 | Revision_569/sql.c | U | 467 | 600 | 107 | 103910 | 28 | 300 | 72
569 | Revision_569/jscript.c | U | 435 | 465 | 18 | 103911 | 29 | 284 | 100
569 | Revision_569/sql.c | U | 654 | 684 | 18 | 103912 | 29 | 285 | 100
569 | Revision_569/jscript.c | U | 468 | 475 | 7 | 103913 | 30 | 301 | 80
569 | Revision_569/jscript.c | U | 478 | 485 | 7 | 103914 | 30 | 302 | 80
569 | Revision_569/sql.c | U | 619 | 626 | 7 | 103915 | 30 | 304 | 80
569 | Revision_569/jscript.c | U | 499 | 509 | 12 | 103916 | 31 | 306 | 71
569 | Revision_569/jscript.c | U | 709 | 716 | 12 | 103917 | 31 | 307 | 71
569 | Revision_569/sql.c | U | 1344 | 1351 | 12 | 103918 | 31 | 311 | 71
569 | Revision_569/jscript.c | U | 624 | 635 | 12 | 103919 | 31 | 312 | 71
569 | Revision_569/jscript.c | U | 1033 | 1051 | 12 | 103920 | 31 | 309 | 71
569 | Revision_569/sql.c | U | 1210 | 1216 | 12 | 103921 | 31 | 356 | 71
569 | Revision_569/sql.c | U | 832 | 852 | 12 | 103922 | 31 | 310 | 71
569 | Revision_569/sql.c | U | 1726 | 1754 | 12 | 103923 | 31 | 314 | 71
569 | Revision_569/sql.c | U | 743 | 754 | 12 | 103924 | 31 | 313 | 71
569 | Revision_569/ruby.c | U | 214 | 218 | 12 | 103925 | 31 | 265 | 71
569 | Revision_569/jscript.c | U | 575 | 601 | 12 | 103926 | 31 | 315 | 71
569 | Revision_569/jscript.c | U | 513 | 548 | 12 | 103927 | 31 | 316 | 71
569 | Revision_569/jscript.c | U | 854 | 873 | 12 | 103928 | 31 | 318 | 71
569 | Revision_569/jscript.c | U | 640 | 689 | 12 | 103929 | 31 | 355 | 71
569 | Revision_569/sql.c | U | 976 | 993 | 12 | 103930 | 31 | 319 | 71
569 | Revision_569/sql.c | U | 1460 | 1486 | 12 | 103931 | 31 | 320 | 71
569 | Revision_569/sql.c | U | 1528 | 1549 | 12 | 103932 | 31 | 321 | 71
569 | Revision_569/sql.c | U | 1429 | 1457 | 12 | 103933 | 31 | 323 | 71
569 | Revision_569/sql.c | U | 1552 | 1573 | 12 | 103934 | 31 | 322 | 71
569 | Revision_569/sql.c | U | 1489 | 1510 | 12 | 103935 | 31 | 324 | 71
569 | Revision_569/jscript.c | U | 846 | 875 | 12 | 103936 | 31 | 326 | 71
569 | Revision_569/sql.c | U | 1576 | 1616 | 12 | 103937 | 31 | 327 | 71
569 | Revision_569/jscript.c | U | 851 | 874 | 12 | 103938 | 31 | 326 | 71
569 | Revision_569/sql.c | U | 1188 | 1226 | 12 | 103939 | 31 | 328 | 71
569 | Revision_569/sql.c | U | 1314 | 1353 | 12 | 103940 | 31 | 329 | 71
569 | Revision_569/jscript.c | U | 603 | 636 | 12 | 103941 | 31 | 330 | 71
569 | Revision_569/sql.c | U | 1229 | 1272 | 12 | 103942 | 31 | 331 | 71
569 | Revision_569/jscript.c | U | 843 | 876 | 12 | 103943 | 31 | 326 | 71
569 | Revision_569/jscript.c | U | 707 | 717 | 9 | 103944 | 32 | 307 | 71
569 | Revision_569/sql.c | U | 1009 | 1032 | 9 | 103945 | 32 | 337 | 71
569 | Revision_569/jscript.c | U | 723 | 729 | 8 | 103946 | 33 | 338 | 75
569 | Revision_569/jscript.c | U | 1020 | 1029 | 8 | 103947 | 33 | 339 | 75
569 | Revision_569/jscript.c | U | 780 | 789 | 5 | 103948 | 34 | 332 | 75
569 | Revision_569/sql.c | U | 1661 | 1665 | 5 | 103949 | 34 | 334 | 75
569 | Revision_569/jscript.c | U | 791 | 796 | 5 | 103950 | 34 | 333 | 75
569 | Revision_569/sql.c | U | 1402 | 1406 | 5 | 103951 | 34 | 335 | 75
569 | Revision_569/jscript.c | U | 862 | 872 | 6 | 103952 | 35 | 336 | 80
569 | Revision_569/options.c | U | 352 | 357 | 6 | 103953 | 35 | 107 | 80
569 | Revision_569/jscript.c | U | 921 | 930 | 6 | 103954 | 36 | 360 | 75
569 | Revision_569/options.c | U | 1683 | 1687 | 6 | 103955 | 36 | 223 | 75
569 | Revision_569/jscript.c | U | 1092 | 1096 | 5 | 103956 | 37 | 342 | 75
569 | Revision_569/sql.c | U | 985 | 992 | 5 | 103957 | 37 | 343 | 75
569 | Revision_569/sql.c | U | 901 | 907 | 5 | 103958 | 37 | 344 | 75
569 | Revision_569/jscript.c | U | 1101 | 1114 | 5 | 103959 | 37 | 341 | 75
569 | Revision_569/sql.c | U | 1448 | 1454 | 5 | 103960 | 37 | 345 | 75
569 | Revision_569/sql.c | U | 1477 | 1483 | 5 | 103961 | 37 | 346 | 75
569 | Revision_569/sql.c | U | 1218 | 1223 | 5 | 103962 | 37 | 347 | 75
569 | Revision_569/jscript.c | U | 1156 | 1175 | 18 | 103963 | 38 | 357 | 70
569 | Revision_569/sql.c | U | 873 | 891 | 18 | 103964 | 38 | 358 | 70
569 | Revision_569/jscript.c | U | 1197 | 1200 | 8 | 103965 | 39 | 361 | 71
569 | Revision_569/Test/local.c | U | 14 | 20 | 8 | 103966 | 39 | 362 | 71
569 | Revision_569/jscript.c | U | 1210 | 1214 | 5 | 103967 | 40 | 348 | 75
569 | Revision_569/sql.c | U | 1798 | 1802 | 5 | 103968 | 40 | 274 | 75
569 | Revision_569/make.c | U | 185 | 189 | 5 | 103969 | 40 | 273 | 75
569 | Revision_569/keyword.c | U | 185 | 189 | 5 | 103970 | 41 | 85 | 75
569 | Revision_569/readtags.c | U | 455 | 459 | 5 | 103971 | 41 | 87 | 75
569 | Revision_569/options.c | U | 1042 | 1046 | 5 | 103972 | 41 | 86 | 75
569 | Revision_569/lisp.c | U | 91 | 97 | 7 | 103973 | 42 | 89 | 83
569 | Revision_569/lisp.c | U | 112 | 118 | 7 | 103974 | 42 | 90 | 83
569 | Revision_569/main.c | U | 126 | 139 | 6 | 103975 | 43 | 243 | 80
569 | Revision_569/options.c | U | 397 | 402 | 6 | 103976 | 43 | 244 | 80
569 | Revision_569/make.c | U | 44 | 48 | 5 | 103977 | 44 | 267 | 75
569 | Revision_569/verilog.c | U | 284 | 288 | 5 | 103978 | 44 | 268 | 75
569 | Revision_569/make.c | U | 77 | 87 | 11 | 103979 | 45 | 269 | 77
569 | Revision_569/verilog.c | U | 197 | 210 | 11 | 103980 | 45 | 270 | 77
569 | Revision_569/make.c | U | 97 | 105 | 8 | 103981 | 46 | 271 | 75
569 | Revision_569/verilog.c | U | 185 | 191 | 8 | 103982 | 46 | 272 | 75
569 | Revision_569/options.c | U | 369 | 375 | 6 | 103983 | 47 | 107 | 100
569 | Revision_569/options.c | U | 378 | 384 | 6 | 103984 | 47 | 108 | 100
569 | Revision_569/options.c | U | 543 | 549 | 7 | 103985 | 48 | 112 | 100
569 | Revision_569/options.c | U | 570 | 576 | 7 | 103986 | 48 | 115 | 100
569 | Revision_569/options.c | U | 552 | 558 | 7 | 103987 | 48 | 114 | 100
569 | Revision_569/options.c | U | 561 | 567 | 7 | 103988 | 48 | 113 | 100
569 | Revision_569/options.c | U | 674 | 678 | 5 | 103989 | 49 | 116 | 75
569 | Revision_569/options.c | U | 1221 | 1225 | 5 | 103990 | 49 | 117 | 75
569 | Revision_569/options.c | U | 982 | 986 | 5 | 103991 | 50 | 118 | 75
569 | Revision_569/options.c | U | 1008 | 1012 | 5 | 103992 | 50 | 119 | 75
569 | Revision_569/options.c | U | 1102 | 1106 | 5 | 103993 | 51 | 120 | 100
569 | Revision_569/options.c | U | 1108 | 1112 | 5 | 103994 | 51 | 120 | 100
569 | Revision_569/options.c | U | 1154 | 1166 | 12 | 103995 | 52 | 245 | 100
569 | Revision_569/options.c | U | 1171 | 1183 | 12 | 103996 | 52 | 123 | 100
569 | Revision_569/options.c | U | 1425 | 1442 | 15 | 103997 | 53 | 124 | 91
569 | Revision_569/options.c | U | 1463 | 1480 | 15 | 103998 | 53 | 125 | 91
569 | Revision_569/parse.c | U | 96 | 106 | 11 | 103999 | 54 | 126 | 88
569 | Revision_569/parse.c | U | 109 | 120 | 11 | 104000 | 54 | 127 | 88
569 | Revision_569/parse.c | U | 297 | 301 | 5 | 104001 | 55 | 246 | 75
569 | Revision_569/parse.c | U | 554 | 558 | 5 | 104002 | 55 | 247 | 75
569 | Revision_569/parse.c | U | 573 | 577 | 5 | 104003 | 55 | 248 | 75
569 | Revision_569/pascal.c | U | 134 | 138 | 5 | 104004 | 56 | 128 | 75
569 | Revision_569/perl.c | U | 185 | 189 | 5 | 104005 | 56 | 129 | 75
569 | Revision_569/python.c | U | 380 | 387 | 5 | 104006 | 56 | 369 | 75
569 | Revision_569/pascal.c | U | 150 | 154 | 5 | 104007 | 57 | 212 | 75
569 | Revision_569/pascal.c | U | 176 | 182 | 5 | 104008 | 57 | 130 | 75
569 | Revision_569/pascal.c | U | 184 | 190 | 5 | 104009 | 57 | 131 | 75
569 | Revision_569/python.c | U | 417 | 421 | 5 | 104010 | 57 | 370 | 75
569 | Revision_569/perl.c | U | 206 | 212 | 7 | 104011 | 58 | 262 | 83
569 | Revision_569/perl.c | U | 252 | 257 | 7 | 104012 | 58 | 367 | 83
569 | Revision_569/python.c | U | 84 | 97 | 11 | 104013 | 59 | 39 | 77
569 | Revision_569/python.c | U | 127 | 138 | 11 | 104014 | 59 | 14 | 77
569 | Revision_569/readtags.c | U | 106 | 113 | 8 | 104015 | 60 | 149 | 83
569 | Revision_569/readtags.c | U | 116 | 123 | 8 | 104016 | 60 | 134 | 83
569 | Revision_569/routines.c | U | 298 | 305 | 8 | 104017 | 60 | 155 | 83
569 | Revision_569/routines.c | U | 288 | 295 | 8 | 104018 | 60 | 156 | 83
569 | Revision_569/readtags.c | U | 144 | 148 | 5 | 104019 | 61 | 110 | 75
569 | Revision_569/vstring.c | U | 35 | 40 | 5 | 104020 | 61 | 111 | 75
569 | Revision_569/readtags.c | U | 503 | 507 | 5 | 104021 | 62 | 87 | 75
569 | Revision_569/readtags.c | U | 680 | 684 | 5 | 104022 | 62 | 88 | 75
569 | Revision_569/readtags.c | U | 542 | 548 | 6 | 104023 | 63 | 150 | 100
569 | Revision_569/readtags.c | U | 550 | 556 | 6 | 104024 | 63 | 151 | 100
569 | Revision_569/readtags.c | U | 585 | 589 | 6 | 104025 | 64 | 134 | 75
569 | Revision_569/readtags.c | U | 640 | 646 | 6 | 104026 | 64 | 135 | 75
569 | Revision_569/readtags.c | U | 717 | 725 | 8 | 104027 | 65 | 136 | 83
569 | Revision_569/readtags.c | U | 772 | 780 | 8 | 104028 | 65 | 139 | 83
569 | Revision_569/readtags.c | U | 728 | 736 | 8 | 104029 | 65 | 139 | 83
569 | Revision_569/readtags.c | U | 739 | 744 | 6 | 104030 | 66 | 152 | 80
569 | Revision_569/readtags.c | U | 764 | 769 | 6 | 104031 | 66 | 153 | 80
569 | Revision_569/readtags.c | U | 756 | 761 | 6 | 104032 | 66 | 187 | 80
569 | Revision_569/routines.c | U | 237 | 244 | 6 | 104033 | 67 | 157 | 80
569 | Revision_569/routines.c | U | 247 | 254 | 6 | 104034 | 67 | 158 | 80
569 | Revision_569/routines.c | U | 322 | 326 | 5 | 104035 | 68 | 159 | 75
569 | Revision_569/vstring.c | U | 125 | 129 | 5 | 104036 | 68 | 94 | 75
569 | Revision_569/vstring.c | U | 118 | 122 | 5 | 104037 | 68 | 95 | 75
569 | Revision_569/routines.c | U | 329 | 335 | 6 | 104038 | 69 | 160 | 100
569 | Revision_569/routines.c | U | 338 | 344 | 6 | 104039 | 69 | 161 | 100
569 | Revision_569/routines.c | U | 349 | 356 | 8 | 104040 | 70 | 162 | 100
569 | Revision_569/routines.c | U | 361 | 368 | 8 | 104041 | 70 | 163 | 100
569 | Revision_569/routines.c | U | 453 | 459 | 5 | 104042 | 71 | 167 | 75
569 | Revision_569/strlist.c | U | 150 | 154 | 5 | 104043 | 71 | 62 | 75
569 | Revision_569/sql.c | U | 518 | 522 | 5 | 104044 | 71 | 206 | 75
569 | Revision_569/scheme.c | U | 70 | 78 | 8 | 104045 | 72 | 140 | 71
569 | Revision_569/scheme.c | U | 85 | 93 | 8 | 104046 | 72 | 141 | 71
569 | Revision_569/sort.c | U | 118 | 123 | 5 | 104047 | 73 | 182 | 100
569 | Revision_569/sort.c | U | 126 | 131 | 5 | 104048 | 73 | 183 | 100
569 | Revision_569/sql.c | U | 772 | 782 | 8 | 104049 | 74 | 359 | 71
569 | Revision_569/sql.c | U | 1411 | 1420 | 8 | 104050 | 74 | 350 | 71
569 | Revision_569/sql.c | U | 1275 | 1311 | 24 | 104051 | 75 | 351 | 78
569 | Revision_569/sql.c | U | 1680 | 1723 | 24 | 104052 | 75 | 352 | 78
569 | Revision_569/sql.c | U | 1644 | 1669 | 17 | 104053 | 76 | 353 | 84
569 | Revision_569/sql.c | U | 1693 | 1717 | 17 | 104054 | 76 | 354 | 84
569 | Revision_569/strlist.c | U | 32 | 38 | 8 | 104055 | 77 | 142 | 71
569 | Revision_569/vstring.c | U | 77 | 87 | 8 | 104056 | 77 | 143 | 71
569 | Revision_569/strlist.c | U | 191 | 196 | 7 | 104057 | 78 | 146 | 83
569 | Revision_569/strlist.c | U | 200 | 206 | 7 | 104058 | 78 | 264 | 83
569 | Revision_569/verilog.c | U | 142 | 146 | 5 | 104059 | 79 | 259 | 75
569 | Revision_569/verilog.c | U | 236 | 240 | 5 | 104060 | 79 | 260 | 75
569 | Revision_569/vim.c | U | 97 | 101 | 5 | 104061 | 80 | 192 | 100
569 | Revision_569/vim.c | U | 103 | 107 | 5 | 104062 | 80 | 193 | 100
569 | Revision_569/vim.c | U | 244 | 267 | 17 | 104063 | 81 | 224 | 76
569 | Revision_569/vim.c | U | 294 | 312 | 17 | 104064 | 81 | 147 | 76
