Revision | filePath | changeType | StartLine | EndLine | Nlines | cloneId | classId | globalCloneId | Similarity
570 | Revision_570/lisp.c | U | 91 | 97 | 7 | 171921 | 1 | 1 | 83
570 | Revision_570/lisp.c | U | 112 | 118 | 7 | 171922 | 1 | 2 | 83
570 | Revision_570/lisp.c | U | 127 | 137 | 9 | 171923 | 2 | 3 | 70
570 | Revision_570/c.c | U | 2897 | 2906 | 9 | 171924 | 2 | 12 | 70
570 | Revision_570/verilog.c | U | 327 | 336 | 9 | 171925 | 2 | 283 | 70
570 | Revision_570/c.c | U | 2885 | 2894 | 9 | 171926 | 2 | 15 | 70
570 | Revision_570/c.c | U | 2873 | 2882 | 9 | 171927 | 2 | 315 | 70
570 | Revision_570/c.c | U | 2855 | 2870 | 9 | 171928 | 2 | 8 | 70
570 | Revision_570/c.c | U | 2843 | 2852 | 9 | 171929 | 2 | 330 | 70
570 | Revision_570/eiffel.c | U | 1247 | 1256 | 9 | 171930 | 2 | 9 | 70
570 | Revision_570/php.c | U | 89 | 96 | 9 | 171931 | 2 | 501 | 70
570 | Revision_570/sh.c | U | 103 | 113 | 9 | 171932 | 2 | 17 | 70
570 | Revision_570/erlang.c | U | 179 | 187 | 9 | 171933 | 2 | 340 | 70
570 | Revision_570/cobol.c | U | 40 | 48 | 9 | 171934 | 2 | 320 | 70
570 | Revision_570/python.c | U | 447 | 455 | 9 | 171935 | 2 | 13 | 70
570 | Revision_570/awk.c | U | 71 | 79 | 9 | 171936 | 2 | 10 | 70
570 | Revision_570/asp.c | U | 201 | 209 | 9 | 171937 | 2 | 4 | 70
570 | Revision_570/pascal.c | U | 257 | 265 | 9 | 171938 | 2 | 14 | 70
570 | Revision_570/basic.c | U | 218 | 226 | 9 | 171939 | 2 | 408 | 70
570 | Revision_570/lua.c | U | 123 | 131 | 9 | 171940 | 2 | 243 | 70
570 | Revision_570/beta.c | U | 311 | 319 | 9 | 171941 | 2 | 5 | 70
570 | Revision_570/tcl.c | U | 106 | 114 | 9 | 171942 | 2 | 18 | 70
570 | Revision_570/perl.c | U | 341 | 349 | 9 | 171943 | 2 | 7 | 70
570 | Revision_570/sql.c | U | 1816 | 1825 | 9 | 171944 | 2 | 296 | 70
570 | Revision_570/fortran.c | U | 2200 | 2215 | 9 | 171945 | 2 | 21 | 70
570 | Revision_570/basic.c | U | 196 | 204 | 9 | 171946 | 2 | 409 | 70
570 | Revision_570/ruby.c | U | 389 | 397 | 9 | 171947 | 2 | 19 | 70
570 | Revision_570/sml.c | U | 202 | 210 | 9 | 171948 | 2 | 321 | 70
570 | Revision_570/scheme.c | U | 99 | 109 | 9 | 171949 | 2 | 16 | 70
570 | Revision_570/basic.c | U | 207 | 215 | 9 | 171950 | 2 | 410 | 70
570 | Revision_570/vim.c | U | 626 | 634 | 9 | 171951 | 2 | 20 | 70
570 | Revision_570/make.c | U | 199 | 209 | 9 | 171952 | 2 | 25 | 70
570 | Revision_570/asm.c | U | 366 | 385 | 9 | 171953 | 2 | 274 | 70
570 | Revision_570/jscript.c | U | 1237 | 1250 | 9 | 171954 | 2 | 413 | 70
570 | Revision_570/slang.c | U | 34 | 41 | 9 | 171955 | 2 | 24 | 70
570 | Revision_570/keyword.c | U | 107 | 116 | 9 | 171956 | 2 | 27 | 70
570 | Revision_570/rexx.c | U | 30 | 37 | 9 | 171957 | 2 | 26 | 70
570 | Revision_570/yacc.c | U | 31 | 38 | 9 | 171958 | 2 | 23 | 70
570 | Revision_570/html.c | U | 40 | 47 | 9 | 171959 | 2 | 365 | 70
570 | Revision_570/options.c | U | 626 | 632 | 9 | 171960 | 2 | 29 | 70
570 | Revision_570/sql.c | U | 346 | 355 | 9 | 171961 | 2 | 309 | 70
570 | Revision_570/options.c | U | 533 | 538 | 9 | 171962 | 2 | 30 | 70
570 | Revision_570/fortran.c | U | 413 | 425 | 9 | 171963 | 2 | 158 | 70
570 | Revision_570/c.c | U | 2194 | 2199 | 9 | 171964 | 2 | 28 | 70
570 | Revision_570/c.c | U | 2223 | 2231 | 9 | 171965 | 2 | 31 | 70
570 | Revision_570/eiffel.c | U | 1201 | 1213 | 9 | 171966 | 2 | 157 | 70
570 | Revision_570/jscript.c | U | 187 | 197 | 9 | 171967 | 2 | 414 | 70
570 | Revision_570/c.c | U | 484 | 490 | 9 | 171968 | 2 | 53 | 70
570 | Revision_570/asp.c | U | 71 | 90 | 15 | 171969 | 3 | 33 | 100
570 | Revision_570/asp.c | U | 94 | 113 | 15 | 171970 | 3 | 34 | 100
570 | Revision_570/asp.c | U | 117 | 133 | 14 | 171971 | 4 | 35 | 100
570 | Revision_570/asp.c | U | 175 | 190 | 14 | 171972 | 4 | 36 | 100
570 | Revision_570/asp.c | U | 156 | 171 | 14 | 171973 | 4 | 36 | 100
570 | Revision_570/asp.c | U | 137 | 152 | 14 | 171974 | 4 | 36 | 100
570 | Revision_570/args.c | U | 85 | 92 | 8 | 171975 | 5 | 43 | 100
570 | Revision_570/args.c | U | 160 | 167 | 8 | 171976 | 5 | 44 | 100
570 | Revision_570/args.c | U | 182 | 190 | 9 | 171977 | 6 | 45 | 75
570 | Revision_570/args.c | U | 193 | 200 | 9 | 171978 | 6 | 46 | 75
570 | Revision_570/args.c | U | 203 | 211 | 9 | 171979 | 6 | 47 | 75
570 | Revision_570/args.c | U | 266 | 272 | 6 | 171980 | 7 | 48 | 80
570 | Revision_570/options.c | U | 579 | 584 | 6 | 171981 | 7 | 49 | 80
570 | Revision_570/fortran.c | U | 903 | 908 | 6 | 171982 | 7 | 50 | 80
570 | Revision_570/c.c | U | 536 | 542 | 6 | 171983 | 8 | 51 | 75
570 | Revision_570/vstring.c | U | 67 | 74 | 6 | 171984 | 8 | 52 | 75
570 | Revision_570/jscript.c | U | 200 | 204 | 6 | 171985 | 8 | 415 | 75
570 | Revision_570/sql.c | U | 358 | 362 | 6 | 171986 | 8 | 416 | 75
570 | Revision_570/eiffel.c | U | 1216 | 1222 | 6 | 171987 | 8 | 362 | 75
570 | Revision_570/vstring.c | U | 69 | 73 | 6 | 171988 | 8 | 52 | 75
570 | Revision_570/fortran.c | U | 439 | 444 | 6 | 171989 | 8 | 363 | 75
570 | Revision_570/c.c | U | 545 | 552 | 6 | 171990 | 9 | 53 | 80
570 | Revision_570/c.c | U | 555 | 562 | 6 | 171991 | 9 | 54 | 80
570 | Revision_570/c.c | U | 664 | 680 | 18 | 171992 | 10 | 55 | 70
570 | Revision_570/c.c | U | 1167 | 1185 | 18 | 171993 | 10 | 60 | 70
570 | Revision_570/fortran.c | U | 1112 | 1132 | 18 | 171994 | 10 | 58 | 70
570 | Revision_570/fortran.c | U | 1135 | 1150 | 18 | 171995 | 10 | 375 | 70
570 | Revision_570/c.c | U | 683 | 698 | 18 | 171996 | 10 | 57 | 70
570 | Revision_570/fortran.c | U | 1871 | 1887 | 18 | 171997 | 10 | 59 | 70
570 | Revision_570/c.c | U | 1244 | 1258 | 18 | 171998 | 10 | 56 | 70
570 | Revision_570/fortran.c | U | 1788 | 1816 | 18 | 171999 | 10 | 366 | 70
570 | Revision_570/Test/local.c | U | 9 | 22 | 18 | 172000 | 10 | 384 | 70
570 | Revision_570/jscript.c | U | 1156 | 1175 | 18 | 172001 | 10 | 463 | 70
570 | Revision_570/c.c | U | 1170 | 1183 | 18 | 172002 | 10 | 63 | 70
570 | Revision_570/fortran.c | U | 1115 | 1130 | 18 | 172003 | 10 | 58 | 70
570 | Revision_570/fortran.c | U | 1588 | 1625 | 18 | 172004 | 10 | 367 | 70
570 | Revision_570/sql.c | U | 873 | 891 | 18 | 172005 | 10 | 308 | 70
570 | Revision_570/eiffel.c | U | 906 | 946 | 18 | 172006 | 10 | 248 | 70
570 | Revision_570/eiffel.c | U | 1191 | 1196 | 18 | 172007 | 10 | 362 | 70
570 | Revision_570/eiffel.c | U | 1112 | 1136 | 18 | 172008 | 10 | 307 | 70
570 | Revision_570/fortran.c | U | 1874 | 1885 | 18 | 172009 | 10 | 65 | 70
570 | Revision_570/eiffel.c | U | 1185 | 1197 | 18 | 172010 | 10 | 157 | 70
570 | Revision_570/sql.c | U | 869 | 893 | 18 | 172011 | 10 | 308 | 70
570 | Revision_570/c.c | U | 686 | 696 | 13 | 172012 | 11 | 57 | 75
570 | Revision_570/c.c | U | 1246 | 1257 | 13 | 172013 | 11 | 64 | 75
570 | Revision_570/c.c | U | 716 | 738 | 21 | 172014 | 12 | 72 | 70
570 | Revision_570/fortran.c | U | 1302 | 1312 | 21 | 172015 | 12 | 337 | 70
570 | Revision_570/c.c | U | 748 | 754 | 8 | 172016 | 13 | 74 | 71
570 | Revision_570/options.c | U | 472 | 479 | 8 | 172017 | 13 | 75 | 71
570 | Revision_570/c.c | U | 789 | 793 | 8 | 172018 | 14 | 76 | 71
570 | Revision_570/sql.c | U | 985 | 992 | 8 | 172019 | 14 | 418 | 71
570 | Revision_570/sql.c | U | 901 | 907 | 8 | 172020 | 14 | 419 | 71
570 | Revision_570/fortran.c | U | 1916 | 1920 | 8 | 172021 | 14 | 79 | 71
570 | Revision_570/eiffel.c | U | 673 | 677 | 8 | 172022 | 14 | 249 | 71
570 | Revision_570/c.c | U | 2118 | 2122 | 8 | 172023 | 14 | 80 | 71
570 | Revision_570/jscript.c | U | 1092 | 1096 | 8 | 172024 | 14 | 417 | 71
570 | Revision_570/sql.c | U | 1448 | 1454 | 8 | 172025 | 14 | 420 | 71
570 | Revision_570/sql.c | U | 1477 | 1483 | 8 | 172026 | 14 | 421 | 71
570 | Revision_570/eiffel.c | U | 850 | 855 | 8 | 172027 | 14 | 151 | 71
570 | Revision_570/sql.c | U | 1218 | 1223 | 8 | 172028 | 14 | 422 | 71
570 | Revision_570/jscript.c | U | 1076 | 1097 | 8 | 172029 | 14 | 494 | 71
570 | Revision_570/fortran.c | U | 1343 | 1347 | 8 | 172030 | 14 | 85 | 71
570 | Revision_570/eiffel.c | U | 962 | 966 | 8 | 172031 | 14 | 269 | 71
570 | Revision_570/eiffel.c | U | 1013 | 1017 | 8 | 172032 | 14 | 269 | 71
570 | Revision_570/jscript.c | U | 1101 | 1114 | 8 | 172033 | 14 | 464 | 71
570 | Revision_570/eiffel.c | U | 875 | 879 | 8 | 172034 | 14 | 269 | 71
570 | Revision_570/sql.c | U | 518 | 522 | 8 | 172035 | 14 | 300 | 71
570 | Revision_570/eiffel.c | U | 660 | 664 | 8 | 172036 | 14 | 250 | 71
570 | Revision_570/readtags.c | U | 144 | 148 | 8 | 172037 | 14 | 87 | 71
570 | Revision_570/sql.c | U | 832 | 852 | 8 | 172038 | 14 | 423 | 71
570 | Revision_570/jscript.c | U | 624 | 635 | 8 | 172039 | 14 | 426 | 71
570 | Revision_570/sql.c | U | 1210 | 1216 | 8 | 172040 | 14 | 492 | 71
570 | Revision_570/sql.c | U | 743 | 754 | 8 | 172041 | 14 | 424 | 71
570 | Revision_570/ruby.c | U | 214 | 218 | 8 | 172042 | 14 | 392 | 71
570 | Revision_570/fortran.c | U | 1211 | 1215 | 8 | 172043 | 14 | 85 | 71
570 | Revision_570/eiffel.c | U | 1032 | 1036 | 8 | 172044 | 14 | 151 | 71
570 | Revision_570/readtags.c | U | 455 | 459 | 8 | 172045 | 14 | 90 | 71
570 | Revision_570/options.c | U | 1042 | 1046 | 8 | 172046 | 14 | 89 | 71
570 | Revision_570/keyword.c | U | 185 | 189 | 8 | 172047 | 14 | 91 | 71
570 | Revision_570/c.c | U | 2761 | 2766 | 8 | 172048 | 14 | 94 | 71
570 | Revision_570/fortran.c | U | 1340 | 1348 | 8 | 172049 | 14 | 84 | 71
570 | Revision_570/fortran.c | U | 1552 | 1557 | 8 | 172050 | 14 | 79 | 71
570 | Revision_570/strlist.c | U | 150 | 154 | 8 | 172051 | 14 | 126 | 71
570 | Revision_570/c.c | U | 2165 | 2169 | 8 | 172052 | 14 | 125 | 71
570 | Revision_570/c.c | U | 1789 | 1793 | 8 | 172053 | 14 | 121 | 71
570 | Revision_570/c.c | U | 1780 | 1784 | 8 | 172054 | 14 | 331 | 71
570 | Revision_570/c.c | U | 2184 | 2191 | 8 | 172055 | 14 | 244 | 71
570 | Revision_570/vstring.c | U | 35 | 40 | 8 | 172056 | 14 | 98 | 71
570 | Revision_570/fortran.c | U | 1724 | 1728 | 8 | 172057 | 14 | 373 | 71
570 | Revision_570/jscript.c | U | 709 | 716 | 8 | 172058 | 14 | 427 | 71
570 | Revision_570/eiffel.c | U | 1068 | 1077 | 8 | 172059 | 14 | 101 | 71
570 | Revision_570/fortran.c | U | 1006 | 1010 | 8 | 172060 | 14 | 128 | 71
570 | Revision_570/routines.c | U | 453 | 459 | 8 | 172061 | 14 | 266 | 71
570 | Revision_570/options.c | U | 674 | 678 | 8 | 172062 | 14 | 127 | 71
570 | Revision_570/fortran.c | U | 1545 | 1550 | 8 | 172063 | 14 | 79 | 71
570 | Revision_570/jscript.c | U | 1033 | 1051 | 8 | 172064 | 14 | 429 | 71
570 | Revision_570/jscript.c | U | 499 | 509 | 8 | 172065 | 14 | 428 | 71
570 | Revision_570/sql.c | U | 1344 | 1351 | 8 | 172066 | 14 | 430 | 71
570 | Revision_570/options.c | U | 1221 | 1225 | 8 | 172067 | 14 | 129 | 71
570 | Revision_570/fortran.c | U | 1418 | 1426 | 8 | 172068 | 14 | 59 | 71
570 | Revision_570/sql.c | U | 1726 | 1754 | 8 | 172069 | 14 | 431 | 71
570 | Revision_570/jscript.c | U | 707 | 717 | 8 | 172070 | 14 | 427 | 71
570 | Revision_570/sql.c | U | 976 | 993 | 8 | 172071 | 14 | 435 | 71
570 | Revision_570/sql.c | U | 1171 | 1184 | 8 | 172072 | 14 | 436 | 71
570 | Revision_570/jscript.c | U | 513 | 548 | 8 | 172073 | 14 | 432 | 71
570 | Revision_570/sql.c | U | 1009 | 1032 | 8 | 172074 | 14 | 437 | 71
570 | Revision_570/jscript.c | U | 575 | 601 | 8 | 172075 | 14 | 433 | 71
570 | Revision_570/fortran.c | U | 1713 | 1722 | 8 | 172076 | 14 | 221 | 71
570 | Revision_570/fortran.c | U | 1084 | 1090 | 8 | 172077 | 14 | 350 | 71
570 | Revision_570/jscript.c | U | 640 | 689 | 8 | 172078 | 14 | 491 | 71
570 | Revision_570/fortran.c | U | 1758 | 1764 | 8 | 172079 | 14 | 314 | 71
570 | Revision_570/jscript.c | U | 854 | 873 | 8 | 172080 | 14 | 438 | 71
570 | Revision_570/fortran.c | U | 1537 | 1543 | 8 | 172081 | 14 | 65 | 71
570 | Revision_570/sql.c | U | 1460 | 1486 | 8 | 172082 | 14 | 439 | 71
570 | Revision_570/sql.c | U | 1429 | 1457 | 8 | 172083 | 14 | 441 | 71
570 | Revision_570/sql.c | U | 1528 | 1549 | 8 | 172084 | 14 | 442 | 71
570 | Revision_570/sql.c | U | 1552 | 1573 | 8 | 172085 | 14 | 443 | 71
570 | Revision_570/sql.c | U | 1489 | 1510 | 8 | 172086 | 14 | 440 | 71
570 | Revision_570/jscript.c | U | 846 | 875 | 8 | 172087 | 14 | 438 | 71
570 | Revision_570/sql.c | U | 1576 | 1616 | 8 | 172088 | 14 | 445 | 71
570 | Revision_570/jscript.c | U | 851 | 874 | 8 | 172089 | 14 | 438 | 71
570 | Revision_570/sql.c | U | 1188 | 1226 | 8 | 172090 | 14 | 447 | 71
570 | Revision_570/sql.c | U | 1314 | 1353 | 8 | 172091 | 14 | 448 | 71
570 | Revision_570/jscript.c | U | 603 | 636 | 8 | 172092 | 14 | 446 | 71
570 | Revision_570/jscript.c | U | 843 | 876 | 8 | 172093 | 14 | 438 | 71
570 | Revision_570/sql.c | U | 1229 | 1272 | 8 | 172094 | 14 | 449 | 71
570 | Revision_570/c.c | U | 799 | 820 | 44 | 172095 | 15 | 103 | 72
570 | Revision_570/c.c | U | 864 | 884 | 44 | 172096 | 15 | 316 | 72
570 | Revision_570/c.c | U | 931 | 950 | 44 | 172097 | 15 | 103 | 72
570 | Revision_570/c.c | U | 823 | 843 | 44 | 172098 | 15 | 332 | 72
570 | Revision_570/c.c | U | 846 | 862 | 44 | 172099 | 15 | 316 | 72
570 | Revision_570/c.c | U | 887 | 898 | 12 | 172100 | 16 | 317 | 90
570 | Revision_570/c.c | U | 901 | 912 | 12 | 172101 | 16 | 318 | 90
570 | Revision_570/c.c | U | 1052 | 1057 | 6 | 172102 | 17 | 407 | 80
570 | Revision_570/jscript.c | U | 1013 | 1018 | 6 | 172103 | 17 | 417 | 80
570 | Revision_570/c.c | U | 1307 | 1313 | 7 | 172104 | 18 | 385 | 71
570 | Revision_570/fortran.c | U | 501 | 509 | 7 | 172105 | 18 | 112 | 71
570 | Revision_570/make.c | U | 63 | 69 | 7 | 172106 | 18 | 394 | 71
570 | Revision_570/make.c | U | 53 | 60 | 7 | 172107 | 18 | 395 | 71
570 | Revision_570/c.c | U | 1380 | 1387 | 7 | 172108 | 19 | 108 | 80
570 | Revision_570/c.c | U | 1389 | 1396 | 7 | 172109 | 19 | 109 | 80
570 | Revision_570/c.c | U | 1410 | 1417 | 7 | 172110 | 20 | 110 | 71
570 | Revision_570/c.c | U | 1420 | 1427 | 7 | 172111 | 20 | 111 | 71
570 | Revision_570/c.c | U | 2156 | 2163 | 7 | 172112 | 20 | 405 | 71
570 | Revision_570/fortran.c | U | 625 | 631 | 7 | 172113 | 20 | 112 | 71
570 | Revision_570/sql.c | U | 559 | 566 | 7 | 172114 | 20 | 406 | 71
570 | Revision_570/jscript.c | U | 382 | 389 | 7 | 172115 | 20 | 450 | 71
570 | Revision_570/c.c | U | 1458 | 1463 | 6 | 172116 | 21 | 386 | 80
570 | Revision_570/c.c | U | 1800 | 1805 | 6 | 172117 | 21 | 80 | 80
570 | Revision_570/c.c | U | 1484 | 1493 | 9 | 172118 | 22 | 294 | 71
570 | Revision_570/eiffel.c | U | 555 | 563 | 9 | 172119 | 22 | 295 | 71
570 | Revision_570/c.c | U | 1487 | 1491 | 5 | 172120 | 23 | 294 | 75
570 | Revision_570/readtags.c | U | 503 | 507 | 5 | 172121 | 23 | 90 | 75
570 | Revision_570/readtags.c | U | 680 | 684 | 5 | 172122 | 23 | 99 | 75
570 | Revision_570/c.c | U | 1501 | 1514 | 10 | 172123 | 24 | 396 | 75
570 | Revision_570/make.c | U | 77 | 87 | 10 | 172124 | 24 | 397 | 75
570 | Revision_570/fortran.c | U | 853 | 864 | 10 | 172125 | 24 | 116 | 75
570 | Revision_570/verilog.c | U | 197 | 210 | 10 | 172126 | 24 | 398 | 75
570 | Revision_570/eiffel.c | U | 573 | 585 | 10 | 172127 | 24 | 114 | 75
570 | Revision_570/eiffel.c | U | 588 | 600 | 10 | 172128 | 24 | 117 | 75
570 | Revision_570/sql.c | U | 443 | 454 | 10 | 172129 | 24 | 306 | 75
570 | Revision_570/jscript.c | U | 304 | 315 | 10 | 172130 | 24 | 451 | 75
570 | Revision_570/c.c | U | 1618 | 1624 | 8 | 172131 | 25 | 452 | 75
570 | Revision_570/jscript.c | U | 420 | 428 | 8 | 172132 | 25 | 453 | 75
570 | Revision_570/c.c | U | 1990 | 1994 | 5 | 172133 | 26 | 121 | 75
570 | Revision_570/get.c | U | 594 | 598 | 5 | 172134 | 26 | 122 | 75
570 | Revision_570/fortran.c | U | 728 | 732 | 5 | 172135 | 26 | 144 | 75
570 | Revision_570/fortran.c | U | 619 | 623 | 5 | 172136 | 26 | 112 | 75
570 | Revision_570/vim.c | U | 400 | 408 | 5 | 172137 | 26 | 500 | 75
570 | Revision_570/perl.c | U | 185 | 189 | 5 | 172138 | 26 | 163 | 75
570 | Revision_570/python.c | U | 380 | 387 | 5 | 172139 | 26 | 503 | 75
570 | Revision_570/pascal.c | U | 134 | 138 | 5 | 172140 | 26 | 164 | 75
570 | Revision_570/c.c | U | 2144 | 2151 | 9 | 172141 | 27 | 28 | 71
570 | Revision_570/eiffel.c | U | 1065 | 1078 | 9 | 172142 | 27 | 156 | 71
570 | Revision_570/c.c | U | 2467 | 2474 | 5 | 172143 | 28 | 94 | 75
570 | Revision_570/sql.c | U | 1402 | 1406 | 5 | 172144 | 28 | 454 | 75
570 | Revision_570/sql.c | U | 1661 | 1665 | 5 | 172145 | 28 | 455 | 75
570 | Revision_570/jscript.c | U | 780 | 789 | 5 | 172146 | 28 | 456 | 75
570 | Revision_570/jscript.c | U | 791 | 796 | 5 | 172147 | 28 | 457 | 75
570 | Revision_570/c.c | U | 2480 | 2484 | 5 | 172148 | 29 | 387 | 100
570 | Revision_570/c.c | U | 2487 | 2491 | 5 | 172149 | 29 | 94 | 100
570 | Revision_570/c.c | U | 2710 | 2715 | 6 | 172150 | 30 | 94 | 80
570 | Revision_570/sql.c | U | 996 | 1001 | 6 | 172151 | 30 | 301 | 80
570 | Revision_570/c.c | U | 2801 | 2810 | 9 | 172152 | 31 | 130 | 71
570 | Revision_570/fortran.c | U | 397 | 406 | 9 | 172153 | 31 | 132 | 71
570 | Revision_570/asm.c | U | 120 | 128 | 9 | 172154 | 31 | 288 | 71
570 | Revision_570/jscript.c | U | 175 | 184 | 9 | 172155 | 31 | 458 | 71
570 | Revision_570/sql.c | U | 334 | 343 | 9 | 172156 | 31 | 302 | 71
570 | Revision_570/eiffel.c | U | 214 | 223 | 9 | 172157 | 31 | 131 | 71
570 | Revision_570/verilog.c | U | 108 | 118 | 9 | 172158 | 31 | 381 | 71
570 | Revision_570/eiffel.c | U | 286 | 300 | 10 | 172159 | 32 | 133 | 71
570 | Revision_570/jscript.c | U | 211 | 225 | 10 | 172160 | 32 | 459 | 71
570 | Revision_570/beta.c | U | 71 | 80 | 10 | 172161 | 32 | 134 | 71
570 | Revision_570/sql.c | U | 369 | 383 | 10 | 172162 | 32 | 303 | 71
570 | Revision_570/parse.c | U | 43 | 54 | 10 | 172163 | 32 | 135 | 71
570 | Revision_570/sml.c | U | 75 | 81 | 10 | 172164 | 32 | 324 | 71
570 | Revision_570/eiffel.c | U | 288 | 298 | 10 | 172165 | 32 | 136 | 71
570 | Revision_570/eiffel.c | U | 366 | 375 | 8 | 172166 | 33 | 304 | 100
570 | Revision_570/sql.c | U | 414 | 421 | 8 | 172167 | 33 | 305 | 100
570 | Revision_570/jscript.c | U | 274 | 281 | 8 | 172168 | 33 | 460 | 100
570 | Revision_570/eiffel.c | U | 381 | 402 | 20 | 172169 | 34 | 139 | 70
570 | Revision_570/fortran.c | U | 767 | 793 | 20 | 172170 | 34 | 140 | 70
570 | Revision_570/eiffel.c | U | 405 | 433 | 24 | 172171 | 35 | 141 | 95
570 | Revision_570/fortran.c | U | 796 | 824 | 24 | 172172 | 35 | 505 | 95
570 | Revision_570/eiffel.c | U | 413 | 419 | 6 | 172173 | 36 | 119 | 80
570 | Revision_570/eiffel.c | U | 421 | 426 | 6 | 172174 | 36 | 119 | 80
570 | Revision_570/options.c | U | 352 | 357 | 6 | 172175 | 36 | 224 | 80
570 | Revision_570/jscript.c | U | 862 | 872 | 6 | 172176 | 36 | 479 | 80
570 | Revision_570/fortran.c | U | 812 | 817 | 6 | 172177 | 36 | 116 | 80
570 | Revision_570/fortran.c | U | 804 | 810 | 6 | 172178 | 36 | 50 | 80
570 | Revision_570/eiffel.c | U | 546 | 550 | 5 | 172179 | 37 | 143 | 75
570 | Revision_570/verilog.c | U | 236 | 240 | 5 | 172180 | 37 | 382 | 75
570 | Revision_570/fortran.c | U | 985 | 989 | 5 | 172181 | 37 | 145 | 75
570 | Revision_570/verilog.c | U | 142 | 146 | 5 | 172182 | 37 | 383 | 75
570 | Revision_570/fortran.c | U | 785 | 789 | 5 | 172183 | 37 | 144 | 75
570 | Revision_570/eiffel.c | U | 603 | 612 | 8 | 172184 | 38 | 146 | 100
570 | Revision_570/jscript.c | U | 318 | 325 | 8 | 172185 | 38 | 471 | 100
570 | Revision_570/sql.c | U | 457 | 464 | 8 | 172186 | 38 | 305 | 100
570 | Revision_570/asm.c | U | 131 | 139 | 8 | 172187 | 38 | 270 | 100
570 | Revision_570/fortran.c | U | 871 | 880 | 8 | 172188 | 38 | 147 | 100
570 | Revision_570/eiffel.c | U | 720 | 727 | 9 | 172189 | 39 | 148 | 77
570 | Revision_570/jscript.c | U | 405 | 414 | 9 | 172190 | 39 | 461 | 77
570 | Revision_570/eiffel.c | U | 729 | 734 | 6 | 172191 | 40 | 506 | 100
570 | Revision_570/fortran.c | U | 1043 | 1048 | 6 | 172192 | 40 | 312 | 100
570 | Revision_570/eiffel.c | U | 773 | 820 | 13 | 172193 | 41 | 349 | 72
570 | Revision_570/fortran.c | U | 1098 | 1109 | 13 | 172194 | 41 | 350 | 72
570 | Revision_570/eiffel.c | U | 838 | 856 | 12 | 172195 | 42 | 251 | 72
570 | Revision_570/eiffel.c | U | 860 | 881 | 12 | 172196 | 42 | 252 | 72
570 | Revision_570/fortran.c | U | 1380 | 1393 | 12 | 172197 | 42 | 336 | 72
570 | Revision_570/eiffel.c | U | 1007 | 1020 | 12 | 172198 | 42 | 253 | 72
570 | Revision_570/fortran.c | U | 1634 | 1642 | 12 | 172199 | 42 | 337 | 72
570 | Revision_570/jscript.c | U | 1057 | 1069 | 12 | 172200 | 42 | 495 | 72
570 | Revision_570/eiffel.c | U | 868 | 880 | 12 | 172201 | 42 | 156 | 72
570 | Revision_570/sql.c | U | 1297 | 1307 | 12 | 172202 | 42 | 462 | 72
570 | Revision_570/eiffel.c | U | 997 | 1005 | 7 | 172203 | 43 | 496 | 83
570 | Revision_570/jscript.c | U | 1061 | 1068 | 7 | 172204 | 43 | 495 | 83
570 | Revision_570/fortran.c | U | 1384 | 1390 | 7 | 172205 | 43 | 84 | 83
570 | Revision_570/fortran.c | U | 1325 | 1331 | 7 | 172206 | 43 | 85 | 83
570 | Revision_570/basic.c | U | 134 | 139 | 6 | 172207 | 44 | 411 | 80
570 | Revision_570/basic.c | U | 146 | 151 | 6 | 172208 | 44 | 412 | 80
570 | Revision_570/verilog.c | U | 185 | 191 | 8 | 172209 | 45 | 399 | 75
570 | Revision_570/make.c | U | 97 | 105 | 8 | 172210 | 45 | 400 | 75
570 | Revision_570/verilog.c | U | 284 | 288 | 5 | 172211 | 46 | 401 | 75
570 | Revision_570/make.c | U | 44 | 48 | 5 | 172212 | 46 | 402 | 75
570 | Revision_570/jscript.c | U | 228 | 249 | 15 | 172213 | 47 | 467 | 100
570 | Revision_570/sql.c | U | 386 | 407 | 15 | 172214 | 47 | 468 | 100
570 | Revision_570/jscript.c | U | 252 | 258 | 6 | 172215 | 48 | 415 | 100
570 | Revision_570/jscript.c | U | 261 | 267 | 6 | 172216 | 48 | 460 | 100
570 | Revision_570/jscript.c | U | 284 | 298 | 14 | 172217 | 49 | 469 | 100
570 | Revision_570/sql.c | U | 424 | 438 | 14 | 172218 | 49 | 470 | 100
570 | Revision_570/jscript.c | U | 328 | 417 | 107 | 172219 | 50 | 472 | 72
570 | Revision_570/sql.c | U | 467 | 600 | 107 | 172220 | 50 | 473 | 72
570 | Revision_570/jscript.c | U | 435 | 465 | 18 | 172221 | 51 | 465 | 100
570 | Revision_570/sql.c | U | 654 | 684 | 18 | 172222 | 51 | 466 | 100
570 | Revision_570/jscript.c | U | 468 | 475 | 7 | 172223 | 52 | 474 | 80
570 | Revision_570/jscript.c | U | 478 | 485 | 7 | 172224 | 52 | 475 | 80
570 | Revision_570/sql.c | U | 619 | 626 | 7 | 172225 | 52 | 476 | 80
570 | Revision_570/jscript.c | U | 723 | 729 | 8 | 172226 | 53 | 480 | 75
570 | Revision_570/jscript.c | U | 1020 | 1029 | 8 | 172227 | 53 | 481 | 75
570 | Revision_570/jscript.c | U | 921 | 930 | 6 | 172228 | 54 | 497 | 75
570 | Revision_570/options.c | U | 1683 | 1687 | 6 | 172229 | 54 | 333 | 75
570 | Revision_570/jscript.c | U | 1197 | 1200 | 8 | 172230 | 55 | 498 | 71
570 | Revision_570/Test/local.c | U | 14 | 20 | 8 | 172231 | 55 | 384 | 71
570 | Revision_570/jscript.c | U | 1210 | 1214 | 5 | 172232 | 56 | 484 | 75
570 | Revision_570/make.c | U | 185 | 189 | 5 | 172233 | 56 | 403 | 75
570 | Revision_570/sql.c | U | 1798 | 1802 | 5 | 172234 | 56 | 404 | 75
570 | Revision_570/vim.c | U | 97 | 101 | 5 | 172235 | 57 | 290 | 100
570 | Revision_570/vim.c | U | 103 | 107 | 5 | 172236 | 57 | 291 | 100
570 | Revision_570/vim.c | U | 244 | 267 | 17 | 172237 | 58 | 334 | 76
570 | Revision_570/vim.c | U | 294 | 312 | 17 | 172238 | 58 | 159 | 76
570 | Revision_570/python.c | U | 84 | 97 | 11 | 172239 | 59 | 37 | 77
570 | Revision_570/python.c | U | 127 | 138 | 11 | 172240 | 59 | 13 | 77
570 | Revision_570/python.c | U | 177 | 181 | 5 | 172241 | 60 | 278 | 75
570 | Revision_570/erlang.c | U | 58 | 62 | 5 | 172242 | 60 | 341 | 75
570 | Revision_570/python.c | U | 198 | 202 | 5 | 172243 | 60 | 326 | 75
570 | Revision_570/sml.c | U | 84 | 88 | 5 | 172244 | 60 | 325 | 75
570 | Revision_570/options.c | U | 963 | 968 | 5 | 172245 | 60 | 280 | 75
570 | Revision_570/python.c | U | 206 | 215 | 9 | 172246 | 61 | 292 | 75
570 | Revision_570/tcl.c | U | 44 | 54 | 9 | 172247 | 61 | 293 | 75
570 | Revision_570/erlang.c | U | 66 | 75 | 9 | 172248 | 61 | 342 | 75
570 | Revision_570/python.c | U | 417 | 421 | 5 | 172249 | 62 | 504 | 75
570 | Revision_570/pascal.c | U | 150 | 154 | 5 | 172250 | 62 | 319 | 75
570 | Revision_570/pascal.c | U | 184 | 190 | 5 | 172251 | 62 | 171 | 75
570 | Revision_570/pascal.c | U | 176 | 182 | 5 | 172252 | 62 | 170 | 75
570 | Revision_570/perl.c | U | 206 | 212 | 7 | 172253 | 63 | 389 | 83
570 | Revision_570/perl.c | U | 252 | 257 | 7 | 172254 | 63 | 502 | 83
570 | Revision_570/perl.c | U | 322 | 328 | 7 | 172255 | 64 | 389 | 71
570 | Revision_570/main.c | U | 260 | 267 | 7 | 172256 | 64 | 377 | 71
570 | Revision_570/erlang.c | U | 116 | 121 | 7 | 172257 | 64 | 346 | 71
570 | Revision_570/erlang.c | U | 97 | 105 | 7 | 172258 | 64 | 344 | 71
570 | Revision_570/erlang.c | U | 108 | 113 | 7 | 172259 | 64 | 344 | 71
570 | Revision_570/main.c | U | 179 | 185 | 7 | 172260 | 64 | 376 | 71
570 | Revision_570/sort.c | U | 118 | 123 | 5 | 172261 | 65 | 281 | 100
570 | Revision_570/sort.c | U | 126 | 131 | 5 | 172262 | 65 | 282 | 100
570 | Revision_570/strlist.c | U | 32 | 38 | 8 | 172263 | 66 | 165 | 71
570 | Revision_570/vstring.c | U | 77 | 87 | 8 | 172264 | 66 | 166 | 71
570 | Revision_570/strlist.c | U | 191 | 196 | 7 | 172265 | 67 | 168 | 83
570 | Revision_570/strlist.c | U | 200 | 206 | 7 | 172266 | 67 | 390 | 83
570 | Revision_570/get.c | U | 305 | 314 | 10 | 172267 | 68 | 174 | 70
570 | Revision_570/read.c | U | 220 | 231 | 10 | 172268 | 68 | 176 | 70
570 | Revision_570/parse.c | U | 584 | 598 | 10 | 172269 | 68 | 175 | 70
570 | Revision_570/get.c | U | 467 | 478 | 10 | 172270 | 69 | 177 | 87
570 | Revision_570/get.c | U | 484 | 495 | 10 | 172271 | 69 | 178 | 87
570 | Revision_570/get.c | U | 541 | 546 | 6 | 172272 | 70 | 180 | 80
570 | Revision_570/read.c | U | 421 | 425 | 6 | 172273 | 70 | 181 | 80
570 | Revision_570/main.c | U | 126 | 139 | 6 | 172274 | 71 | 354 | 80
570 | Revision_570/options.c | U | 397 | 402 | 6 | 172275 | 71 | 355 | 80
570 | Revision_570/routines.c | U | 237 | 244 | 6 | 172276 | 72 | 254 | 80
570 | Revision_570/routines.c | U | 247 | 254 | 6 | 172277 | 72 | 255 | 80
570 | Revision_570/routines.c | U | 288 | 295 | 8 | 172278 | 73 | 256 | 83
570 | Revision_570/routines.c | U | 298 | 305 | 8 | 172279 | 73 | 257 | 83
570 | Revision_570/readtags.c | U | 106 | 113 | 8 | 172280 | 73 | 123 | 83
570 | Revision_570/readtags.c | U | 116 | 123 | 8 | 172281 | 73 | 238 | 83
570 | Revision_570/routines.c | U | 322 | 326 | 5 | 172282 | 74 | 258 | 75
570 | Revision_570/vstring.c | U | 125 | 129 | 5 | 172283 | 74 | 188 | 75
570 | Revision_570/vstring.c | U | 118 | 122 | 5 | 172284 | 74 | 189 | 75
570 | Revision_570/routines.c | U | 329 | 335 | 6 | 172285 | 75 | 259 | 100
570 | Revision_570/routines.c | U | 338 | 344 | 6 | 172286 | 75 | 260 | 100
570 | Revision_570/routines.c | U | 349 | 356 | 8 | 172287 | 76 | 261 | 100
570 | Revision_570/routines.c | U | 361 | 368 | 8 | 172288 | 76 | 262 | 100
570 | Revision_570/sh.c | U | 89 | 94 | 6 | 172289 | 77 | 378 | 80
570 | Revision_570/asm.c | U | 347 | 352 | 6 | 172290 | 77 | 379 | 80
570 | Revision_570/beta.c | U | 134 | 141 | 6 | 172291 | 78 | 201 | 75
570 | Revision_570/beta.c | U | 204 | 212 | 6 | 172292 | 78 | 202 | 75
570 | Revision_570/beta.c | U | 152 | 156 | 5 | 172293 | 79 | 203 | 75
570 | Revision_570/beta.c | U | 271 | 275 | 5 | 172294 | 79 | 205 | 75
570 | Revision_570/beta.c | U | 165 | 169 | 5 | 172295 | 79 | 204 | 75
570 | Revision_570/beta.c | U | 158 | 162 | 5 | 172296 | 79 | 206 | 75
570 | Revision_570/beta.c | U | 277 | 281 | 5 | 172297 | 79 | 207 | 75
570 | Revision_570/sql.c | U | 772 | 782 | 8 | 172298 | 80 | 493 | 71
570 | Revision_570/sql.c | U | 1411 | 1420 | 8 | 172299 | 80 | 486 | 71
570 | Revision_570/sql.c | U | 1275 | 1311 | 24 | 172300 | 81 | 487 | 78
570 | Revision_570/sql.c | U | 1680 | 1723 | 24 | 172301 | 81 | 488 | 78
570 | Revision_570/sql.c | U | 1644 | 1669 | 17 | 172302 | 82 | 489 | 84
570 | Revision_570/sql.c | U | 1693 | 1717 | 17 | 172303 | 82 | 490 | 84
570 | Revision_570/parse.c | U | 96 | 106 | 11 | 172304 | 83 | 208 | 88
570 | Revision_570/parse.c | U | 109 | 120 | 11 | 172305 | 83 | 209 | 88
570 | Revision_570/parse.c | U | 297 | 301 | 5 | 172306 | 84 | 356 | 75
570 | Revision_570/parse.c | U | 554 | 558 | 5 | 172307 | 84 | 357 | 75
570 | Revision_570/parse.c | U | 573 | 577 | 5 | 172308 | 84 | 358 | 75
570 | Revision_570/readtags.c | U | 542 | 548 | 6 | 172309 | 85 | 239 | 100
570 | Revision_570/readtags.c | U | 550 | 556 | 6 | 172310 | 85 | 240 | 100
570 | Revision_570/readtags.c | U | 585 | 589 | 6 | 172311 | 86 | 123 | 75
570 | Revision_570/readtags.c | U | 640 | 646 | 6 | 172312 | 86 | 124 | 75
570 | Revision_570/readtags.c | U | 717 | 725 | 8 | 172313 | 87 | 210 | 83
570 | Revision_570/readtags.c | U | 772 | 780 | 8 | 172314 | 87 | 211 | 83
570 | Revision_570/readtags.c | U | 728 | 736 | 8 | 172315 | 87 | 212 | 83
570 | Revision_570/readtags.c | U | 739 | 744 | 6 | 172316 | 88 | 241 | 80
570 | Revision_570/readtags.c | U | 764 | 769 | 6 | 172317 | 88 | 242 | 80
570 | Revision_570/readtags.c | U | 756 | 761 | 6 | 172318 | 88 | 287 | 80
570 | Revision_570/fortran.c | U | 1271 | 1292 | 23 | 172319 | 89 | 369 | 72
570 | Revision_570/fortran.c | U | 1791 | 1814 | 23 | 172320 | 89 | 366 | 72
570 | Revision_570/fortran.c | U | 1451 | 1459 | 10 | 172321 | 90 | 314 | 77
570 | Revision_570/fortran.c | U | 1490 | 1499 | 10 | 172322 | 90 | 59 | 77
570 | Revision_570/fortran.c | U | 1731 | 1746 | 20 | 172323 | 91 | 21 | 84
570 | Revision_570/fortran.c | U | 1948 | 1964 | 20 | 172324 | 91 | 374 | 84
570 | Revision_570/fortran.c | U | 1912 | 1931 | 17 | 172325 | 92 | 220 | 75
570 | Revision_570/fortran.c | U | 1983 | 2000 | 17 | 172326 | 92 | 221 | 75
570 | Revision_570/fortran.c | U | 2060 | 2081 | 17 | 172327 | 92 | 372 | 75
570 | Revision_570/asm.c | U | 243 | 256 | 11 | 172328 | 93 | 289 | 77
570 | Revision_570/asm.c | U | 261 | 271 | 11 | 172329 | 93 | 279 | 77
570 | Revision_570/scheme.c | U | 70 | 78 | 8 | 172330 | 94 | 222 | 71
570 | Revision_570/scheme.c | U | 85 | 93 | 8 | 172331 | 94 | 223 | 71
570 | Revision_570/options.c | U | 369 | 375 | 6 | 172332 | 95 | 224 | 100
570 | Revision_570/options.c | U | 378 | 384 | 6 | 172333 | 95 | 225 | 100
570 | Revision_570/options.c | U | 543 | 549 | 7 | 172334 | 96 | 226 | 100
570 | Revision_570/options.c | U | 561 | 567 | 7 | 172335 | 96 | 227 | 100
570 | Revision_570/options.c | U | 552 | 558 | 7 | 172336 | 96 | 228 | 100
570 | Revision_570/options.c | U | 570 | 576 | 7 | 172337 | 96 | 229 | 100
570 | Revision_570/options.c | U | 982 | 986 | 5 | 172338 | 97 | 230 | 75
570 | Revision_570/options.c | U | 1008 | 1012 | 5 | 172339 | 97 | 231 | 75
570 | Revision_570/options.c | U | 1102 | 1106 | 5 | 172340 | 98 | 232 | 100
570 | Revision_570/options.c | U | 1108 | 1112 | 5 | 172341 | 98 | 233 | 100
570 | Revision_570/options.c | U | 1154 | 1166 | 12 | 172342 | 99 | 360 | 100
570 | Revision_570/options.c | U | 1171 | 1183 | 12 | 172343 | 99 | 235 | 100
570 | Revision_570/options.c | U | 1425 | 1442 | 15 | 172344 | 100 | 236 | 91
570 | Revision_570/options.c | U | 1463 | 1480 | 15 | 172345 | 100 | 237 | 91
