Revision | filePath | changeType | StartLine | EndLine | Nlines | cloneId | classId | globalCloneId | Similarity
571 | Revision_571/args.c | U | 85 | 92 | 8 | 104329 | 1 | 1 | 100
571 | Revision_571/args.c | U | 160 | 167 | 8 | 104330 | 1 | 2 | 100
571 | Revision_571/args.c | U | 182 | 190 | 9 | 104331 | 2 | 3 | 75
571 | Revision_571/args.c | U | 193 | 200 | 9 | 104332 | 2 | 4 | 75
571 | Revision_571/args.c | U | 203 | 211 | 9 | 104333 | 2 | 5 | 75
571 | Revision_571/args.c | U | 266 | 272 | 7 | 104334 | 3 | 6 | 83
571 | Revision_571/options.c | U | 579 | 584 | 7 | 104335 | 3 | 7 | 83
571 | Revision_571/asm.c | U | 120 | 128 | 8 | 104336 | 4 | 188 | 71
571 | Revision_571/jscript.c | U | 175 | 184 | 8 | 104337 | 4 | 280 | 71
571 | Revision_571/sql.c | U | 334 | 343 | 8 | 104338 | 4 | 196 | 71
571 | Revision_571/verilog.c | U | 108 | 118 | 8 | 104339 | 4 | 258 | 71
571 | Revision_571/asm.c | U | 131 | 139 | 8 | 104340 | 5 | 170 | 100
571 | Revision_571/jscript.c | U | 318 | 325 | 8 | 104341 | 5 | 297 | 100
571 | Revision_571/sql.c | U | 457 | 464 | 8 | 104342 | 5 | 292 | 100
571 | Revision_571/asm.c | U | 243 | 256 | 11 | 104343 | 6 | 191 | 77
571 | Revision_571/asm.c | U | 261 | 271 | 11 | 104344 | 6 | 179 | 77
571 | Revision_571/asm.c | U | 347 | 352 | 6 | 104345 | 7 | 256 | 80
571 | Revision_571/sh.c | U | 89 | 94 | 6 | 104346 | 7 | 257 | 80
571 | Revision_571/asm.c | U | 366 | 385 | 9 | 104347 | 8 | 174 | 71
571 | Revision_571/tcl.c | U | 106 | 114 | 9 | 104348 | 8 | 22 | 71
571 | Revision_571/python.c | U | 447 | 455 | 9 | 104349 | 8 | 14 | 71
571 | Revision_571/erlang.c | U | 179 | 187 | 9 | 104350 | 8 | 230 | 71
571 | Revision_571/verilog.c | U | 327 | 336 | 9 | 104351 | 8 | 184 | 71
571 | Revision_571/perl.c | U | 341 | 349 | 9 | 104352 | 8 | 19 | 71
571 | Revision_571/sql.c | U | 1816 | 1825 | 9 | 104353 | 8 | 197 | 71
571 | Revision_571/scheme.c | U | 99 | 109 | 9 | 104354 | 8 | 17 | 71
571 | Revision_571/pascal.c | U | 257 | 265 | 9 | 104355 | 8 | 13 | 71
571 | Revision_571/basic.c | U | 218 | 226 | 9 | 104356 | 8 | 275 | 71
571 | Revision_571/sml.c | U | 202 | 210 | 9 | 104357 | 8 | 216 | 71
571 | Revision_571/lisp.c | U | 127 | 137 | 9 | 104358 | 8 | 11 | 71
571 | Revision_571/beta.c | U | 311 | 319 | 9 | 104359 | 8 | 15 | 71
571 | Revision_571/basic.c | U | 207 | 215 | 9 | 104360 | 8 | 276 | 71
571 | Revision_571/cobol.c | U | 40 | 48 | 9 | 104361 | 8 | 213 | 71
571 | Revision_571/lua.c | U | 123 | 131 | 9 | 104362 | 8 | 154 | 71
571 | Revision_571/php.c | U | 89 | 96 | 9 | 104363 | 8 | 366 | 71
571 | Revision_571/basic.c | U | 196 | 204 | 9 | 104364 | 8 | 277 | 71
571 | Revision_571/asp.c | U | 201 | 209 | 9 | 104365 | 8 | 18 | 71
571 | Revision_571/sh.c | U | 103 | 113 | 9 | 104366 | 8 | 24 | 71
571 | Revision_571/vim.c | U | 626 | 634 | 9 | 104367 | 8 | 20 | 71
571 | Revision_571/awk.c | U | 71 | 79 | 9 | 104368 | 8 | 10 | 71
571 | Revision_571/ruby.c | M | 398 | 406 | 9 | 104369 | 8 | 16 | 71
571 | Revision_571/make.c | U | 199 | 209 | 9 | 104370 | 8 | 26 | 71
571 | Revision_571/jscript.c | U | 1237 | 1250 | 9 | 104371 | 8 | 281 | 71
571 | Revision_571/html.c | U | 40 | 47 | 9 | 104372 | 8 | 253 | 71
571 | Revision_571/slang.c | U | 34 | 41 | 9 | 104373 | 8 | 27 | 71
571 | Revision_571/yacc.c | U | 31 | 38 | 9 | 104374 | 8 | 28 | 71
571 | Revision_571/keyword.c | U | 107 | 116 | 9 | 104375 | 8 | 29 | 71
571 | Revision_571/rexx.c | U | 30 | 37 | 9 | 104376 | 8 | 25 | 71
571 | Revision_571/options.c | U | 533 | 538 | 9 | 104377 | 8 | 30 | 71
571 | Revision_571/sql.c | U | 346 | 355 | 9 | 104378 | 8 | 205 | 71
571 | Revision_571/options.c | U | 626 | 632 | 9 | 104379 | 8 | 242 | 71
571 | Revision_571/jscript.c | U | 187 | 197 | 9 | 104380 | 8 | 282 | 71
571 | Revision_571/asp.c | U | 71 | 90 | 15 | 104381 | 9 | 31 | 100
571 | Revision_571/asp.c | U | 94 | 113 | 15 | 104382 | 9 | 32 | 100
571 | Revision_571/asp.c | U | 117 | 133 | 14 | 104383 | 10 | 33 | 100
571 | Revision_571/asp.c | U | 175 | 190 | 14 | 104384 | 10 | 34 | 100
571 | Revision_571/asp.c | U | 137 | 152 | 14 | 104385 | 10 | 34 | 100
571 | Revision_571/asp.c | U | 156 | 171 | 14 | 104386 | 10 | 34 | 100
571 | Revision_571/basic.c | U | 134 | 139 | 6 | 104387 | 11 | 278 | 80
571 | Revision_571/basic.c | U | 146 | 151 | 6 | 104388 | 11 | 279 | 80
571 | Revision_571/beta.c | U | 71 | 80 | 10 | 104389 | 12 | 43 | 70
571 | Revision_571/jscript.c | U | 211 | 225 | 10 | 104390 | 12 | 283 | 70
571 | Revision_571/sql.c | U | 369 | 383 | 10 | 104391 | 12 | 198 | 70
571 | Revision_571/parse.c | U | 43 | 54 | 10 | 104392 | 12 | 44 | 70
571 | Revision_571/sml.c | U | 75 | 81 | 10 | 104393 | 12 | 217 | 70
571 | Revision_571/beta.c | U | 134 | 141 | 6 | 104394 | 13 | 45 | 75
571 | Revision_571/beta.c | U | 204 | 212 | 6 | 104395 | 13 | 46 | 75
571 | Revision_571/beta.c | U | 152 | 156 | 5 | 104396 | 14 | 47 | 75
571 | Revision_571/beta.c | U | 271 | 275 | 5 | 104397 | 14 | 48 | 75
571 | Revision_571/beta.c | U | 158 | 162 | 5 | 104398 | 14 | 49 | 75
571 | Revision_571/beta.c | U | 277 | 281 | 5 | 104399 | 14 | 50 | 75
571 | Revision_571/beta.c | U | 165 | 169 | 5 | 104400 | 14 | 51 | 75
571 | Revision_571/erlang.c | U | 58 | 62 | 5 | 104401 | 15 | 231 | 75
571 | Revision_571/sml.c | U | 84 | 88 | 5 | 104402 | 15 | 218 | 75
571 | Revision_571/python.c | U | 198 | 202 | 5 | 104403 | 15 | 180 | 75
571 | Revision_571/options.c | U | 963 | 968 | 5 | 104404 | 15 | 181 | 75
571 | Revision_571/python.c | U | 177 | 181 | 5 | 104405 | 15 | 368 | 75
571 | Revision_571/erlang.c | U | 66 | 75 | 9 | 104406 | 16 | 232 | 75
571 | Revision_571/python.c | U | 206 | 215 | 9 | 104407 | 16 | 194 | 75
571 | Revision_571/tcl.c | U | 44 | 54 | 9 | 104408 | 16 | 195 | 75
571 | Revision_571/erlang.c | U | 97 | 105 | 7 | 104409 | 17 | 237 | 71
571 | Revision_571/main.c | U | 179 | 185 | 7 | 104410 | 17 | 255 | 71
571 | Revision_571/erlang.c | U | 116 | 121 | 7 | 104411 | 17 | 235 | 71
571 | Revision_571/perl.c | U | 322 | 328 | 7 | 104412 | 17 | 262 | 71
571 | Revision_571/erlang.c | U | 108 | 113 | 7 | 104413 | 17 | 239 | 71
571 | Revision_571/main.c | U | 260 | 267 | 7 | 104414 | 17 | 254 | 71
571 | Revision_571/get.c | U | 305 | 314 | 10 | 104415 | 18 | 74 | 70
571 | Revision_571/read.c | U | 220 | 231 | 10 | 104416 | 18 | 75 | 70
571 | Revision_571/parse.c | U | 584 | 598 | 10 | 104417 | 18 | 76 | 70
571 | Revision_571/get.c | U | 467 | 478 | 10 | 104418 | 19 | 77 | 87
571 | Revision_571/get.c | U | 484 | 495 | 10 | 104419 | 19 | 79 | 87
571 | Revision_571/get.c | U | 541 | 546 | 6 | 104420 | 20 | 80 | 80
571 | Revision_571/read.c | U | 421 | 425 | 6 | 104421 | 20 | 81 | 80
571 | Revision_571/get.c | U | 594 | 598 | 5 | 104422 | 21 | 364 | 75
571 | Revision_571/vim.c | U | 400 | 408 | 5 | 104423 | 21 | 365 | 75
571 | Revision_571/jscript.c | U | 200 | 204 | 5 | 104424 | 22 | 286 | 75
571 | Revision_571/sql.c | U | 358 | 362 | 5 | 104425 | 22 | 288 | 75
571 | Revision_571/vstring.c | U | 69 | 73 | 5 | 104426 | 22 | 287 | 75
571 | Revision_571/jscript.c | U | 228 | 249 | 15 | 104427 | 23 | 289 | 100
571 | Revision_571/sql.c | U | 386 | 407 | 15 | 104428 | 23 | 290 | 100
571 | Revision_571/jscript.c | U | 252 | 258 | 6 | 104429 | 24 | 286 | 100
571 | Revision_571/jscript.c | U | 261 | 267 | 6 | 104430 | 24 | 291 | 100
571 | Revision_571/jscript.c | U | 274 | 281 | 8 | 104431 | 25 | 291 | 100
571 | Revision_571/sql.c | U | 414 | 421 | 8 | 104432 | 25 | 292 | 100
571 | Revision_571/jscript.c | U | 284 | 298 | 14 | 104433 | 26 | 293 | 100
571 | Revision_571/sql.c | U | 424 | 438 | 14 | 104434 | 26 | 294 | 100
571 | Revision_571/jscript.c | U | 304 | 315 | 12 | 104435 | 27 | 295 | 100
571 | Revision_571/sql.c | U | 443 | 454 | 12 | 104436 | 27 | 296 | 100
571 | Revision_571/jscript.c | U | 328 | 417 | 107 | 104437 | 28 | 299 | 72
571 | Revision_571/sql.c | U | 467 | 600 | 107 | 104438 | 28 | 300 | 72
571 | Revision_571/jscript.c | U | 435 | 465 | 18 | 104439 | 29 | 284 | 100
571 | Revision_571/sql.c | U | 654 | 684 | 18 | 104440 | 29 | 285 | 100
571 | Revision_571/jscript.c | U | 468 | 475 | 7 | 104441 | 30 | 301 | 80
571 | Revision_571/sql.c | U | 619 | 626 | 7 | 104442 | 30 | 304 | 80
571 | Revision_571/jscript.c | U | 478 | 485 | 7 | 104443 | 30 | 302 | 80
571 | Revision_571/jscript.c | U | 499 | 509 | 12 | 104444 | 31 | 306 | 71
571 | Revision_571/jscript.c | U | 709 | 716 | 12 | 104445 | 31 | 307 | 71
571 | Revision_571/jscript.c | U | 1033 | 1051 | 12 | 104446 | 31 | 309 | 71
571 | Revision_571/sql.c | U | 1210 | 1216 | 12 | 104447 | 31 | 356 | 71
571 | Revision_571/sql.c | U | 1344 | 1351 | 12 | 104448 | 31 | 311 | 71
571 | Revision_571/jscript.c | U | 624 | 635 | 12 | 104449 | 31 | 312 | 71
571 | Revision_571/sql.c | U | 832 | 852 | 12 | 104450 | 31 | 310 | 71
571 | Revision_571/sql.c | U | 1726 | 1754 | 12 | 104451 | 31 | 314 | 71
571 | Revision_571/sql.c | U | 743 | 754 | 12 | 104452 | 31 | 313 | 71
571 | Revision_571/ruby.c | U | 214 | 218 | 12 | 104453 | 31 | 265 | 71
571 | Revision_571/jscript.c | U | 513 | 548 | 12 | 104454 | 31 | 315 | 71
571 | Revision_571/jscript.c | U | 575 | 601 | 12 | 104455 | 31 | 316 | 71
571 | Revision_571/jscript.c | U | 640 | 689 | 12 | 104456 | 31 | 355 | 71
571 | Revision_571/sql.c | U | 976 | 993 | 12 | 104457 | 31 | 319 | 71
571 | Revision_571/jscript.c | U | 854 | 873 | 12 | 104458 | 31 | 318 | 71
571 | Revision_571/sql.c | U | 1460 | 1486 | 12 | 104459 | 31 | 320 | 71
571 | Revision_571/sql.c | U | 1552 | 1573 | 12 | 104460 | 31 | 321 | 71
571 | Revision_571/sql.c | U | 1528 | 1549 | 12 | 104461 | 31 | 322 | 71
571 | Revision_571/sql.c | U | 1429 | 1457 | 12 | 104462 | 31 | 323 | 71
571 | Revision_571/sql.c | U | 1489 | 1510 | 12 | 104463 | 31 | 324 | 71
571 | Revision_571/sql.c | U | 1576 | 1616 | 12 | 104464 | 31 | 327 | 71
571 | Revision_571/jscript.c | U | 846 | 875 | 12 | 104465 | 31 | 326 | 71
571 | Revision_571/jscript.c | U | 851 | 874 | 12 | 104466 | 31 | 326 | 71
571 | Revision_571/sql.c | U | 1314 | 1353 | 12 | 104467 | 31 | 329 | 71
571 | Revision_571/sql.c | U | 1188 | 1226 | 12 | 104468 | 31 | 328 | 71
571 | Revision_571/jscript.c | U | 603 | 636 | 12 | 104469 | 31 | 330 | 71
571 | Revision_571/sql.c | U | 1229 | 1272 | 12 | 104470 | 31 | 331 | 71
571 | Revision_571/jscript.c | U | 843 | 876 | 12 | 104471 | 31 | 326 | 71
571 | Revision_571/jscript.c | U | 707 | 717 | 9 | 104472 | 32 | 307 | 71
571 | Revision_571/sql.c | U | 1009 | 1032 | 9 | 104473 | 32 | 337 | 71
571 | Revision_571/jscript.c | U | 723 | 729 | 8 | 104474 | 33 | 338 | 75
571 | Revision_571/jscript.c | U | 1020 | 1029 | 8 | 104475 | 33 | 339 | 75
571 | Revision_571/jscript.c | U | 780 | 789 | 5 | 104476 | 34 | 332 | 75
571 | Revision_571/jscript.c | U | 791 | 796 | 5 | 104477 | 34 | 333 | 75
571 | Revision_571/sql.c | U | 1661 | 1665 | 5 | 104478 | 34 | 334 | 75
571 | Revision_571/sql.c | U | 1402 | 1406 | 5 | 104479 | 34 | 335 | 75
571 | Revision_571/jscript.c | U | 862 | 872 | 6 | 104480 | 35 | 336 | 80
571 | Revision_571/options.c | U | 352 | 357 | 6 | 104481 | 35 | 107 | 80
571 | Revision_571/jscript.c | U | 921 | 930 | 6 | 104482 | 36 | 360 | 75
571 | Revision_571/options.c | U | 1683 | 1687 | 6 | 104483 | 36 | 223 | 75
571 | Revision_571/jscript.c | U | 1092 | 1096 | 5 | 104484 | 37 | 342 | 75
571 | Revision_571/sql.c | U | 901 | 907 | 5 | 104485 | 37 | 344 | 75
571 | Revision_571/sql.c | U | 985 | 992 | 5 | 104486 | 37 | 343 | 75
571 | Revision_571/jscript.c | U | 1101 | 1114 | 5 | 104487 | 37 | 341 | 75
571 | Revision_571/sql.c | U | 1218 | 1223 | 5 | 104488 | 37 | 347 | 75
571 | Revision_571/sql.c | U | 1477 | 1483 | 5 | 104489 | 37 | 345 | 75
571 | Revision_571/sql.c | U | 1448 | 1454 | 5 | 104490 | 37 | 346 | 75
571 | Revision_571/jscript.c | U | 1156 | 1175 | 18 | 104491 | 38 | 357 | 70
571 | Revision_571/sql.c | U | 873 | 891 | 18 | 104492 | 38 | 358 | 70
571 | Revision_571/jscript.c | U | 1197 | 1200 | 8 | 104493 | 39 | 361 | 71
571 | Revision_571/Test/local.c | U | 14 | 20 | 8 | 104494 | 39 | 362 | 71
571 | Revision_571/jscript.c | U | 1210 | 1214 | 5 | 104495 | 40 | 348 | 75
571 | Revision_571/make.c | U | 185 | 189 | 5 | 104496 | 40 | 273 | 75
571 | Revision_571/sql.c | U | 1798 | 1802 | 5 | 104497 | 40 | 274 | 75
571 | Revision_571/keyword.c | U | 185 | 189 | 5 | 104498 | 41 | 85 | 75
571 | Revision_571/readtags.c | U | 455 | 459 | 5 | 104499 | 41 | 87 | 75
571 | Revision_571/options.c | U | 1042 | 1046 | 5 | 104500 | 41 | 86 | 75
571 | Revision_571/lisp.c | U | 91 | 97 | 7 | 104501 | 42 | 89 | 83
571 | Revision_571/lisp.c | U | 112 | 118 | 7 | 104502 | 42 | 90 | 83
571 | Revision_571/main.c | U | 126 | 139 | 6 | 104503 | 43 | 243 | 80
571 | Revision_571/options.c | U | 397 | 402 | 6 | 104504 | 43 | 244 | 80
571 | Revision_571/make.c | U | 44 | 48 | 5 | 104505 | 44 | 267 | 75
571 | Revision_571/verilog.c | U | 284 | 288 | 5 | 104506 | 44 | 268 | 75
571 | Revision_571/make.c | U | 77 | 87 | 11 | 104507 | 45 | 269 | 77
571 | Revision_571/verilog.c | U | 197 | 210 | 11 | 104508 | 45 | 270 | 77
571 | Revision_571/make.c | U | 97 | 105 | 8 | 104509 | 46 | 271 | 75
571 | Revision_571/verilog.c | U | 185 | 191 | 8 | 104510 | 46 | 272 | 75
571 | Revision_571/options.c | U | 369 | 375 | 6 | 104511 | 47 | 107 | 100
571 | Revision_571/options.c | U | 378 | 384 | 6 | 104512 | 47 | 108 | 100
571 | Revision_571/options.c | U | 543 | 549 | 7 | 104513 | 48 | 112 | 100
571 | Revision_571/options.c | U | 561 | 567 | 7 | 104514 | 48 | 115 | 100
571 | Revision_571/options.c | U | 570 | 576 | 7 | 104515 | 48 | 114 | 100
571 | Revision_571/options.c | U | 552 | 558 | 7 | 104516 | 48 | 113 | 100
571 | Revision_571/options.c | U | 674 | 678 | 5 | 104517 | 49 | 116 | 75
571 | Revision_571/options.c | U | 1221 | 1225 | 5 | 104518 | 49 | 117 | 75
571 | Revision_571/options.c | U | 982 | 986 | 5 | 104519 | 50 | 118 | 75
571 | Revision_571/options.c | U | 1008 | 1012 | 5 | 104520 | 50 | 119 | 75
571 | Revision_571/options.c | U | 1102 | 1106 | 5 | 104521 | 51 | 120 | 100
571 | Revision_571/options.c | U | 1108 | 1112 | 5 | 104522 | 51 | 120 | 100
571 | Revision_571/options.c | U | 1154 | 1166 | 12 | 104523 | 52 | 245 | 100
571 | Revision_571/options.c | U | 1171 | 1183 | 12 | 104524 | 52 | 123 | 100
571 | Revision_571/options.c | U | 1425 | 1442 | 15 | 104525 | 53 | 124 | 91
571 | Revision_571/options.c | U | 1463 | 1480 | 15 | 104526 | 53 | 125 | 91
571 | Revision_571/parse.c | U | 96 | 106 | 11 | 104527 | 54 | 126 | 88
571 | Revision_571/parse.c | U | 109 | 120 | 11 | 104528 | 54 | 127 | 88
571 | Revision_571/parse.c | U | 297 | 301 | 5 | 104529 | 55 | 246 | 75
571 | Revision_571/parse.c | U | 554 | 558 | 5 | 104530 | 55 | 247 | 75
571 | Revision_571/parse.c | U | 573 | 577 | 5 | 104531 | 55 | 248 | 75
571 | Revision_571/pascal.c | U | 134 | 138 | 5 | 104532 | 56 | 128 | 75
571 | Revision_571/python.c | U | 380 | 387 | 5 | 104533 | 56 | 369 | 75
571 | Revision_571/perl.c | U | 185 | 189 | 5 | 104534 | 56 | 129 | 75
571 | Revision_571/pascal.c | U | 150 | 154 | 5 | 104535 | 57 | 212 | 75
571 | Revision_571/pascal.c | U | 184 | 190 | 5 | 104536 | 57 | 131 | 75
571 | Revision_571/python.c | U | 417 | 421 | 5 | 104537 | 57 | 370 | 75
571 | Revision_571/pascal.c | U | 176 | 182 | 5 | 104538 | 57 | 130 | 75
571 | Revision_571/perl.c | U | 206 | 212 | 7 | 104539 | 58 | 262 | 83
571 | Revision_571/perl.c | U | 252 | 257 | 7 | 104540 | 58 | 367 | 83
571 | Revision_571/python.c | U | 84 | 97 | 11 | 104541 | 59 | 39 | 77
571 | Revision_571/python.c | U | 127 | 138 | 11 | 104542 | 59 | 14 | 77
571 | Revision_571/readtags.c | U | 106 | 113 | 8 | 104543 | 60 | 149 | 83
571 | Revision_571/routines.c | U | 298 | 305 | 8 | 104544 | 60 | 155 | 83
571 | Revision_571/readtags.c | U | 116 | 123 | 8 | 104545 | 60 | 134 | 83
571 | Revision_571/routines.c | U | 288 | 295 | 8 | 104546 | 60 | 156 | 83
571 | Revision_571/readtags.c | U | 144 | 148 | 5 | 104547 | 61 | 110 | 75
571 | Revision_571/vstring.c | U | 35 | 40 | 5 | 104548 | 61 | 111 | 75
571 | Revision_571/readtags.c | U | 503 | 507 | 5 | 104549 | 62 | 87 | 75
571 | Revision_571/readtags.c | U | 680 | 684 | 5 | 104550 | 62 | 88 | 75
571 | Revision_571/readtags.c | U | 542 | 548 | 6 | 104551 | 63 | 150 | 100
571 | Revision_571/readtags.c | U | 550 | 556 | 6 | 104552 | 63 | 151 | 100
571 | Revision_571/readtags.c | U | 585 | 589 | 6 | 104553 | 64 | 134 | 75
571 | Revision_571/readtags.c | U | 640 | 646 | 6 | 104554 | 64 | 135 | 75
571 | Revision_571/readtags.c | U | 717 | 725 | 8 | 104555 | 65 | 136 | 83
571 | Revision_571/readtags.c | U | 772 | 780 | 8 | 104556 | 65 | 139 | 83
571 | Revision_571/readtags.c | U | 728 | 736 | 8 | 104557 | 65 | 139 | 83
571 | Revision_571/readtags.c | U | 739 | 744 | 6 | 104558 | 66 | 152 | 80
571 | Revision_571/readtags.c | U | 756 | 761 | 6 | 104559 | 66 | 153 | 80
571 | Revision_571/readtags.c | U | 764 | 769 | 6 | 104560 | 66 | 187 | 80
571 | Revision_571/routines.c | U | 237 | 244 | 6 | 104561 | 67 | 157 | 80
571 | Revision_571/routines.c | U | 247 | 254 | 6 | 104562 | 67 | 158 | 80
571 | Revision_571/routines.c | U | 322 | 326 | 5 | 104563 | 68 | 159 | 75
571 | Revision_571/vstring.c | U | 125 | 129 | 5 | 104564 | 68 | 94 | 75
571 | Revision_571/vstring.c | U | 118 | 122 | 5 | 104565 | 68 | 95 | 75
571 | Revision_571/routines.c | U | 329 | 335 | 6 | 104566 | 69 | 160 | 100
571 | Revision_571/routines.c | U | 338 | 344 | 6 | 104567 | 69 | 161 | 100
571 | Revision_571/routines.c | U | 349 | 356 | 8 | 104568 | 70 | 162 | 100
571 | Revision_571/routines.c | U | 361 | 368 | 8 | 104569 | 70 | 163 | 100
571 | Revision_571/routines.c | U | 453 | 459 | 5 | 104570 | 71 | 167 | 75
571 | Revision_571/strlist.c | U | 150 | 154 | 5 | 104571 | 71 | 62 | 75
571 | Revision_571/sql.c | U | 518 | 522 | 5 | 104572 | 71 | 206 | 75
571 | Revision_571/scheme.c | U | 70 | 78 | 8 | 104573 | 72 | 140 | 71
571 | Revision_571/scheme.c | U | 85 | 93 | 8 | 104574 | 72 | 141 | 71
571 | Revision_571/sort.c | U | 118 | 123 | 5 | 104575 | 73 | 182 | 100
571 | Revision_571/sort.c | U | 126 | 131 | 5 | 104576 | 73 | 183 | 100
571 | Revision_571/sql.c | U | 772 | 782 | 8 | 104577 | 74 | 359 | 71
571 | Revision_571/sql.c | U | 1411 | 1420 | 8 | 104578 | 74 | 350 | 71
571 | Revision_571/sql.c | U | 1275 | 1311 | 24 | 104579 | 75 | 351 | 78
571 | Revision_571/sql.c | U | 1680 | 1723 | 24 | 104580 | 75 | 352 | 78
571 | Revision_571/sql.c | U | 1644 | 1669 | 17 | 104581 | 76 | 353 | 84
571 | Revision_571/sql.c | U | 1693 | 1717 | 17 | 104582 | 76 | 354 | 84
571 | Revision_571/strlist.c | U | 32 | 38 | 8 | 104583 | 77 | 142 | 71
571 | Revision_571/vstring.c | U | 77 | 87 | 8 | 104584 | 77 | 143 | 71
571 | Revision_571/strlist.c | U | 191 | 196 | 7 | 104585 | 78 | 146 | 83
571 | Revision_571/strlist.c | U | 200 | 206 | 7 | 104586 | 78 | 264 | 83
571 | Revision_571/verilog.c | U | 142 | 146 | 5 | 104587 | 79 | 259 | 75
571 | Revision_571/verilog.c | U | 236 | 240 | 5 | 104588 | 79 | 260 | 75
571 | Revision_571/vim.c | U | 97 | 101 | 5 | 104589 | 80 | 192 | 100
571 | Revision_571/vim.c | U | 103 | 107 | 5 | 104590 | 80 | 193 | 100
571 | Revision_571/vim.c | U | 244 | 267 | 17 | 104591 | 81 | 224 | 76
571 | Revision_571/vim.c | U | 294 | 312 | 17 | 104592 | 81 | 147 | 76
