Revision | filePath | changeType | StartLine | EndLine | Nlines | cloneId | classId | globalCloneId | Similarity
576 | Revision_576/args.c | U | 85 | 92 | 8 | 105649 | 1 | 1 | 100
576 | Revision_576/args.c | U | 160 | 167 | 8 | 105650 | 1 | 2 | 100
576 | Revision_576/args.c | U | 182 | 190 | 9 | 105651 | 2 | 3 | 75
576 | Revision_576/args.c | U | 193 | 200 | 9 | 105652 | 2 | 4 | 75
576 | Revision_576/args.c | U | 203 | 211 | 9 | 105653 | 2 | 5 | 75
576 | Revision_576/args.c | U | 266 | 272 | 7 | 105654 | 3 | 6 | 83
576 | Revision_576/options.c | U | 579 | 584 | 7 | 105655 | 3 | 7 | 83
576 | Revision_576/asm.c | U | 120 | 128 | 8 | 105656 | 4 | 188 | 71
576 | Revision_576/jscript.c | U | 175 | 184 | 8 | 105657 | 4 | 280 | 71
576 | Revision_576/sql.c | U | 346 | 355 | 8 | 105658 | 4 | 196 | 71
576 | Revision_576/verilog.c | U | 108 | 118 | 8 | 105659 | 4 | 258 | 71
576 | Revision_576/asm.c | U | 131 | 139 | 8 | 105660 | 5 | 170 | 100
576 | Revision_576/sql.c | U | 469 | 476 | 8 | 105661 | 5 | 292 | 100
576 | Revision_576/jscript.c | U | 318 | 325 | 8 | 105662 | 5 | 297 | 100
576 | Revision_576/asm.c | U | 243 | 256 | 11 | 105663 | 6 | 191 | 77
576 | Revision_576/asm.c | U | 261 | 271 | 11 | 105664 | 6 | 179 | 77
576 | Revision_576/asm.c | U | 347 | 352 | 6 | 105665 | 7 | 256 | 80
576 | Revision_576/sh.c | U | 89 | 94 | 6 | 105666 | 7 | 257 | 80
576 | Revision_576/asm.c | U | 366 | 385 | 9 | 105667 | 8 | 174 | 71
576 | Revision_576/perl.c | U | 341 | 349 | 9 | 105668 | 8 | 19 | 71
576 | Revision_576/python.c | U | 447 | 455 | 9 | 105669 | 8 | 14 | 71
576 | Revision_576/erlang.c | U | 179 | 187 | 9 | 105670 | 8 | 230 | 71
576 | Revision_576/verilog.c | U | 329 | 338 | 9 | 105671 | 8 | 184 | 71
576 | Revision_576/tcl.c | U | 106 | 114 | 9 | 105672 | 8 | 22 | 71
576 | Revision_576/sql.c | U | 1834 | 1843 | 9 | 105673 | 8 | 197 | 71
576 | Revision_576/vim.c | U | 626 | 634 | 9 | 105674 | 8 | 20 | 71
576 | Revision_576/beta.c | U | 311 | 319 | 9 | 105675 | 8 | 15 | 71
576 | Revision_576/lisp.c | U | 127 | 137 | 9 | 105676 | 8 | 11 | 71
576 | Revision_576/sml.c | U | 202 | 210 | 9 | 105677 | 8 | 216 | 71
576 | Revision_576/lua.c | U | 123 | 131 | 9 | 105678 | 8 | 154 | 71
576 | Revision_576/ruby.c | U | 398 | 406 | 9 | 105679 | 8 | 16 | 71
576 | Revision_576/scheme.c | U | 99 | 109 | 9 | 105680 | 8 | 17 | 71
576 | Revision_576/basic.c | U | 207 | 215 | 9 | 105681 | 8 | 275 | 71
576 | Revision_576/cobol.c | U | 40 | 48 | 9 | 105682 | 8 | 213 | 71
576 | Revision_576/basic.c | U | 196 | 204 | 9 | 105683 | 8 | 276 | 71
576 | Revision_576/asp.c | U | 201 | 209 | 9 | 105684 | 8 | 18 | 71
576 | Revision_576/awk.c | U | 71 | 79 | 9 | 105685 | 8 | 10 | 71
576 | Revision_576/sh.c | U | 103 | 113 | 9 | 105686 | 8 | 24 | 71
576 | Revision_576/php.c | U | 89 | 96 | 9 | 105687 | 8 | 366 | 71
576 | Revision_576/pascal.c | U | 257 | 265 | 9 | 105688 | 8 | 13 | 71
576 | Revision_576/basic.c | U | 218 | 226 | 9 | 105689 | 8 | 277 | 71
576 | Revision_576/make.c | U | 199 | 209 | 9 | 105690 | 8 | 26 | 71
576 | Revision_576/jscript.c | U | 1237 | 1250 | 9 | 105691 | 8 | 281 | 71
576 | Revision_576/slang.c | U | 34 | 41 | 9 | 105692 | 8 | 27 | 71
576 | Revision_576/yacc.c | U | 31 | 38 | 9 | 105693 | 8 | 28 | 71
576 | Revision_576/html.c | U | 40 | 47 | 9 | 105694 | 8 | 253 | 71
576 | Revision_576/rexx.c | U | 30 | 37 | 9 | 105695 | 8 | 25 | 71
576 | Revision_576/keyword.c | U | 107 | 116 | 9 | 105696 | 8 | 29 | 71
576 | Revision_576/options.c | U | 533 | 538 | 9 | 105697 | 8 | 30 | 71
576 | Revision_576/options.c | U | 626 | 632 | 9 | 105698 | 8 | 242 | 71
576 | Revision_576/sql.c | U | 358 | 367 | 9 | 105699 | 8 | 205 | 71
576 | Revision_576/jscript.c | U | 187 | 197 | 9 | 105700 | 8 | 282 | 71
576 | Revision_576/asp.c | U | 71 | 90 | 15 | 105701 | 9 | 31 | 100
576 | Revision_576/asp.c | U | 94 | 113 | 15 | 105702 | 9 | 32 | 100
576 | Revision_576/asp.c | U | 117 | 133 | 14 | 105703 | 10 | 33 | 100
576 | Revision_576/asp.c | U | 175 | 190 | 14 | 105704 | 10 | 34 | 100
576 | Revision_576/asp.c | U | 156 | 171 | 14 | 105705 | 10 | 34 | 100
576 | Revision_576/asp.c | U | 137 | 152 | 14 | 105706 | 10 | 34 | 100
576 | Revision_576/basic.c | U | 134 | 139 | 6 | 105707 | 11 | 278 | 80
576 | Revision_576/basic.c | U | 146 | 151 | 6 | 105708 | 11 | 279 | 80
576 | Revision_576/beta.c | U | 71 | 80 | 9 | 105709 | 12 | 43 | 70
576 | Revision_576/sml.c | U | 75 | 81 | 9 | 105710 | 12 | 217 | 70
576 | Revision_576/sql.c | U | 381 | 395 | 9 | 105711 | 12 | 198 | 70
576 | Revision_576/parse.c | U | 43 | 54 | 9 | 105712 | 12 | 44 | 70
576 | Revision_576/jscript.c | U | 211 | 225 | 9 | 105713 | 12 | 283 | 70
576 | Revision_576/beta.c | U | 134 | 141 | 6 | 105714 | 13 | 45 | 75
576 | Revision_576/beta.c | U | 204 | 212 | 6 | 105715 | 13 | 46 | 75
576 | Revision_576/beta.c | U | 152 | 156 | 5 | 105716 | 14 | 47 | 75
576 | Revision_576/beta.c | U | 271 | 275 | 5 | 105717 | 14 | 48 | 75
576 | Revision_576/beta.c | U | 277 | 281 | 5 | 105718 | 14 | 50 | 75
576 | Revision_576/beta.c | U | 158 | 162 | 5 | 105719 | 14 | 49 | 75
576 | Revision_576/beta.c | U | 165 | 169 | 5 | 105720 | 14 | 51 | 75
576 | Revision_576/erlang.c | U | 58 | 62 | 5 | 105721 | 15 | 231 | 75
576 | Revision_576/python.c | U | 198 | 202 | 5 | 105722 | 15 | 180 | 75
576 | Revision_576/sml.c | U | 84 | 88 | 5 | 105723 | 15 | 218 | 75
576 | Revision_576/python.c | U | 177 | 181 | 5 | 105724 | 15 | 368 | 75
576 | Revision_576/options.c | U | 963 | 968 | 5 | 105725 | 15 | 181 | 75
576 | Revision_576/erlang.c | U | 66 | 75 | 9 | 105726 | 16 | 232 | 75
576 | Revision_576/tcl.c | U | 44 | 54 | 9 | 105727 | 16 | 195 | 75
576 | Revision_576/python.c | U | 206 | 215 | 9 | 105728 | 16 | 194 | 75
576 | Revision_576/erlang.c | U | 97 | 105 | 7 | 105729 | 17 | 237 | 71
576 | Revision_576/main.c | U | 260 | 267 | 7 | 105730 | 17 | 254 | 71
576 | Revision_576/erlang.c | U | 108 | 113 | 7 | 105731 | 17 | 235 | 71
576 | Revision_576/main.c | U | 179 | 185 | 7 | 105732 | 17 | 255 | 71
576 | Revision_576/perl.c | U | 322 | 328 | 7 | 105733 | 17 | 262 | 71
576 | Revision_576/erlang.c | U | 116 | 121 | 7 | 105734 | 17 | 239 | 71
576 | Revision_576/get.c | U | 305 | 314 | 10 | 105735 | 18 | 74 | 70
576 | Revision_576/parse.c | U | 584 | 598 | 10 | 105736 | 18 | 76 | 70
576 | Revision_576/read.c | U | 220 | 231 | 10 | 105737 | 18 | 75 | 70
576 | Revision_576/get.c | U | 467 | 478 | 10 | 105738 | 19 | 77 | 87
576 | Revision_576/get.c | U | 484 | 495 | 10 | 105739 | 19 | 79 | 87
576 | Revision_576/get.c | U | 541 | 546 | 6 | 105740 | 20 | 80 | 80
576 | Revision_576/read.c | U | 421 | 425 | 6 | 105741 | 20 | 81 | 80
576 | Revision_576/get.c | U | 594 | 598 | 5 | 105742 | 21 | 364 | 75
576 | Revision_576/vim.c | U | 400 | 408 | 5 | 105743 | 21 | 365 | 75
576 | Revision_576/jscript.c | U | 200 | 204 | 5 | 105744 | 22 | 286 | 75
576 | Revision_576/vstring.c | U | 69 | 73 | 5 | 105745 | 22 | 287 | 75
576 | Revision_576/sql.c | U | 370 | 374 | 5 | 105746 | 22 | 288 | 75
576 | Revision_576/jscript.c | U | 228 | 249 | 15 | 105747 | 23 | 289 | 100
576 | Revision_576/sql.c | U | 398 | 419 | 15 | 105748 | 23 | 290 | 100
576 | Revision_576/jscript.c | U | 252 | 258 | 6 | 105749 | 24 | 286 | 100
576 | Revision_576/jscript.c | U | 261 | 267 | 6 | 105750 | 24 | 291 | 100
576 | Revision_576/jscript.c | U | 274 | 281 | 8 | 105751 | 25 | 291 | 100
576 | Revision_576/sql.c | U | 426 | 433 | 8 | 105752 | 25 | 292 | 100
576 | Revision_576/jscript.c | U | 284 | 298 | 14 | 105753 | 26 | 293 | 100
576 | Revision_576/sql.c | U | 436 | 450 | 14 | 105754 | 26 | 294 | 100
576 | Revision_576/jscript.c | U | 304 | 315 | 12 | 105755 | 27 | 295 | 100
576 | Revision_576/sql.c | U | 455 | 466 | 12 | 105756 | 27 | 296 | 100
576 | Revision_576/jscript.c | U | 328 | 417 | 107 | 105757 | 28 | 299 | 72
576 | Revision_576/sql.c | U | 479 | 612 | 107 | 105758 | 28 | 300 | 72
576 | Revision_576/jscript.c | U | 435 | 465 | 18 | 105759 | 29 | 284 | 100
576 | Revision_576/sql.c | U | 666 | 696 | 18 | 105760 | 29 | 285 | 100
576 | Revision_576/jscript.c | U | 468 | 475 | 7 | 105761 | 30 | 301 | 80
576 | Revision_576/jscript.c | U | 478 | 485 | 7 | 105762 | 30 | 302 | 80
576 | Revision_576/sql.c | U | 631 | 638 | 7 | 105763 | 30 | 304 | 80
576 | Revision_576/jscript.c | U | 499 | 509 | 12 | 105764 | 31 | 306 | 71
576 | Revision_576/jscript.c | U | 709 | 716 | 12 | 105765 | 31 | 307 | 71
576 | Revision_576/sql.c | U | 1356 | 1363 | 12 | 105766 | 31 | 311 | 71
576 | Revision_576/jscript.c | U | 624 | 635 | 12 | 105767 | 31 | 312 | 71
576 | Revision_576/jscript.c | U | 1033 | 1051 | 12 | 105768 | 31 | 309 | 71
576 | Revision_576/sql.c | U | 1222 | 1228 | 12 | 105769 | 31 | 356 | 71
576 | Revision_576/sql.c | U | 844 | 864 | 12 | 105770 | 31 | 310 | 71
576 | Revision_576/sql.c | U | 1738 | 1766 | 12 | 105771 | 31 | 314 | 71
576 | Revision_576/sql.c | U | 755 | 766 | 12 | 105772 | 31 | 313 | 71
576 | Revision_576/ruby.c | U | 214 | 218 | 12 | 105773 | 31 | 265 | 71
576 | Revision_576/jscript.c | U | 513 | 548 | 12 | 105774 | 31 | 315 | 71
576 | Revision_576/jscript.c | U | 575 | 601 | 12 | 105775 | 31 | 316 | 71
576 | Revision_576/sql.c | U | 988 | 1005 | 12 | 105776 | 31 | 319 | 71
576 | Revision_576/jscript.c | U | 640 | 689 | 12 | 105777 | 31 | 355 | 71
576 | Revision_576/jscript.c | U | 854 | 873 | 12 | 105778 | 31 | 318 | 71
576 | Revision_576/sql.c | U | 1472 | 1498 | 12 | 105779 | 31 | 320 | 71
576 | Revision_576/sql.c | U | 1540 | 1561 | 12 | 105780 | 31 | 321 | 71
576 | Revision_576/sql.c | U | 1564 | 1585 | 12 | 105781 | 31 | 322 | 71
576 | Revision_576/sql.c | U | 1501 | 1522 | 12 | 105782 | 31 | 324 | 71
576 | Revision_576/sql.c | U | 1441 | 1469 | 12 | 105783 | 31 | 323 | 71
576 | Revision_576/jscript.c | U | 851 | 874 | 12 | 105784 | 31 | 326 | 71
576 | Revision_576/sql.c | U | 1588 | 1628 | 12 | 105785 | 31 | 327 | 71
576 | Revision_576/jscript.c | U | 846 | 875 | 12 | 105786 | 31 | 326 | 71
576 | Revision_576/jscript.c | U | 603 | 636 | 12 | 105787 | 31 | 330 | 71
576 | Revision_576/sql.c | U | 1326 | 1365 | 12 | 105788 | 31 | 329 | 71
576 | Revision_576/sql.c | U | 1200 | 1238 | 12 | 105789 | 31 | 328 | 71
576 | Revision_576/sql.c | U | 1241 | 1284 | 12 | 105790 | 31 | 331 | 71
576 | Revision_576/jscript.c | U | 843 | 876 | 12 | 105791 | 31 | 326 | 71
576 | Revision_576/jscript.c | U | 707 | 717 | 9 | 105792 | 32 | 307 | 71
576 | Revision_576/sql.c | U | 1021 | 1044 | 9 | 105793 | 32 | 337 | 71
576 | Revision_576/jscript.c | U | 723 | 729 | 8 | 105794 | 33 | 338 | 75
576 | Revision_576/jscript.c | U | 1020 | 1029 | 8 | 105795 | 33 | 339 | 75
576 | Revision_576/jscript.c | U | 780 | 789 | 5 | 105796 | 34 | 332 | 75
576 | Revision_576/sql.c | U | 1673 | 1677 | 5 | 105797 | 34 | 334 | 75
576 | Revision_576/jscript.c | U | 791 | 796 | 5 | 105798 | 34 | 333 | 75
576 | Revision_576/sql.c | U | 1414 | 1418 | 5 | 105799 | 34 | 335 | 75
576 | Revision_576/jscript.c | U | 862 | 872 | 6 | 105800 | 35 | 336 | 80
576 | Revision_576/options.c | U | 352 | 357 | 6 | 105801 | 35 | 107 | 80
576 | Revision_576/jscript.c | U | 921 | 930 | 6 | 105802 | 36 | 360 | 75
576 | Revision_576/options.c | U | 1683 | 1687 | 6 | 105803 | 36 | 223 | 75
576 | Revision_576/jscript.c | U | 1092 | 1096 | 5 | 105804 | 37 | 342 | 75
576 | Revision_576/sql.c | U | 997 | 1004 | 5 | 105805 | 37 | 343 | 75
576 | Revision_576/sql.c | U | 913 | 919 | 5 | 105806 | 37 | 344 | 75
576 | Revision_576/jscript.c | U | 1101 | 1114 | 5 | 105807 | 37 | 341 | 75
576 | Revision_576/sql.c | U | 1489 | 1495 | 5 | 105808 | 37 | 345 | 75
576 | Revision_576/sql.c | U | 1460 | 1466 | 5 | 105809 | 37 | 346 | 75
576 | Revision_576/sql.c | U | 1230 | 1235 | 5 | 105810 | 37 | 347 | 75
576 | Revision_576/jscript.c | U | 1156 | 1175 | 18 | 105811 | 38 | 357 | 70
576 | Revision_576/sql.c | U | 885 | 903 | 18 | 105812 | 38 | 358 | 70
576 | Revision_576/jscript.c | U | 1197 | 1200 | 8 | 105813 | 39 | 361 | 71
576 | Revision_576/Test/local.c | U | 14 | 20 | 8 | 105814 | 39 | 362 | 71
576 | Revision_576/jscript.c | U | 1210 | 1214 | 5 | 105815 | 40 | 348 | 75
576 | Revision_576/sql.c | U | 1816 | 1820 | 5 | 105816 | 40 | 274 | 75
576 | Revision_576/make.c | U | 185 | 189 | 5 | 105817 | 40 | 273 | 75
576 | Revision_576/keyword.c | U | 185 | 189 | 5 | 105818 | 41 | 85 | 75
576 | Revision_576/readtags.c | U | 455 | 459 | 5 | 105819 | 41 | 87 | 75
576 | Revision_576/options.c | U | 1042 | 1046 | 5 | 105820 | 41 | 86 | 75
576 | Revision_576/lisp.c | U | 91 | 97 | 7 | 105821 | 42 | 89 | 83
576 | Revision_576/lisp.c | U | 112 | 118 | 7 | 105822 | 42 | 90 | 83
576 | Revision_576/main.c | U | 126 | 139 | 6 | 105823 | 43 | 243 | 80
576 | Revision_576/options.c | U | 397 | 402 | 6 | 105824 | 43 | 244 | 80
576 | Revision_576/make.c | U | 44 | 48 | 5 | 105825 | 44 | 267 | 75
576 | Revision_576/verilog.c | U | 286 | 290 | 5 | 105826 | 44 | 268 | 75
576 | Revision_576/make.c | U | 77 | 87 | 11 | 105827 | 45 | 269 | 77
576 | Revision_576/verilog.c | U | 199 | 212 | 11 | 105828 | 45 | 270 | 77
576 | Revision_576/make.c | U | 97 | 105 | 8 | 105829 | 46 | 271 | 75
576 | Revision_576/verilog.c | U | 187 | 193 | 8 | 105830 | 46 | 272 | 75
576 | Revision_576/options.c | U | 369 | 375 | 6 | 105831 | 47 | 107 | 100
576 | Revision_576/options.c | U | 378 | 384 | 6 | 105832 | 47 | 108 | 100
576 | Revision_576/options.c | U | 543 | 549 | 7 | 105833 | 48 | 112 | 100
576 | Revision_576/options.c | U | 561 | 567 | 7 | 105834 | 48 | 115 | 100
576 | Revision_576/options.c | U | 570 | 576 | 7 | 105835 | 48 | 114 | 100
576 | Revision_576/options.c | U | 552 | 558 | 7 | 105836 | 48 | 113 | 100
576 | Revision_576/options.c | U | 674 | 678 | 5 | 105837 | 49 | 116 | 75
576 | Revision_576/options.c | U | 1221 | 1225 | 5 | 105838 | 49 | 117 | 75
576 | Revision_576/options.c | U | 982 | 986 | 5 | 105839 | 50 | 118 | 75
576 | Revision_576/options.c | U | 1008 | 1012 | 5 | 105840 | 50 | 119 | 75
576 | Revision_576/options.c | U | 1102 | 1106 | 5 | 105841 | 51 | 120 | 100
576 | Revision_576/options.c | U | 1108 | 1112 | 5 | 105842 | 51 | 120 | 100
576 | Revision_576/options.c | M | 1154 | 1166 | 12 | 105843 | 52 | 245 | 100
576 | Revision_576/options.c | M | 1171 | 1183 | 12 | 105844 | 52 | 123 | 100
576 | Revision_576/options.c | U | 1425 | 1442 | 15 | 105845 | 53 | 124 | 91
576 | Revision_576/options.c | U | 1463 | 1480 | 15 | 105846 | 53 | 125 | 91
576 | Revision_576/parse.c | U | 96 | 106 | 11 | 105847 | 54 | 126 | 88
576 | Revision_576/parse.c | U | 109 | 120 | 11 | 105848 | 54 | 127 | 88
576 | Revision_576/parse.c | U | 297 | 301 | 5 | 105849 | 55 | 246 | 75
576 | Revision_576/parse.c | U | 573 | 577 | 5 | 105850 | 55 | 247 | 75
576 | Revision_576/parse.c | U | 554 | 558 | 5 | 105851 | 55 | 248 | 75
576 | Revision_576/pascal.c | U | 134 | 138 | 5 | 105852 | 56 | 128 | 75
576 | Revision_576/perl.c | U | 185 | 189 | 5 | 105853 | 56 | 129 | 75
576 | Revision_576/python.c | U | 380 | 387 | 5 | 105854 | 56 | 369 | 75
576 | Revision_576/pascal.c | U | 150 | 154 | 5 | 105855 | 57 | 212 | 75
576 | Revision_576/pascal.c | U | 176 | 182 | 5 | 105856 | 57 | 130 | 75
576 | Revision_576/pascal.c | U | 184 | 190 | 5 | 105857 | 57 | 131 | 75
576 | Revision_576/python.c | U | 417 | 421 | 5 | 105858 | 57 | 370 | 75
576 | Revision_576/perl.c | U | 206 | 212 | 7 | 105859 | 58 | 262 | 83
576 | Revision_576/perl.c | U | 252 | 257 | 7 | 105860 | 58 | 367 | 83
576 | Revision_576/python.c | U | 84 | 97 | 11 | 105861 | 59 | 39 | 77
576 | Revision_576/python.c | U | 127 | 138 | 11 | 105862 | 59 | 14 | 77
576 | Revision_576/readtags.c | U | 106 | 113 | 8 | 105863 | 60 | 149 | 83
576 | Revision_576/readtags.c | U | 116 | 123 | 8 | 105864 | 60 | 134 | 83
576 | Revision_576/routines.c | U | 288 | 295 | 8 | 105865 | 60 | 155 | 83
576 | Revision_576/routines.c | U | 298 | 305 | 8 | 105866 | 60 | 156 | 83
576 | Revision_576/readtags.c | U | 144 | 148 | 5 | 105867 | 61 | 110 | 75
576 | Revision_576/vstring.c | U | 35 | 40 | 5 | 105868 | 61 | 111 | 75
576 | Revision_576/readtags.c | U | 503 | 507 | 5 | 105869 | 62 | 87 | 75
576 | Revision_576/readtags.c | U | 680 | 684 | 5 | 105870 | 62 | 88 | 75
576 | Revision_576/readtags.c | U | 542 | 548 | 6 | 105871 | 63 | 150 | 100
576 | Revision_576/readtags.c | U | 550 | 556 | 6 | 105872 | 63 | 151 | 100
576 | Revision_576/readtags.c | U | 585 | 589 | 6 | 105873 | 64 | 134 | 75
576 | Revision_576/readtags.c | U | 640 | 646 | 6 | 105874 | 64 | 135 | 75
576 | Revision_576/readtags.c | U | 717 | 725 | 8 | 105875 | 65 | 136 | 83
576 | Revision_576/readtags.c | U | 772 | 780 | 8 | 105876 | 65 | 139 | 83
576 | Revision_576/readtags.c | U | 728 | 736 | 8 | 105877 | 65 | 139 | 83
576 | Revision_576/readtags.c | U | 739 | 744 | 6 | 105878 | 66 | 152 | 80
576 | Revision_576/readtags.c | U | 764 | 769 | 6 | 105879 | 66 | 153 | 80
576 | Revision_576/readtags.c | U | 756 | 761 | 6 | 105880 | 66 | 187 | 80
576 | Revision_576/routines.c | U | 237 | 244 | 6 | 105881 | 67 | 157 | 80
576 | Revision_576/routines.c | U | 247 | 254 | 6 | 105882 | 67 | 158 | 80
576 | Revision_576/routines.c | U | 322 | 326 | 5 | 105883 | 68 | 159 | 75
576 | Revision_576/vstring.c | U | 125 | 129 | 5 | 105884 | 68 | 94 | 75
576 | Revision_576/vstring.c | U | 118 | 122 | 5 | 105885 | 68 | 95 | 75
576 | Revision_576/routines.c | U | 329 | 335 | 6 | 105886 | 69 | 160 | 100
576 | Revision_576/routines.c | U | 338 | 344 | 6 | 105887 | 69 | 161 | 100
576 | Revision_576/routines.c | U | 349 | 356 | 8 | 105888 | 70 | 162 | 100
576 | Revision_576/routines.c | U | 361 | 368 | 8 | 105889 | 70 | 163 | 100
576 | Revision_576/routines.c | U | 453 | 459 | 5 | 105890 | 71 | 167 | 75
576 | Revision_576/strlist.c | U | 150 | 154 | 5 | 105891 | 71 | 62 | 75
576 | Revision_576/sql.c | U | 530 | 534 | 5 | 105892 | 71 | 206 | 75
576 | Revision_576/scheme.c | U | 70 | 78 | 8 | 105893 | 72 | 140 | 71
576 | Revision_576/scheme.c | U | 85 | 93 | 8 | 105894 | 72 | 141 | 71
576 | Revision_576/sort.c | U | 118 | 123 | 5 | 105895 | 73 | 182 | 100
576 | Revision_576/sort.c | U | 126 | 131 | 5 | 105896 | 73 | 183 | 100
576 | Revision_576/sql.c | U | 784 | 794 | 8 | 105897 | 74 | 359 | 71
576 | Revision_576/sql.c | U | 1423 | 1432 | 8 | 105898 | 74 | 350 | 71
576 | Revision_576/sql.c | U | 1287 | 1323 | 24 | 105899 | 75 | 351 | 78
576 | Revision_576/sql.c | U | 1692 | 1735 | 24 | 105900 | 75 | 352 | 78
576 | Revision_576/sql.c | U | 1656 | 1681 | 17 | 105901 | 76 | 353 | 84
576 | Revision_576/sql.c | U | 1705 | 1729 | 17 | 105902 | 76 | 354 | 84
576 | Revision_576/strlist.c | U | 32 | 38 | 8 | 105903 | 77 | 142 | 71
576 | Revision_576/vstring.c | U | 77 | 87 | 8 | 105904 | 77 | 143 | 71
576 | Revision_576/strlist.c | U | 191 | 196 | 7 | 105905 | 78 | 146 | 83
576 | Revision_576/strlist.c | U | 200 | 206 | 7 | 105906 | 78 | 264 | 83
576 | Revision_576/verilog.c | U | 142 | 146 | 5 | 105907 | 79 | 259 | 75
576 | Revision_576/verilog.c | U | 238 | 242 | 5 | 105908 | 79 | 260 | 75
576 | Revision_576/vim.c | U | 97 | 101 | 5 | 105909 | 80 | 192 | 100
576 | Revision_576/vim.c | U | 103 | 107 | 5 | 105910 | 80 | 193 | 100
576 | Revision_576/vim.c | U | 244 | 267 | 17 | 105911 | 81 | 224 | 76
576 | Revision_576/vim.c | U | 294 | 312 | 17 | 105912 | 81 | 147 | 76
