Revision | filePath | changeType | StartLine | EndLine | Nlines | cloneId | classId | globalCloneId | Similarity
577 | Revision_577/lisp.c | U | 91 | 97 | 7 | 174896 | 1 | 1 | 83
577 | Revision_577/lisp.c | U | 112 | 118 | 7 | 174897 | 1 | 2 | 83
577 | Revision_577/lisp.c | U | 127 | 137 | 9 | 174898 | 2 | 3 | 70
577 | Revision_577/fortran.c | U | 2200 | 2215 | 9 | 174899 | 2 | 21 | 70
577 | Revision_577/ruby.c | U | 398 | 406 | 9 | 174900 | 2 | 19 | 70
577 | Revision_577/sml.c | U | 202 | 210 | 9 | 174901 | 2 | 321 | 70
577 | Revision_577/scheme.c | U | 99 | 109 | 9 | 174902 | 2 | 16 | 70
577 | Revision_577/c.c | U | 2841 | 2850 | 9 | 174903 | 2 | 12 | 70
577 | Revision_577/vim.c | U | 626 | 634 | 9 | 174904 | 2 | 20 | 70
577 | Revision_577/basic.c | U | 196 | 204 | 9 | 174905 | 2 | 408 | 70
577 | Revision_577/c.c | U | 2853 | 2868 | 9 | 174906 | 2 | 8 | 70
577 | Revision_577/c.c | U | 2871 | 2880 | 9 | 174907 | 2 | 15 | 70
577 | Revision_577/basic.c | U | 207 | 215 | 9 | 174908 | 2 | 409 | 70
577 | Revision_577/verilog.c | U | 329 | 338 | 9 | 174909 | 2 | 283 | 70
577 | Revision_577/basic.c | U | 218 | 226 | 9 | 174910 | 2 | 410 | 70
577 | Revision_577/c.c | U | 2883 | 2892 | 9 | 174911 | 2 | 315 | 70
577 | Revision_577/python.c | U | 447 | 455 | 9 | 174912 | 2 | 13 | 70
577 | Revision_577/erlang.c | U | 179 | 187 | 9 | 174913 | 2 | 340 | 70
577 | Revision_577/beta.c | U | 311 | 319 | 9 | 174914 | 2 | 5 | 70
577 | Revision_577/sh.c | U | 103 | 113 | 9 | 174915 | 2 | 17 | 70
577 | Revision_577/asp.c | U | 201 | 209 | 9 | 174916 | 2 | 4 | 70
577 | Revision_577/tcl.c | U | 106 | 114 | 9 | 174917 | 2 | 18 | 70
577 | Revision_577/perl.c | U | 341 | 349 | 9 | 174918 | 2 | 7 | 70
577 | Revision_577/lua.c | U | 123 | 131 | 9 | 174919 | 2 | 243 | 70
577 | Revision_577/c.c | U | 2895 | 2904 | 9 | 174920 | 2 | 330 | 70
577 | Revision_577/pascal.c | U | 257 | 265 | 9 | 174921 | 2 | 14 | 70
577 | Revision_577/awk.c | U | 71 | 79 | 9 | 174922 | 2 | 10 | 70
577 | Revision_577/cobol.c | U | 40 | 48 | 9 | 174923 | 2 | 320 | 70
577 | Revision_577/php.c | U | 89 | 96 | 9 | 174924 | 2 | 501 | 70
577 | Revision_577/eiffel.c | U | 1247 | 1256 | 9 | 174925 | 2 | 9 | 70
577 | Revision_577/sql.c | U | 1834 | 1843 | 9 | 174926 | 2 | 296 | 70
577 | Revision_577/asm.c | U | 366 | 385 | 9 | 174927 | 2 | 274 | 70
577 | Revision_577/make.c | U | 199 | 209 | 9 | 174928 | 2 | 25 | 70
577 | Revision_577/html.c | U | 40 | 47 | 9 | 174929 | 2 | 365 | 70
577 | Revision_577/jscript.c | U | 1237 | 1250 | 9 | 174930 | 2 | 413 | 70
577 | Revision_577/slang.c | U | 34 | 41 | 9 | 174931 | 2 | 24 | 70
577 | Revision_577/yacc.c | U | 31 | 38 | 9 | 174932 | 2 | 23 | 70
577 | Revision_577/rexx.c | U | 30 | 37 | 9 | 174933 | 2 | 26 | 70
577 | Revision_577/keyword.c | U | 107 | 116 | 9 | 174934 | 2 | 27 | 70
577 | Revision_577/sql.c | U | 358 | 367 | 9 | 174935 | 2 | 309 | 70
577 | Revision_577/options.c | U | 626 | 632 | 9 | 174936 | 2 | 29 | 70
577 | Revision_577/options.c | U | 533 | 538 | 9 | 174937 | 2 | 30 | 70
577 | Revision_577/c.c | U | 2192 | 2197 | 9 | 174938 | 2 | 28 | 70
577 | Revision_577/fortran.c | U | 413 | 425 | 9 | 174939 | 2 | 158 | 70
577 | Revision_577/eiffel.c | U | 1201 | 1213 | 9 | 174940 | 2 | 157 | 70
577 | Revision_577/c.c | U | 482 | 488 | 9 | 174941 | 2 | 53 | 70
577 | Revision_577/jscript.c | U | 187 | 197 | 9 | 174942 | 2 | 414 | 70
577 | Revision_577/c.c | U | 2221 | 2229 | 9 | 174943 | 2 | 31 | 70
577 | Revision_577/asp.c | U | 71 | 90 | 15 | 174944 | 3 | 33 | 100
577 | Revision_577/asp.c | U | 94 | 113 | 15 | 174945 | 3 | 34 | 100
577 | Revision_577/asp.c | U | 117 | 133 | 14 | 174946 | 4 | 35 | 100
577 | Revision_577/asp.c | U | 137 | 152 | 14 | 174947 | 4 | 36 | 100
577 | Revision_577/asp.c | U | 175 | 190 | 14 | 174948 | 4 | 36 | 100
577 | Revision_577/asp.c | U | 156 | 171 | 14 | 174949 | 4 | 36 | 100
577 | Revision_577/args.c | U | 85 | 92 | 8 | 174950 | 5 | 43 | 100
577 | Revision_577/args.c | U | 160 | 167 | 8 | 174951 | 5 | 44 | 100
577 | Revision_577/args.c | U | 182 | 190 | 9 | 174952 | 6 | 45 | 75
577 | Revision_577/args.c | U | 193 | 200 | 9 | 174953 | 6 | 46 | 75
577 | Revision_577/args.c | U | 203 | 211 | 9 | 174954 | 6 | 47 | 75
577 | Revision_577/args.c | U | 266 | 272 | 6 | 174955 | 7 | 48 | 80
577 | Revision_577/options.c | U | 579 | 584 | 6 | 174956 | 7 | 49 | 80
577 | Revision_577/fortran.c | U | 903 | 908 | 6 | 174957 | 7 | 50 | 80
577 | Revision_577/c.c | U | 534 | 540 | 6 | 174958 | 8 | 51 | 75
577 | Revision_577/sql.c | U | 370 | 374 | 6 | 174959 | 8 | 416 | 75
577 | Revision_577/jscript.c | U | 200 | 204 | 6 | 174960 | 8 | 415 | 75
577 | Revision_577/vstring.c | U | 67 | 74 | 6 | 174961 | 8 | 52 | 75
577 | Revision_577/eiffel.c | U | 1216 | 1222 | 6 | 174962 | 8 | 362 | 75
577 | Revision_577/fortran.c | U | 439 | 444 | 6 | 174963 | 8 | 363 | 75
577 | Revision_577/vstring.c | U | 69 | 73 | 6 | 174964 | 8 | 52 | 75
577 | Revision_577/c.c | U | 543 | 550 | 6 | 174965 | 9 | 53 | 80
577 | Revision_577/c.c | U | 553 | 560 | 6 | 174966 | 9 | 54 | 80
577 | Revision_577/c.c | U | 662 | 678 | 18 | 174967 | 10 | 55 | 70
577 | Revision_577/fortran.c | U | 1135 | 1150 | 18 | 174968 | 10 | 375 | 70
577 | Revision_577/c.c | U | 681 | 696 | 18 | 174969 | 10 | 60 | 70
577 | Revision_577/c.c | U | 1242 | 1256 | 18 | 174970 | 10 | 56 | 70
577 | Revision_577/c.c | U | 1165 | 1183 | 18 | 174971 | 10 | 57 | 70
577 | Revision_577/fortran.c | U | 1871 | 1887 | 18 | 174972 | 10 | 59 | 70
577 | Revision_577/fortran.c | U | 1112 | 1132 | 18 | 174973 | 10 | 58 | 70
577 | Revision_577/Test/local.c | U | 9 | 22 | 18 | 174974 | 10 | 384 | 70
577 | Revision_577/fortran.c | U | 1115 | 1130 | 18 | 174975 | 10 | 58 | 70
577 | Revision_577/c.c | U | 1168 | 1181 | 18 | 174976 | 10 | 63 | 70
577 | Revision_577/jscript.c | U | 1156 | 1175 | 18 | 174977 | 10 | 463 | 70
577 | Revision_577/fortran.c | U | 1788 | 1816 | 18 | 174978 | 10 | 366 | 70
577 | Revision_577/fortran.c | U | 1874 | 1885 | 18 | 174979 | 10 | 65 | 70
577 | Revision_577/eiffel.c | U | 1191 | 1196 | 18 | 174980 | 10 | 362 | 70
577 | Revision_577/eiffel.c | U | 1112 | 1136 | 18 | 174981 | 10 | 307 | 70
577 | Revision_577/sql.c | U | 885 | 903 | 18 | 174982 | 10 | 308 | 70
577 | Revision_577/eiffel.c | U | 906 | 946 | 18 | 174983 | 10 | 248 | 70
577 | Revision_577/fortran.c | U | 1588 | 1625 | 18 | 174984 | 10 | 367 | 70
577 | Revision_577/sql.c | U | 881 | 905 | 18 | 174985 | 10 | 308 | 70
577 | Revision_577/eiffel.c | U | 1185 | 1197 | 18 | 174986 | 10 | 157 | 70
577 | Revision_577/c.c | U | 684 | 694 | 13 | 174987 | 11 | 57 | 75
577 | Revision_577/c.c | U | 1244 | 1255 | 13 | 174988 | 11 | 64 | 75
577 | Revision_577/c.c | U | 714 | 736 | 21 | 174989 | 12 | 72 | 70
577 | Revision_577/fortran.c | U | 1302 | 1312 | 21 | 174990 | 12 | 337 | 70
577 | Revision_577/c.c | U | 746 | 752 | 8 | 174991 | 13 | 74 | 71
577 | Revision_577/options.c | U | 472 | 479 | 8 | 174992 | 13 | 75 | 71
577 | Revision_577/c.c | U | 787 | 791 | 8 | 174993 | 14 | 76 | 71
577 | Revision_577/c.c | U | 2116 | 2120 | 8 | 174994 | 14 | 80 | 71
577 | Revision_577/fortran.c | U | 1916 | 1920 | 8 | 174995 | 14 | 79 | 71
577 | Revision_577/eiffel.c | U | 673 | 677 | 8 | 174996 | 14 | 249 | 71
577 | Revision_577/jscript.c | U | 1092 | 1096 | 8 | 174997 | 14 | 417 | 71
577 | Revision_577/sql.c | U | 997 | 1004 | 8 | 174998 | 14 | 418 | 71
577 | Revision_577/sql.c | U | 913 | 919 | 8 | 174999 | 14 | 419 | 71
577 | Revision_577/readtags.c | U | 144 | 148 | 8 | 175000 | 14 | 87 | 71
577 | Revision_577/jscript.c | U | 1076 | 1097 | 8 | 175001 | 14 | 494 | 71
577 | Revision_577/eiffel.c | U | 1013 | 1017 | 8 | 175002 | 14 | 269 | 71
577 | Revision_577/eiffel.c | U | 875 | 879 | 8 | 175003 | 14 | 269 | 71
577 | Revision_577/fortran.c | U | 1343 | 1347 | 8 | 175004 | 14 | 85 | 71
577 | Revision_577/jscript.c | U | 1101 | 1114 | 8 | 175005 | 14 | 464 | 71
577 | Revision_577/eiffel.c | U | 962 | 966 | 8 | 175006 | 14 | 269 | 71
577 | Revision_577/sql.c | U | 530 | 534 | 8 | 175007 | 14 | 300 | 71
577 | Revision_577/eiffel.c | U | 660 | 664 | 8 | 175008 | 14 | 250 | 71
577 | Revision_577/sql.c | U | 1489 | 1495 | 8 | 175009 | 14 | 420 | 71
577 | Revision_577/sql.c | U | 1460 | 1466 | 8 | 175010 | 14 | 421 | 71
577 | Revision_577/eiffel.c | U | 850 | 855 | 8 | 175011 | 14 | 151 | 71
577 | Revision_577/sql.c | U | 1230 | 1235 | 8 | 175012 | 14 | 422 | 71
577 | Revision_577/c.c | U | 2182 | 2189 | 8 | 175013 | 14 | 244 | 71
577 | Revision_577/fortran.c | U | 1724 | 1728 | 8 | 175014 | 14 | 373 | 71
577 | Revision_577/vstring.c | U | 35 | 40 | 8 | 175015 | 14 | 98 | 71
577 | Revision_577/c.c | U | 1778 | 1782 | 8 | 175016 | 14 | 121 | 71
577 | Revision_577/c.c | U | 1787 | 1791 | 8 | 175017 | 14 | 331 | 71
577 | Revision_577/c.c | U | 2759 | 2764 | 8 | 175018 | 14 | 94 | 71
577 | Revision_577/sql.c | U | 844 | 864 | 8 | 175019 | 14 | 423 | 71
577 | Revision_577/eiffel.c | U | 1032 | 1036 | 8 | 175020 | 14 | 151 | 71
577 | Revision_577/fortran.c | U | 1211 | 1215 | 8 | 175021 | 14 | 85 | 71
577 | Revision_577/sql.c | U | 755 | 766 | 8 | 175022 | 14 | 424 | 71
577 | Revision_577/jscript.c | U | 624 | 635 | 8 | 175023 | 14 | 426 | 71
577 | Revision_577/sql.c | U | 1222 | 1228 | 8 | 175024 | 14 | 492 | 71
577 | Revision_577/fortran.c | U | 1340 | 1348 | 8 | 175025 | 14 | 84 | 71
577 | Revision_577/fortran.c | U | 1552 | 1557 | 8 | 175026 | 14 | 79 | 71
577 | Revision_577/ruby.c | U | 214 | 218 | 8 | 175027 | 14 | 392 | 71
577 | Revision_577/options.c | U | 1042 | 1046 | 8 | 175028 | 14 | 89 | 71
577 | Revision_577/keyword.c | U | 185 | 189 | 8 | 175029 | 14 | 91 | 71
577 | Revision_577/readtags.c | U | 455 | 459 | 8 | 175030 | 14 | 90 | 71
577 | Revision_577/c.c | U | 2163 | 2167 | 8 | 175031 | 14 | 125 | 71
577 | Revision_577/strlist.c | U | 150 | 154 | 8 | 175032 | 14 | 126 | 71
577 | Revision_577/fortran.c | U | 1545 | 1550 | 8 | 175033 | 14 | 79 | 71
577 | Revision_577/jscript.c | U | 709 | 716 | 8 | 175034 | 14 | 427 | 71
577 | Revision_577/eiffel.c | U | 1068 | 1077 | 8 | 175035 | 14 | 101 | 71
577 | Revision_577/options.c | U | 674 | 678 | 8 | 175036 | 14 | 127 | 71
577 | Revision_577/fortran.c | U | 1006 | 1010 | 8 | 175037 | 14 | 128 | 71
577 | Revision_577/routines.c | U | 453 | 459 | 8 | 175038 | 14 | 266 | 71
577 | Revision_577/jscript.c | U | 499 | 509 | 8 | 175039 | 14 | 428 | 71
577 | Revision_577/sql.c | U | 1356 | 1363 | 8 | 175040 | 14 | 430 | 71
577 | Revision_577/jscript.c | U | 1033 | 1051 | 8 | 175041 | 14 | 429 | 71
577 | Revision_577/options.c | U | 1221 | 1225 | 8 | 175042 | 14 | 129 | 71
577 | Revision_577/fortran.c | U | 1418 | 1426 | 8 | 175043 | 14 | 59 | 71
577 | Revision_577/sql.c | U | 1738 | 1766 | 8 | 175044 | 14 | 431 | 71
577 | Revision_577/sql.c | U | 1183 | 1196 | 8 | 175045 | 14 | 436 | 71
577 | Revision_577/sql.c | U | 1021 | 1044 | 8 | 175046 | 14 | 437 | 71
577 | Revision_577/sql.c | U | 988 | 1005 | 8 | 175047 | 14 | 435 | 71
577 | Revision_577/jscript.c | U | 707 | 717 | 8 | 175048 | 14 | 427 | 71
577 | Revision_577/jscript.c | U | 513 | 548 | 8 | 175049 | 14 | 432 | 71
577 | Revision_577/fortran.c | U | 1713 | 1722 | 8 | 175050 | 14 | 221 | 71
577 | Revision_577/jscript.c | U | 575 | 601 | 8 | 175051 | 14 | 433 | 71
577 | Revision_577/fortran.c | U | 1758 | 1764 | 8 | 175052 | 14 | 314 | 71
577 | Revision_577/fortran.c | U | 1084 | 1090 | 8 | 175053 | 14 | 350 | 71
577 | Revision_577/jscript.c | U | 640 | 689 | 8 | 175054 | 14 | 491 | 71
577 | Revision_577/fortran.c | U | 1537 | 1543 | 8 | 175055 | 14 | 65 | 71
577 | Revision_577/jscript.c | U | 854 | 873 | 8 | 175056 | 14 | 438 | 71
577 | Revision_577/sql.c | U | 1472 | 1498 | 8 | 175057 | 14 | 439 | 71
577 | Revision_577/sql.c | U | 1501 | 1522 | 8 | 175058 | 14 | 440 | 71
577 | Revision_577/sql.c | U | 1441 | 1469 | 8 | 175059 | 14 | 441 | 71
577 | Revision_577/sql.c | U | 1540 | 1561 | 8 | 175060 | 14 | 442 | 71
577 | Revision_577/sql.c | U | 1564 | 1585 | 8 | 175061 | 14 | 443 | 71
577 | Revision_577/jscript.c | U | 851 | 874 | 8 | 175062 | 14 | 438 | 71
577 | Revision_577/sql.c | U | 1588 | 1628 | 8 | 175063 | 14 | 445 | 71
577 | Revision_577/jscript.c | U | 846 | 875 | 8 | 175064 | 14 | 438 | 71
577 | Revision_577/jscript.c | U | 603 | 636 | 8 | 175065 | 14 | 446 | 71
577 | Revision_577/sql.c | U | 1326 | 1365 | 8 | 175066 | 14 | 448 | 71
577 | Revision_577/sql.c | U | 1200 | 1238 | 8 | 175067 | 14 | 447 | 71
577 | Revision_577/jscript.c | U | 843 | 876 | 8 | 175068 | 14 | 438 | 71
577 | Revision_577/sql.c | U | 1241 | 1284 | 8 | 175069 | 14 | 449 | 71
577 | Revision_577/c.c | U | 797 | 818 | 44 | 175070 | 15 | 103 | 72
577 | Revision_577/c.c | U | 862 | 882 | 44 | 175071 | 15 | 316 | 72
577 | Revision_577/c.c | U | 821 | 841 | 44 | 175072 | 15 | 332 | 72
577 | Revision_577/c.c | U | 929 | 948 | 44 | 175073 | 15 | 103 | 72
577 | Revision_577/c.c | U | 844 | 860 | 44 | 175074 | 15 | 316 | 72
577 | Revision_577/c.c | U | 885 | 896 | 12 | 175075 | 16 | 317 | 90
577 | Revision_577/c.c | U | 899 | 910 | 12 | 175076 | 16 | 318 | 90
577 | Revision_577/c.c | U | 1050 | 1055 | 6 | 175077 | 17 | 407 | 80
577 | Revision_577/jscript.c | U | 1013 | 1018 | 6 | 175078 | 17 | 417 | 80
577 | Revision_577/c.c | U | 1305 | 1311 | 7 | 175079 | 18 | 385 | 71
577 | Revision_577/fortran.c | U | 501 | 509 | 7 | 175080 | 18 | 112 | 71
577 | Revision_577/make.c | U | 63 | 69 | 7 | 175081 | 18 | 394 | 71
577 | Revision_577/make.c | U | 53 | 60 | 7 | 175082 | 18 | 395 | 71
577 | Revision_577/c.c | U | 1378 | 1385 | 7 | 175083 | 19 | 108 | 80
577 | Revision_577/c.c | U | 1387 | 1394 | 7 | 175084 | 19 | 109 | 80
577 | Revision_577/c.c | U | 1408 | 1415 | 7 | 175085 | 20 | 110 | 71
577 | Revision_577/c.c | U | 2154 | 2161 | 7 | 175086 | 20 | 111 | 71
577 | Revision_577/fortran.c | U | 625 | 631 | 7 | 175087 | 20 | 112 | 71
577 | Revision_577/c.c | U | 1418 | 1425 | 7 | 175088 | 20 | 405 | 71
577 | Revision_577/sql.c | U | 571 | 578 | 7 | 175089 | 20 | 406 | 71
577 | Revision_577/jscript.c | U | 382 | 389 | 7 | 175090 | 20 | 450 | 71
577 | Revision_577/c.c | U | 1456 | 1461 | 6 | 175091 | 21 | 386 | 80
577 | Revision_577/c.c | U | 1798 | 1803 | 6 | 175092 | 21 | 80 | 80
577 | Revision_577/c.c | U | 1482 | 1491 | 9 | 175093 | 22 | 294 | 71
577 | Revision_577/eiffel.c | U | 555 | 563 | 9 | 175094 | 22 | 295 | 71
577 | Revision_577/c.c | U | 1485 | 1489 | 5 | 175095 | 23 | 294 | 75
577 | Revision_577/readtags.c | U | 503 | 507 | 5 | 175096 | 23 | 90 | 75
577 | Revision_577/readtags.c | U | 680 | 684 | 5 | 175097 | 23 | 99 | 75
577 | Revision_577/c.c | U | 1499 | 1512 | 10 | 175098 | 24 | 396 | 75
577 | Revision_577/make.c | U | 77 | 87 | 10 | 175099 | 24 | 397 | 75
577 | Revision_577/fortran.c | U | 853 | 864 | 10 | 175100 | 24 | 116 | 75
577 | Revision_577/verilog.c | U | 199 | 212 | 10 | 175101 | 24 | 398 | 75
577 | Revision_577/eiffel.c | U | 573 | 585 | 10 | 175102 | 24 | 114 | 75
577 | Revision_577/sql.c | U | 455 | 466 | 10 | 175103 | 24 | 306 | 75
577 | Revision_577/eiffel.c | U | 588 | 600 | 10 | 175104 | 24 | 117 | 75
577 | Revision_577/jscript.c | U | 304 | 315 | 10 | 175105 | 24 | 451 | 75
577 | Revision_577/c.c | U | 1616 | 1622 | 8 | 175106 | 25 | 452 | 75
577 | Revision_577/jscript.c | U | 420 | 428 | 8 | 175107 | 25 | 453 | 75
577 | Revision_577/c.c | U | 1988 | 1992 | 5 | 175108 | 26 | 121 | 75
577 | Revision_577/fortran.c | U | 728 | 732 | 5 | 175109 | 26 | 144 | 75
577 | Revision_577/fortran.c | U | 619 | 623 | 5 | 175110 | 26 | 112 | 75
577 | Revision_577/get.c | U | 594 | 598 | 5 | 175111 | 26 | 122 | 75
577 | Revision_577/perl.c | U | 185 | 189 | 5 | 175112 | 26 | 163 | 75
577 | Revision_577/pascal.c | U | 134 | 138 | 5 | 175113 | 26 | 164 | 75
577 | Revision_577/python.c | U | 380 | 387 | 5 | 175114 | 26 | 503 | 75
577 | Revision_577/vim.c | U | 400 | 408 | 5 | 175115 | 26 | 500 | 75
577 | Revision_577/c.c | U | 2142 | 2149 | 9 | 175116 | 27 | 28 | 71
577 | Revision_577/eiffel.c | U | 1065 | 1078 | 9 | 175117 | 27 | 156 | 71
577 | Revision_577/c.c | U | 2465 | 2472 | 5 | 175118 | 28 | 94 | 75
577 | Revision_577/sql.c | U | 1414 | 1418 | 5 | 175119 | 28 | 454 | 75
577 | Revision_577/sql.c | U | 1673 | 1677 | 5 | 175120 | 28 | 455 | 75
577 | Revision_577/jscript.c | U | 780 | 789 | 5 | 175121 | 28 | 456 | 75
577 | Revision_577/jscript.c | U | 791 | 796 | 5 | 175122 | 28 | 457 | 75
577 | Revision_577/c.c | U | 2478 | 2482 | 5 | 175123 | 29 | 387 | 100
577 | Revision_577/c.c | U | 2485 | 2489 | 5 | 175124 | 29 | 94 | 100
577 | Revision_577/c.c | U | 2708 | 2713 | 6 | 175125 | 30 | 94 | 80
577 | Revision_577/sql.c | U | 1008 | 1013 | 6 | 175126 | 30 | 301 | 80
577 | Revision_577/c.c | U | 2799 | 2808 | 9 | 175127 | 31 | 130 | 71
577 | Revision_577/asm.c | U | 120 | 128 | 9 | 175128 | 31 | 288 | 71
577 | Revision_577/eiffel.c | U | 214 | 223 | 9 | 175129 | 31 | 131 | 71
577 | Revision_577/verilog.c | U | 108 | 118 | 9 | 175130 | 31 | 381 | 71
577 | Revision_577/jscript.c | U | 175 | 184 | 9 | 175131 | 31 | 458 | 71
577 | Revision_577/sql.c | U | 346 | 355 | 9 | 175132 | 31 | 302 | 71
577 | Revision_577/fortran.c | U | 397 | 406 | 9 | 175133 | 31 | 132 | 71
577 | Revision_577/eiffel.c | U | 286 | 300 | 10 | 175134 | 32 | 133 | 71
577 | Revision_577/beta.c | U | 71 | 80 | 10 | 175135 | 32 | 134 | 71
577 | Revision_577/sql.c | U | 381 | 395 | 10 | 175136 | 32 | 303 | 71
577 | Revision_577/jscript.c | U | 211 | 225 | 10 | 175137 | 32 | 459 | 71
577 | Revision_577/parse.c | U | 43 | 54 | 10 | 175138 | 32 | 135 | 71
577 | Revision_577/sml.c | U | 75 | 81 | 10 | 175139 | 32 | 324 | 71
577 | Revision_577/eiffel.c | U | 288 | 298 | 10 | 175140 | 32 | 136 | 71
577 | Revision_577/eiffel.c | U | 366 | 375 | 8 | 175141 | 33 | 304 | 100
577 | Revision_577/jscript.c | U | 274 | 281 | 8 | 175142 | 33 | 460 | 100
577 | Revision_577/sql.c | U | 426 | 433 | 8 | 175143 | 33 | 305 | 100
577 | Revision_577/eiffel.c | U | 381 | 402 | 20 | 175144 | 34 | 139 | 70
577 | Revision_577/fortran.c | U | 767 | 793 | 20 | 175145 | 34 | 140 | 70
577 | Revision_577/eiffel.c | U | 405 | 433 | 24 | 175146 | 35 | 141 | 95
577 | Revision_577/fortran.c | U | 796 | 824 | 24 | 175147 | 35 | 505 | 95
577 | Revision_577/eiffel.c | U | 413 | 419 | 6 | 175148 | 36 | 119 | 80
577 | Revision_577/eiffel.c | U | 421 | 426 | 6 | 175149 | 36 | 119 | 80
577 | Revision_577/jscript.c | U | 862 | 872 | 6 | 175150 | 36 | 479 | 80
577 | Revision_577/options.c | U | 352 | 357 | 6 | 175151 | 36 | 224 | 80
577 | Revision_577/fortran.c | U | 812 | 817 | 6 | 175152 | 36 | 116 | 80
577 | Revision_577/fortran.c | U | 804 | 810 | 6 | 175153 | 36 | 50 | 80
577 | Revision_577/eiffel.c | U | 546 | 550 | 5 | 175154 | 37 | 143 | 75
577 | Revision_577/verilog.c | U | 142 | 146 | 5 | 175155 | 37 | 383 | 75
577 | Revision_577/verilog.c | U | 238 | 242 | 5 | 175156 | 37 | 382 | 75
577 | Revision_577/fortran.c | U | 785 | 789 | 5 | 175157 | 37 | 144 | 75
577 | Revision_577/fortran.c | U | 985 | 989 | 5 | 175158 | 37 | 145 | 75
577 | Revision_577/eiffel.c | U | 603 | 612 | 8 | 175159 | 38 | 146 | 100
577 | Revision_577/sql.c | U | 469 | 476 | 8 | 175160 | 38 | 305 | 100
577 | Revision_577/jscript.c | U | 318 | 325 | 8 | 175161 | 38 | 471 | 100
577 | Revision_577/fortran.c | U | 871 | 880 | 8 | 175162 | 38 | 147 | 100
577 | Revision_577/asm.c | U | 131 | 139 | 8 | 175163 | 38 | 270 | 100
577 | Revision_577/eiffel.c | U | 720 | 727 | 9 | 175164 | 39 | 148 | 77
577 | Revision_577/jscript.c | U | 405 | 414 | 9 | 175165 | 39 | 461 | 77
577 | Revision_577/eiffel.c | U | 729 | 734 | 6 | 175166 | 40 | 506 | 100
577 | Revision_577/fortran.c | U | 1043 | 1048 | 6 | 175167 | 40 | 312 | 100
577 | Revision_577/eiffel.c | U | 773 | 820 | 13 | 175168 | 41 | 349 | 72
577 | Revision_577/fortran.c | U | 1098 | 1109 | 13 | 175169 | 41 | 350 | 72
577 | Revision_577/eiffel.c | U | 838 | 856 | 12 | 175170 | 42 | 251 | 72
577 | Revision_577/eiffel.c | U | 860 | 881 | 12 | 175171 | 42 | 252 | 72
577 | Revision_577/fortran.c | U | 1380 | 1393 | 12 | 175172 | 42 | 336 | 72
577 | Revision_577/eiffel.c | U | 1007 | 1020 | 12 | 175173 | 42 | 253 | 72
577 | Revision_577/fortran.c | U | 1634 | 1642 | 12 | 175174 | 42 | 337 | 72
577 | Revision_577/jscript.c | U | 1057 | 1069 | 12 | 175175 | 42 | 495 | 72
577 | Revision_577/eiffel.c | U | 868 | 880 | 12 | 175176 | 42 | 156 | 72
577 | Revision_577/sql.c | U | 1309 | 1319 | 12 | 175177 | 42 | 462 | 72
577 | Revision_577/eiffel.c | U | 997 | 1005 | 7 | 175178 | 43 | 496 | 83
577 | Revision_577/jscript.c | U | 1061 | 1068 | 7 | 175179 | 43 | 495 | 83
577 | Revision_577/fortran.c | U | 1384 | 1390 | 7 | 175180 | 43 | 84 | 83
577 | Revision_577/fortran.c | U | 1325 | 1331 | 7 | 175181 | 43 | 85 | 83
577 | Revision_577/basic.c | U | 134 | 139 | 6 | 175182 | 44 | 411 | 80
577 | Revision_577/basic.c | U | 146 | 151 | 6 | 175183 | 44 | 412 | 80
577 | Revision_577/verilog.c | U | 187 | 193 | 8 | 175184 | 45 | 399 | 75
577 | Revision_577/make.c | U | 97 | 105 | 8 | 175185 | 45 | 400 | 75
577 | Revision_577/verilog.c | U | 286 | 290 | 5 | 175186 | 46 | 401 | 75
577 | Revision_577/make.c | U | 44 | 48 | 5 | 175187 | 46 | 402 | 75
577 | Revision_577/jscript.c | U | 228 | 249 | 15 | 175188 | 47 | 467 | 100
577 | Revision_577/sql.c | U | 398 | 419 | 15 | 175189 | 47 | 468 | 100
577 | Revision_577/jscript.c | U | 252 | 258 | 6 | 175190 | 48 | 415 | 100
577 | Revision_577/jscript.c | U | 261 | 267 | 6 | 175191 | 48 | 460 | 100
577 | Revision_577/jscript.c | U | 284 | 298 | 14 | 175192 | 49 | 469 | 100
577 | Revision_577/sql.c | U | 436 | 450 | 14 | 175193 | 49 | 470 | 100
577 | Revision_577/jscript.c | U | 328 | 417 | 107 | 175194 | 50 | 472 | 72
577 | Revision_577/sql.c | U | 479 | 612 | 107 | 175195 | 50 | 473 | 72
577 | Revision_577/jscript.c | U | 435 | 465 | 18 | 175196 | 51 | 465 | 100
577 | Revision_577/sql.c | U | 666 | 696 | 18 | 175197 | 51 | 466 | 100
577 | Revision_577/jscript.c | U | 468 | 475 | 7 | 175198 | 52 | 474 | 80
577 | Revision_577/sql.c | U | 631 | 638 | 7 | 175199 | 52 | 476 | 80
577 | Revision_577/jscript.c | U | 478 | 485 | 7 | 175200 | 52 | 475 | 80
577 | Revision_577/jscript.c | U | 723 | 729 | 8 | 175201 | 53 | 480 | 75
577 | Revision_577/jscript.c | U | 1020 | 1029 | 8 | 175202 | 53 | 481 | 75
577 | Revision_577/jscript.c | U | 921 | 930 | 6 | 175203 | 54 | 497 | 75
577 | Revision_577/options.c | U | 1683 | 1687 | 6 | 175204 | 54 | 333 | 75
577 | Revision_577/jscript.c | U | 1197 | 1200 | 8 | 175205 | 55 | 498 | 71
577 | Revision_577/Test/local.c | U | 14 | 20 | 8 | 175206 | 55 | 384 | 71
577 | Revision_577/jscript.c | U | 1210 | 1214 | 5 | 175207 | 56 | 484 | 75
577 | Revision_577/sql.c | U | 1816 | 1820 | 5 | 175208 | 56 | 404 | 75
577 | Revision_577/make.c | U | 185 | 189 | 5 | 175209 | 56 | 403 | 75
577 | Revision_577/vim.c | U | 97 | 101 | 5 | 175210 | 57 | 290 | 100
577 | Revision_577/vim.c | U | 103 | 107 | 5 | 175211 | 57 | 291 | 100
577 | Revision_577/vim.c | U | 244 | 267 | 17 | 175212 | 58 | 334 | 76
577 | Revision_577/vim.c | U | 294 | 312 | 17 | 175213 | 58 | 159 | 76
577 | Revision_577/python.c | U | 84 | 97 | 11 | 175214 | 59 | 37 | 77
577 | Revision_577/python.c | U | 127 | 138 | 11 | 175215 | 59 | 13 | 77
577 | Revision_577/python.c | U | 177 | 181 | 5 | 175216 | 60 | 278 | 75
577 | Revision_577/erlang.c | U | 58 | 62 | 5 | 175217 | 60 | 341 | 75
577 | Revision_577/sml.c | U | 84 | 88 | 5 | 175218 | 60 | 325 | 75
577 | Revision_577/python.c | U | 198 | 202 | 5 | 175219 | 60 | 326 | 75
577 | Revision_577/options.c | U | 963 | 968 | 5 | 175220 | 60 | 280 | 75
577 | Revision_577/python.c | U | 206 | 215 | 9 | 175221 | 61 | 292 | 75
577 | Revision_577/tcl.c | U | 44 | 54 | 9 | 175222 | 61 | 293 | 75
577 | Revision_577/erlang.c | U | 66 | 75 | 9 | 175223 | 61 | 342 | 75
577 | Revision_577/python.c | U | 417 | 421 | 5 | 175224 | 62 | 504 | 75
577 | Revision_577/pascal.c | U | 150 | 154 | 5 | 175225 | 62 | 319 | 75
577 | Revision_577/pascal.c | U | 184 | 190 | 5 | 175226 | 62 | 171 | 75
577 | Revision_577/pascal.c | U | 176 | 182 | 5 | 175227 | 62 | 170 | 75
577 | Revision_577/perl.c | U | 206 | 212 | 7 | 175228 | 63 | 389 | 83
577 | Revision_577/perl.c | U | 252 | 257 | 7 | 175229 | 63 | 502 | 83
577 | Revision_577/perl.c | U | 322 | 328 | 7 | 175230 | 64 | 389 | 71
577 | Revision_577/main.c | U | 260 | 267 | 7 | 175231 | 64 | 377 | 71
577 | Revision_577/erlang.c | U | 108 | 113 | 7 | 175232 | 64 | 346 | 71
577 | Revision_577/erlang.c | U | 97 | 105 | 7 | 175233 | 64 | 344 | 71
577 | Revision_577/erlang.c | U | 116 | 121 | 7 | 175234 | 64 | 344 | 71
577 | Revision_577/main.c | U | 179 | 185 | 7 | 175235 | 64 | 376 | 71
577 | Revision_577/sort.c | U | 118 | 123 | 5 | 175236 | 65 | 281 | 100
577 | Revision_577/sort.c | U | 126 | 131 | 5 | 175237 | 65 | 282 | 100
577 | Revision_577/strlist.c | U | 32 | 38 | 8 | 175238 | 66 | 165 | 71
577 | Revision_577/vstring.c | U | 77 | 87 | 8 | 175239 | 66 | 166 | 71
577 | Revision_577/strlist.c | U | 191 | 196 | 7 | 175240 | 67 | 168 | 83
577 | Revision_577/strlist.c | U | 200 | 206 | 7 | 175241 | 67 | 390 | 83
577 | Revision_577/get.c | U | 305 | 314 | 10 | 175242 | 68 | 174 | 70
577 | Revision_577/read.c | U | 220 | 231 | 10 | 175243 | 68 | 176 | 70
577 | Revision_577/parse.c | U | 584 | 598 | 10 | 175244 | 68 | 175 | 70
577 | Revision_577/get.c | U | 467 | 478 | 10 | 175245 | 69 | 177 | 87
577 | Revision_577/get.c | U | 484 | 495 | 10 | 175246 | 69 | 178 | 87
577 | Revision_577/get.c | U | 541 | 546 | 6 | 175247 | 70 | 180 | 80
577 | Revision_577/read.c | U | 421 | 425 | 6 | 175248 | 70 | 181 | 80
577 | Revision_577/main.c | U | 126 | 139 | 6 | 175249 | 71 | 354 | 80
577 | Revision_577/options.c | U | 397 | 402 | 6 | 175250 | 71 | 355 | 80
577 | Revision_577/routines.c | U | 237 | 244 | 6 | 175251 | 72 | 254 | 80
577 | Revision_577/routines.c | U | 247 | 254 | 6 | 175252 | 72 | 255 | 80
577 | Revision_577/routines.c | U | 288 | 295 | 8 | 175253 | 73 | 256 | 83
577 | Revision_577/routines.c | U | 298 | 305 | 8 | 175254 | 73 | 257 | 83
577 | Revision_577/readtags.c | U | 116 | 123 | 8 | 175255 | 73 | 123 | 83
577 | Revision_577/readtags.c | U | 106 | 113 | 8 | 175256 | 73 | 238 | 83
577 | Revision_577/routines.c | U | 322 | 326 | 5 | 175257 | 74 | 258 | 75
577 | Revision_577/vstring.c | U | 125 | 129 | 5 | 175258 | 74 | 188 | 75
577 | Revision_577/vstring.c | U | 118 | 122 | 5 | 175259 | 74 | 189 | 75
577 | Revision_577/routines.c | U | 329 | 335 | 6 | 175260 | 75 | 259 | 100
577 | Revision_577/routines.c | U | 338 | 344 | 6 | 175261 | 75 | 260 | 100
577 | Revision_577/routines.c | U | 349 | 356 | 8 | 175262 | 76 | 261 | 100
577 | Revision_577/routines.c | U | 361 | 368 | 8 | 175263 | 76 | 262 | 100
577 | Revision_577/sh.c | U | 89 | 94 | 6 | 175264 | 77 | 378 | 80
577 | Revision_577/asm.c | U | 347 | 352 | 6 | 175265 | 77 | 379 | 80
577 | Revision_577/beta.c | U | 134 | 141 | 6 | 175266 | 78 | 201 | 75
577 | Revision_577/beta.c | U | 204 | 212 | 6 | 175267 | 78 | 202 | 75
577 | Revision_577/beta.c | U | 152 | 156 | 5 | 175268 | 79 | 203 | 75
577 | Revision_577/beta.c | U | 277 | 281 | 5 | 175269 | 79 | 205 | 75
577 | Revision_577/beta.c | U | 158 | 162 | 5 | 175270 | 79 | 204 | 75
577 | Revision_577/beta.c | U | 271 | 275 | 5 | 175271 | 79 | 207 | 75
577 | Revision_577/beta.c | U | 165 | 169 | 5 | 175272 | 79 | 206 | 75
577 | Revision_577/sql.c | U | 784 | 794 | 8 | 175273 | 80 | 493 | 71
577 | Revision_577/sql.c | U | 1423 | 1432 | 8 | 175274 | 80 | 486 | 71
577 | Revision_577/sql.c | U | 1287 | 1323 | 24 | 175275 | 81 | 487 | 78
577 | Revision_577/sql.c | U | 1692 | 1735 | 24 | 175276 | 81 | 488 | 78
577 | Revision_577/sql.c | U | 1656 | 1681 | 17 | 175277 | 82 | 489 | 84
577 | Revision_577/sql.c | U | 1705 | 1729 | 17 | 175278 | 82 | 490 | 84
577 | Revision_577/parse.c | U | 96 | 106 | 11 | 175279 | 83 | 208 | 88
577 | Revision_577/parse.c | U | 109 | 120 | 11 | 175280 | 83 | 209 | 88
577 | Revision_577/parse.c | U | 297 | 301 | 5 | 175281 | 84 | 356 | 75
577 | Revision_577/parse.c | U | 573 | 577 | 5 | 175282 | 84 | 357 | 75
577 | Revision_577/parse.c | U | 554 | 558 | 5 | 175283 | 84 | 358 | 75
577 | Revision_577/readtags.c | U | 542 | 548 | 6 | 175284 | 85 | 239 | 100
577 | Revision_577/readtags.c | U | 550 | 556 | 6 | 175285 | 85 | 240 | 100
577 | Revision_577/readtags.c | U | 585 | 589 | 6 | 175286 | 86 | 123 | 75
577 | Revision_577/readtags.c | U | 640 | 646 | 6 | 175287 | 86 | 124 | 75
577 | Revision_577/readtags.c | U | 717 | 725 | 8 | 175288 | 87 | 210 | 83
577 | Revision_577/readtags.c | U | 772 | 780 | 8 | 175289 | 87 | 211 | 83
577 | Revision_577/readtags.c | U | 728 | 736 | 8 | 175290 | 87 | 212 | 83
577 | Revision_577/readtags.c | U | 739 | 744 | 6 | 175291 | 88 | 241 | 80
577 | Revision_577/readtags.c | U | 756 | 761 | 6 | 175292 | 88 | 242 | 80
577 | Revision_577/readtags.c | U | 764 | 769 | 6 | 175293 | 88 | 287 | 80
577 | Revision_577/fortran.c | U | 1271 | 1292 | 23 | 175294 | 89 | 369 | 72
577 | Revision_577/fortran.c | U | 1791 | 1814 | 23 | 175295 | 89 | 366 | 72
577 | Revision_577/fortran.c | U | 1451 | 1459 | 10 | 175296 | 90 | 314 | 77
577 | Revision_577/fortran.c | U | 1490 | 1499 | 10 | 175297 | 90 | 59 | 77
577 | Revision_577/fortran.c | U | 1731 | 1746 | 20 | 175298 | 91 | 21 | 84
577 | Revision_577/fortran.c | U | 1948 | 1964 | 20 | 175299 | 91 | 374 | 84
577 | Revision_577/fortran.c | U | 1912 | 1931 | 17 | 175300 | 92 | 220 | 75
577 | Revision_577/fortran.c | U | 1983 | 2000 | 17 | 175301 | 92 | 221 | 75
577 | Revision_577/fortran.c | U | 2060 | 2081 | 17 | 175302 | 92 | 372 | 75
577 | Revision_577/asm.c | U | 243 | 256 | 11 | 175303 | 93 | 289 | 77
577 | Revision_577/asm.c | U | 261 | 271 | 11 | 175304 | 93 | 279 | 77
577 | Revision_577/scheme.c | U | 70 | 78 | 8 | 175305 | 94 | 222 | 71
577 | Revision_577/scheme.c | U | 85 | 93 | 8 | 175306 | 94 | 223 | 71
577 | Revision_577/options.c | U | 369 | 375 | 6 | 175307 | 95 | 224 | 100
577 | Revision_577/options.c | U | 378 | 384 | 6 | 175308 | 95 | 225 | 100
577 | Revision_577/options.c | U | 543 | 549 | 7 | 175309 | 96 | 226 | 100
577 | Revision_577/options.c | U | 552 | 558 | 7 | 175310 | 96 | 227 | 100
577 | Revision_577/options.c | U | 570 | 576 | 7 | 175311 | 96 | 228 | 100
577 | Revision_577/options.c | U | 561 | 567 | 7 | 175312 | 96 | 229 | 100
577 | Revision_577/options.c | U | 982 | 986 | 5 | 175313 | 97 | 230 | 75
577 | Revision_577/options.c | U | 1008 | 1012 | 5 | 175314 | 97 | 231 | 75
577 | Revision_577/options.c | U | 1102 | 1106 | 5 | 175315 | 98 | 232 | 100
577 | Revision_577/options.c | U | 1108 | 1112 | 5 | 175316 | 98 | 233 | 100
577 | Revision_577/options.c | U | 1154 | 1166 | 12 | 175317 | 99 | 360 | 100
577 | Revision_577/options.c | U | 1171 | 1183 | 12 | 175318 | 99 | 235 | 100
577 | Revision_577/options.c | U | 1425 | 1442 | 15 | 175319 | 100 | 236 | 91
577 | Revision_577/options.c | U | 1463 | 1480 | 15 | 175320 | 100 | 237 | 91
