Revision | filePath | changeType | StartLine | EndLine | Nlines | cloneId | classId | globalCloneId | Similarity
581 | Revision_581/lisp.c | U | 91 | 97 | 7 | 176592 | 1 | 1 | 83
581 | Revision_581/lisp.c | U | 112 | 118 | 7 | 176593 | 1 | 2 | 83
581 | Revision_581/lisp.c | U | 127 | 137 | 9 | 176594 | 2 | 3 | 70
581 | Revision_581/awk.c | U | 71 | 79 | 9 | 176595 | 2 | 10 | 70
581 | Revision_581/sh.c | U | 103 | 113 | 9 | 176596 | 2 | 17 | 70
581 | Revision_581/pascal.c | U | 257 | 265 | 9 | 176597 | 2 | 14 | 70
581 | Revision_581/sml.c | U | 202 | 210 | 9 | 176598 | 2 | 321 | 70
581 | Revision_581/vim.c | U | 626 | 634 | 9 | 176599 | 2 | 20 | 70
581 | Revision_581/beta.c | U | 311 | 319 | 9 | 176600 | 2 | 5 | 70
581 | Revision_581/perl.c | U | 341 | 349 | 9 | 176601 | 2 | 7 | 70
581 | Revision_581/basic.c | U | 193 | 201 | 9 | 176602 | 2 | 408 | 70
581 | Revision_581/scheme.c | U | 99 | 109 | 9 | 176603 | 2 | 16 | 70
581 | Revision_581/lua.c | U | 123 | 131 | 9 | 176604 | 2 | 243 | 70
581 | Revision_581/tcl.c | U | 106 | 114 | 9 | 176605 | 2 | 18 | 70
581 | Revision_581/c.c | U | 2841 | 2850 | 9 | 176606 | 2 | 12 | 70
581 | Revision_581/erlang.c | U | 179 | 187 | 9 | 176607 | 2 | 340 | 70
581 | Revision_581/cobol.c | U | 40 | 48 | 9 | 176608 | 2 | 320 | 70
581 | Revision_581/php.c | U | 89 | 96 | 9 | 176609 | 2 | 501 | 70
581 | Revision_581/c.c | U | 2853 | 2868 | 9 | 176610 | 2 | 8 | 70
581 | Revision_581/c.c | U | 2871 | 2880 | 9 | 176611 | 2 | 15 | 70
581 | Revision_581/c.c | U | 2883 | 2892 | 9 | 176612 | 2 | 315 | 70
581 | Revision_581/eiffel.c | U | 1247 | 1256 | 9 | 176613 | 2 | 9 | 70
581 | Revision_581/c.c | U | 2895 | 2904 | 9 | 176614 | 2 | 330 | 70
581 | Revision_581/python.c | U | 447 | 455 | 9 | 176615 | 2 | 13 | 70
581 | Revision_581/sql.c | U | 1834 | 1843 | 9 | 176616 | 2 | 296 | 70
581 | Revision_581/asp.c | U | 201 | 209 | 9 | 176617 | 2 | 4 | 70
581 | Revision_581/ruby.c | U | 398 | 406 | 9 | 176618 | 2 | 19 | 70
581 | Revision_581/fortran.c | U | 2200 | 2215 | 9 | 176619 | 2 | 21 | 70
581 | Revision_581/verilog.c | U | 329 | 338 | 9 | 176620 | 2 | 283 | 70
581 | Revision_581/rexx.c | U | 30 | 37 | 9 | 176621 | 2 | 26 | 70
581 | Revision_581/html.c | U | 40 | 47 | 9 | 176622 | 2 | 365 | 70
581 | Revision_581/make.c | U | 199 | 209 | 9 | 176623 | 2 | 25 | 70
581 | Revision_581/slang.c | U | 34 | 41 | 9 | 176624 | 2 | 24 | 70
581 | Revision_581/yacc.c | U | 31 | 38 | 9 | 176625 | 2 | 23 | 70
581 | Revision_581/jscript.c | U | 1237 | 1250 | 9 | 176626 | 2 | 413 | 70
581 | Revision_581/asm.c | U | 366 | 385 | 9 | 176627 | 2 | 274 | 70
581 | Revision_581/keyword.c | U | 107 | 116 | 9 | 176628 | 2 | 27 | 70
581 | Revision_581/options.c | U | 626 | 632 | 9 | 176629 | 2 | 29 | 70
581 | Revision_581/c.c | U | 2192 | 2197 | 9 | 176630 | 2 | 28 | 70
581 | Revision_581/options.c | U | 533 | 538 | 9 | 176631 | 2 | 30 | 70
581 | Revision_581/fortran.c | U | 413 | 425 | 9 | 176632 | 2 | 158 | 70
581 | Revision_581/sql.c | U | 358 | 367 | 9 | 176633 | 2 | 309 | 70
581 | Revision_581/c.c | U | 2221 | 2229 | 9 | 176634 | 2 | 31 | 70
581 | Revision_581/eiffel.c | U | 1201 | 1213 | 9 | 176635 | 2 | 157 | 70
581 | Revision_581/jscript.c | U | 187 | 197 | 9 | 176636 | 2 | 414 | 70
581 | Revision_581/c.c | U | 482 | 488 | 9 | 176637 | 2 | 53 | 70
581 | Revision_581/asp.c | U | 71 | 90 | 15 | 176638 | 3 | 33 | 100
581 | Revision_581/asp.c | U | 94 | 113 | 15 | 176639 | 3 | 34 | 100
581 | Revision_581/asp.c | U | 117 | 133 | 14 | 176640 | 4 | 35 | 100
581 | Revision_581/asp.c | U | 156 | 171 | 14 | 176641 | 4 | 36 | 100
581 | Revision_581/asp.c | U | 137 | 152 | 14 | 176642 | 4 | 36 | 100
581 | Revision_581/asp.c | U | 175 | 190 | 14 | 176643 | 4 | 36 | 100
581 | Revision_581/args.c | U | 85 | 92 | 8 | 176644 | 5 | 43 | 100
581 | Revision_581/args.c | U | 160 | 167 | 8 | 176645 | 5 | 44 | 100
581 | Revision_581/args.c | U | 182 | 190 | 9 | 176646 | 6 | 45 | 75
581 | Revision_581/args.c | U | 203 | 211 | 9 | 176647 | 6 | 46 | 75
581 | Revision_581/args.c | U | 193 | 200 | 9 | 176648 | 6 | 47 | 75
581 | Revision_581/args.c | U | 266 | 272 | 6 | 176649 | 7 | 48 | 80
581 | Revision_581/options.c | U | 579 | 584 | 6 | 176650 | 7 | 49 | 80
581 | Revision_581/fortran.c | U | 903 | 908 | 6 | 176651 | 7 | 50 | 80
581 | Revision_581/c.c | U | 534 | 540 | 6 | 176652 | 8 | 51 | 75
581 | Revision_581/vstring.c | U | 67 | 74 | 6 | 176653 | 8 | 52 | 75
581 | Revision_581/jscript.c | U | 200 | 204 | 6 | 176654 | 8 | 415 | 75
581 | Revision_581/sql.c | U | 370 | 374 | 6 | 176655 | 8 | 416 | 75
581 | Revision_581/fortran.c | U | 439 | 444 | 6 | 176656 | 8 | 363 | 75
581 | Revision_581/eiffel.c | U | 1216 | 1222 | 6 | 176657 | 8 | 362 | 75
581 | Revision_581/vstring.c | U | 69 | 73 | 6 | 176658 | 8 | 52 | 75
581 | Revision_581/c.c | U | 543 | 550 | 6 | 176659 | 9 | 53 | 80
581 | Revision_581/c.c | U | 553 | 560 | 6 | 176660 | 9 | 54 | 80
581 | Revision_581/c.c | U | 662 | 678 | 18 | 176661 | 10 | 55 | 70
581 | Revision_581/fortran.c | U | 1871 | 1887 | 18 | 176662 | 10 | 59 | 70
581 | Revision_581/c.c | U | 1165 | 1183 | 18 | 176663 | 10 | 60 | 70
581 | Revision_581/fortran.c | U | 1135 | 1150 | 18 | 176664 | 10 | 375 | 70
581 | Revision_581/c.c | U | 1242 | 1256 | 18 | 176665 | 10 | 56 | 70
581 | Revision_581/c.c | U | 681 | 696 | 18 | 176666 | 10 | 57 | 70
581 | Revision_581/fortran.c | U | 1112 | 1132 | 18 | 176667 | 10 | 58 | 70
581 | Revision_581/jscript.c | U | 1156 | 1175 | 18 | 176668 | 10 | 463 | 70
581 | Revision_581/Test/local.c | U | 9 | 22 | 18 | 176669 | 10 | 384 | 70
581 | Revision_581/fortran.c | U | 1115 | 1130 | 18 | 176670 | 10 | 58 | 70
581 | Revision_581/c.c | U | 1168 | 1181 | 18 | 176671 | 10 | 63 | 70
581 | Revision_581/fortran.c | U | 1788 | 1816 | 18 | 176672 | 10 | 366 | 70
581 | Revision_581/eiffel.c | U | 906 | 946 | 18 | 176673 | 10 | 248 | 70
581 | Revision_581/eiffel.c | U | 1191 | 1196 | 18 | 176674 | 10 | 362 | 70
581 | Revision_581/eiffel.c | U | 1112 | 1136 | 18 | 176675 | 10 | 307 | 70
581 | Revision_581/sql.c | U | 885 | 903 | 18 | 176676 | 10 | 308 | 70
581 | Revision_581/fortran.c | U | 1874 | 1885 | 18 | 176677 | 10 | 65 | 70
581 | Revision_581/fortran.c | U | 1588 | 1625 | 18 | 176678 | 10 | 367 | 70
581 | Revision_581/sql.c | U | 881 | 905 | 18 | 176679 | 10 | 308 | 70
581 | Revision_581/eiffel.c | U | 1185 | 1197 | 18 | 176680 | 10 | 157 | 70
581 | Revision_581/c.c | U | 684 | 694 | 13 | 176681 | 11 | 57 | 75
581 | Revision_581/c.c | U | 1244 | 1255 | 13 | 176682 | 11 | 64 | 75
581 | Revision_581/c.c | U | 714 | 736 | 21 | 176683 | 12 | 72 | 70
581 | Revision_581/fortran.c | U | 1302 | 1312 | 21 | 176684 | 12 | 337 | 70
581 | Revision_581/c.c | U | 746 | 752 | 8 | 176685 | 13 | 74 | 71
581 | Revision_581/options.c | U | 472 | 479 | 8 | 176686 | 13 | 75 | 71
581 | Revision_581/c.c | U | 787 | 791 | 8 | 176687 | 14 | 76 | 71
581 | Revision_581/sql.c | U | 913 | 919 | 8 | 176688 | 14 | 419 | 71
581 | Revision_581/fortran.c | U | 1916 | 1920 | 8 | 176689 | 14 | 79 | 71
581 | Revision_581/sql.c | U | 997 | 1004 | 8 | 176690 | 14 | 418 | 71
581 | Revision_581/jscript.c | U | 1092 | 1096 | 8 | 176691 | 14 | 417 | 71
581 | Revision_581/c.c | U | 2116 | 2120 | 8 | 176692 | 14 | 80 | 71
581 | Revision_581/eiffel.c | U | 673 | 677 | 8 | 176693 | 14 | 249 | 71
581 | Revision_581/sql.c | U | 1230 | 1235 | 8 | 176694 | 14 | 422 | 71
581 | Revision_581/eiffel.c | U | 850 | 855 | 8 | 176695 | 14 | 151 | 71
581 | Revision_581/fortran.c | U | 1343 | 1347 | 8 | 176696 | 14 | 85 | 71
581 | Revision_581/eiffel.c | U | 875 | 879 | 8 | 176697 | 14 | 269 | 71
581 | Revision_581/jscript.c | U | 1101 | 1114 | 8 | 176698 | 14 | 464 | 71
581 | Revision_581/eiffel.c | U | 1013 | 1017 | 8 | 176699 | 14 | 269 | 71
581 | Revision_581/eiffel.c | U | 962 | 966 | 8 | 176700 | 14 | 269 | 71
581 | Revision_581/jscript.c | U | 1076 | 1097 | 8 | 176701 | 14 | 494 | 71
581 | Revision_581/sql.c | U | 1489 | 1495 | 8 | 176702 | 14 | 420 | 71
581 | Revision_581/sql.c | U | 1460 | 1466 | 8 | 176703 | 14 | 421 | 71
581 | Revision_581/readtags.c | U | 144 | 148 | 8 | 176704 | 14 | 87 | 71
581 | Revision_581/eiffel.c | U | 660 | 664 | 8 | 176705 | 14 | 250 | 71
581 | Revision_581/sql.c | U | 530 | 534 | 8 | 176706 | 14 | 300 | 71
581 | Revision_581/ruby.c | U | 214 | 218 | 8 | 176707 | 14 | 392 | 71
581 | Revision_581/jscript.c | U | 624 | 635 | 8 | 176708 | 14 | 426 | 71
581 | Revision_581/sql.c | U | 844 | 864 | 8 | 176709 | 14 | 423 | 71
581 | Revision_581/fortran.c | U | 1211 | 1215 | 8 | 176710 | 14 | 85 | 71
581 | Revision_581/sql.c | U | 755 | 766 | 8 | 176711 | 14 | 424 | 71
581 | Revision_581/sql.c | U | 1222 | 1228 | 8 | 176712 | 14 | 492 | 71
581 | Revision_581/eiffel.c | U | 1032 | 1036 | 8 | 176713 | 14 | 151 | 71
581 | Revision_581/c.c | U | 2759 | 2764 | 8 | 176714 | 14 | 94 | 71
581 | Revision_581/fortran.c | U | 1552 | 1557 | 8 | 176715 | 14 | 79 | 71
581 | Revision_581/fortran.c | U | 1340 | 1348 | 8 | 176716 | 14 | 84 | 71
581 | Revision_581/options.c | U | 1042 | 1046 | 8 | 176717 | 14 | 89 | 71
581 | Revision_581/keyword.c | U | 185 | 189 | 8 | 176718 | 14 | 91 | 71
581 | Revision_581/readtags.c | U | 455 | 459 | 8 | 176719 | 14 | 90 | 71
581 | Revision_581/c.c | U | 2182 | 2189 | 8 | 176720 | 14 | 244 | 71
581 | Revision_581/fortran.c | U | 1724 | 1728 | 8 | 176721 | 14 | 373 | 71
581 | Revision_581/c.c | U | 1778 | 1782 | 8 | 176722 | 14 | 121 | 71
581 | Revision_581/vstring.c | U | 35 | 40 | 8 | 176723 | 14 | 98 | 71
581 | Revision_581/c.c | U | 1787 | 1791 | 8 | 176724 | 14 | 331 | 71
581 | Revision_581/c.c | U | 2163 | 2167 | 8 | 176725 | 14 | 125 | 71
581 | Revision_581/strlist.c | U | 150 | 154 | 8 | 176726 | 14 | 126 | 71
581 | Revision_581/jscript.c | U | 709 | 716 | 8 | 176727 | 14 | 427 | 71
581 | Revision_581/eiffel.c | U | 1068 | 1077 | 8 | 176728 | 14 | 101 | 71
581 | Revision_581/fortran.c | U | 1545 | 1550 | 8 | 176729 | 14 | 79 | 71
581 | Revision_581/options.c | U | 674 | 678 | 8 | 176730 | 14 | 127 | 71
581 | Revision_581/fortran.c | U | 1006 | 1010 | 8 | 176731 | 14 | 128 | 71
581 | Revision_581/routines.c | U | 453 | 459 | 8 | 176732 | 14 | 266 | 71
581 | Revision_581/jscript.c | U | 499 | 509 | 8 | 176733 | 14 | 428 | 71
581 | Revision_581/sql.c | U | 1356 | 1363 | 8 | 176734 | 14 | 430 | 71
581 | Revision_581/jscript.c | U | 1033 | 1051 | 8 | 176735 | 14 | 429 | 71
581 | Revision_581/options.c | U | 1221 | 1225 | 8 | 176736 | 14 | 129 | 71
581 | Revision_581/sql.c | U | 1738 | 1766 | 8 | 176737 | 14 | 431 | 71
581 | Revision_581/fortran.c | U | 1418 | 1426 | 8 | 176738 | 14 | 59 | 71
581 | Revision_581/jscript.c | U | 575 | 601 | 8 | 176739 | 14 | 432 | 71
581 | Revision_581/fortran.c | U | 1713 | 1722 | 8 | 176740 | 14 | 221 | 71
581 | Revision_581/jscript.c | U | 513 | 548 | 8 | 176741 | 14 | 433 | 71
581 | Revision_581/jscript.c | U | 707 | 717 | 8 | 176742 | 14 | 427 | 71
581 | Revision_581/sql.c | U | 988 | 1005 | 8 | 176743 | 14 | 435 | 71
581 | Revision_581/sql.c | U | 1021 | 1044 | 8 | 176744 | 14 | 437 | 71
581 | Revision_581/sql.c | U | 1183 | 1196 | 8 | 176745 | 14 | 436 | 71
581 | Revision_581/jscript.c | U | 640 | 689 | 8 | 176746 | 14 | 491 | 71
581 | Revision_581/jscript.c | U | 854 | 873 | 8 | 176747 | 14 | 438 | 71
581 | Revision_581/fortran.c | U | 1537 | 1543 | 8 | 176748 | 14 | 65 | 71
581 | Revision_581/fortran.c | U | 1084 | 1090 | 8 | 176749 | 14 | 350 | 71
581 | Revision_581/fortran.c | U | 1758 | 1764 | 8 | 176750 | 14 | 314 | 71
581 | Revision_581/sql.c | U | 1472 | 1498 | 8 | 176751 | 14 | 439 | 71
581 | Revision_581/sql.c | U | 1441 | 1469 | 8 | 176752 | 14 | 441 | 71
581 | Revision_581/sql.c | U | 1501 | 1522 | 8 | 176753 | 14 | 440 | 71
581 | Revision_581/sql.c | U | 1540 | 1561 | 8 | 176754 | 14 | 442 | 71
581 | Revision_581/sql.c | U | 1564 | 1585 | 8 | 176755 | 14 | 443 | 71
581 | Revision_581/sql.c | U | 1588 | 1628 | 8 | 176756 | 14 | 445 | 71
581 | Revision_581/jscript.c | U | 846 | 875 | 8 | 176757 | 14 | 438 | 71
581 | Revision_581/jscript.c | U | 851 | 874 | 8 | 176758 | 14 | 438 | 71
581 | Revision_581/sql.c | U | 1200 | 1238 | 8 | 176759 | 14 | 447 | 71
581 | Revision_581/sql.c | U | 1326 | 1365 | 8 | 176760 | 14 | 448 | 71
581 | Revision_581/jscript.c | U | 603 | 636 | 8 | 176761 | 14 | 446 | 71
581 | Revision_581/sql.c | U | 1241 | 1284 | 8 | 176762 | 14 | 449 | 71
581 | Revision_581/jscript.c | U | 843 | 876 | 8 | 176763 | 14 | 438 | 71
581 | Revision_581/c.c | U | 797 | 818 | 43 | 176764 | 15 | 103 | 80
581 | Revision_581/c.c | U | 929 | 948 | 43 | 176765 | 15 | 103 | 80
581 | Revision_581/c.c | U | 821 | 841 | 43 | 176766 | 15 | 332 | 80
581 | Revision_581/c.c | U | 862 | 882 | 43 | 176767 | 15 | 316 | 80
581 | Revision_581/c.c | U | 844 | 860 | 43 | 176768 | 15 | 316 | 80
581 | Revision_581/c.c | U | 885 | 896 | 12 | 176769 | 16 | 317 | 90
581 | Revision_581/c.c | U | 899 | 910 | 12 | 176770 | 16 | 318 | 90
581 | Revision_581/c.c | U | 1050 | 1055 | 6 | 176771 | 17 | 407 | 80
581 | Revision_581/jscript.c | U | 1013 | 1018 | 6 | 176772 | 17 | 417 | 80
581 | Revision_581/c.c | U | 1305 | 1311 | 7 | 176773 | 18 | 385 | 71
581 | Revision_581/make.c | U | 63 | 69 | 7 | 176774 | 18 | 394 | 71
581 | Revision_581/fortran.c | U | 501 | 509 | 7 | 176775 | 18 | 112 | 71
581 | Revision_581/make.c | U | 53 | 60 | 7 | 176776 | 18 | 395 | 71
581 | Revision_581/c.c | U | 1378 | 1385 | 7 | 176777 | 19 | 108 | 80
581 | Revision_581/c.c | U | 1387 | 1394 | 7 | 176778 | 19 | 109 | 80
581 | Revision_581/c.c | U | 1408 | 1415 | 7 | 176779 | 20 | 110 | 71
581 | Revision_581/c.c | U | 1418 | 1425 | 7 | 176780 | 20 | 111 | 71
581 | Revision_581/c.c | U | 2154 | 2161 | 7 | 176781 | 20 | 405 | 71
581 | Revision_581/fortran.c | U | 625 | 631 | 7 | 176782 | 20 | 112 | 71
581 | Revision_581/jscript.c | U | 382 | 389 | 7 | 176783 | 20 | 450 | 71
581 | Revision_581/sql.c | U | 571 | 578 | 7 | 176784 | 20 | 406 | 71
581 | Revision_581/c.c | U | 1456 | 1461 | 6 | 176785 | 21 | 386 | 80
581 | Revision_581/c.c | U | 1798 | 1803 | 6 | 176786 | 21 | 80 | 80
581 | Revision_581/c.c | U | 1482 | 1491 | 9 | 176787 | 22 | 294 | 71
581 | Revision_581/eiffel.c | U | 555 | 563 | 9 | 176788 | 22 | 295 | 71
581 | Revision_581/c.c | U | 1485 | 1489 | 5 | 176789 | 23 | 294 | 75
581 | Revision_581/readtags.c | U | 503 | 507 | 5 | 176790 | 23 | 90 | 75
581 | Revision_581/readtags.c | U | 680 | 684 | 5 | 176791 | 23 | 99 | 75
581 | Revision_581/c.c | U | 1499 | 1512 | 10 | 176792 | 24 | 396 | 75
581 | Revision_581/make.c | U | 77 | 87 | 10 | 176793 | 24 | 397 | 75
581 | Revision_581/fortran.c | U | 853 | 864 | 10 | 176794 | 24 | 116 | 75
581 | Revision_581/verilog.c | U | 199 | 212 | 10 | 176795 | 24 | 398 | 75
581 | Revision_581/sql.c | U | 455 | 466 | 10 | 176796 | 24 | 306 | 75
581 | Revision_581/eiffel.c | U | 573 | 585 | 10 | 176797 | 24 | 114 | 75
581 | Revision_581/eiffel.c | U | 588 | 600 | 10 | 176798 | 24 | 117 | 75
581 | Revision_581/jscript.c | U | 304 | 315 | 10 | 176799 | 24 | 451 | 75
581 | Revision_581/c.c | U | 1616 | 1622 | 8 | 176800 | 25 | 452 | 75
581 | Revision_581/jscript.c | U | 420 | 428 | 8 | 176801 | 25 | 453 | 75
581 | Revision_581/c.c | U | 1988 | 1992 | 5 | 176802 | 26 | 121 | 75
581 | Revision_581/get.c | U | 594 | 598 | 5 | 176803 | 26 | 122 | 75
581 | Revision_581/fortran.c | U | 728 | 732 | 5 | 176804 | 26 | 144 | 75
581 | Revision_581/fortran.c | U | 619 | 623 | 5 | 176805 | 26 | 112 | 75
581 | Revision_581/vim.c | U | 400 | 408 | 5 | 176806 | 26 | 500 | 75
581 | Revision_581/python.c | U | 380 | 387 | 5 | 176807 | 26 | 503 | 75
581 | Revision_581/perl.c | U | 185 | 189 | 5 | 176808 | 26 | 163 | 75
581 | Revision_581/pascal.c | U | 134 | 138 | 5 | 176809 | 26 | 164 | 75
581 | Revision_581/c.c | U | 2142 | 2149 | 9 | 176810 | 27 | 28 | 71
581 | Revision_581/eiffel.c | U | 1065 | 1078 | 9 | 176811 | 27 | 156 | 71
581 | Revision_581/c.c | U | 2465 | 2472 | 5 | 176812 | 28 | 94 | 75
581 | Revision_581/sql.c | U | 1414 | 1418 | 5 | 176813 | 28 | 454 | 75
581 | Revision_581/sql.c | U | 1673 | 1677 | 5 | 176814 | 28 | 455 | 75
581 | Revision_581/jscript.c | U | 780 | 789 | 5 | 176815 | 28 | 456 | 75
581 | Revision_581/jscript.c | U | 791 | 796 | 5 | 176816 | 28 | 457 | 75
581 | Revision_581/c.c | U | 2478 | 2482 | 5 | 176817 | 29 | 387 | 100
581 | Revision_581/c.c | U | 2485 | 2489 | 5 | 176818 | 29 | 94 | 100
581 | Revision_581/c.c | U | 2708 | 2713 | 6 | 176819 | 30 | 94 | 80
581 | Revision_581/sql.c | U | 1008 | 1013 | 6 | 176820 | 30 | 301 | 80
581 | Revision_581/c.c | U | 2799 | 2808 | 9 | 176821 | 31 | 130 | 71
581 | Revision_581/verilog.c | U | 108 | 118 | 9 | 176822 | 31 | 381 | 71
581 | Revision_581/eiffel.c | U | 214 | 223 | 9 | 176823 | 31 | 131 | 71
581 | Revision_581/sql.c | U | 346 | 355 | 9 | 176824 | 31 | 302 | 71
581 | Revision_581/jscript.c | U | 175 | 184 | 9 | 176825 | 31 | 458 | 71
581 | Revision_581/asm.c | U | 120 | 128 | 9 | 176826 | 31 | 288 | 71
581 | Revision_581/fortran.c | U | 397 | 406 | 9 | 176827 | 31 | 132 | 71
581 | Revision_581/eiffel.c | U | 286 | 300 | 10 | 176828 | 32 | 133 | 71
581 | Revision_581/jscript.c | U | 211 | 225 | 10 | 176829 | 32 | 459 | 71
581 | Revision_581/sql.c | U | 381 | 395 | 10 | 176830 | 32 | 303 | 71
581 | Revision_581/beta.c | U | 71 | 80 | 10 | 176831 | 32 | 134 | 71
581 | Revision_581/sml.c | U | 75 | 81 | 10 | 176832 | 32 | 324 | 71
581 | Revision_581/parse.c | U | 43 | 54 | 10 | 176833 | 32 | 135 | 71
581 | Revision_581/eiffel.c | U | 288 | 298 | 10 | 176834 | 32 | 136 | 71
581 | Revision_581/eiffel.c | U | 366 | 375 | 8 | 176835 | 33 | 304 | 100
581 | Revision_581/jscript.c | U | 274 | 281 | 8 | 176836 | 33 | 460 | 100
581 | Revision_581/sql.c | U | 426 | 433 | 8 | 176837 | 33 | 305 | 100
581 | Revision_581/eiffel.c | U | 381 | 402 | 20 | 176838 | 34 | 139 | 70
581 | Revision_581/fortran.c | U | 767 | 793 | 20 | 176839 | 34 | 140 | 70
581 | Revision_581/eiffel.c | U | 405 | 433 | 24 | 176840 | 35 | 141 | 95
581 | Revision_581/fortran.c | U | 796 | 824 | 24 | 176841 | 35 | 505 | 95
581 | Revision_581/eiffel.c | U | 413 | 419 | 6 | 176842 | 36 | 119 | 80
581 | Revision_581/eiffel.c | U | 421 | 426 | 6 | 176843 | 36 | 119 | 80
581 | Revision_581/options.c | U | 352 | 357 | 6 | 176844 | 36 | 224 | 80
581 | Revision_581/jscript.c | U | 862 | 872 | 6 | 176845 | 36 | 479 | 80
581 | Revision_581/fortran.c | U | 812 | 817 | 6 | 176846 | 36 | 116 | 80
581 | Revision_581/fortran.c | U | 804 | 810 | 6 | 176847 | 36 | 50 | 80
581 | Revision_581/eiffel.c | U | 546 | 550 | 5 | 176848 | 37 | 143 | 75
581 | Revision_581/verilog.c | U | 238 | 242 | 5 | 176849 | 37 | 382 | 75
581 | Revision_581/fortran.c | U | 985 | 989 | 5 | 176850 | 37 | 145 | 75
581 | Revision_581/fortran.c | U | 785 | 789 | 5 | 176851 | 37 | 144 | 75
581 | Revision_581/verilog.c | U | 142 | 146 | 5 | 176852 | 37 | 383 | 75
581 | Revision_581/eiffel.c | U | 603 | 612 | 8 | 176853 | 38 | 146 | 100
581 | Revision_581/sql.c | U | 469 | 476 | 8 | 176854 | 38 | 305 | 100
581 | Revision_581/fortran.c | U | 871 | 880 | 8 | 176855 | 38 | 147 | 100
581 | Revision_581/jscript.c | U | 318 | 325 | 8 | 176856 | 38 | 471 | 100
581 | Revision_581/asm.c | U | 131 | 139 | 8 | 176857 | 38 | 270 | 100
581 | Revision_581/eiffel.c | U | 720 | 727 | 9 | 176858 | 39 | 148 | 77
581 | Revision_581/jscript.c | U | 405 | 414 | 9 | 176859 | 39 | 461 | 77
581 | Revision_581/eiffel.c | U | 729 | 734 | 6 | 176860 | 40 | 506 | 100
581 | Revision_581/fortran.c | U | 1043 | 1048 | 6 | 176861 | 40 | 312 | 100
581 | Revision_581/eiffel.c | U | 773 | 820 | 13 | 176862 | 41 | 349 | 72
581 | Revision_581/fortran.c | U | 1098 | 1109 | 13 | 176863 | 41 | 350 | 72
581 | Revision_581/eiffel.c | U | 838 | 856 | 12 | 176864 | 42 | 251 | 72
581 | Revision_581/eiffel.c | U | 860 | 881 | 12 | 176865 | 42 | 252 | 72
581 | Revision_581/fortran.c | U | 1380 | 1393 | 12 | 176866 | 42 | 336 | 72
581 | Revision_581/eiffel.c | U | 1007 | 1020 | 12 | 176867 | 42 | 253 | 72
581 | Revision_581/fortran.c | U | 1634 | 1642 | 12 | 176868 | 42 | 337 | 72
581 | Revision_581/jscript.c | U | 1057 | 1069 | 12 | 176869 | 42 | 495 | 72
581 | Revision_581/eiffel.c | U | 868 | 880 | 12 | 176870 | 42 | 156 | 72
581 | Revision_581/sql.c | U | 1309 | 1319 | 12 | 176871 | 42 | 462 | 72
581 | Revision_581/eiffel.c | U | 997 | 1005 | 7 | 176872 | 43 | 496 | 83
581 | Revision_581/jscript.c | U | 1061 | 1068 | 7 | 176873 | 43 | 495 | 83
581 | Revision_581/fortran.c | U | 1325 | 1331 | 7 | 176874 | 43 | 85 | 83
581 | Revision_581/fortran.c | U | 1384 | 1390 | 7 | 176875 | 43 | 84 | 83
581 | Revision_581/basic.c | U | 135 | 140 | 6 | 176876 | 44 | 411 | 80
581 | Revision_581/basic.c | U | 147 | 152 | 6 | 176877 | 44 | 412 | 80
581 | Revision_581/verilog.c | U | 187 | 193 | 8 | 176878 | 45 | 399 | 75
581 | Revision_581/make.c | U | 97 | 105 | 8 | 176879 | 45 | 400 | 75
581 | Revision_581/verilog.c | U | 286 | 290 | 5 | 176880 | 46 | 401 | 75
581 | Revision_581/make.c | U | 44 | 48 | 5 | 176881 | 46 | 402 | 75
581 | Revision_581/jscript.c | U | 228 | 249 | 15 | 176882 | 47 | 467 | 100
581 | Revision_581/sql.c | U | 398 | 419 | 15 | 176883 | 47 | 468 | 100
581 | Revision_581/jscript.c | U | 252 | 258 | 6 | 176884 | 48 | 415 | 100
581 | Revision_581/jscript.c | U | 261 | 267 | 6 | 176885 | 48 | 460 | 100
581 | Revision_581/jscript.c | U | 284 | 298 | 14 | 176886 | 49 | 469 | 100
581 | Revision_581/sql.c | U | 436 | 450 | 14 | 176887 | 49 | 470 | 100
581 | Revision_581/jscript.c | U | 328 | 417 | 107 | 176888 | 50 | 472 | 72
581 | Revision_581/sql.c | U | 479 | 612 | 107 | 176889 | 50 | 473 | 72
581 | Revision_581/jscript.c | U | 435 | 465 | 18 | 176890 | 51 | 465 | 100
581 | Revision_581/sql.c | U | 666 | 696 | 18 | 176891 | 51 | 466 | 100
581 | Revision_581/jscript.c | U | 468 | 475 | 7 | 176892 | 52 | 474 | 80
581 | Revision_581/jscript.c | U | 478 | 485 | 7 | 176893 | 52 | 475 | 80
581 | Revision_581/sql.c | U | 631 | 638 | 7 | 176894 | 52 | 476 | 80
581 | Revision_581/jscript.c | U | 723 | 729 | 8 | 176895 | 53 | 480 | 75
581 | Revision_581/jscript.c | U | 1020 | 1029 | 8 | 176896 | 53 | 481 | 75
581 | Revision_581/jscript.c | U | 921 | 930 | 6 | 176897 | 54 | 497 | 75
581 | Revision_581/options.c | U | 1683 | 1687 | 6 | 176898 | 54 | 333 | 75
581 | Revision_581/jscript.c | U | 1197 | 1200 | 8 | 176899 | 55 | 498 | 71
581 | Revision_581/Test/local.c | U | 14 | 20 | 8 | 176900 | 55 | 384 | 71
581 | Revision_581/jscript.c | U | 1210 | 1214 | 5 | 176901 | 56 | 484 | 75
581 | Revision_581/sql.c | U | 1816 | 1820 | 5 | 176902 | 56 | 404 | 75
581 | Revision_581/make.c | U | 185 | 189 | 5 | 176903 | 56 | 403 | 75
581 | Revision_581/vim.c | U | 97 | 101 | 5 | 176904 | 57 | 290 | 100
581 | Revision_581/vim.c | U | 103 | 107 | 5 | 176905 | 57 | 291 | 100
581 | Revision_581/vim.c | U | 244 | 267 | 17 | 176906 | 58 | 334 | 76
581 | Revision_581/vim.c | U | 294 | 312 | 17 | 176907 | 58 | 159 | 76
581 | Revision_581/python.c | U | 84 | 97 | 11 | 176908 | 59 | 37 | 77
581 | Revision_581/python.c | U | 127 | 138 | 11 | 176909 | 59 | 13 | 77
581 | Revision_581/python.c | U | 177 | 181 | 5 | 176910 | 60 | 278 | 75
581 | Revision_581/python.c | U | 198 | 202 | 5 | 176911 | 60 | 326 | 75
581 | Revision_581/erlang.c | U | 58 | 62 | 5 | 176912 | 60 | 341 | 75
581 | Revision_581/sml.c | U | 84 | 88 | 5 | 176913 | 60 | 325 | 75
581 | Revision_581/options.c | U | 963 | 968 | 5 | 176914 | 60 | 280 | 75
581 | Revision_581/python.c | U | 206 | 215 | 9 | 176915 | 61 | 292 | 75
581 | Revision_581/erlang.c | U | 66 | 75 | 9 | 176916 | 61 | 342 | 75
581 | Revision_581/tcl.c | U | 44 | 54 | 9 | 176917 | 61 | 293 | 75
581 | Revision_581/python.c | U | 417 | 421 | 5 | 176918 | 62 | 504 | 75
581 | Revision_581/pascal.c | U | 176 | 182 | 5 | 176919 | 62 | 170 | 75
581 | Revision_581/pascal.c | U | 150 | 154 | 5 | 176920 | 62 | 319 | 75
581 | Revision_581/pascal.c | U | 184 | 190 | 5 | 176921 | 62 | 171 | 75
581 | Revision_581/perl.c | U | 206 | 212 | 7 | 176922 | 63 | 389 | 83
581 | Revision_581/perl.c | U | 252 | 257 | 7 | 176923 | 63 | 502 | 83
581 | Revision_581/perl.c | U | 322 | 328 | 7 | 176924 | 64 | 389 | 71
581 | Revision_581/main.c | U | 260 | 267 | 7 | 176925 | 64 | 377 | 71
581 | Revision_581/erlang.c | U | 97 | 105 | 7 | 176926 | 64 | 344 | 71
581 | Revision_581/erlang.c | U | 116 | 121 | 7 | 176927 | 64 | 346 | 71
581 | Revision_581/erlang.c | U | 108 | 113 | 7 | 176928 | 64 | 344 | 71
581 | Revision_581/main.c | U | 179 | 185 | 7 | 176929 | 64 | 376 | 71
581 | Revision_581/sort.c | U | 118 | 123 | 5 | 176930 | 65 | 281 | 100
581 | Revision_581/sort.c | U | 126 | 131 | 5 | 176931 | 65 | 282 | 100
581 | Revision_581/strlist.c | U | 32 | 38 | 8 | 176932 | 66 | 165 | 71
581 | Revision_581/vstring.c | U | 77 | 87 | 8 | 176933 | 66 | 166 | 71
581 | Revision_581/strlist.c | U | 191 | 196 | 7 | 176934 | 67 | 168 | 83
581 | Revision_581/strlist.c | U | 200 | 206 | 7 | 176935 | 67 | 390 | 83
581 | Revision_581/get.c | U | 305 | 314 | 10 | 176936 | 68 | 174 | 70
581 | Revision_581/parse.c | U | 584 | 598 | 10 | 176937 | 68 | 175 | 70
581 | Revision_581/read.c | U | 220 | 231 | 10 | 176938 | 68 | 176 | 70
581 | Revision_581/get.c | U | 467 | 478 | 10 | 176939 | 69 | 177 | 87
581 | Revision_581/get.c | U | 484 | 495 | 10 | 176940 | 69 | 178 | 87
581 | Revision_581/get.c | U | 541 | 546 | 6 | 176941 | 70 | 180 | 80
581 | Revision_581/read.c | U | 421 | 425 | 6 | 176942 | 70 | 181 | 80
581 | Revision_581/main.c | U | 126 | 139 | 6 | 176943 | 71 | 354 | 80
581 | Revision_581/options.c | U | 397 | 402 | 6 | 176944 | 71 | 355 | 80
581 | Revision_581/routines.c | U | 237 | 244 | 6 | 176945 | 72 | 254 | 80
581 | Revision_581/routines.c | U | 247 | 254 | 6 | 176946 | 72 | 255 | 80
581 | Revision_581/routines.c | U | 288 | 295 | 8 | 176947 | 73 | 256 | 83
581 | Revision_581/routines.c | U | 298 | 305 | 8 | 176948 | 73 | 257 | 83
581 | Revision_581/readtags.c | U | 106 | 113 | 8 | 176949 | 73 | 123 | 83
581 | Revision_581/readtags.c | U | 116 | 123 | 8 | 176950 | 73 | 238 | 83
581 | Revision_581/routines.c | U | 322 | 326 | 5 | 176951 | 74 | 258 | 75
581 | Revision_581/vstring.c | U | 125 | 129 | 5 | 176952 | 74 | 188 | 75
581 | Revision_581/vstring.c | U | 118 | 122 | 5 | 176953 | 74 | 189 | 75
581 | Revision_581/routines.c | U | 329 | 335 | 6 | 176954 | 75 | 259 | 100
581 | Revision_581/routines.c | U | 338 | 344 | 6 | 176955 | 75 | 260 | 100
581 | Revision_581/routines.c | U | 349 | 356 | 8 | 176956 | 76 | 261 | 100
581 | Revision_581/routines.c | U | 361 | 368 | 8 | 176957 | 76 | 262 | 100
581 | Revision_581/sh.c | U | 89 | 94 | 6 | 176958 | 77 | 378 | 80
581 | Revision_581/asm.c | U | 347 | 352 | 6 | 176959 | 77 | 379 | 80
581 | Revision_581/beta.c | U | 134 | 141 | 6 | 176960 | 78 | 201 | 75
581 | Revision_581/beta.c | U | 204 | 212 | 6 | 176961 | 78 | 202 | 75
581 | Revision_581/beta.c | U | 152 | 156 | 5 | 176962 | 79 | 203 | 75
581 | Revision_581/beta.c | U | 165 | 169 | 5 | 176963 | 79 | 204 | 75
581 | Revision_581/beta.c | U | 271 | 275 | 5 | 176964 | 79 | 205 | 75
581 | Revision_581/beta.c | U | 277 | 281 | 5 | 176965 | 79 | 207 | 75
581 | Revision_581/beta.c | U | 158 | 162 | 5 | 176966 | 79 | 206 | 75
581 | Revision_581/sql.c | U | 784 | 794 | 8 | 176967 | 80 | 493 | 71
581 | Revision_581/sql.c | U | 1423 | 1432 | 8 | 176968 | 80 | 486 | 71
581 | Revision_581/sql.c | U | 1287 | 1323 | 24 | 176969 | 81 | 487 | 78
581 | Revision_581/sql.c | U | 1692 | 1735 | 24 | 176970 | 81 | 488 | 78
581 | Revision_581/sql.c | U | 1656 | 1681 | 17 | 176971 | 82 | 489 | 84
581 | Revision_581/sql.c | U | 1705 | 1729 | 17 | 176972 | 82 | 490 | 84
581 | Revision_581/parse.c | U | 96 | 106 | 11 | 176973 | 83 | 208 | 88
581 | Revision_581/parse.c | U | 109 | 120 | 11 | 176974 | 83 | 209 | 88
581 | Revision_581/parse.c | U | 297 | 301 | 5 | 176975 | 84 | 356 | 75
581 | Revision_581/parse.c | U | 573 | 577 | 5 | 176976 | 84 | 357 | 75
581 | Revision_581/parse.c | U | 554 | 558 | 5 | 176977 | 84 | 358 | 75
581 | Revision_581/readtags.c | U | 542 | 548 | 6 | 176978 | 85 | 239 | 100
581 | Revision_581/readtags.c | U | 550 | 556 | 6 | 176979 | 85 | 240 | 100
581 | Revision_581/readtags.c | U | 585 | 589 | 6 | 176980 | 86 | 123 | 75
581 | Revision_581/readtags.c | U | 640 | 646 | 6 | 176981 | 86 | 124 | 75
581 | Revision_581/readtags.c | U | 717 | 725 | 8 | 176982 | 87 | 210 | 83
581 | Revision_581/readtags.c | U | 772 | 780 | 8 | 176983 | 87 | 211 | 83
581 | Revision_581/readtags.c | U | 728 | 736 | 8 | 176984 | 87 | 212 | 83
581 | Revision_581/readtags.c | U | 739 | 744 | 6 | 176985 | 88 | 241 | 80
581 | Revision_581/readtags.c | U | 756 | 761 | 6 | 176986 | 88 | 242 | 80
581 | Revision_581/readtags.c | U | 764 | 769 | 6 | 176987 | 88 | 287 | 80
581 | Revision_581/fortran.c | U | 1271 | 1292 | 23 | 176988 | 89 | 369 | 72
581 | Revision_581/fortran.c | U | 1791 | 1814 | 23 | 176989 | 89 | 366 | 72
581 | Revision_581/fortran.c | U | 1451 | 1459 | 10 | 176990 | 90 | 314 | 77
581 | Revision_581/fortran.c | U | 1490 | 1499 | 10 | 176991 | 90 | 59 | 77
581 | Revision_581/fortran.c | U | 1731 | 1746 | 20 | 176992 | 91 | 21 | 84
581 | Revision_581/fortran.c | U | 1948 | 1964 | 20 | 176993 | 91 | 374 | 84
581 | Revision_581/fortran.c | U | 1912 | 1931 | 17 | 176994 | 92 | 220 | 75
581 | Revision_581/fortran.c | U | 1983 | 2000 | 17 | 176995 | 92 | 221 | 75
581 | Revision_581/fortran.c | U | 2060 | 2081 | 17 | 176996 | 92 | 372 | 75
581 | Revision_581/asm.c | U | 243 | 256 | 11 | 176997 | 93 | 289 | 77
581 | Revision_581/asm.c | U | 261 | 271 | 11 | 176998 | 93 | 279 | 77
581 | Revision_581/scheme.c | U | 70 | 78 | 8 | 176999 | 94 | 222 | 71
581 | Revision_581/scheme.c | U | 85 | 93 | 8 | 177000 | 94 | 223 | 71
581 | Revision_581/options.c | U | 369 | 375 | 6 | 177001 | 95 | 224 | 100
581 | Revision_581/options.c | U | 378 | 384 | 6 | 177002 | 95 | 225 | 100
581 | Revision_581/options.c | U | 543 | 549 | 7 | 177003 | 96 | 226 | 100
581 | Revision_581/options.c | U | 552 | 558 | 7 | 177004 | 96 | 227 | 100
581 | Revision_581/options.c | U | 570 | 576 | 7 | 177005 | 96 | 228 | 100
581 | Revision_581/options.c | U | 561 | 567 | 7 | 177006 | 96 | 229 | 100
581 | Revision_581/options.c | U | 982 | 986 | 5 | 177007 | 97 | 230 | 75
581 | Revision_581/options.c | U | 1008 | 1012 | 5 | 177008 | 97 | 231 | 75
581 | Revision_581/options.c | U | 1102 | 1106 | 5 | 177009 | 98 | 232 | 100
581 | Revision_581/options.c | U | 1108 | 1112 | 5 | 177010 | 98 | 233 | 100
581 | Revision_581/options.c | U | 1154 | 1166 | 12 | 177011 | 99 | 360 | 100
581 | Revision_581/options.c | U | 1171 | 1183 | 12 | 177012 | 99 | 235 | 100
581 | Revision_581/options.c | U | 1425 | 1442 | 15 | 177013 | 100 | 236 | 91
581 | Revision_581/options.c | U | 1463 | 1480 | 15 | 177014 | 100 | 237 | 91
