Revision | filePath | changeType | StartLine | EndLine | Nlines | cloneId | classId | globalCloneId | Similarity
589 | Revision_589/lisp.c | U | 91 | 97 | 7 | 179973 | 1 | 1 | 83
589 | Revision_589/lisp.c | U | 112 | 118 | 7 | 179974 | 1 | 2 | 83
589 | Revision_589/lisp.c | U | 127 | 137 | 9 | 179975 | 2 | 3 | 70
589 | Revision_589/c.c | U | 2841 | 2850 | 9 | 179976 | 2 | 12 | 70
589 | Revision_589/basic.c | U | 193 | 201 | 9 | 179977 | 2 | 408 | 70
589 | Revision_589/c.c | U | 2853 | 2868 | 9 | 179978 | 2 | 8 | 70
589 | Revision_589/ruby.c | U | 398 | 406 | 9 | 179979 | 2 | 19 | 70
589 | Revision_589/python.c | U | 447 | 455 | 9 | 179980 | 2 | 13 | 70
589 | Revision_589/vim.c | U | 626 | 634 | 9 | 179981 | 2 | 20 | 70
589 | Revision_589/sml.c | U | 202 | 210 | 9 | 179982 | 2 | 321 | 70
589 | Revision_589/pascal.c | U | 257 | 265 | 9 | 179983 | 2 | 14 | 70
589 | Revision_589/awk.c | U | 71 | 79 | 9 | 179984 | 2 | 10 | 70
589 | Revision_589/sh.c | U | 103 | 113 | 9 | 179985 | 2 | 17 | 70
589 | Revision_589/c.c | U | 2871 | 2880 | 9 | 179986 | 2 | 15 | 70
589 | Revision_589/scheme.c | U | 99 | 109 | 9 | 179987 | 2 | 16 | 70
589 | Revision_589/perl.c | U | 343 | 351 | 9 | 179988 | 2 | 7 | 70
589 | Revision_589/beta.c | U | 311 | 319 | 9 | 179989 | 2 | 5 | 70
589 | Revision_589/lua.c | U | 123 | 131 | 9 | 179990 | 2 | 243 | 70
589 | Revision_589/erlang.c | U | 179 | 187 | 9 | 179991 | 2 | 340 | 70
589 | Revision_589/tcl.c | U | 106 | 114 | 9 | 179992 | 2 | 18 | 70
589 | Revision_589/cobol.c | U | 40 | 48 | 9 | 179993 | 2 | 320 | 70
589 | Revision_589/php.c | U | 89 | 96 | 9 | 179994 | 2 | 501 | 70
589 | Revision_589/c.c | U | 2883 | 2892 | 9 | 179995 | 2 | 315 | 70
589 | Revision_589/asp.c | U | 201 | 209 | 9 | 179996 | 2 | 4 | 70
589 | Revision_589/c.c | U | 2895 | 2904 | 9 | 179997 | 2 | 330 | 70
589 | Revision_589/eiffel.c | U | 1247 | 1256 | 9 | 179998 | 2 | 9 | 70
589 | Revision_589/verilog.c | U | 329 | 338 | 9 | 179999 | 2 | 283 | 70
589 | Revision_589/sql.c | U | 1834 | 1843 | 9 | 180000 | 2 | 296 | 70
589 | Revision_589/fortran.c | U | 2200 | 2215 | 9 | 180001 | 2 | 21 | 70
589 | Revision_589/make.c | U | 199 | 209 | 9 | 180002 | 2 | 25 | 70
589 | Revision_589/asm.c | U | 366 | 385 | 9 | 180003 | 2 | 274 | 70
589 | Revision_589/jscript.c | U | 1447 | 1460 | 9 | 180004 | 2 | 413 | 70
589 | Revision_589/html.c | U | 40 | 47 | 9 | 180005 | 2 | 365 | 70
589 | Revision_589/yacc.c | U | 31 | 38 | 9 | 180006 | 2 | 23 | 70
589 | Revision_589/slang.c | U | 34 | 41 | 9 | 180007 | 2 | 24 | 70
589 | Revision_589/rexx.c | U | 30 | 37 | 9 | 180008 | 2 | 26 | 70
589 | Revision_589/keyword.c | U | 107 | 116 | 9 | 180009 | 2 | 27 | 70
589 | Revision_589/fortran.c | U | 413 | 425 | 9 | 180010 | 2 | 158 | 70
589 | Revision_589/options.c | U | 626 | 632 | 9 | 180011 | 2 | 29 | 70
589 | Revision_589/sql.c | U | 358 | 367 | 9 | 180012 | 2 | 309 | 70
589 | Revision_589/c.c | U | 2192 | 2197 | 9 | 180013 | 2 | 28 | 70
589 | Revision_589/options.c | U | 533 | 538 | 9 | 180014 | 2 | 30 | 70
589 | Revision_589/eiffel.c | U | 1201 | 1213 | 9 | 180015 | 2 | 157 | 70
589 | Revision_589/jscript.c | U | 200 | 211 | 9 | 180016 | 2 | 414 | 70
589 | Revision_589/c.c | U | 2221 | 2229 | 9 | 180017 | 2 | 31 | 70
589 | Revision_589/c.c | U | 482 | 488 | 9 | 180018 | 2 | 53 | 70
589 | Revision_589/asp.c | U | 71 | 90 | 15 | 180019 | 3 | 33 | 100
589 | Revision_589/asp.c | U | 94 | 113 | 15 | 180020 | 3 | 34 | 100
589 | Revision_589/asp.c | U | 117 | 133 | 14 | 180021 | 4 | 35 | 100
589 | Revision_589/asp.c | U | 156 | 171 | 14 | 180022 | 4 | 36 | 100
589 | Revision_589/asp.c | U | 137 | 152 | 14 | 180023 | 4 | 36 | 100
589 | Revision_589/asp.c | U | 175 | 190 | 14 | 180024 | 4 | 36 | 100
589 | Revision_589/args.c | U | 85 | 92 | 8 | 180025 | 5 | 43 | 100
589 | Revision_589/args.c | U | 160 | 167 | 8 | 180026 | 5 | 44 | 100
589 | Revision_589/args.c | U | 182 | 190 | 9 | 180027 | 6 | 45 | 75
589 | Revision_589/args.c | U | 203 | 211 | 9 | 180028 | 6 | 46 | 75
589 | Revision_589/args.c | U | 193 | 200 | 9 | 180029 | 6 | 47 | 75
589 | Revision_589/args.c | U | 266 | 272 | 6 | 180030 | 7 | 48 | 80
589 | Revision_589/options.c | U | 579 | 584 | 6 | 180031 | 7 | 49 | 80
589 | Revision_589/fortran.c | U | 903 | 908 | 6 | 180032 | 7 | 50 | 80
589 | Revision_589/c.c | U | 534 | 540 | 6 | 180033 | 8 | 51 | 75
589 | Revision_589/vstring.c | U | 67 | 74 | 6 | 180034 | 8 | 52 | 75
589 | Revision_589/sql.c | U | 370 | 374 | 6 | 180035 | 8 | 416 | 75
589 | Revision_589/jscript.c | U | 214 | 218 | 6 | 180036 | 8 | 415 | 75
589 | Revision_589/fortran.c | U | 439 | 444 | 6 | 180037 | 8 | 363 | 75
589 | Revision_589/eiffel.c | U | 1216 | 1222 | 6 | 180038 | 8 | 362 | 75
589 | Revision_589/vstring.c | U | 69 | 73 | 6 | 180039 | 8 | 52 | 75
589 | Revision_589/c.c | U | 543 | 550 | 6 | 180040 | 9 | 53 | 80
589 | Revision_589/c.c | U | 553 | 560 | 6 | 180041 | 9 | 54 | 80
589 | Revision_589/c.c | U | 662 | 678 | 18 | 180042 | 10 | 55 | 70
589 | Revision_589/c.c | U | 1165 | 1183 | 18 | 180043 | 10 | 60 | 70
589 | Revision_589/fortran.c | U | 1871 | 1887 | 18 | 180044 | 10 | 59 | 70
589 | Revision_589/c.c | U | 681 | 696 | 18 | 180045 | 10 | 57 | 70
589 | Revision_589/fortran.c | U | 1135 | 1150 | 18 | 180046 | 10 | 375 | 70
589 | Revision_589/fortran.c | U | 1112 | 1132 | 18 | 180047 | 10 | 58 | 70
589 | Revision_589/c.c | U | 1242 | 1256 | 18 | 180048 | 10 | 56 | 70
589 | Revision_589/Test/local.c | U | 9 | 22 | 18 | 180049 | 10 | 384 | 70
589 | Revision_589/fortran.c | U | 1788 | 1816 | 18 | 180050 | 10 | 366 | 70
589 | Revision_589/jscript.c | U | 1362 | 1385 | 18 | 180051 | 10 | 463 | 70
589 | Revision_589/c.c | U | 1168 | 1181 | 18 | 180052 | 10 | 63 | 70
589 | Revision_589/fortran.c | U | 1115 | 1130 | 18 | 180053 | 10 | 58 | 70
589 | Revision_589/fortran.c | U | 1588 | 1625 | 18 | 180054 | 10 | 367 | 70
589 | Revision_589/eiffel.c | U | 906 | 946 | 18 | 180055 | 10 | 248 | 70
589 | Revision_589/eiffel.c | U | 1112 | 1136 | 18 | 180056 | 10 | 307 | 70
589 | Revision_589/fortran.c | U | 1874 | 1885 | 18 | 180057 | 10 | 65 | 70
589 | Revision_589/eiffel.c | U | 1185 | 1197 | 18 | 180058 | 10 | 157 | 70
589 | Revision_589/sql.c | U | 881 | 905 | 18 | 180059 | 10 | 308 | 70
589 | Revision_589/eiffel.c | U | 1191 | 1196 | 18 | 180060 | 10 | 362 | 70
589 | Revision_589/c.c | U | 684 | 694 | 13 | 180061 | 11 | 57 | 75
589 | Revision_589/c.c | U | 1244 | 1255 | 13 | 180062 | 11 | 64 | 75
589 | Revision_589/c.c | U | 714 | 736 | 21 | 180063 | 12 | 72 | 70
589 | Revision_589/fortran.c | U | 1302 | 1312 | 21 | 180064 | 12 | 337 | 70
589 | Revision_589/c.c | U | 746 | 752 | 8 | 180065 | 13 | 74 | 71
589 | Revision_589/options.c | U | 472 | 479 | 8 | 180066 | 13 | 75 | 71
589 | Revision_589/c.c | U | 787 | 791 | 8 | 180067 | 14 | 76 | 71
589 | Revision_589/c.c | U | 2116 | 2120 | 8 | 180068 | 14 | 80 | 71
589 | Revision_589/fortran.c | U | 1916 | 1920 | 8 | 180069 | 14 | 79 | 71
589 | Revision_589/eiffel.c | U | 673 | 677 | 8 | 180070 | 14 | 249 | 71
589 | Revision_589/jscript.c | U | 1313 | 1317 | 8 | 180071 | 14 | 417 | 71
589 | Revision_589/sql.c | U | 997 | 1004 | 8 | 180072 | 14 | 418 | 71
589 | Revision_589/sql.c | U | 913 | 919 | 8 | 180073 | 14 | 419 | 71
589 | Revision_589/readtags.c | U | 144 | 148 | 8 | 180074 | 14 | 87 | 71
589 | Revision_589/eiffel.c | U | 962 | 966 | 8 | 180075 | 14 | 269 | 71
589 | Revision_589/eiffel.c | U | 1013 | 1017 | 8 | 180076 | 14 | 269 | 71
589 | Revision_589/jscript.c | U | 1297 | 1318 | 8 | 180077 | 14 | 494 | 71
589 | Revision_589/fortran.c | U | 1343 | 1347 | 8 | 180078 | 14 | 85 | 71
589 | Revision_589/eiffel.c | U | 875 | 879 | 8 | 180079 | 14 | 269 | 71
589 | Revision_589/eiffel.c | U | 660 | 664 | 8 | 180080 | 14 | 250 | 71
589 | Revision_589/sql.c | U | 530 | 534 | 8 | 180081 | 14 | 300 | 71
589 | Revision_589/sql.c | U | 1460 | 1466 | 8 | 180082 | 14 | 420 | 71
589 | Revision_589/sql.c | U | 1489 | 1495 | 8 | 180083 | 14 | 421 | 71
589 | Revision_589/eiffel.c | U | 850 | 855 | 8 | 180084 | 14 | 151 | 71
589 | Revision_589/sql.c | U | 1230 | 1235 | 8 | 180085 | 14 | 422 | 71
589 | Revision_589/c.c | U | 2182 | 2189 | 8 | 180086 | 14 | 244 | 71
589 | Revision_589/c.c | U | 1778 | 1782 | 8 | 180087 | 14 | 121 | 71
589 | Revision_589/c.c | U | 1787 | 1791 | 8 | 180088 | 14 | 331 | 71
589 | Revision_589/vstring.c | U | 35 | 40 | 8 | 180089 | 14 | 98 | 71
589 | Revision_589/fortran.c | U | 1724 | 1728 | 8 | 180090 | 14 | 373 | 71
589 | Revision_589/readtags.c | U | 455 | 459 | 8 | 180091 | 14 | 90 | 71
589 | Revision_589/options.c | U | 1042 | 1046 | 8 | 180092 | 14 | 89 | 71
589 | Revision_589/keyword.c | U | 185 | 189 | 8 | 180093 | 14 | 91 | 71
589 | Revision_589/fortran.c | U | 1340 | 1348 | 8 | 180094 | 14 | 84 | 71
589 | Revision_589/fortran.c | U | 1552 | 1557 | 8 | 180095 | 14 | 79 | 71
589 | Revision_589/jscript.c | U | 682 | 693 | 8 | 180096 | 14 | 426 | 71
589 | Revision_589/ruby.c | U | 214 | 218 | 8 | 180097 | 14 | 392 | 71
589 | Revision_589/c.c | U | 2759 | 2764 | 8 | 180098 | 14 | 94 | 71
589 | Revision_589/eiffel.c | U | 1032 | 1036 | 8 | 180099 | 14 | 151 | 71
589 | Revision_589/sql.c | U | 844 | 864 | 8 | 180100 | 14 | 423 | 71
589 | Revision_589/fortran.c | U | 1211 | 1215 | 8 | 180101 | 14 | 85 | 71
589 | Revision_589/jscript.c | U | 997 | 1003 | 8 | 180102 | 14 | 417 | 71
589 | Revision_589/sql.c | U | 1222 | 1228 | 8 | 180103 | 14 | 492 | 71
589 | Revision_589/sql.c | U | 755 | 766 | 8 | 180104 | 14 | 424 | 71
589 | Revision_589/strlist.c | U | 150 | 154 | 8 | 180105 | 14 | 126 | 71
589 | Revision_589/c.c | U | 2163 | 2167 | 8 | 180106 | 14 | 125 | 71
589 | Revision_589/fortran.c | U | 1545 | 1550 | 8 | 180107 | 14 | 79 | 71
589 | Revision_589/jscript.c | U | 767 | 774 | 8 | 180108 | 14 | 427 | 71
589 | Revision_589/eiffel.c | U | 1068 | 1077 | 8 | 180109 | 14 | 101 | 71
589 | Revision_589/fortran.c | U | 1006 | 1010 | 8 | 180110 | 14 | 128 | 71
589 | Revision_589/routines.c | U | 453 | 459 | 8 | 180111 | 14 | 266 | 71
589 | Revision_589/options.c | U | 674 | 678 | 8 | 180112 | 14 | 127 | 71
589 | Revision_589/sql.c | U | 1356 | 1363 | 8 | 180113 | 14 | 430 | 71
589 | Revision_589/jscript.c | U | 1237 | 1252 | 8 | 180114 | 14 | 413 | 71
589 | Revision_589/options.c | U | 1221 | 1225 | 8 | 180115 | 14 | 129 | 71
589 | Revision_589/sql.c | U | 1738 | 1766 | 8 | 180116 | 14 | 431 | 71
589 | Revision_589/fortran.c | U | 1418 | 1426 | 8 | 180117 | 14 | 59 | 71
589 | Revision_589/jscript.c | U | 571 | 606 | 8 | 180118 | 14 | 429 | 71
589 | Revision_589/fortran.c | U | 1713 | 1722 | 8 | 180119 | 14 | 221 | 71
589 | Revision_589/jscript.c | U | 633 | 659 | 8 | 180120 | 14 | 432 | 71
589 | Revision_589/sql.c | U | 988 | 1005 | 8 | 180121 | 14 | 435 | 71
589 | Revision_589/sql.c | U | 1021 | 1044 | 8 | 180122 | 14 | 437 | 71
589 | Revision_589/sql.c | U | 1183 | 1196 | 8 | 180123 | 14 | 436 | 71
589 | Revision_589/jscript.c | U | 765 | 775 | 8 | 180124 | 14 | 427 | 71
589 | Revision_589/jscript.c | U | 698 | 747 | 8 | 180125 | 14 | 491 | 71
589 | Revision_589/fortran.c | U | 1537 | 1543 | 8 | 180126 | 14 | 65 | 71
589 | Revision_589/jscript.c | U | 911 | 930 | 8 | 180127 | 14 | 438 | 71
589 | Revision_589/fortran.c | U | 1758 | 1764 | 8 | 180128 | 14 | 314 | 71
589 | Revision_589/fortran.c | U | 1084 | 1090 | 8 | 180129 | 14 | 350 | 71
589 | Revision_589/sql.c | U | 1472 | 1498 | 8 | 180130 | 14 | 439 | 71
589 | Revision_589/sql.c | U | 1441 | 1469 | 8 | 180131 | 14 | 441 | 71
589 | Revision_589/sql.c | U | 1501 | 1522 | 8 | 180132 | 14 | 440 | 71
589 | Revision_589/sql.c | U | 1564 | 1585 | 8 | 180133 | 14 | 442 | 71
589 | Revision_589/sql.c | U | 1540 | 1561 | 8 | 180134 | 14 | 443 | 71
589 | Revision_589/jscript.c | U | 903 | 932 | 8 | 180135 | 14 | 438 | 71
589 | Revision_589/sql.c | U | 1588 | 1628 | 8 | 180136 | 14 | 445 | 71
589 | Revision_589/jscript.c | U | 908 | 931 | 8 | 180137 | 14 | 438 | 71
589 | Revision_589/sql.c | U | 1200 | 1238 | 8 | 180138 | 14 | 447 | 71
589 | Revision_589/sql.c | U | 1326 | 1365 | 8 | 180139 | 14 | 448 | 71
589 | Revision_589/jscript.c | U | 661 | 694 | 8 | 180140 | 14 | 446 | 71
589 | Revision_589/jscript.c | U | 900 | 933 | 8 | 180141 | 14 | 438 | 71
589 | Revision_589/sql.c | U | 1241 | 1284 | 8 | 180142 | 14 | 449 | 71
589 | Revision_589/c.c | U | 797 | 818 | 44 | 180143 | 15 | 103 | 72
589 | Revision_589/c.c | U | 821 | 841 | 44 | 180144 | 15 | 332 | 72
589 | Revision_589/c.c | U | 862 | 882 | 44 | 180145 | 15 | 316 | 72
589 | Revision_589/c.c | U | 929 | 948 | 44 | 180146 | 15 | 103 | 72
589 | Revision_589/c.c | U | 844 | 860 | 44 | 180147 | 15 | 316 | 72
589 | Revision_589/c.c | U | 885 | 896 | 12 | 180148 | 16 | 317 | 90
589 | Revision_589/c.c | U | 899 | 910 | 12 | 180149 | 16 | 318 | 90
589 | Revision_589/c.c | U | 1050 | 1055 | 6 | 180150 | 17 | 407 | 80
589 | Revision_589/jscript.c | U | 1212 | 1217 | 6 | 180151 | 17 | 417 | 80
589 | Revision_589/c.c | U | 1305 | 1311 | 7 | 180152 | 18 | 385 | 71
589 | Revision_589/make.c | U | 63 | 69 | 7 | 180153 | 18 | 394 | 71
589 | Revision_589/fortran.c | U | 501 | 509 | 7 | 180154 | 18 | 112 | 71
589 | Revision_589/make.c | U | 53 | 60 | 7 | 180155 | 18 | 395 | 71
589 | Revision_589/c.c | U | 1378 | 1385 | 7 | 180156 | 19 | 108 | 80
589 | Revision_589/c.c | U | 1387 | 1394 | 7 | 180157 | 19 | 109 | 80
589 | Revision_589/c.c | U | 1408 | 1415 | 7 | 180158 | 20 | 110 | 71
589 | Revision_589/c.c | U | 1418 | 1425 | 7 | 180159 | 20 | 111 | 71
589 | Revision_589/fortran.c | U | 625 | 631 | 7 | 180160 | 20 | 112 | 71
589 | Revision_589/c.c | U | 2154 | 2161 | 7 | 180161 | 20 | 405 | 71
589 | Revision_589/sql.c | U | 571 | 578 | 7 | 180162 | 20 | 406 | 71
589 | Revision_589/jscript.c | U | 404 | 411 | 7 | 180163 | 20 | 450 | 71
589 | Revision_589/c.c | U | 1456 | 1461 | 6 | 180164 | 21 | 386 | 80
589 | Revision_589/c.c | U | 1798 | 1803 | 6 | 180165 | 21 | 80 | 80
589 | Revision_589/c.c | U | 1482 | 1491 | 9 | 180166 | 22 | 294 | 71
589 | Revision_589/eiffel.c | U | 555 | 563 | 9 | 180167 | 22 | 295 | 71
589 | Revision_589/c.c | U | 1485 | 1489 | 5 | 180168 | 23 | 294 | 75
589 | Revision_589/readtags.c | U | 503 | 507 | 5 | 180169 | 23 | 90 | 75
589 | Revision_589/readtags.c | U | 680 | 684 | 5 | 180170 | 23 | 99 | 75
589 | Revision_589/c.c | U | 1499 | 1512 | 10 | 180171 | 24 | 396 | 75
589 | Revision_589/make.c | U | 77 | 87 | 10 | 180172 | 24 | 397 | 75
589 | Revision_589/verilog.c | U | 199 | 212 | 10 | 180173 | 24 | 398 | 75
589 | Revision_589/fortran.c | U | 853 | 864 | 10 | 180174 | 24 | 116 | 75
589 | Revision_589/eiffel.c | U | 588 | 600 | 10 | 180175 | 24 | 114 | 75
589 | Revision_589/jscript.c | U | 324 | 335 | 10 | 180176 | 24 | 451 | 75
589 | Revision_589/sql.c | U | 455 | 466 | 10 | 180177 | 24 | 306 | 75
589 | Revision_589/eiffel.c | U | 573 | 585 | 10 | 180178 | 24 | 117 | 75
589 | Revision_589/c.c | U | 1616 | 1622 | 8 | 180179 | 25 | 452 | 75
589 | Revision_589/jscript.c | U | 442 | 450 | 8 | 180180 | 25 | 453 | 75
589 | Revision_589/c.c | U | 1988 | 1992 | 5 | 180181 | 26 | 121 | 75
589 | Revision_589/fortran.c | U | 728 | 732 | 5 | 180182 | 26 | 144 | 75
589 | Revision_589/fortran.c | U | 619 | 623 | 5 | 180183 | 26 | 112 | 75
589 | Revision_589/get.c | U | 594 | 598 | 5 | 180184 | 26 | 122 | 75
589 | Revision_589/python.c | U | 380 | 387 | 5 | 180185 | 26 | 503 | 75
589 | Revision_589/pascal.c | U | 134 | 138 | 5 | 180186 | 26 | 164 | 75
589 | Revision_589/perl.c | U | 185 | 189 | 5 | 180187 | 26 | 163 | 75
589 | Revision_589/vim.c | U | 400 | 408 | 5 | 180188 | 26 | 500 | 75
589 | Revision_589/c.c | U | 2142 | 2149 | 9 | 180189 | 27 | 28 | 71
589 | Revision_589/eiffel.c | U | 1065 | 1078 | 9 | 180190 | 27 | 156 | 71
589 | Revision_589/c.c | U | 2465 | 2472 | 6 | 180191 | 28 | 94 | 75
589 | Revision_589/sql.c | U | 1414 | 1418 | 6 | 180192 | 28 | 454 | 75
589 | Revision_589/sql.c | U | 1673 | 1677 | 6 | 180193 | 28 | 455 | 75
589 | Revision_589/jscript.c | U | 837 | 846 | 6 | 180194 | 28 | 456 | 75
589 | Revision_589/jscript.c | U | 819 | 835 | 6 | 180195 | 28 | 480 | 75
589 | Revision_589/jscript.c | U | 848 | 853 | 6 | 180196 | 28 | 457 | 75
589 | Revision_589/c.c | U | 2478 | 2482 | 5 | 180197 | 29 | 387 | 100
589 | Revision_589/c.c | U | 2485 | 2489 | 5 | 180198 | 29 | 94 | 100
589 | Revision_589/c.c | U | 2708 | 2713 | 6 | 180199 | 30 | 94 | 80
589 | Revision_589/sql.c | U | 1008 | 1013 | 6 | 180200 | 30 | 301 | 80
589 | Revision_589/c.c | U | 2799 | 2808 | 9 | 180201 | 31 | 130 | 71
589 | Revision_589/verilog.c | U | 108 | 118 | 9 | 180202 | 31 | 381 | 71
589 | Revision_589/asm.c | U | 120 | 128 | 9 | 180203 | 31 | 288 | 71
589 | Revision_589/eiffel.c | U | 214 | 223 | 9 | 180204 | 31 | 131 | 71
589 | Revision_589/fortran.c | U | 397 | 406 | 9 | 180205 | 31 | 132 | 71
589 | Revision_589/sql.c | U | 346 | 355 | 9 | 180206 | 31 | 302 | 71
589 | Revision_589/jscript.c | U | 188 | 197 | 9 | 180207 | 31 | 458 | 71
589 | Revision_589/eiffel.c | U | 286 | 300 | 10 | 180208 | 32 | 133 | 70
589 | Revision_589/jscript.c | U | 225 | 239 | 10 | 180209 | 32 | 459 | 70
589 | Revision_589/sql.c | U | 381 | 395 | 10 | 180210 | 32 | 303 | 70
589 | Revision_589/beta.c | U | 71 | 80 | 10 | 180211 | 32 | 134 | 70
589 | Revision_589/parse.c | U | 43 | 54 | 10 | 180212 | 32 | 135 | 70
589 | Revision_589/sml.c | U | 75 | 81 | 10 | 180213 | 32 | 324 | 70
589 | Revision_589/eiffel.c | U | 288 | 298 | 10 | 180214 | 32 | 136 | 70
589 | Revision_589/eiffel.c | U | 366 | 375 | 8 | 180215 | 33 | 304 | 100
589 | Revision_589/jscript.c | U | 294 | 301 | 8 | 180216 | 33 | 460 | 100
589 | Revision_589/sql.c | U | 426 | 433 | 8 | 180217 | 33 | 305 | 100
589 | Revision_589/eiffel.c | U | 381 | 402 | 20 | 180218 | 34 | 139 | 70
589 | Revision_589/fortran.c | U | 767 | 793 | 20 | 180219 | 34 | 140 | 70
589 | Revision_589/eiffel.c | U | 405 | 433 | 24 | 180220 | 35 | 141 | 95
589 | Revision_589/fortran.c | U | 796 | 824 | 24 | 180221 | 35 | 505 | 95
589 | Revision_589/eiffel.c | U | 413 | 419 | 6 | 180222 | 36 | 119 | 80
589 | Revision_589/eiffel.c | U | 421 | 426 | 6 | 180223 | 36 | 119 | 80
589 | Revision_589/options.c | U | 352 | 357 | 6 | 180224 | 36 | 224 | 80
589 | Revision_589/jscript.c | U | 919 | 929 | 6 | 180225 | 36 | 479 | 80
589 | Revision_589/fortran.c | U | 812 | 817 | 6 | 180226 | 36 | 116 | 80
589 | Revision_589/fortran.c | U | 804 | 810 | 6 | 180227 | 36 | 50 | 80
589 | Revision_589/eiffel.c | U | 546 | 550 | 5 | 180228 | 37 | 143 | 75
589 | Revision_589/fortran.c | U | 785 | 789 | 5 | 180229 | 37 | 144 | 75
589 | Revision_589/fortran.c | U | 985 | 989 | 5 | 180230 | 37 | 145 | 75
589 | Revision_589/verilog.c | U | 142 | 146 | 5 | 180231 | 37 | 383 | 75
589 | Revision_589/verilog.c | U | 238 | 242 | 5 | 180232 | 37 | 382 | 75
589 | Revision_589/eiffel.c | U | 603 | 612 | 8 | 180233 | 38 | 146 | 100
589 | Revision_589/sql.c | U | 469 | 476 | 8 | 180234 | 38 | 305 | 100
589 | Revision_589/jscript.c | U | 338 | 345 | 8 | 180235 | 38 | 471 | 100
589 | Revision_589/fortran.c | U | 871 | 880 | 8 | 180236 | 38 | 147 | 100
589 | Revision_589/asm.c | U | 131 | 139 | 8 | 180237 | 38 | 270 | 100
589 | Revision_589/eiffel.c | U | 720 | 727 | 9 | 180238 | 39 | 148 | 77
589 | Revision_589/jscript.c | U | 427 | 436 | 9 | 180239 | 39 | 461 | 77
589 | Revision_589/eiffel.c | U | 729 | 734 | 6 | 180240 | 40 | 506 | 100
589 | Revision_589/fortran.c | U | 1043 | 1048 | 6 | 180241 | 40 | 312 | 100
589 | Revision_589/eiffel.c | U | 773 | 820 | 13 | 180242 | 41 | 349 | 72
589 | Revision_589/fortran.c | U | 1098 | 1109 | 13 | 180243 | 41 | 350 | 72
589 | Revision_589/eiffel.c | U | 838 | 856 | 13 | 180244 | 42 | 251 | 72
589 | Revision_589/eiffel.c | U | 860 | 881 | 13 | 180245 | 42 | 252 | 72
589 | Revision_589/fortran.c | U | 1380 | 1393 | 13 | 180246 | 42 | 336 | 72
589 | Revision_589/eiffel.c | U | 1007 | 1020 | 13 | 180247 | 42 | 253 | 72
589 | Revision_589/fortran.c | U | 1634 | 1642 | 13 | 180248 | 42 | 337 | 72
589 | Revision_589/eiffel.c | U | 868 | 880 | 10 | 180249 | 43 | 156 | 75
589 | Revision_589/sql.c | U | 1309 | 1319 | 10 | 180250 | 43 | 462 | 75
589 | Revision_589/basic.c | U | 135 | 140 | 6 | 180251 | 44 | 411 | 80
589 | Revision_589/basic.c | U | 147 | 152 | 6 | 180252 | 44 | 412 | 80
589 | Revision_589/verilog.c | U | 187 | 193 | 8 | 180253 | 45 | 399 | 75
589 | Revision_589/make.c | U | 97 | 105 | 8 | 180254 | 45 | 400 | 75
589 | Revision_589/verilog.c | U | 286 | 290 | 5 | 180255 | 46 | 401 | 75
589 | Revision_589/make.c | U | 44 | 48 | 5 | 180256 | 46 | 402 | 75
589 | Revision_589/jscript.c | U | 242 | 263 | 15 | 180257 | 47 | 467 | 91
589 | Revision_589/sql.c | U | 398 | 419 | 15 | 180258 | 47 | 468 | 91
589 | Revision_589/jscript.c | U | 266 | 275 | 8 | 180259 | 48 | 415 | 100
589 | Revision_589/jscript.c | U | 278 | 287 | 8 | 180260 | 48 | 460 | 100
589 | Revision_589/jscript.c | U | 304 | 318 | 14 | 180261 | 49 | 469 | 100
589 | Revision_589/sql.c | U | 436 | 450 | 14 | 180262 | 49 | 470 | 100
589 | Revision_589/jscript.c | U | 348 | 439 | 110 | 180263 | 50 | 472 | 76
589 | Revision_589/sql.c | U | 479 | 612 | 110 | 180264 | 50 | 473 | 76
589 | Revision_589/jscript.c | U | 457 | 487 | 18 | 180265 | 51 | 465 | 100
589 | Revision_589/sql.c | U | 666 | 696 | 18 | 180266 | 51 | 466 | 100
589 | Revision_589/jscript.c | U | 490 | 519 | 18 | 180267 | 51 | 507 | 100
589 | Revision_589/jscript.c | U | 522 | 529 | 7 | 180268 | 52 | 474 | 80
589 | Revision_589/sql.c | U | 631 | 638 | 7 | 180269 | 52 | 476 | 80
589 | Revision_589/jscript.c | U | 532 | 539 | 7 | 180270 | 52 | 475 | 80
589 | Revision_589/jscript.c | U | 985 | 994 | 6 | 180271 | 53 | 497 | 75
589 | Revision_589/options.c | U | 1683 | 1687 | 6 | 180272 | 53 | 333 | 75
589 | Revision_589/jscript.c | U | 1065 | 1091 | 12 | 180273 | 54 | 508 | 72
589 | Revision_589/jscript.c | U | 1093 | 1115 | 12 | 180274 | 54 | 509 | 72
589 | Revision_589/jscript.c | U | 1349 | 1396 | 27 | 180275 | 55 | 510 | 72
589 | Revision_589/fortran.c | U | 1268 | 1293 | 27 | 180276 | 55 | 369 | 72
589 | Revision_589/jscript.c | U | 1407 | 1410 | 8 | 180277 | 56 | 498 | 71
589 | Revision_589/Test/local.c | U | 14 | 20 | 8 | 180278 | 56 | 384 | 71
589 | Revision_589/jscript.c | U | 1420 | 1424 | 5 | 180279 | 57 | 484 | 75
589 | Revision_589/sql.c | U | 1816 | 1820 | 5 | 180280 | 57 | 404 | 75
589 | Revision_589/make.c | U | 185 | 189 | 5 | 180281 | 57 | 403 | 75
589 | Revision_589/vim.c | U | 97 | 101 | 5 | 180282 | 58 | 290 | 100
589 | Revision_589/vim.c | U | 103 | 107 | 5 | 180283 | 58 | 291 | 100
589 | Revision_589/vim.c | U | 244 | 267 | 17 | 180284 | 59 | 334 | 76
589 | Revision_589/vim.c | U | 294 | 312 | 17 | 180285 | 59 | 159 | 76
589 | Revision_589/python.c | U | 84 | 97 | 11 | 180286 | 60 | 37 | 77
589 | Revision_589/python.c | U | 127 | 138 | 11 | 180287 | 60 | 13 | 77
589 | Revision_589/python.c | U | 177 | 181 | 5 | 180288 | 61 | 278 | 75
589 | Revision_589/python.c | U | 198 | 202 | 5 | 180289 | 61 | 326 | 75
589 | Revision_589/sml.c | U | 84 | 88 | 5 | 180290 | 61 | 325 | 75
589 | Revision_589/erlang.c | U | 58 | 62 | 5 | 180291 | 61 | 341 | 75
589 | Revision_589/options.c | U | 963 | 968 | 5 | 180292 | 61 | 280 | 75
589 | Revision_589/python.c | U | 206 | 215 | 9 | 180293 | 62 | 292 | 75
589 | Revision_589/tcl.c | U | 44 | 54 | 9 | 180294 | 62 | 293 | 75
589 | Revision_589/erlang.c | U | 66 | 75 | 9 | 180295 | 62 | 342 | 75
589 | Revision_589/python.c | U | 417 | 421 | 5 | 180296 | 63 | 504 | 75
589 | Revision_589/pascal.c | U | 184 | 190 | 5 | 180297 | 63 | 171 | 75
589 | Revision_589/pascal.c | U | 150 | 154 | 5 | 180298 | 63 | 319 | 75
589 | Revision_589/pascal.c | U | 176 | 182 | 5 | 180299 | 63 | 170 | 75
589 | Revision_589/perl.c | U | 206 | 212 | 7 | 180300 | 64 | 389 | 83
589 | Revision_589/perl.c | U | 252 | 257 | 7 | 180301 | 64 | 502 | 83
589 | Revision_589/perl.c | U | 324 | 330 | 7 | 180302 | 65 | 389 | 71
589 | Revision_589/main.c | U | 260 | 267 | 7 | 180303 | 65 | 377 | 71
589 | Revision_589/erlang.c | U | 97 | 105 | 7 | 180304 | 65 | 344 | 71
589 | Revision_589/erlang.c | U | 116 | 121 | 7 | 180305 | 65 | 346 | 71
589 | Revision_589/erlang.c | U | 108 | 113 | 7 | 180306 | 65 | 344 | 71
589 | Revision_589/main.c | U | 179 | 185 | 7 | 180307 | 65 | 376 | 71
589 | Revision_589/sort.c | U | 118 | 123 | 5 | 180308 | 66 | 281 | 100
589 | Revision_589/sort.c | U | 126 | 131 | 5 | 180309 | 66 | 282 | 100
589 | Revision_589/strlist.c | U | 32 | 38 | 8 | 180310 | 67 | 165 | 71
589 | Revision_589/vstring.c | U | 77 | 87 | 8 | 180311 | 67 | 166 | 71
589 | Revision_589/strlist.c | U | 191 | 196 | 7 | 180312 | 68 | 168 | 83
589 | Revision_589/strlist.c | U | 200 | 206 | 7 | 180313 | 68 | 390 | 83
589 | Revision_589/get.c | U | 305 | 314 | 10 | 180314 | 69 | 174 | 70
589 | Revision_589/read.c | U | 220 | 231 | 10 | 180315 | 69 | 176 | 70
589 | Revision_589/parse.c | U | 584 | 598 | 10 | 180316 | 69 | 175 | 70
589 | Revision_589/get.c | U | 467 | 478 | 10 | 180317 | 70 | 177 | 87
589 | Revision_589/get.c | U | 484 | 495 | 10 | 180318 | 70 | 178 | 87
589 | Revision_589/get.c | U | 541 | 546 | 6 | 180319 | 71 | 180 | 80
589 | Revision_589/read.c | U | 421 | 425 | 6 | 180320 | 71 | 181 | 80
589 | Revision_589/main.c | U | 126 | 139 | 6 | 180321 | 72 | 354 | 80
589 | Revision_589/options.c | U | 397 | 402 | 6 | 180322 | 72 | 355 | 80
589 | Revision_589/routines.c | U | 237 | 244 | 6 | 180323 | 73 | 254 | 80
589 | Revision_589/routines.c | U | 247 | 254 | 6 | 180324 | 73 | 255 | 80
589 | Revision_589/routines.c | U | 288 | 295 | 8 | 180325 | 74 | 256 | 83
589 | Revision_589/routines.c | U | 298 | 305 | 8 | 180326 | 74 | 257 | 83
589 | Revision_589/readtags.c | U | 106 | 113 | 8 | 180327 | 74 | 123 | 83
589 | Revision_589/readtags.c | U | 116 | 123 | 8 | 180328 | 74 | 238 | 83
589 | Revision_589/routines.c | U | 322 | 326 | 5 | 180329 | 75 | 258 | 75
589 | Revision_589/vstring.c | U | 125 | 129 | 5 | 180330 | 75 | 188 | 75
589 | Revision_589/vstring.c | U | 118 | 122 | 5 | 180331 | 75 | 189 | 75
589 | Revision_589/routines.c | U | 329 | 335 | 6 | 180332 | 76 | 259 | 100
589 | Revision_589/routines.c | U | 338 | 344 | 6 | 180333 | 76 | 260 | 100
589 | Revision_589/routines.c | U | 349 | 356 | 8 | 180334 | 77 | 261 | 100
589 | Revision_589/routines.c | U | 361 | 368 | 8 | 180335 | 77 | 262 | 100
589 | Revision_589/sh.c | U | 89 | 94 | 6 | 180336 | 78 | 378 | 80
589 | Revision_589/asm.c | U | 347 | 352 | 6 | 180337 | 78 | 379 | 80
589 | Revision_589/beta.c | U | 134 | 141 | 6 | 180338 | 79 | 201 | 75
589 | Revision_589/beta.c | U | 204 | 212 | 6 | 180339 | 79 | 202 | 75
589 | Revision_589/beta.c | U | 152 | 156 | 5 | 180340 | 80 | 203 | 75
589 | Revision_589/beta.c | U | 277 | 281 | 5 | 180341 | 80 | 205 | 75
589 | Revision_589/beta.c | U | 165 | 169 | 5 | 180342 | 80 | 204 | 75
589 | Revision_589/beta.c | U | 271 | 275 | 5 | 180343 | 80 | 207 | 75
589 | Revision_589/beta.c | U | 158 | 162 | 5 | 180344 | 80 | 206 | 75
589 | Revision_589/sql.c | U | 784 | 794 | 8 | 180345 | 81 | 493 | 71
589 | Revision_589/sql.c | U | 1423 | 1432 | 8 | 180346 | 81 | 486 | 71
589 | Revision_589/sql.c | U | 1287 | 1323 | 24 | 180347 | 82 | 487 | 78
589 | Revision_589/sql.c | U | 1692 | 1735 | 24 | 180348 | 82 | 488 | 78
589 | Revision_589/sql.c | U | 1656 | 1681 | 17 | 180349 | 83 | 489 | 84
589 | Revision_589/sql.c | U | 1705 | 1729 | 17 | 180350 | 83 | 490 | 84
589 | Revision_589/parse.c | U | 96 | 106 | 11 | 180351 | 84 | 208 | 88
589 | Revision_589/parse.c | U | 109 | 120 | 11 | 180352 | 84 | 209 | 88
589 | Revision_589/parse.c | U | 297 | 301 | 5 | 180353 | 85 | 356 | 75
589 | Revision_589/parse.c | U | 554 | 558 | 5 | 180354 | 85 | 357 | 75
589 | Revision_589/parse.c | U | 573 | 577 | 5 | 180355 | 85 | 358 | 75
589 | Revision_589/readtags.c | U | 542 | 548 | 6 | 180356 | 86 | 239 | 100
589 | Revision_589/readtags.c | U | 550 | 556 | 6 | 180357 | 86 | 240 | 100
589 | Revision_589/readtags.c | U | 585 | 589 | 6 | 180358 | 87 | 123 | 75
589 | Revision_589/readtags.c | U | 640 | 646 | 6 | 180359 | 87 | 124 | 75
589 | Revision_589/readtags.c | U | 717 | 725 | 8 | 180360 | 88 | 210 | 83
589 | Revision_589/readtags.c | U | 772 | 780 | 8 | 180361 | 88 | 211 | 83
589 | Revision_589/readtags.c | U | 728 | 736 | 8 | 180362 | 88 | 212 | 83
589 | Revision_589/readtags.c | U | 739 | 744 | 6 | 180363 | 89 | 241 | 80
589 | Revision_589/readtags.c | U | 756 | 761 | 6 | 180364 | 89 | 242 | 80
589 | Revision_589/readtags.c | U | 764 | 769 | 6 | 180365 | 89 | 287 | 80
589 | Revision_589/fortran.c | U | 1271 | 1292 | 23 | 180366 | 90 | 369 | 72
589 | Revision_589/fortran.c | U | 1791 | 1814 | 23 | 180367 | 90 | 366 | 72
589 | Revision_589/fortran.c | U | 1325 | 1331 | 7 | 180368 | 91 | 85 | 83
589 | Revision_589/fortran.c | U | 1384 | 1390 | 7 | 180369 | 91 | 84 | 83
589 | Revision_589/fortran.c | U | 1451 | 1459 | 10 | 180370 | 92 | 314 | 77
589 | Revision_589/fortran.c | U | 1490 | 1499 | 10 | 180371 | 92 | 59 | 77
589 | Revision_589/fortran.c | U | 1731 | 1746 | 20 | 180372 | 93 | 21 | 84
589 | Revision_589/fortran.c | U | 1948 | 1964 | 20 | 180373 | 93 | 374 | 84
589 | Revision_589/fortran.c | U | 1912 | 1931 | 17 | 180374 | 94 | 220 | 75
589 | Revision_589/fortran.c | U | 1983 | 2000 | 17 | 180375 | 94 | 221 | 75
589 | Revision_589/fortran.c | U | 2060 | 2081 | 17 | 180376 | 94 | 372 | 75
589 | Revision_589/asm.c | U | 243 | 256 | 11 | 180377 | 95 | 289 | 77
589 | Revision_589/asm.c | U | 261 | 271 | 11 | 180378 | 95 | 279 | 77
589 | Revision_589/scheme.c | U | 70 | 78 | 8 | 180379 | 96 | 222 | 71
589 | Revision_589/scheme.c | U | 85 | 93 | 8 | 180380 | 96 | 223 | 71
589 | Revision_589/options.c | U | 369 | 375 | 6 | 180381 | 97 | 224 | 100
589 | Revision_589/options.c | U | 378 | 384 | 6 | 180382 | 97 | 225 | 100
589 | Revision_589/options.c | U | 543 | 549 | 7 | 180383 | 98 | 226 | 100
589 | Revision_589/options.c | U | 561 | 567 | 7 | 180384 | 98 | 227 | 100
589 | Revision_589/options.c | U | 552 | 558 | 7 | 180385 | 98 | 228 | 100
589 | Revision_589/options.c | U | 570 | 576 | 7 | 180386 | 98 | 229 | 100
589 | Revision_589/options.c | U | 982 | 986 | 5 | 180387 | 99 | 230 | 75
589 | Revision_589/options.c | U | 1008 | 1012 | 5 | 180388 | 99 | 231 | 75
589 | Revision_589/options.c | U | 1102 | 1106 | 5 | 180389 | 100 | 232 | 100
589 | Revision_589/options.c | U | 1108 | 1112 | 5 | 180390 | 100 | 233 | 100
589 | Revision_589/options.c | U | 1154 | 1166 | 12 | 180391 | 101 | 360 | 100
589 | Revision_589/options.c | U | 1171 | 1183 | 12 | 180392 | 101 | 235 | 100
589 | Revision_589/options.c | U | 1425 | 1442 | 15 | 180393 | 102 | 236 | 91
589 | Revision_589/options.c | U | 1463 | 1480 | 15 | 180394 | 102 | 237 | 91
