Revision | filePath | changeType | StartLine | EndLine | Nlines | cloneId | classId | globalCloneId | Similarity
592 | Revision_592/lisp.c | U | 91 | 97 | 7 | 181257 | 1 | 1 | 83
592 | Revision_592/lisp.c | U | 112 | 118 | 7 | 181258 | 1 | 2 | 83
592 | Revision_592/lisp.c | U | 127 | 137 | 9 | 181259 | 2 | 3 | 70
592 | Revision_592/c.c | U | 2841 | 2850 | 9 | 181260 | 2 | 12 | 70
592 | Revision_592/c.c | U | 2853 | 2868 | 9 | 181261 | 2 | 8 | 70
592 | Revision_592/asp.c | U | 201 | 209 | 9 | 181262 | 2 | 4 | 70
592 | Revision_592/eiffel.c | U | 1247 | 1256 | 9 | 181263 | 2 | 9 | 70
592 | Revision_592/php.c | U | 89 | 96 | 9 | 181264 | 2 | 501 | 70
592 | Revision_592/cobol.c | U | 40 | 48 | 9 | 181265 | 2 | 320 | 70
592 | Revision_592/erlang.c | U | 179 | 187 | 9 | 181266 | 2 | 340 | 70
592 | Revision_592/scheme.c | U | 99 | 109 | 9 | 181267 | 2 | 16 | 70
592 | Revision_592/pascal.c | U | 257 | 265 | 9 | 181268 | 2 | 14 | 70
592 | Revision_592/awk.c | U | 71 | 79 | 9 | 181269 | 2 | 10 | 70
592 | Revision_592/lua.c | U | 123 | 131 | 9 | 181270 | 2 | 243 | 70
592 | Revision_592/python.c | U | 447 | 455 | 9 | 181271 | 2 | 13 | 70
592 | Revision_592/ruby.c | U | 398 | 406 | 9 | 181272 | 2 | 19 | 70
592 | Revision_592/perl.c | U | 343 | 351 | 9 | 181273 | 2 | 7 | 70
592 | Revision_592/sml.c | U | 202 | 210 | 9 | 181274 | 2 | 321 | 70
592 | Revision_592/beta.c | U | 311 | 319 | 9 | 181275 | 2 | 5 | 70
592 | Revision_592/verilog.c | U | 329 | 338 | 9 | 181276 | 2 | 283 | 70
592 | Revision_592/basic.c | U | 193 | 201 | 9 | 181277 | 2 | 408 | 70
592 | Revision_592/tcl.c | U | 106 | 114 | 9 | 181278 | 2 | 18 | 70
592 | Revision_592/vim.c | U | 626 | 634 | 9 | 181279 | 2 | 20 | 70
592 | Revision_592/sh.c | U | 103 | 113 | 9 | 181280 | 2 | 17 | 70
592 | Revision_592/sql.c | U | 1834 | 1843 | 9 | 181281 | 2 | 296 | 70
592 | Revision_592/c.c | U | 2871 | 2880 | 9 | 181282 | 2 | 15 | 70
592 | Revision_592/c.c | U | 2895 | 2904 | 9 | 181283 | 2 | 315 | 70
592 | Revision_592/c.c | U | 2883 | 2892 | 9 | 181284 | 2 | 330 | 70
592 | Revision_592/fortran.c | U | 2200 | 2215 | 9 | 181285 | 2 | 21 | 70
592 | Revision_592/make.c | U | 199 | 209 | 9 | 181286 | 2 | 25 | 70
592 | Revision_592/jscript.c | U | 1447 | 1460 | 9 | 181287 | 2 | 413 | 70
592 | Revision_592/asm.c | U | 366 | 385 | 9 | 181288 | 2 | 274 | 70
592 | Revision_592/html.c | U | 40 | 47 | 9 | 181289 | 2 | 365 | 70
592 | Revision_592/keyword.c | U | 107 | 116 | 9 | 181290 | 2 | 27 | 70
592 | Revision_592/yacc.c | U | 31 | 38 | 9 | 181291 | 2 | 23 | 70
592 | Revision_592/slang.c | U | 34 | 41 | 9 | 181292 | 2 | 24 | 70
592 | Revision_592/rexx.c | U | 30 | 37 | 9 | 181293 | 2 | 26 | 70
592 | Revision_592/options.c | U | 626 | 632 | 9 | 181294 | 2 | 29 | 70
592 | Revision_592/fortran.c | U | 413 | 425 | 9 | 181295 | 2 | 158 | 70
592 | Revision_592/c.c | U | 2192 | 2197 | 9 | 181296 | 2 | 28 | 70
592 | Revision_592/options.c | U | 533 | 538 | 9 | 181297 | 2 | 30 | 70
592 | Revision_592/gnu_regex/regex.c | U | 2824 | 2829 | 9 | 181298 | 2 | 511 | 70
592 | Revision_592/sql.c | U | 358 | 367 | 9 | 181299 | 2 | 309 | 70
592 | Revision_592/c.c | U | 2221 | 2229 | 9 | 181300 | 2 | 31 | 70
592 | Revision_592/jscript.c | U | 200 | 211 | 9 | 181301 | 2 | 414 | 70
592 | Revision_592/eiffel.c | U | 1201 | 1213 | 9 | 181302 | 2 | 157 | 70
592 | Revision_592/c.c | U | 482 | 488 | 9 | 181303 | 2 | 53 | 70
592 | Revision_592/gnu_regex/regex.c | U | 2822 | 2836 | 9 | 181304 | 2 | 512 | 70
592 | Revision_592/asp.c | U | 71 | 90 | 15 | 181305 | 3 | 33 | 100
592 | Revision_592/asp.c | U | 94 | 113 | 15 | 181306 | 3 | 34 | 100
592 | Revision_592/asp.c | U | 117 | 133 | 14 | 181307 | 4 | 35 | 100
592 | Revision_592/asp.c | U | 175 | 190 | 14 | 181308 | 4 | 36 | 100
592 | Revision_592/asp.c | U | 137 | 152 | 14 | 181309 | 4 | 36 | 100
592 | Revision_592/asp.c | U | 156 | 171 | 14 | 181310 | 4 | 36 | 100
592 | Revision_592/args.c | U | 85 | 92 | 8 | 181311 | 5 | 43 | 100
592 | Revision_592/args.c | U | 160 | 167 | 8 | 181312 | 5 | 44 | 100
592 | Revision_592/args.c | U | 182 | 190 | 9 | 181313 | 6 | 45 | 75
592 | Revision_592/args.c | U | 193 | 200 | 9 | 181314 | 6 | 46 | 75
592 | Revision_592/args.c | U | 203 | 211 | 9 | 181315 | 6 | 47 | 75
592 | Revision_592/args.c | U | 266 | 272 | 6 | 181316 | 7 | 48 | 80
592 | Revision_592/options.c | U | 579 | 584 | 6 | 181317 | 7 | 49 | 80
592 | Revision_592/fortran.c | U | 903 | 908 | 6 | 181318 | 7 | 50 | 80
592 | Revision_592/c.c | U | 534 | 540 | 6 | 181319 | 8 | 51 | 75
592 | Revision_592/jscript.c | U | 214 | 218 | 6 | 181320 | 8 | 415 | 75
592 | Revision_592/vstring.c | U | 67 | 74 | 6 | 181321 | 8 | 52 | 75
592 | Revision_592/sql.c | U | 370 | 374 | 6 | 181322 | 8 | 416 | 75
592 | Revision_592/fortran.c | U | 439 | 444 | 6 | 181323 | 8 | 363 | 75
592 | Revision_592/eiffel.c | U | 1216 | 1222 | 6 | 181324 | 8 | 362 | 75
592 | Revision_592/vstring.c | U | 69 | 73 | 6 | 181325 | 8 | 52 | 75
592 | Revision_592/c.c | U | 543 | 550 | 6 | 181326 | 9 | 53 | 80
592 | Revision_592/c.c | U | 553 | 560 | 6 | 181327 | 9 | 54 | 80
592 | Revision_592/c.c | U | 662 | 678 | 18 | 181328 | 10 | 55 | 70
592 | Revision_592/fortran.c | U | 1871 | 1887 | 18 | 181329 | 10 | 59 | 70
592 | Revision_592/c.c | U | 681 | 696 | 18 | 181330 | 10 | 60 | 70
592 | Revision_592/c.c | U | 1165 | 1183 | 18 | 181331 | 10 | 57 | 70
592 | Revision_592/fortran.c | U | 1112 | 1132 | 18 | 181332 | 10 | 58 | 70
592 | Revision_592/fortran.c | U | 1135 | 1150 | 18 | 181333 | 10 | 375 | 70
592 | Revision_592/c.c | U | 1242 | 1256 | 18 | 181334 | 10 | 56 | 70
592 | Revision_592/jscript.c | U | 1362 | 1385 | 18 | 181335 | 10 | 463 | 70
592 | Revision_592/fortran.c | U | 1788 | 1816 | 18 | 181336 | 10 | 366 | 70
592 | Revision_592/Test/local.c | U | 9 | 22 | 18 | 181337 | 10 | 384 | 70
592 | Revision_592/fortran.c | U | 1115 | 1130 | 18 | 181338 | 10 | 58 | 70
592 | Revision_592/c.c | U | 1168 | 1181 | 18 | 181339 | 10 | 63 | 70
592 | Revision_592/eiffel.c | U | 906 | 946 | 18 | 181340 | 10 | 248 | 70
592 | Revision_592/eiffel.c | U | 1112 | 1136 | 18 | 181341 | 10 | 307 | 70
592 | Revision_592/fortran.c | U | 1588 | 1625 | 18 | 181342 | 10 | 367 | 70
592 | Revision_592/fortran.c | U | 1874 | 1885 | 18 | 181343 | 10 | 65 | 70
592 | Revision_592/sql.c | U | 881 | 905 | 18 | 181344 | 10 | 308 | 70
592 | Revision_592/eiffel.c | U | 1185 | 1197 | 18 | 181345 | 10 | 157 | 70
592 | Revision_592/eiffel.c | U | 1191 | 1196 | 18 | 181346 | 10 | 362 | 70
592 | Revision_592/c.c | U | 684 | 694 | 13 | 181347 | 11 | 57 | 75
592 | Revision_592/c.c | U | 1244 | 1255 | 13 | 181348 | 11 | 64 | 75
592 | Revision_592/c.c | U | 714 | 736 | 21 | 181349 | 12 | 72 | 70
592 | Revision_592/fortran.c | U | 1302 | 1312 | 21 | 181350 | 12 | 337 | 70
592 | Revision_592/c.c | U | 746 | 752 | 8 | 181351 | 13 | 74 | 71
592 | Revision_592/options.c | U | 472 | 479 | 8 | 181352 | 13 | 75 | 71
592 | Revision_592/c.c | U | 787 | 791 | 8 | 181353 | 14 | 76 | 71
592 | Revision_592/eiffel.c | U | 673 | 677 | 8 | 181354 | 14 | 249 | 71
592 | Revision_592/sql.c | U | 913 | 919 | 8 | 181355 | 14 | 419 | 71
592 | Revision_592/fortran.c | U | 1916 | 1920 | 8 | 181356 | 14 | 79 | 71
592 | Revision_592/sql.c | U | 997 | 1004 | 8 | 181357 | 14 | 418 | 71
592 | Revision_592/c.c | U | 2116 | 2120 | 8 | 181358 | 14 | 80 | 71
592 | Revision_592/jscript.c | U | 1313 | 1317 | 8 | 181359 | 14 | 417 | 71
592 | Revision_592/eiffel.c | U | 660 | 664 | 8 | 181360 | 14 | 250 | 71
592 | Revision_592/sql.c | U | 530 | 534 | 8 | 181361 | 14 | 300 | 71
592 | Revision_592/sql.c | U | 1230 | 1235 | 8 | 181362 | 14 | 422 | 71
592 | Revision_592/eiffel.c | U | 850 | 855 | 8 | 181363 | 14 | 151 | 71
592 | Revision_592/eiffel.c | U | 962 | 966 | 8 | 181364 | 14 | 269 | 71
592 | Revision_592/eiffel.c | U | 875 | 879 | 8 | 181365 | 14 | 269 | 71
592 | Revision_592/jscript.c | U | 1297 | 1318 | 8 | 181366 | 14 | 494 | 71
592 | Revision_592/fortran.c | U | 1343 | 1347 | 8 | 181367 | 14 | 85 | 71
592 | Revision_592/eiffel.c | U | 1013 | 1017 | 8 | 181368 | 14 | 269 | 71
592 | Revision_592/sql.c | U | 1460 | 1466 | 8 | 181369 | 14 | 420 | 71
592 | Revision_592/sql.c | U | 1489 | 1495 | 8 | 181370 | 14 | 421 | 71
592 | Revision_592/readtags.c | U | 144 | 148 | 8 | 181371 | 14 | 87 | 71
592 | Revision_592/c.c | U | 2163 | 2167 | 8 | 181372 | 14 | 125 | 71
592 | Revision_592/strlist.c | U | 150 | 154 | 8 | 181373 | 14 | 126 | 71
592 | Revision_592/sql.c | U | 755 | 766 | 8 | 181374 | 14 | 424 | 71
592 | Revision_592/sql.c | U | 844 | 864 | 8 | 181375 | 14 | 423 | 71
592 | Revision_592/ruby.c | U | 214 | 218 | 8 | 181376 | 14 | 392 | 71
592 | Revision_592/fortran.c | U | 1211 | 1215 | 8 | 181377 | 14 | 85 | 71
592 | Revision_592/jscript.c | U | 682 | 693 | 8 | 181378 | 14 | 426 | 71
592 | Revision_592/sql.c | U | 1222 | 1228 | 8 | 181379 | 14 | 492 | 71
592 | Revision_592/jscript.c | U | 997 | 1003 | 8 | 181380 | 14 | 417 | 71
592 | Revision_592/readtags.c | U | 452 | 456 | 8 | 181381 | 14 | 90 | 71
592 | Revision_592/keyword.c | U | 185 | 189 | 8 | 181382 | 14 | 91 | 71
592 | Revision_592/options.c | U | 1042 | 1046 | 8 | 181383 | 14 | 89 | 71
592 | Revision_592/eiffel.c | U | 1032 | 1036 | 8 | 181384 | 14 | 151 | 71
592 | Revision_592/c.c | U | 2759 | 2764 | 8 | 181385 | 14 | 94 | 71
592 | Revision_592/fortran.c | U | 1340 | 1348 | 8 | 181386 | 14 | 84 | 71
592 | Revision_592/fortran.c | U | 1552 | 1557 | 8 | 181387 | 14 | 79 | 71
592 | Revision_592/c.c | U | 1778 | 1782 | 8 | 181388 | 14 | 121 | 71
592 | Revision_592/c.c | U | 2182 | 2189 | 8 | 181389 | 14 | 244 | 71
592 | Revision_592/c.c | U | 1787 | 1791 | 8 | 181390 | 14 | 331 | 71
592 | Revision_592/fortran.c | U | 1724 | 1728 | 8 | 181391 | 14 | 373 | 71
592 | Revision_592/vstring.c | U | 35 | 40 | 8 | 181392 | 14 | 98 | 71
592 | Revision_592/options.c | U | 674 | 678 | 8 | 181393 | 14 | 127 | 71
592 | Revision_592/routines.c | U | 453 | 459 | 8 | 181394 | 14 | 266 | 71
592 | Revision_592/fortran.c | U | 1006 | 1010 | 8 | 181395 | 14 | 128 | 71
592 | Revision_592/jscript.c | U | 767 | 774 | 8 | 181396 | 14 | 427 | 71
592 | Revision_592/eiffel.c | U | 1068 | 1077 | 8 | 181397 | 14 | 101 | 71
592 | Revision_592/fortran.c | U | 1545 | 1550 | 8 | 181398 | 14 | 79 | 71
592 | Revision_592/options.c | U | 1221 | 1225 | 8 | 181399 | 14 | 129 | 71
592 | Revision_592/jscript.c | U | 1237 | 1252 | 8 | 181400 | 14 | 413 | 71
592 | Revision_592/sql.c | U | 1356 | 1363 | 8 | 181401 | 14 | 430 | 71
592 | Revision_592/sql.c | U | 1738 | 1766 | 8 | 181402 | 14 | 431 | 71
592 | Revision_592/fortran.c | U | 1418 | 1426 | 8 | 181403 | 14 | 59 | 71
592 | Revision_592/jscript.c | U | 633 | 659 | 8 | 181404 | 14 | 429 | 71
592 | Revision_592/jscript.c | U | 571 | 606 | 8 | 181405 | 14 | 432 | 71
592 | Revision_592/fortran.c | U | 1713 | 1722 | 8 | 181406 | 14 | 221 | 71
592 | Revision_592/sql.c | U | 1021 | 1044 | 8 | 181407 | 14 | 437 | 71
592 | Revision_592/sql.c | U | 988 | 1005 | 8 | 181408 | 14 | 435 | 71
592 | Revision_592/sql.c | U | 1183 | 1196 | 8 | 181409 | 14 | 436 | 71
592 | Revision_592/jscript.c | U | 765 | 775 | 8 | 181410 | 14 | 427 | 71
592 | Revision_592/jscript.c | U | 698 | 747 | 8 | 181411 | 14 | 491 | 71
592 | Revision_592/jscript.c | U | 911 | 930 | 8 | 181412 | 14 | 438 | 71
592 | Revision_592/fortran.c | U | 1537 | 1543 | 8 | 181413 | 14 | 65 | 71
592 | Revision_592/fortran.c | U | 1758 | 1764 | 8 | 181414 | 14 | 314 | 71
592 | Revision_592/fortran.c | U | 1084 | 1090 | 8 | 181415 | 14 | 350 | 71
592 | Revision_592/sql.c | U | 1472 | 1498 | 8 | 181416 | 14 | 439 | 71
592 | Revision_592/sql.c | U | 1564 | 1585 | 8 | 181417 | 14 | 442 | 71
592 | Revision_592/sql.c | U | 1501 | 1522 | 8 | 181418 | 14 | 440 | 71
592 | Revision_592/sql.c | U | 1540 | 1561 | 8 | 181419 | 14 | 443 | 71
592 | Revision_592/sql.c | U | 1441 | 1469 | 8 | 181420 | 14 | 441 | 71
592 | Revision_592/jscript.c | U | 908 | 931 | 8 | 181421 | 14 | 438 | 71
592 | Revision_592/jscript.c | U | 903 | 932 | 8 | 181422 | 14 | 438 | 71
592 | Revision_592/sql.c | U | 1588 | 1628 | 8 | 181423 | 14 | 445 | 71
592 | Revision_592/jscript.c | U | 661 | 694 | 8 | 181424 | 14 | 446 | 71
592 | Revision_592/sql.c | U | 1200 | 1238 | 8 | 181425 | 14 | 447 | 71
592 | Revision_592/sql.c | U | 1326 | 1365 | 8 | 181426 | 14 | 448 | 71
592 | Revision_592/jscript.c | U | 900 | 933 | 8 | 181427 | 14 | 438 | 71
592 | Revision_592/sql.c | U | 1241 | 1284 | 8 | 181428 | 14 | 449 | 71
592 | Revision_592/c.c | U | 797 | 818 | 44 | 181429 | 15 | 103 | 72
592 | Revision_592/c.c | U | 821 | 841 | 44 | 181430 | 15 | 332 | 72
592 | Revision_592/c.c | U | 862 | 882 | 44 | 181431 | 15 | 316 | 72
592 | Revision_592/c.c | U | 929 | 948 | 44 | 181432 | 15 | 103 | 72
592 | Revision_592/c.c | U | 844 | 860 | 44 | 181433 | 15 | 316 | 72
592 | Revision_592/c.c | U | 885 | 896 | 12 | 181434 | 16 | 317 | 90
592 | Revision_592/c.c | U | 899 | 910 | 12 | 181435 | 16 | 318 | 90
592 | Revision_592/c.c | U | 1050 | 1055 | 6 | 181436 | 17 | 407 | 80
592 | Revision_592/jscript.c | U | 1212 | 1217 | 6 | 181437 | 17 | 417 | 80
592 | Revision_592/c.c | U | 1305 | 1311 | 7 | 181438 | 18 | 385 | 71
592 | Revision_592/fortran.c | U | 501 | 509 | 7 | 181439 | 18 | 112 | 71
592 | Revision_592/make.c | U | 63 | 69 | 7 | 181440 | 18 | 394 | 71
592 | Revision_592/make.c | U | 53 | 60 | 7 | 181441 | 18 | 395 | 71
592 | Revision_592/c.c | U | 1378 | 1385 | 7 | 181442 | 19 | 108 | 80
592 | Revision_592/c.c | U | 1387 | 1394 | 7 | 181443 | 19 | 109 | 80
592 | Revision_592/c.c | U | 1408 | 1415 | 7 | 181444 | 20 | 110 | 71
592 | Revision_592/fortran.c | U | 625 | 631 | 7 | 181445 | 20 | 112 | 71
592 | Revision_592/c.c | U | 2154 | 2161 | 7 | 181446 | 20 | 111 | 71
592 | Revision_592/c.c | U | 1418 | 1425 | 7 | 181447 | 20 | 405 | 71
592 | Revision_592/sql.c | U | 571 | 578 | 7 | 181448 | 20 | 406 | 71
592 | Revision_592/jscript.c | U | 404 | 411 | 7 | 181449 | 20 | 450 | 71
592 | Revision_592/c.c | U | 1456 | 1461 | 6 | 181450 | 21 | 386 | 80
592 | Revision_592/c.c | U | 1798 | 1803 | 6 | 181451 | 21 | 80 | 80
592 | Revision_592/c.c | U | 1482 | 1491 | 9 | 181452 | 22 | 294 | 71
592 | Revision_592/eiffel.c | U | 555 | 563 | 9 | 181453 | 22 | 295 | 71
592 | Revision_592/c.c | U | 1485 | 1489 | 5 | 181454 | 23 | 294 | 75
592 | Revision_592/readtags.c | U | 502 | 506 | 5 | 181455 | 23 | 90 | 75
592 | Revision_592/readtags.c | U | 681 | 685 | 5 | 181456 | 23 | 99 | 75
592 | Revision_592/c.c | U | 1499 | 1512 | 10 | 181457 | 24 | 396 | 75
592 | Revision_592/make.c | U | 77 | 87 | 10 | 181458 | 24 | 397 | 75
592 | Revision_592/fortran.c | U | 853 | 864 | 10 | 181459 | 24 | 116 | 75
592 | Revision_592/verilog.c | U | 199 | 212 | 10 | 181460 | 24 | 398 | 75
592 | Revision_592/eiffel.c | U | 588 | 600 | 10 | 181461 | 24 | 114 | 75
592 | Revision_592/sql.c | U | 455 | 466 | 10 | 181462 | 24 | 306 | 75
592 | Revision_592/eiffel.c | U | 573 | 585 | 10 | 181463 | 24 | 117 | 75
592 | Revision_592/jscript.c | U | 324 | 335 | 10 | 181464 | 24 | 451 | 75
592 | Revision_592/c.c | U | 1616 | 1622 | 8 | 181465 | 25 | 452 | 75
592 | Revision_592/jscript.c | U | 442 | 450 | 8 | 181466 | 25 | 453 | 75
592 | Revision_592/c.c | U | 1988 | 1992 | 5 | 181467 | 26 | 121 | 75
592 | Revision_592/fortran.c | U | 619 | 623 | 5 | 181468 | 26 | 112 | 75
592 | Revision_592/get.c | U | 594 | 598 | 5 | 181469 | 26 | 122 | 75
592 | Revision_592/fortran.c | U | 728 | 732 | 5 | 181470 | 26 | 144 | 75
592 | Revision_592/vim.c | U | 400 | 408 | 5 | 181471 | 26 | 500 | 75
592 | Revision_592/readtags.c | M | 363 | 367 | 5 | 181472 | 26 | 529 | 75
592 | Revision_592/perl.c | U | 185 | 189 | 5 | 181473 | 26 | 163 | 75
592 | Revision_592/pascal.c | U | 134 | 138 | 5 | 181474 | 26 | 164 | 75
592 | Revision_592/python.c | U | 380 | 387 | 5 | 181475 | 26 | 503 | 75
592 | Revision_592/c.c | U | 2142 | 2149 | 9 | 181476 | 27 | 28 | 71
592 | Revision_592/eiffel.c | U | 1065 | 1078 | 9 | 181477 | 27 | 156 | 71
592 | Revision_592/c.c | U | 2465 | 2472 | 6 | 181478 | 28 | 94 | 75
592 | Revision_592/sql.c | U | 1414 | 1418 | 6 | 181479 | 28 | 454 | 75
592 | Revision_592/sql.c | U | 1673 | 1677 | 6 | 181480 | 28 | 455 | 75
592 | Revision_592/jscript.c | U | 837 | 846 | 6 | 181481 | 28 | 456 | 75
592 | Revision_592/jscript.c | U | 848 | 853 | 6 | 181482 | 28 | 457 | 75
592 | Revision_592/jscript.c | U | 819 | 835 | 6 | 181483 | 28 | 480 | 75
592 | Revision_592/c.c | U | 2478 | 2482 | 5 | 181484 | 29 | 387 | 100
592 | Revision_592/c.c | U | 2485 | 2489 | 5 | 181485 | 29 | 94 | 100
592 | Revision_592/c.c | U | 2708 | 2713 | 6 | 181486 | 30 | 94 | 80
592 | Revision_592/sql.c | U | 1008 | 1013 | 6 | 181487 | 30 | 301 | 80
592 | Revision_592/c.c | U | 2799 | 2808 | 9 | 181488 | 31 | 130 | 71
592 | Revision_592/eiffel.c | U | 214 | 223 | 9 | 181489 | 31 | 131 | 71
592 | Revision_592/sql.c | U | 346 | 355 | 9 | 181490 | 31 | 302 | 71
592 | Revision_592/verilog.c | U | 108 | 118 | 9 | 181491 | 31 | 381 | 71
592 | Revision_592/asm.c | U | 120 | 128 | 9 | 181492 | 31 | 288 | 71
592 | Revision_592/jscript.c | U | 188 | 197 | 9 | 181493 | 31 | 458 | 71
592 | Revision_592/fortran.c | U | 397 | 406 | 9 | 181494 | 31 | 132 | 71
592 | Revision_592/eiffel.c | U | 286 | 300 | 10 | 181495 | 32 | 133 | 70
592 | Revision_592/jscript.c | U | 225 | 239 | 10 | 181496 | 32 | 459 | 70
592 | Revision_592/sql.c | U | 381 | 395 | 10 | 181497 | 32 | 303 | 70
592 | Revision_592/beta.c | U | 71 | 80 | 10 | 181498 | 32 | 134 | 70
592 | Revision_592/parse.c | U | 43 | 54 | 10 | 181499 | 32 | 135 | 70
592 | Revision_592/sml.c | U | 75 | 81 | 10 | 181500 | 32 | 324 | 70
592 | Revision_592/eiffel.c | U | 288 | 298 | 10 | 181501 | 32 | 136 | 70
592 | Revision_592/eiffel.c | U | 366 | 375 | 8 | 181502 | 33 | 304 | 100
592 | Revision_592/jscript.c | U | 294 | 301 | 8 | 181503 | 33 | 460 | 100
592 | Revision_592/sql.c | U | 426 | 433 | 8 | 181504 | 33 | 305 | 100
592 | Revision_592/eiffel.c | U | 381 | 402 | 20 | 181505 | 34 | 139 | 70
592 | Revision_592/fortran.c | U | 767 | 793 | 20 | 181506 | 34 | 140 | 70
592 | Revision_592/eiffel.c | U | 405 | 433 | 24 | 181507 | 35 | 141 | 95
592 | Revision_592/fortran.c | U | 796 | 824 | 24 | 181508 | 35 | 505 | 95
592 | Revision_592/eiffel.c | U | 413 | 419 | 6 | 181509 | 36 | 119 | 80
592 | Revision_592/eiffel.c | U | 421 | 426 | 6 | 181510 | 36 | 119 | 80
592 | Revision_592/jscript.c | U | 919 | 929 | 6 | 181511 | 36 | 479 | 80
592 | Revision_592/options.c | U | 352 | 357 | 6 | 181512 | 36 | 224 | 80
592 | Revision_592/fortran.c | U | 812 | 817 | 6 | 181513 | 36 | 116 | 80
592 | Revision_592/fortran.c | U | 804 | 810 | 6 | 181514 | 36 | 50 | 80
592 | Revision_592/eiffel.c | U | 546 | 550 | 5 | 181515 | 37 | 143 | 75
592 | Revision_592/verilog.c | U | 238 | 242 | 5 | 181516 | 37 | 382 | 75
592 | Revision_592/fortran.c | U | 985 | 989 | 5 | 181517 | 37 | 145 | 75
592 | Revision_592/verilog.c | U | 142 | 146 | 5 | 181518 | 37 | 383 | 75
592 | Revision_592/fortran.c | U | 785 | 789 | 5 | 181519 | 37 | 144 | 75
592 | Revision_592/eiffel.c | U | 603 | 612 | 8 | 181520 | 38 | 146 | 100
592 | Revision_592/sql.c | U | 469 | 476 | 8 | 181521 | 38 | 305 | 100
592 | Revision_592/fortran.c | U | 871 | 880 | 8 | 181522 | 38 | 147 | 100
592 | Revision_592/asm.c | U | 131 | 139 | 8 | 181523 | 38 | 270 | 100
592 | Revision_592/jscript.c | U | 338 | 345 | 8 | 181524 | 38 | 471 | 100
592 | Revision_592/eiffel.c | U | 720 | 727 | 9 | 181525 | 39 | 148 | 77
592 | Revision_592/jscript.c | U | 427 | 436 | 9 | 181526 | 39 | 461 | 77
592 | Revision_592/eiffel.c | U | 729 | 734 | 6 | 181527 | 40 | 506 | 100
592 | Revision_592/fortran.c | U | 1043 | 1048 | 6 | 181528 | 40 | 312 | 100
592 | Revision_592/eiffel.c | U | 773 | 820 | 13 | 181529 | 41 | 349 | 72
592 | Revision_592/fortran.c | U | 1098 | 1109 | 13 | 181530 | 41 | 350 | 72
592 | Revision_592/eiffel.c | U | 838 | 856 | 13 | 181531 | 42 | 251 | 72
592 | Revision_592/eiffel.c | U | 860 | 881 | 13 | 181532 | 42 | 252 | 72
592 | Revision_592/fortran.c | U | 1380 | 1393 | 13 | 181533 | 42 | 336 | 72
592 | Revision_592/eiffel.c | U | 1007 | 1020 | 13 | 181534 | 42 | 253 | 72
592 | Revision_592/fortran.c | U | 1634 | 1642 | 13 | 181535 | 42 | 337 | 72
592 | Revision_592/eiffel.c | U | 868 | 880 | 10 | 181536 | 43 | 156 | 75
592 | Revision_592/sql.c | U | 1309 | 1319 | 10 | 181537 | 43 | 462 | 75
592 | Revision_592/basic.c | U | 135 | 140 | 6 | 181538 | 44 | 411 | 80
592 | Revision_592/basic.c | U | 147 | 152 | 6 | 181539 | 44 | 412 | 80
592 | Revision_592/verilog.c | U | 187 | 193 | 8 | 181540 | 45 | 399 | 75
592 | Revision_592/make.c | U | 97 | 105 | 8 | 181541 | 45 | 400 | 75
592 | Revision_592/verilog.c | U | 286 | 290 | 5 | 181542 | 46 | 401 | 75
592 | Revision_592/make.c | U | 44 | 48 | 5 | 181543 | 46 | 402 | 75
592 | Revision_592/jscript.c | U | 242 | 263 | 15 | 181544 | 47 | 467 | 91
592 | Revision_592/sql.c | U | 398 | 419 | 15 | 181545 | 47 | 468 | 91
592 | Revision_592/jscript.c | U | 266 | 275 | 8 | 181546 | 48 | 415 | 100
592 | Revision_592/jscript.c | U | 278 | 287 | 8 | 181547 | 48 | 460 | 100
592 | Revision_592/jscript.c | U | 304 | 318 | 14 | 181548 | 49 | 469 | 100
592 | Revision_592/sql.c | U | 436 | 450 | 14 | 181549 | 49 | 470 | 100
592 | Revision_592/jscript.c | U | 348 | 439 | 110 | 181550 | 50 | 472 | 76
592 | Revision_592/sql.c | U | 479 | 612 | 110 | 181551 | 50 | 473 | 76
592 | Revision_592/jscript.c | U | 457 | 487 | 18 | 181552 | 51 | 465 | 100
592 | Revision_592/jscript.c | U | 490 | 519 | 18 | 181553 | 51 | 507 | 100
592 | Revision_592/sql.c | U | 666 | 696 | 18 | 181554 | 51 | 466 | 100
592 | Revision_592/jscript.c | U | 522 | 529 | 7 | 181555 | 52 | 474 | 80
592 | Revision_592/sql.c | U | 631 | 638 | 7 | 181556 | 52 | 476 | 80
592 | Revision_592/jscript.c | U | 532 | 539 | 7 | 181557 | 52 | 475 | 80
592 | Revision_592/jscript.c | U | 985 | 994 | 6 | 181558 | 53 | 497 | 75
592 | Revision_592/options.c | U | 1683 | 1687 | 6 | 181559 | 53 | 333 | 75
592 | Revision_592/jscript.c | U | 1065 | 1091 | 12 | 181560 | 54 | 508 | 72
592 | Revision_592/jscript.c | U | 1093 | 1115 | 12 | 181561 | 54 | 509 | 72
592 | Revision_592/jscript.c | U | 1349 | 1396 | 27 | 181562 | 55 | 510 | 72
592 | Revision_592/fortran.c | U | 1268 | 1293 | 27 | 181563 | 55 | 369 | 72
592 | Revision_592/jscript.c | U | 1407 | 1410 | 8 | 181564 | 56 | 498 | 71
592 | Revision_592/Test/local.c | U | 14 | 20 | 8 | 181565 | 56 | 384 | 71
592 | Revision_592/jscript.c | U | 1420 | 1424 | 5 | 181566 | 57 | 484 | 75
592 | Revision_592/sql.c | U | 1816 | 1820 | 5 | 181567 | 57 | 404 | 75
592 | Revision_592/make.c | U | 185 | 189 | 5 | 181568 | 57 | 403 | 75
592 | Revision_592/gnu_regex/regex.c | U | 810 | 815 | 5 | 181569 | 58 | 513 | 75
592 | Revision_592/routines.c | U | 621 | 644 | 5 | 181570 | 58 | 514 | 75
592 | Revision_592/options.c | U | 397 | 402 | 5 | 181571 | 58 | 355 | 75
592 | Revision_592/main.c | U | 126 | 139 | 5 | 181572 | 58 | 354 | 75
592 | Revision_592/gnu_regex/regex.c | U | 1182 | 1192 | 6 | 181573 | 59 | 515 | 80
592 | Revision_592/gnu_regex/regex.c | U | 1197 | 1207 | 6 | 181574 | 59 | 516 | 80
592 | Revision_592/gnu_regex/regex.c | U | 1330 | 1339 | 5 | 181575 | 60 | 517 | 100
592 | Revision_592/gnu_regex/regex.c | U | 1812 | 1816 | 5 | 181576 | 60 | 518 | 100
592 | Revision_592/gnu_regex/regex.c | U | 1753 | 1758 | 6 | 181577 | 61 | 519 | 100
592 | Revision_592/gnu_regex/regex.c | U | 1773 | 1778 | 6 | 181578 | 61 | 520 | 100
592 | Revision_592/gnu_regex/regex.c | U | 1788 | 1793 | 6 | 181579 | 61 | 521 | 100
592 | Revision_592/gnu_regex/regex.c | U | 2096 | 2104 | 7 | 181580 | 62 | 522 | 83
592 | Revision_592/gnu_regex/regex.c | U | 2115 | 2123 | 7 | 181581 | 62 | 523 | 83
592 | Revision_592/gnu_regex/regex.c | U | 2764 | 2768 | 5 | 181582 | 63 | 524 | 75
592 | Revision_592/beta.c | U | 152 | 156 | 5 | 181583 | 63 | 203 | 75
592 | Revision_592/beta.c | U | 277 | 281 | 5 | 181584 | 63 | 205 | 75
592 | Revision_592/beta.c | U | 158 | 162 | 5 | 181585 | 63 | 204 | 75
592 | Revision_592/beta.c | U | 165 | 169 | 5 | 181586 | 63 | 206 | 75
592 | Revision_592/beta.c | U | 271 | 275 | 5 | 181587 | 63 | 207 | 75
592 | Revision_592/gnu_regex/regex.c | U | 3539 | 3547 | 8 | 181588 | 64 | 525 | 83
592 | Revision_592/gnu_regex/regex.c | U | 3549 | 3556 | 8 | 181589 | 64 | 526 | 83
592 | Revision_592/gnu_regex/regex.c | U | 3718 | 3732 | 15 | 181590 | 65 | 527 | 71
592 | Revision_592/gnu_regex/regex.c | U | 4308 | 4325 | 15 | 181591 | 65 | 528 | 71
592 | Revision_592/vim.c | U | 97 | 101 | 5 | 181592 | 66 | 290 | 100
592 | Revision_592/vim.c | U | 103 | 107 | 5 | 181593 | 66 | 291 | 100
592 | Revision_592/vim.c | U | 244 | 267 | 17 | 181594 | 67 | 334 | 76
592 | Revision_592/vim.c | U | 294 | 312 | 17 | 181595 | 67 | 159 | 76
592 | Revision_592/python.c | U | 84 | 97 | 11 | 181596 | 68 | 37 | 77
592 | Revision_592/python.c | U | 127 | 138 | 11 | 181597 | 68 | 13 | 77
592 | Revision_592/python.c | U | 177 | 181 | 5 | 181598 | 69 | 278 | 75
592 | Revision_592/sml.c | U | 84 | 88 | 5 | 181599 | 69 | 325 | 75
592 | Revision_592/erlang.c | U | 58 | 62 | 5 | 181600 | 69 | 341 | 75
592 | Revision_592/python.c | U | 198 | 202 | 5 | 181601 | 69 | 326 | 75
592 | Revision_592/options.c | U | 963 | 968 | 5 | 181602 | 69 | 280 | 75
592 | Revision_592/python.c | U | 206 | 215 | 9 | 181603 | 70 | 292 | 75
592 | Revision_592/tcl.c | U | 44 | 54 | 9 | 181604 | 70 | 293 | 75
592 | Revision_592/erlang.c | U | 66 | 75 | 9 | 181605 | 70 | 342 | 75
592 | Revision_592/python.c | U | 417 | 421 | 5 | 181606 | 71 | 504 | 75
592 | Revision_592/pascal.c | U | 184 | 190 | 5 | 181607 | 71 | 171 | 75
592 | Revision_592/pascal.c | U | 176 | 182 | 5 | 181608 | 71 | 170 | 75
592 | Revision_592/pascal.c | U | 150 | 154 | 5 | 181609 | 71 | 319 | 75
592 | Revision_592/perl.c | U | 206 | 212 | 7 | 181610 | 72 | 389 | 83
592 | Revision_592/perl.c | U | 252 | 257 | 7 | 181611 | 72 | 502 | 83
592 | Revision_592/perl.c | U | 324 | 330 | 7 | 181612 | 73 | 389 | 71
592 | Revision_592/erlang.c | U | 97 | 105 | 7 | 181613 | 73 | 344 | 71
592 | Revision_592/main.c | U | 260 | 267 | 7 | 181614 | 73 | 377 | 71
592 | Revision_592/erlang.c | U | 116 | 121 | 7 | 181615 | 73 | 346 | 71
592 | Revision_592/erlang.c | U | 108 | 113 | 7 | 181616 | 73 | 344 | 71
592 | Revision_592/main.c | U | 179 | 185 | 7 | 181617 | 73 | 376 | 71
592 | Revision_592/sort.c | U | 118 | 123 | 5 | 181618 | 74 | 281 | 100
592 | Revision_592/sort.c | U | 126 | 131 | 5 | 181619 | 74 | 282 | 100
592 | Revision_592/strlist.c | U | 32 | 38 | 8 | 181620 | 75 | 165 | 71
592 | Revision_592/vstring.c | U | 77 | 87 | 8 | 181621 | 75 | 166 | 71
592 | Revision_592/strlist.c | U | 191 | 196 | 7 | 181622 | 76 | 168 | 83
592 | Revision_592/strlist.c | U | 200 | 206 | 7 | 181623 | 76 | 390 | 83
592 | Revision_592/get.c | U | 305 | 314 | 10 | 181624 | 77 | 174 | 70
592 | Revision_592/parse.c | U | 584 | 598 | 10 | 181625 | 77 | 175 | 70
592 | Revision_592/read.c | U | 220 | 231 | 10 | 181626 | 77 | 176 | 70
592 | Revision_592/get.c | U | 467 | 478 | 10 | 181627 | 78 | 177 | 87
592 | Revision_592/get.c | U | 484 | 495 | 10 | 181628 | 78 | 178 | 87
592 | Revision_592/get.c | U | 541 | 546 | 6 | 181629 | 79 | 180 | 80
592 | Revision_592/read.c | U | 421 | 425 | 6 | 181630 | 79 | 181 | 80
592 | Revision_592/routines.c | U | 237 | 244 | 6 | 181631 | 80 | 254 | 80
592 | Revision_592/routines.c | U | 247 | 254 | 6 | 181632 | 80 | 255 | 80
592 | Revision_592/routines.c | U | 288 | 295 | 8 | 181633 | 81 | 256 | 83
592 | Revision_592/routines.c | U | 298 | 305 | 8 | 181634 | 81 | 257 | 83
592 | Revision_592/readtags.c | U | 106 | 113 | 8 | 181635 | 81 | 123 | 83
592 | Revision_592/readtags.c | U | 116 | 123 | 8 | 181636 | 81 | 238 | 83
592 | Revision_592/routines.c | U | 322 | 326 | 5 | 181637 | 82 | 258 | 75
592 | Revision_592/vstring.c | U | 125 | 129 | 5 | 181638 | 82 | 188 | 75
592 | Revision_592/vstring.c | U | 118 | 122 | 5 | 181639 | 82 | 189 | 75
592 | Revision_592/routines.c | U | 329 | 335 | 6 | 181640 | 83 | 259 | 100
592 | Revision_592/routines.c | U | 338 | 344 | 6 | 181641 | 83 | 260 | 100
592 | Revision_592/routines.c | U | 349 | 356 | 8 | 181642 | 84 | 261 | 100
592 | Revision_592/routines.c | U | 361 | 368 | 8 | 181643 | 84 | 262 | 100
592 | Revision_592/sh.c | U | 89 | 94 | 6 | 181644 | 85 | 378 | 80
592 | Revision_592/asm.c | U | 347 | 352 | 6 | 181645 | 85 | 379 | 80
592 | Revision_592/beta.c | U | 134 | 141 | 6 | 181646 | 86 | 201 | 75
592 | Revision_592/beta.c | U | 204 | 212 | 6 | 181647 | 86 | 202 | 75
592 | Revision_592/sql.c | U | 784 | 794 | 8 | 181648 | 87 | 493 | 71
592 | Revision_592/sql.c | U | 1423 | 1432 | 8 | 181649 | 87 | 486 | 71
592 | Revision_592/sql.c | U | 1287 | 1323 | 24 | 181650 | 88 | 487 | 78
592 | Revision_592/sql.c | U | 1692 | 1735 | 24 | 181651 | 88 | 488 | 78
592 | Revision_592/sql.c | U | 1656 | 1681 | 17 | 181652 | 89 | 489 | 84
592 | Revision_592/sql.c | U | 1705 | 1729 | 17 | 181653 | 89 | 490 | 84
592 | Revision_592/parse.c | U | 96 | 106 | 11 | 181654 | 90 | 208 | 88
592 | Revision_592/parse.c | U | 109 | 120 | 11 | 181655 | 90 | 209 | 88
592 | Revision_592/parse.c | U | 297 | 301 | 5 | 181656 | 91 | 356 | 75
592 | Revision_592/parse.c | U | 554 | 558 | 5 | 181657 | 91 | 357 | 75
592 | Revision_592/parse.c | U | 573 | 577 | 5 | 181658 | 91 | 358 | 75
592 | Revision_592/readtags.c | U | 541 | 547 | 6 | 181659 | 92 | 239 | 100
592 | Revision_592/readtags.c | U | 549 | 555 | 6 | 181660 | 92 | 240 | 100
592 | Revision_592/readtags.c | U | 584 | 588 | 6 | 181661 | 93 | 123 | 75
592 | Revision_592/readtags.c | U | 639 | 645 | 6 | 181662 | 93 | 124 | 75
592 | Revision_592/readtags.c | U | 718 | 726 | 8 | 181663 | 94 | 210 | 83
592 | Revision_592/readtags.c | U | 773 | 781 | 8 | 181664 | 94 | 211 | 83
592 | Revision_592/readtags.c | U | 729 | 737 | 8 | 181665 | 94 | 212 | 83
592 | Revision_592/readtags.c | U | 740 | 745 | 6 | 181666 | 95 | 241 | 80
592 | Revision_592/readtags.c | U | 757 | 762 | 6 | 181667 | 95 | 242 | 80
592 | Revision_592/readtags.c | U | 765 | 770 | 6 | 181668 | 95 | 287 | 80
592 | Revision_592/fortran.c | U | 1271 | 1292 | 23 | 181669 | 96 | 369 | 72
592 | Revision_592/fortran.c | U | 1791 | 1814 | 23 | 181670 | 96 | 366 | 72
592 | Revision_592/fortran.c | U | 1325 | 1331 | 7 | 181671 | 97 | 85 | 83
592 | Revision_592/fortran.c | U | 1384 | 1390 | 7 | 181672 | 97 | 84 | 83
592 | Revision_592/fortran.c | U | 1451 | 1459 | 10 | 181673 | 98 | 314 | 77
592 | Revision_592/fortran.c | U | 1490 | 1499 | 10 | 181674 | 98 | 59 | 77
592 | Revision_592/fortran.c | U | 1731 | 1746 | 20 | 181675 | 99 | 21 | 84
592 | Revision_592/fortran.c | U | 1948 | 1964 | 20 | 181676 | 99 | 374 | 84
592 | Revision_592/fortran.c | U | 1912 | 1931 | 17 | 181677 | 100 | 220 | 75
592 | Revision_592/fortran.c | U | 1983 | 2000 | 17 | 181678 | 100 | 221 | 75
592 | Revision_592/fortran.c | U | 2060 | 2081 | 17 | 181679 | 100 | 372 | 75
592 | Revision_592/asm.c | U | 243 | 256 | 11 | 181680 | 101 | 289 | 77
592 | Revision_592/asm.c | U | 261 | 271 | 11 | 181681 | 101 | 279 | 77
592 | Revision_592/scheme.c | U | 70 | 78 | 8 | 181682 | 102 | 222 | 71
592 | Revision_592/scheme.c | U | 85 | 93 | 8 | 181683 | 102 | 223 | 71
592 | Revision_592/options.c | U | 369 | 375 | 6 | 181684 | 103 | 224 | 100
592 | Revision_592/options.c | U | 378 | 384 | 6 | 181685 | 103 | 225 | 100
592 | Revision_592/options.c | U | 543 | 549 | 7 | 181686 | 104 | 226 | 100
592 | Revision_592/options.c | U | 552 | 558 | 7 | 181687 | 104 | 227 | 100
592 | Revision_592/options.c | U | 570 | 576 | 7 | 181688 | 104 | 228 | 100
592 | Revision_592/options.c | U | 561 | 567 | 7 | 181689 | 104 | 229 | 100
592 | Revision_592/options.c | U | 982 | 986 | 5 | 181690 | 105 | 230 | 75
592 | Revision_592/options.c | U | 1008 | 1012 | 5 | 181691 | 105 | 231 | 75
592 | Revision_592/options.c | U | 1102 | 1106 | 5 | 181692 | 106 | 232 | 100
592 | Revision_592/options.c | U | 1108 | 1112 | 5 | 181693 | 106 | 233 | 100
592 | Revision_592/options.c | U | 1154 | 1166 | 12 | 181694 | 107 | 360 | 100
592 | Revision_592/options.c | U | 1171 | 1183 | 12 | 181695 | 107 | 235 | 100
592 | Revision_592/options.c | U | 1425 | 1442 | 15 | 181696 | 108 | 236 | 91
592 | Revision_592/options.c | U | 1463 | 1480 | 15 | 181697 | 108 | 237 | 91
