Revision | filePath | changeType | StartLine | EndLine | Nlines | cloneId | classId | globalCloneId | Similarity
594 | Revision_594/lisp.c | U | 91 | 97 | 7 | 182139 | 1 | 1 | 83
594 | Revision_594/lisp.c | U | 112 | 118 | 7 | 182140 | 1 | 2 | 83
594 | Revision_594/lisp.c | U | 127 | 137 | 9 | 182141 | 2 | 3 | 70
594 | Revision_594/php.c | U | 89 | 96 | 9 | 182142 | 2 | 501 | 70
594 | Revision_594/beta.c | U | 311 | 319 | 9 | 182143 | 2 | 5 | 70
594 | Revision_594/c.c | U | 2883 | 2892 | 9 | 182144 | 2 | 12 | 70
594 | Revision_594/tcl.c | U | 106 | 114 | 9 | 182145 | 2 | 18 | 70
594 | Revision_594/sh.c | U | 103 | 113 | 9 | 182146 | 2 | 17 | 70
594 | Revision_594/c.c | U | 2841 | 2850 | 9 | 182147 | 2 | 15 | 70
594 | Revision_594/fortran.c | U | 2200 | 2215 | 9 | 182148 | 2 | 21 | 70
594 | Revision_594/basic.c | U | 193 | 201 | 9 | 182149 | 2 | 408 | 70
594 | Revision_594/perl.c | U | 343 | 351 | 9 | 182150 | 2 | 7 | 70
594 | Revision_594/ruby.c | U | 398 | 406 | 9 | 182151 | 2 | 19 | 70
594 | Revision_594/python.c | U | 447 | 455 | 9 | 182152 | 2 | 13 | 70
594 | Revision_594/pascal.c | U | 257 | 265 | 9 | 182153 | 2 | 14 | 70
594 | Revision_594/vim.c | U | 626 | 634 | 9 | 182154 | 2 | 20 | 70
594 | Revision_594/sml.c | U | 202 | 210 | 9 | 182155 | 2 | 321 | 70
594 | Revision_594/eiffel.c | U | 1247 | 1256 | 9 | 182156 | 2 | 9 | 70
594 | Revision_594/cobol.c | U | 40 | 48 | 9 | 182157 | 2 | 320 | 70
594 | Revision_594/erlang.c | U | 179 | 187 | 9 | 182158 | 2 | 340 | 70
594 | Revision_594/verilog.c | U | 329 | 338 | 9 | 182159 | 2 | 283 | 70
594 | Revision_594/scheme.c | U | 99 | 109 | 9 | 182160 | 2 | 16 | 70
594 | Revision_594/lua.c | U | 123 | 131 | 9 | 182161 | 2 | 243 | 70
594 | Revision_594/sql.c | U | 1834 | 1843 | 9 | 182162 | 2 | 296 | 70
594 | Revision_594/asp.c | U | 201 | 209 | 9 | 182163 | 2 | 4 | 70
594 | Revision_594/c.c | U | 2871 | 2880 | 9 | 182164 | 2 | 315 | 70
594 | Revision_594/c.c | U | 2895 | 2904 | 9 | 182165 | 2 | 330 | 70
594 | Revision_594/awk.c | U | 71 | 79 | 9 | 182166 | 2 | 10 | 70
594 | Revision_594/c.c | U | 2853 | 2868 | 9 | 182167 | 2 | 8 | 70
594 | Revision_594/slang.c | U | 34 | 41 | 9 | 182168 | 2 | 24 | 70
594 | Revision_594/keyword.c | U | 107 | 116 | 9 | 182169 | 2 | 27 | 70
594 | Revision_594/rexx.c | U | 30 | 37 | 9 | 182170 | 2 | 26 | 70
594 | Revision_594/yacc.c | U | 31 | 38 | 9 | 182171 | 2 | 23 | 70
594 | Revision_594/html.c | U | 40 | 47 | 9 | 182172 | 2 | 365 | 70
594 | Revision_594/jscript.c | U | 1447 | 1460 | 9 | 182173 | 2 | 413 | 70
594 | Revision_594/make.c | U | 199 | 209 | 9 | 182174 | 2 | 25 | 70
594 | Revision_594/asm.c | U | 366 | 385 | 9 | 182175 | 2 | 274 | 70
594 | Revision_594/options.c | U | 626 | 632 | 9 | 182176 | 2 | 29 | 70
594 | Revision_594/fortran.c | U | 413 | 425 | 9 | 182177 | 2 | 158 | 70
594 | Revision_594/sql.c | U | 358 | 367 | 9 | 182178 | 2 | 309 | 70
594 | Revision_594/gnu_regex/regex.c | U | 2824 | 2829 | 9 | 182179 | 2 | 511 | 70
594 | Revision_594/c.c | U | 2192 | 2197 | 9 | 182180 | 2 | 28 | 70
594 | Revision_594/options.c | U | 533 | 538 | 9 | 182181 | 2 | 30 | 70
594 | Revision_594/c.c | U | 2221 | 2229 | 9 | 182182 | 2 | 31 | 70
594 | Revision_594/jscript.c | U | 200 | 211 | 9 | 182183 | 2 | 414 | 70
594 | Revision_594/eiffel.c | U | 1201 | 1213 | 9 | 182184 | 2 | 157 | 70
594 | Revision_594/c.c | U | 482 | 488 | 9 | 182185 | 2 | 53 | 70
594 | Revision_594/gnu_regex/regex.c | U | 2822 | 2836 | 9 | 182186 | 2 | 512 | 70
594 | Revision_594/asp.c | U | 71 | 90 | 15 | 182187 | 3 | 33 | 100
594 | Revision_594/asp.c | U | 94 | 113 | 15 | 182188 | 3 | 34 | 100
594 | Revision_594/asp.c | U | 117 | 133 | 14 | 182189 | 4 | 35 | 100
594 | Revision_594/asp.c | U | 175 | 190 | 14 | 182190 | 4 | 36 | 100
594 | Revision_594/asp.c | U | 156 | 171 | 14 | 182191 | 4 | 36 | 100
594 | Revision_594/asp.c | U | 137 | 152 | 14 | 182192 | 4 | 36 | 100
594 | Revision_594/args.c | U | 85 | 92 | 8 | 182193 | 5 | 43 | 100
594 | Revision_594/args.c | U | 160 | 167 | 8 | 182194 | 5 | 44 | 100
594 | Revision_594/args.c | U | 182 | 190 | 9 | 182195 | 6 | 45 | 75
594 | Revision_594/args.c | U | 193 | 200 | 9 | 182196 | 6 | 46 | 75
594 | Revision_594/args.c | U | 203 | 211 | 9 | 182197 | 6 | 47 | 75
594 | Revision_594/args.c | U | 266 | 272 | 6 | 182198 | 7 | 48 | 80
594 | Revision_594/options.c | U | 579 | 584 | 6 | 182199 | 7 | 49 | 80
594 | Revision_594/fortran.c | U | 903 | 908 | 6 | 182200 | 7 | 50 | 80
594 | Revision_594/c.c | U | 534 | 540 | 6 | 182201 | 8 | 51 | 75
594 | Revision_594/jscript.c | U | 214 | 218 | 6 | 182202 | 8 | 415 | 75
594 | Revision_594/vstring.c | U | 67 | 74 | 6 | 182203 | 8 | 52 | 75
594 | Revision_594/sql.c | U | 370 | 374 | 6 | 182204 | 8 | 416 | 75
594 | Revision_594/eiffel.c | U | 1216 | 1222 | 6 | 182205 | 8 | 362 | 75
594 | Revision_594/fortran.c | U | 439 | 444 | 6 | 182206 | 8 | 363 | 75
594 | Revision_594/vstring.c | U | 69 | 73 | 6 | 182207 | 8 | 52 | 75
594 | Revision_594/c.c | U | 543 | 550 | 6 | 182208 | 9 | 53 | 80
594 | Revision_594/c.c | U | 553 | 560 | 6 | 182209 | 9 | 54 | 80
594 | Revision_594/c.c | U | 662 | 678 | 18 | 182210 | 10 | 55 | 70
594 | Revision_594/c.c | U | 1165 | 1183 | 18 | 182211 | 10 | 60 | 70
594 | Revision_594/c.c | U | 681 | 696 | 18 | 182212 | 10 | 57 | 70
594 | Revision_594/fortran.c | U | 1112 | 1132 | 18 | 182213 | 10 | 58 | 70
594 | Revision_594/fortran.c | U | 1135 | 1150 | 18 | 182214 | 10 | 375 | 70
594 | Revision_594/fortran.c | U | 1871 | 1887 | 18 | 182215 | 10 | 59 | 70
594 | Revision_594/c.c | U | 1242 | 1256 | 18 | 182216 | 10 | 56 | 70
594 | Revision_594/fortran.c | U | 1788 | 1816 | 18 | 182217 | 10 | 366 | 70
594 | Revision_594/jscript.c | U | 1362 | 1385 | 18 | 182218 | 10 | 463 | 70
594 | Revision_594/Test/local.c | U | 9 | 22 | 18 | 182219 | 10 | 384 | 70
594 | Revision_594/fortran.c | U | 1115 | 1130 | 18 | 182220 | 10 | 58 | 70
594 | Revision_594/c.c | U | 1168 | 1181 | 18 | 182221 | 10 | 63 | 70
594 | Revision_594/fortran.c | U | 1588 | 1625 | 18 | 182222 | 10 | 367 | 70
594 | Revision_594/eiffel.c | U | 906 | 946 | 18 | 182223 | 10 | 248 | 70
594 | Revision_594/eiffel.c | U | 1112 | 1136 | 18 | 182224 | 10 | 307 | 70
594 | Revision_594/fortran.c | U | 1874 | 1885 | 18 | 182225 | 10 | 65 | 70
594 | Revision_594/eiffel.c | U | 1185 | 1197 | 18 | 182226 | 10 | 157 | 70
594 | Revision_594/sql.c | U | 881 | 905 | 18 | 182227 | 10 | 308 | 70
594 | Revision_594/eiffel.c | U | 1191 | 1196 | 18 | 182228 | 10 | 362 | 70
594 | Revision_594/c.c | U | 684 | 694 | 13 | 182229 | 11 | 57 | 75
594 | Revision_594/c.c | U | 1244 | 1255 | 13 | 182230 | 11 | 64 | 75
594 | Revision_594/c.c | U | 714 | 736 | 21 | 182231 | 12 | 72 | 70
594 | Revision_594/fortran.c | U | 1302 | 1312 | 21 | 182232 | 12 | 337 | 70
594 | Revision_594/c.c | U | 746 | 752 | 8 | 182233 | 13 | 74 | 71
594 | Revision_594/options.c | U | 472 | 479 | 8 | 182234 | 13 | 75 | 71
594 | Revision_594/c.c | U | 787 | 791 | 8 | 182235 | 14 | 76 | 71
594 | Revision_594/jscript.c | U | 1313 | 1317 | 8 | 182236 | 14 | 417 | 71
594 | Revision_594/sql.c | U | 913 | 919 | 8 | 182237 | 14 | 419 | 71
594 | Revision_594/sql.c | U | 997 | 1004 | 8 | 182238 | 14 | 418 | 71
594 | Revision_594/c.c | U | 2116 | 2120 | 8 | 182239 | 14 | 80 | 71
594 | Revision_594/fortran.c | U | 1916 | 1920 | 8 | 182240 | 14 | 79 | 71
594 | Revision_594/eiffel.c | U | 673 | 677 | 8 | 182241 | 14 | 249 | 71
594 | Revision_594/eiffel.c | U | 1013 | 1017 | 8 | 182242 | 14 | 269 | 71
594 | Revision_594/eiffel.c | U | 962 | 966 | 8 | 182243 | 14 | 269 | 71
594 | Revision_594/eiffel.c | U | 875 | 879 | 8 | 182244 | 14 | 269 | 71
594 | Revision_594/fortran.c | U | 1343 | 1347 | 8 | 182245 | 14 | 85 | 71
594 | Revision_594/sql.c | U | 1230 | 1235 | 8 | 182246 | 14 | 422 | 71
594 | Revision_594/eiffel.c | U | 850 | 855 | 8 | 182247 | 14 | 151 | 71
594 | Revision_594/sql.c | U | 1460 | 1466 | 8 | 182248 | 14 | 420 | 71
594 | Revision_594/sql.c | U | 1489 | 1495 | 8 | 182249 | 14 | 421 | 71
594 | Revision_594/readtags.c | U | 144 | 148 | 8 | 182250 | 14 | 87 | 71
594 | Revision_594/jscript.c | U | 1297 | 1318 | 8 | 182251 | 14 | 494 | 71
594 | Revision_594/sql.c | U | 530 | 534 | 8 | 182252 | 14 | 300 | 71
594 | Revision_594/eiffel.c | U | 660 | 664 | 8 | 182253 | 14 | 250 | 71
594 | Revision_594/fortran.c | U | 1211 | 1215 | 8 | 182254 | 14 | 85 | 71
594 | Revision_594/fortran.c | U | 1552 | 1557 | 8 | 182255 | 14 | 79 | 71
594 | Revision_594/eiffel.c | U | 1032 | 1036 | 8 | 182256 | 14 | 151 | 71
594 | Revision_594/sql.c | U | 1222 | 1228 | 8 | 182257 | 14 | 492 | 71
594 | Revision_594/sql.c | U | 844 | 864 | 8 | 182258 | 14 | 423 | 71
594 | Revision_594/jscript.c | U | 682 | 693 | 8 | 182259 | 14 | 426 | 71
594 | Revision_594/c.c | U | 2759 | 2764 | 8 | 182260 | 14 | 94 | 71
594 | Revision_594/fortran.c | U | 1340 | 1348 | 8 | 182261 | 14 | 84 | 71
594 | Revision_594/ruby.c | U | 214 | 218 | 8 | 182262 | 14 | 392 | 71
594 | Revision_594/sql.c | U | 755 | 766 | 8 | 182263 | 14 | 424 | 71
594 | Revision_594/jscript.c | U | 997 | 1003 | 8 | 182264 | 14 | 417 | 71
594 | Revision_594/options.c | U | 1042 | 1046 | 8 | 182265 | 14 | 89 | 71
594 | Revision_594/keyword.c | U | 185 | 189 | 8 | 182266 | 14 | 91 | 71
594 | Revision_594/readtags.c | U | 452 | 456 | 8 | 182267 | 14 | 90 | 71
594 | Revision_594/c.c | U | 2182 | 2189 | 8 | 182268 | 14 | 244 | 71
594 | Revision_594/fortran.c | U | 1724 | 1728 | 8 | 182269 | 14 | 373 | 71
594 | Revision_594/c.c | U | 1778 | 1782 | 8 | 182270 | 14 | 121 | 71
594 | Revision_594/c.c | U | 1787 | 1791 | 8 | 182271 | 14 | 331 | 71
594 | Revision_594/vstring.c | U | 35 | 40 | 8 | 182272 | 14 | 98 | 71
594 | Revision_594/c.c | U | 2163 | 2167 | 8 | 182273 | 14 | 125 | 71
594 | Revision_594/strlist.c | U | 150 | 154 | 8 | 182274 | 14 | 126 | 71
594 | Revision_594/eiffel.c | U | 1068 | 1077 | 8 | 182275 | 14 | 101 | 71
594 | Revision_594/jscript.c | U | 767 | 774 | 8 | 182276 | 14 | 427 | 71
594 | Revision_594/fortran.c | U | 1545 | 1550 | 8 | 182277 | 14 | 79 | 71
594 | Revision_594/options.c | U | 674 | 678 | 8 | 182278 | 14 | 127 | 71
594 | Revision_594/routines.c | U | 453 | 459 | 8 | 182279 | 14 | 266 | 71
594 | Revision_594/fortran.c | U | 1006 | 1010 | 8 | 182280 | 14 | 128 | 71
594 | Revision_594/jscript.c | U | 1237 | 1252 | 8 | 182281 | 14 | 413 | 71
594 | Revision_594/sql.c | U | 1356 | 1363 | 8 | 182282 | 14 | 430 | 71
594 | Revision_594/options.c | U | 1221 | 1225 | 8 | 182283 | 14 | 129 | 71
594 | Revision_594/sql.c | U | 1738 | 1766 | 8 | 182284 | 14 | 431 | 71
594 | Revision_594/fortran.c | U | 1418 | 1426 | 8 | 182285 | 14 | 59 | 71
594 | Revision_594/jscript.c | U | 633 | 659 | 8 | 182286 | 14 | 429 | 71
594 | Revision_594/fortran.c | U | 1713 | 1722 | 8 | 182287 | 14 | 221 | 71
594 | Revision_594/jscript.c | U | 571 | 606 | 8 | 182288 | 14 | 432 | 71
594 | Revision_594/jscript.c | U | 765 | 775 | 8 | 182289 | 14 | 427 | 71
594 | Revision_594/sql.c | U | 1021 | 1044 | 8 | 182290 | 14 | 437 | 71
594 | Revision_594/sql.c | U | 988 | 1005 | 8 | 182291 | 14 | 435 | 71
594 | Revision_594/sql.c | U | 1183 | 1196 | 8 | 182292 | 14 | 436 | 71
594 | Revision_594/jscript.c | U | 698 | 747 | 8 | 182293 | 14 | 491 | 71
594 | Revision_594/jscript.c | U | 911 | 930 | 8 | 182294 | 14 | 438 | 71
594 | Revision_594/fortran.c | U | 1537 | 1543 | 8 | 182295 | 14 | 65 | 71
594 | Revision_594/fortran.c | U | 1084 | 1090 | 8 | 182296 | 14 | 350 | 71
594 | Revision_594/fortran.c | U | 1758 | 1764 | 8 | 182297 | 14 | 314 | 71
594 | Revision_594/sql.c | U | 1472 | 1498 | 8 | 182298 | 14 | 439 | 71
594 | Revision_594/sql.c | U | 1441 | 1469 | 8 | 182299 | 14 | 441 | 71
594 | Revision_594/sql.c | U | 1540 | 1561 | 8 | 182300 | 14 | 442 | 71
594 | Revision_594/sql.c | U | 1564 | 1585 | 8 | 182301 | 14 | 443 | 71
594 | Revision_594/sql.c | U | 1501 | 1522 | 8 | 182302 | 14 | 440 | 71
594 | Revision_594/jscript.c | U | 903 | 932 | 8 | 182303 | 14 | 438 | 71
594 | Revision_594/sql.c | U | 1588 | 1628 | 8 | 182304 | 14 | 445 | 71
594 | Revision_594/jscript.c | U | 908 | 931 | 8 | 182305 | 14 | 438 | 71
594 | Revision_594/sql.c | U | 1200 | 1238 | 8 | 182306 | 14 | 447 | 71
594 | Revision_594/sql.c | U | 1326 | 1365 | 8 | 182307 | 14 | 448 | 71
594 | Revision_594/jscript.c | U | 661 | 694 | 8 | 182308 | 14 | 446 | 71
594 | Revision_594/jscript.c | U | 900 | 933 | 8 | 182309 | 14 | 438 | 71
594 | Revision_594/sql.c | U | 1241 | 1284 | 8 | 182310 | 14 | 449 | 71
594 | Revision_594/c.c | U | 797 | 818 | 44 | 182311 | 15 | 103 | 72
594 | Revision_594/c.c | U | 821 | 841 | 44 | 182312 | 15 | 332 | 72
594 | Revision_594/c.c | U | 862 | 882 | 44 | 182313 | 15 | 316 | 72
594 | Revision_594/c.c | U | 929 | 948 | 44 | 182314 | 15 | 103 | 72
594 | Revision_594/c.c | U | 844 | 860 | 44 | 182315 | 15 | 316 | 72
594 | Revision_594/c.c | U | 885 | 896 | 12 | 182316 | 16 | 317 | 90
594 | Revision_594/c.c | U | 899 | 910 | 12 | 182317 | 16 | 318 | 90
594 | Revision_594/c.c | U | 1050 | 1055 | 6 | 182318 | 17 | 407 | 80
594 | Revision_594/jscript.c | U | 1212 | 1217 | 6 | 182319 | 17 | 417 | 80
594 | Revision_594/c.c | U | 1305 | 1311 | 7 | 182320 | 18 | 385 | 71
594 | Revision_594/fortran.c | U | 501 | 509 | 7 | 182321 | 18 | 112 | 71
594 | Revision_594/make.c | U | 63 | 69 | 7 | 182322 | 18 | 394 | 71
594 | Revision_594/make.c | U | 53 | 60 | 7 | 182323 | 18 | 395 | 71
594 | Revision_594/c.c | U | 1378 | 1385 | 7 | 182324 | 19 | 108 | 80
594 | Revision_594/c.c | U | 1387 | 1394 | 7 | 182325 | 19 | 109 | 80
594 | Revision_594/c.c | U | 1408 | 1415 | 7 | 182326 | 20 | 110 | 71
594 | Revision_594/c.c | U | 2154 | 2161 | 7 | 182327 | 20 | 111 | 71
594 | Revision_594/c.c | U | 1418 | 1425 | 7 | 182328 | 20 | 405 | 71
594 | Revision_594/fortran.c | U | 625 | 631 | 7 | 182329 | 20 | 112 | 71
594 | Revision_594/sql.c | U | 571 | 578 | 7 | 182330 | 20 | 406 | 71
594 | Revision_594/jscript.c | U | 404 | 411 | 7 | 182331 | 20 | 450 | 71
594 | Revision_594/c.c | U | 1456 | 1461 | 6 | 182332 | 21 | 386 | 80
594 | Revision_594/c.c | U | 1798 | 1803 | 6 | 182333 | 21 | 80 | 80
594 | Revision_594/c.c | U | 1482 | 1491 | 9 | 182334 | 22 | 294 | 71
594 | Revision_594/eiffel.c | U | 555 | 563 | 9 | 182335 | 22 | 295 | 71
594 | Revision_594/c.c | U | 1485 | 1489 | 5 | 182336 | 23 | 294 | 75
594 | Revision_594/readtags.c | U | 502 | 506 | 5 | 182337 | 23 | 90 | 75
594 | Revision_594/readtags.c | U | 681 | 685 | 5 | 182338 | 23 | 99 | 75
594 | Revision_594/c.c | U | 1499 | 1512 | 10 | 182339 | 24 | 396 | 75
594 | Revision_594/make.c | U | 77 | 87 | 10 | 182340 | 24 | 397 | 75
594 | Revision_594/fortran.c | U | 853 | 864 | 10 | 182341 | 24 | 116 | 75
594 | Revision_594/verilog.c | U | 199 | 212 | 10 | 182342 | 24 | 398 | 75
594 | Revision_594/jscript.c | U | 324 | 335 | 10 | 182343 | 24 | 451 | 75
594 | Revision_594/sql.c | U | 455 | 466 | 10 | 182344 | 24 | 306 | 75
594 | Revision_594/eiffel.c | U | 573 | 585 | 10 | 182345 | 24 | 114 | 75
594 | Revision_594/eiffel.c | U | 588 | 600 | 10 | 182346 | 24 | 117 | 75
594 | Revision_594/c.c | U | 1616 | 1622 | 8 | 182347 | 25 | 452 | 75
594 | Revision_594/jscript.c | U | 442 | 450 | 8 | 182348 | 25 | 453 | 75
594 | Revision_594/c.c | U | 1988 | 1992 | 5 | 182349 | 26 | 121 | 75
594 | Revision_594/get.c | U | 594 | 598 | 5 | 182350 | 26 | 122 | 75
594 | Revision_594/fortran.c | U | 619 | 623 | 5 | 182351 | 26 | 112 | 75
594 | Revision_594/fortran.c | U | 728 | 732 | 5 | 182352 | 26 | 144 | 75
594 | Revision_594/readtags.c | U | 363 | 367 | 5 | 182353 | 26 | 529 | 75
594 | Revision_594/vim.c | U | 400 | 408 | 5 | 182354 | 26 | 500 | 75
594 | Revision_594/pascal.c | U | 134 | 138 | 5 | 182355 | 26 | 164 | 75
594 | Revision_594/perl.c | U | 185 | 189 | 5 | 182356 | 26 | 163 | 75
594 | Revision_594/python.c | U | 380 | 387 | 5 | 182357 | 26 | 503 | 75
594 | Revision_594/c.c | U | 2142 | 2149 | 9 | 182358 | 27 | 28 | 71
594 | Revision_594/eiffel.c | U | 1065 | 1078 | 9 | 182359 | 27 | 156 | 71
594 | Revision_594/c.c | U | 2465 | 2472 | 6 | 182360 | 28 | 94 | 75
594 | Revision_594/sql.c | U | 1414 | 1418 | 6 | 182361 | 28 | 454 | 75
594 | Revision_594/sql.c | U | 1673 | 1677 | 6 | 182362 | 28 | 455 | 75
594 | Revision_594/jscript.c | U | 837 | 846 | 6 | 182363 | 28 | 456 | 75
594 | Revision_594/jscript.c | U | 848 | 853 | 6 | 182364 | 28 | 457 | 75
594 | Revision_594/jscript.c | U | 819 | 835 | 6 | 182365 | 28 | 480 | 75
594 | Revision_594/c.c | U | 2478 | 2482 | 5 | 182366 | 29 | 387 | 100
594 | Revision_594/c.c | U | 2485 | 2489 | 5 | 182367 | 29 | 94 | 100
594 | Revision_594/c.c | U | 2708 | 2713 | 6 | 182368 | 30 | 94 | 80
594 | Revision_594/sql.c | U | 1008 | 1013 | 6 | 182369 | 30 | 301 | 80
594 | Revision_594/c.c | U | 2799 | 2808 | 9 | 182370 | 31 | 130 | 71
594 | Revision_594/fortran.c | U | 397 | 406 | 9 | 182371 | 31 | 132 | 71
594 | Revision_594/sql.c | U | 346 | 355 | 9 | 182372 | 31 | 302 | 71
594 | Revision_594/jscript.c | U | 188 | 197 | 9 | 182373 | 31 | 458 | 71
594 | Revision_594/eiffel.c | U | 214 | 223 | 9 | 182374 | 31 | 131 | 71
594 | Revision_594/verilog.c | U | 108 | 118 | 9 | 182375 | 31 | 381 | 71
594 | Revision_594/asm.c | U | 120 | 128 | 9 | 182376 | 31 | 288 | 71
594 | Revision_594/eiffel.c | U | 286 | 300 | 10 | 182377 | 32 | 133 | 70
594 | Revision_594/jscript.c | U | 225 | 239 | 10 | 182378 | 32 | 459 | 70
594 | Revision_594/sql.c | U | 381 | 395 | 10 | 182379 | 32 | 303 | 70
594 | Revision_594/beta.c | U | 71 | 80 | 10 | 182380 | 32 | 134 | 70
594 | Revision_594/sml.c | U | 75 | 81 | 10 | 182381 | 32 | 324 | 70
594 | Revision_594/parse.c | U | 43 | 54 | 10 | 182382 | 32 | 135 | 70
594 | Revision_594/eiffel.c | U | 288 | 298 | 10 | 182383 | 32 | 136 | 70
594 | Revision_594/eiffel.c | U | 366 | 375 | 8 | 182384 | 33 | 304 | 100
594 | Revision_594/sql.c | U | 426 | 433 | 8 | 182385 | 33 | 305 | 100
594 | Revision_594/jscript.c | U | 294 | 301 | 8 | 182386 | 33 | 460 | 100
594 | Revision_594/eiffel.c | U | 381 | 402 | 20 | 182387 | 34 | 139 | 70
594 | Revision_594/fortran.c | U | 767 | 793 | 20 | 182388 | 34 | 140 | 70
594 | Revision_594/eiffel.c | U | 405 | 433 | 24 | 182389 | 35 | 141 | 95
594 | Revision_594/fortran.c | U | 796 | 824 | 24 | 182390 | 35 | 505 | 95
594 | Revision_594/eiffel.c | U | 413 | 419 | 6 | 182391 | 36 | 119 | 80
594 | Revision_594/eiffel.c | U | 421 | 426 | 6 | 182392 | 36 | 119 | 80
594 | Revision_594/options.c | U | 352 | 357 | 6 | 182393 | 36 | 224 | 80
594 | Revision_594/jscript.c | U | 919 | 929 | 6 | 182394 | 36 | 479 | 80
594 | Revision_594/fortran.c | U | 812 | 817 | 6 | 182395 | 36 | 116 | 80
594 | Revision_594/fortran.c | U | 804 | 810 | 6 | 182396 | 36 | 50 | 80
594 | Revision_594/eiffel.c | U | 546 | 550 | 5 | 182397 | 37 | 143 | 75
594 | Revision_594/verilog.c | U | 142 | 146 | 5 | 182398 | 37 | 383 | 75
594 | Revision_594/fortran.c | U | 785 | 789 | 5 | 182399 | 37 | 144 | 75
594 | Revision_594/fortran.c | U | 985 | 989 | 5 | 182400 | 37 | 145 | 75
594 | Revision_594/verilog.c | U | 238 | 242 | 5 | 182401 | 37 | 382 | 75
594 | Revision_594/eiffel.c | U | 603 | 612 | 8 | 182402 | 38 | 146 | 100
594 | Revision_594/jscript.c | U | 338 | 345 | 8 | 182403 | 38 | 471 | 100
594 | Revision_594/sql.c | U | 469 | 476 | 8 | 182404 | 38 | 305 | 100
594 | Revision_594/asm.c | U | 131 | 139 | 8 | 182405 | 38 | 270 | 100
594 | Revision_594/fortran.c | U | 871 | 880 | 8 | 182406 | 38 | 147 | 100
594 | Revision_594/eiffel.c | U | 720 | 727 | 9 | 182407 | 39 | 148 | 77
594 | Revision_594/jscript.c | U | 427 | 436 | 9 | 182408 | 39 | 461 | 77
594 | Revision_594/eiffel.c | U | 729 | 734 | 6 | 182409 | 40 | 506 | 100
594 | Revision_594/fortran.c | U | 1043 | 1048 | 6 | 182410 | 40 | 312 | 100
594 | Revision_594/eiffel.c | U | 773 | 820 | 13 | 182411 | 41 | 349 | 72
594 | Revision_594/fortran.c | U | 1098 | 1109 | 13 | 182412 | 41 | 350 | 72
594 | Revision_594/eiffel.c | U | 838 | 856 | 12 | 182413 | 42 | 251 | 72
594 | Revision_594/fortran.c | U | 1380 | 1393 | 12 | 182414 | 42 | 336 | 72
594 | Revision_594/eiffel.c | U | 860 | 881 | 12 | 182415 | 42 | 252 | 72
594 | Revision_594/eiffel.c | U | 1007 | 1020 | 12 | 182416 | 42 | 253 | 72
594 | Revision_594/fortran.c | U | 1634 | 1642 | 12 | 182417 | 42 | 337 | 72
594 | Revision_594/eiffel.c | U | 868 | 880 | 10 | 182418 | 43 | 156 | 75
594 | Revision_594/sql.c | U | 1309 | 1319 | 10 | 182419 | 43 | 462 | 75
594 | Revision_594/basic.c | U | 135 | 140 | 6 | 182420 | 44 | 411 | 80
594 | Revision_594/basic.c | U | 147 | 152 | 6 | 182421 | 44 | 412 | 80
594 | Revision_594/verilog.c | U | 187 | 193 | 8 | 182422 | 45 | 399 | 75
594 | Revision_594/make.c | U | 97 | 105 | 8 | 182423 | 45 | 400 | 75
594 | Revision_594/verilog.c | U | 286 | 290 | 5 | 182424 | 46 | 401 | 75
594 | Revision_594/make.c | U | 44 | 48 | 5 | 182425 | 46 | 402 | 75
594 | Revision_594/jscript.c | U | 242 | 263 | 15 | 182426 | 47 | 467 | 91
594 | Revision_594/sql.c | U | 398 | 419 | 15 | 182427 | 47 | 468 | 91
594 | Revision_594/jscript.c | U | 266 | 275 | 8 | 182428 | 48 | 415 | 100
594 | Revision_594/jscript.c | U | 278 | 287 | 8 | 182429 | 48 | 460 | 100
594 | Revision_594/jscript.c | U | 304 | 318 | 14 | 182430 | 49 | 469 | 100
594 | Revision_594/sql.c | U | 436 | 450 | 14 | 182431 | 49 | 470 | 100
594 | Revision_594/jscript.c | U | 348 | 439 | 110 | 182432 | 50 | 472 | 76
594 | Revision_594/sql.c | U | 479 | 612 | 110 | 182433 | 50 | 473 | 76
594 | Revision_594/jscript.c | U | 457 | 487 | 18 | 182434 | 51 | 465 | 100
594 | Revision_594/sql.c | U | 666 | 696 | 18 | 182435 | 51 | 466 | 100
594 | Revision_594/jscript.c | U | 490 | 519 | 18 | 182436 | 51 | 507 | 100
594 | Revision_594/jscript.c | U | 522 | 529 | 7 | 182437 | 52 | 474 | 80
594 | Revision_594/sql.c | U | 631 | 638 | 7 | 182438 | 52 | 476 | 80
594 | Revision_594/jscript.c | U | 532 | 539 | 7 | 182439 | 52 | 475 | 80
594 | Revision_594/jscript.c | U | 985 | 994 | 6 | 182440 | 53 | 497 | 75
594 | Revision_594/options.c | U | 1683 | 1687 | 6 | 182441 | 53 | 333 | 75
594 | Revision_594/jscript.c | U | 1065 | 1091 | 12 | 182442 | 54 | 508 | 72
594 | Revision_594/jscript.c | U | 1093 | 1115 | 12 | 182443 | 54 | 509 | 72
594 | Revision_594/jscript.c | U | 1349 | 1396 | 27 | 182444 | 55 | 510 | 72
594 | Revision_594/fortran.c | U | 1268 | 1293 | 27 | 182445 | 55 | 369 | 72
594 | Revision_594/jscript.c | U | 1407 | 1410 | 8 | 182446 | 56 | 498 | 71
594 | Revision_594/Test/local.c | U | 14 | 20 | 8 | 182447 | 56 | 384 | 71
594 | Revision_594/jscript.c | U | 1420 | 1424 | 5 | 182448 | 57 | 484 | 75
594 | Revision_594/sql.c | U | 1816 | 1820 | 5 | 182449 | 57 | 404 | 75
594 | Revision_594/make.c | U | 185 | 189 | 5 | 182450 | 57 | 403 | 75
594 | Revision_594/gnu_regex/regex.c | U | 810 | 815 | 5 | 182451 | 58 | 513 | 75
594 | Revision_594/main.c | U | 126 | 139 | 5 | 182452 | 58 | 354 | 75
594 | Revision_594/routines.c | U | 621 | 644 | 5 | 182453 | 58 | 514 | 75
594 | Revision_594/options.c | U | 397 | 402 | 5 | 182454 | 58 | 355 | 75
594 | Revision_594/gnu_regex/regex.c | U | 1182 | 1192 | 6 | 182455 | 59 | 515 | 80
594 | Revision_594/gnu_regex/regex.c | U | 1197 | 1207 | 6 | 182456 | 59 | 516 | 80
594 | Revision_594/gnu_regex/regex.c | U | 1330 | 1339 | 5 | 182457 | 60 | 517 | 100
594 | Revision_594/gnu_regex/regex.c | U | 1812 | 1816 | 5 | 182458 | 60 | 518 | 100
594 | Revision_594/gnu_regex/regex.c | U | 1753 | 1758 | 6 | 182459 | 61 | 519 | 100
594 | Revision_594/gnu_regex/regex.c | U | 1788 | 1793 | 6 | 182460 | 61 | 520 | 100
594 | Revision_594/gnu_regex/regex.c | U | 1773 | 1778 | 6 | 182461 | 61 | 521 | 100
594 | Revision_594/gnu_regex/regex.c | U | 2096 | 2104 | 7 | 182462 | 62 | 522 | 83
594 | Revision_594/gnu_regex/regex.c | U | 2115 | 2123 | 7 | 182463 | 62 | 523 | 83
594 | Revision_594/gnu_regex/regex.c | U | 2764 | 2768 | 5 | 182464 | 63 | 524 | 75
594 | Revision_594/beta.c | U | 271 | 275 | 5 | 182465 | 63 | 205 | 75
594 | Revision_594/beta.c | U | 277 | 281 | 5 | 182466 | 63 | 207 | 75
594 | Revision_594/beta.c | U | 165 | 169 | 5 | 182467 | 63 | 204 | 75
594 | Revision_594/beta.c | U | 158 | 162 | 5 | 182468 | 63 | 206 | 75
594 | Revision_594/beta.c | U | 152 | 156 | 5 | 182469 | 63 | 203 | 75
594 | Revision_594/gnu_regex/regex.c | U | 3539 | 3547 | 8 | 182470 | 64 | 525 | 83
594 | Revision_594/gnu_regex/regex.c | U | 3549 | 3556 | 8 | 182471 | 64 | 526 | 83
594 | Revision_594/gnu_regex/regex.c | U | 3718 | 3732 | 15 | 182472 | 65 | 527 | 71
594 | Revision_594/gnu_regex/regex.c | U | 4308 | 4325 | 15 | 182473 | 65 | 528 | 71
594 | Revision_594/vim.c | U | 97 | 101 | 5 | 182474 | 66 | 290 | 100
594 | Revision_594/vim.c | U | 103 | 107 | 5 | 182475 | 66 | 291 | 100
594 | Revision_594/vim.c | U | 244 | 267 | 17 | 182476 | 67 | 334 | 76
594 | Revision_594/vim.c | U | 294 | 312 | 17 | 182477 | 67 | 159 | 76
594 | Revision_594/python.c | U | 84 | 97 | 11 | 182478 | 68 | 37 | 77
594 | Revision_594/python.c | U | 127 | 138 | 11 | 182479 | 68 | 13 | 77
594 | Revision_594/python.c | U | 177 | 181 | 5 | 182480 | 69 | 278 | 75
594 | Revision_594/erlang.c | U | 58 | 62 | 5 | 182481 | 69 | 341 | 75
594 | Revision_594/python.c | U | 198 | 202 | 5 | 182482 | 69 | 326 | 75
594 | Revision_594/sml.c | U | 84 | 88 | 5 | 182483 | 69 | 325 | 75
594 | Revision_594/options.c | U | 963 | 968 | 5 | 182484 | 69 | 280 | 75
594 | Revision_594/python.c | U | 206 | 215 | 9 | 182485 | 70 | 292 | 75
594 | Revision_594/erlang.c | U | 66 | 75 | 9 | 182486 | 70 | 342 | 75
594 | Revision_594/tcl.c | U | 44 | 54 | 9 | 182487 | 70 | 293 | 75
594 | Revision_594/python.c | U | 417 | 421 | 5 | 182488 | 71 | 504 | 75
594 | Revision_594/pascal.c | U | 150 | 154 | 5 | 182489 | 71 | 319 | 75
594 | Revision_594/pascal.c | U | 184 | 190 | 5 | 182490 | 71 | 171 | 75
594 | Revision_594/pascal.c | U | 176 | 182 | 5 | 182491 | 71 | 170 | 75
594 | Revision_594/perl.c | U | 206 | 212 | 7 | 182492 | 72 | 389 | 83
594 | Revision_594/perl.c | U | 252 | 257 | 7 | 182493 | 72 | 502 | 83
594 | Revision_594/perl.c | U | 324 | 330 | 7 | 182494 | 73 | 389 | 71
594 | Revision_594/erlang.c | U | 97 | 105 | 7 | 182495 | 73 | 344 | 71
594 | Revision_594/erlang.c | U | 116 | 121 | 7 | 182496 | 73 | 346 | 71
594 | Revision_594/erlang.c | U | 108 | 113 | 7 | 182497 | 73 | 344 | 71
594 | Revision_594/main.c | U | 260 | 267 | 7 | 182498 | 73 | 377 | 71
594 | Revision_594/main.c | U | 179 | 185 | 7 | 182499 | 73 | 376 | 71
594 | Revision_594/sort.c | U | 118 | 123 | 5 | 182500 | 74 | 281 | 100
594 | Revision_594/sort.c | U | 126 | 131 | 5 | 182501 | 74 | 282 | 100
594 | Revision_594/strlist.c | U | 32 | 38 | 8 | 182502 | 75 | 165 | 71
594 | Revision_594/vstring.c | U | 77 | 87 | 8 | 182503 | 75 | 166 | 71
594 | Revision_594/strlist.c | U | 191 | 196 | 7 | 182504 | 76 | 168 | 83
594 | Revision_594/strlist.c | U | 200 | 206 | 7 | 182505 | 76 | 390 | 83
594 | Revision_594/get.c | U | 305 | 314 | 10 | 182506 | 77 | 174 | 70
594 | Revision_594/parse.c | U | 584 | 598 | 10 | 182507 | 77 | 175 | 70
594 | Revision_594/read.c | U | 220 | 231 | 10 | 182508 | 77 | 176 | 70
594 | Revision_594/get.c | U | 467 | 478 | 10 | 182509 | 78 | 177 | 87
594 | Revision_594/get.c | U | 484 | 495 | 10 | 182510 | 78 | 178 | 87
594 | Revision_594/get.c | U | 541 | 546 | 6 | 182511 | 79 | 180 | 80
594 | Revision_594/read.c | U | 421 | 425 | 6 | 182512 | 79 | 181 | 80
594 | Revision_594/routines.c | U | 237 | 244 | 6 | 182513 | 80 | 254 | 80
594 | Revision_594/routines.c | U | 247 | 254 | 6 | 182514 | 80 | 255 | 80
594 | Revision_594/routines.c | U | 288 | 295 | 8 | 182515 | 81 | 256 | 83
594 | Revision_594/routines.c | U | 298 | 305 | 8 | 182516 | 81 | 257 | 83
594 | Revision_594/readtags.c | U | 106 | 113 | 8 | 182517 | 81 | 123 | 83
594 | Revision_594/readtags.c | U | 116 | 123 | 8 | 182518 | 81 | 238 | 83
594 | Revision_594/routines.c | U | 322 | 326 | 5 | 182519 | 82 | 258 | 75
594 | Revision_594/vstring.c | U | 125 | 129 | 5 | 182520 | 82 | 188 | 75
594 | Revision_594/vstring.c | U | 118 | 122 | 5 | 182521 | 82 | 189 | 75
594 | Revision_594/routines.c | U | 329 | 335 | 6 | 182522 | 83 | 259 | 100
594 | Revision_594/routines.c | U | 338 | 344 | 6 | 182523 | 83 | 260 | 100
594 | Revision_594/routines.c | U | 349 | 356 | 8 | 182524 | 84 | 261 | 100
594 | Revision_594/routines.c | U | 361 | 368 | 8 | 182525 | 84 | 262 | 100
594 | Revision_594/sh.c | U | 89 | 94 | 6 | 182526 | 85 | 378 | 80
594 | Revision_594/asm.c | U | 347 | 352 | 6 | 182527 | 85 | 379 | 80
594 | Revision_594/beta.c | U | 134 | 141 | 6 | 182528 | 86 | 201 | 75
594 | Revision_594/beta.c | U | 204 | 212 | 6 | 182529 | 86 | 202 | 75
594 | Revision_594/sql.c | U | 784 | 794 | 8 | 182530 | 87 | 493 | 71
594 | Revision_594/sql.c | U | 1423 | 1432 | 8 | 182531 | 87 | 486 | 71
594 | Revision_594/sql.c | U | 1287 | 1323 | 24 | 182532 | 88 | 487 | 78
594 | Revision_594/sql.c | U | 1692 | 1735 | 24 | 182533 | 88 | 488 | 78
594 | Revision_594/sql.c | U | 1656 | 1681 | 17 | 182534 | 89 | 489 | 84
594 | Revision_594/sql.c | U | 1705 | 1729 | 17 | 182535 | 89 | 490 | 84
594 | Revision_594/parse.c | U | 96 | 106 | 11 | 182536 | 90 | 208 | 88
594 | Revision_594/parse.c | U | 109 | 120 | 11 | 182537 | 90 | 209 | 88
594 | Revision_594/parse.c | U | 297 | 301 | 5 | 182538 | 91 | 356 | 75
594 | Revision_594/parse.c | U | 554 | 558 | 5 | 182539 | 91 | 357 | 75
594 | Revision_594/parse.c | U | 573 | 577 | 5 | 182540 | 91 | 358 | 75
594 | Revision_594/readtags.c | U | 541 | 547 | 6 | 182541 | 92 | 239 | 100
594 | Revision_594/readtags.c | U | 549 | 555 | 6 | 182542 | 92 | 240 | 100
594 | Revision_594/readtags.c | U | 584 | 588 | 6 | 182543 | 93 | 123 | 75
594 | Revision_594/readtags.c | U | 639 | 645 | 6 | 182544 | 93 | 124 | 75
594 | Revision_594/readtags.c | U | 718 | 726 | 8 | 182545 | 94 | 210 | 83
594 | Revision_594/readtags.c | U | 773 | 781 | 8 | 182546 | 94 | 211 | 83
594 | Revision_594/readtags.c | U | 729 | 737 | 8 | 182547 | 94 | 212 | 83
594 | Revision_594/readtags.c | U | 740 | 745 | 6 | 182548 | 95 | 241 | 80
594 | Revision_594/readtags.c | U | 765 | 770 | 6 | 182549 | 95 | 242 | 80
594 | Revision_594/readtags.c | U | 757 | 762 | 6 | 182550 | 95 | 287 | 80
594 | Revision_594/fortran.c | U | 1271 | 1292 | 23 | 182551 | 96 | 369 | 72
594 | Revision_594/fortran.c | U | 1791 | 1814 | 23 | 182552 | 96 | 366 | 72
594 | Revision_594/fortran.c | U | 1325 | 1331 | 7 | 182553 | 97 | 85 | 83
594 | Revision_594/fortran.c | U | 1384 | 1390 | 7 | 182554 | 97 | 84 | 83
594 | Revision_594/fortran.c | U | 1451 | 1459 | 10 | 182555 | 98 | 314 | 77
594 | Revision_594/fortran.c | U | 1490 | 1499 | 10 | 182556 | 98 | 59 | 77
594 | Revision_594/fortran.c | U | 1731 | 1746 | 20 | 182557 | 99 | 21 | 84
594 | Revision_594/fortran.c | U | 1948 | 1964 | 20 | 182558 | 99 | 374 | 84
594 | Revision_594/fortran.c | U | 1912 | 1931 | 17 | 182559 | 100 | 220 | 75
594 | Revision_594/fortran.c | U | 1983 | 2000 | 17 | 182560 | 100 | 221 | 75
594 | Revision_594/fortran.c | U | 2060 | 2081 | 17 | 182561 | 100 | 372 | 75
594 | Revision_594/asm.c | U | 243 | 256 | 11 | 182562 | 101 | 289 | 77
594 | Revision_594/asm.c | U | 261 | 271 | 11 | 182563 | 101 | 279 | 77
594 | Revision_594/scheme.c | U | 70 | 78 | 8 | 182564 | 102 | 222 | 71
594 | Revision_594/scheme.c | U | 85 | 93 | 8 | 182565 | 102 | 223 | 71
594 | Revision_594/options.c | U | 369 | 375 | 6 | 182566 | 103 | 224 | 100
594 | Revision_594/options.c | U | 378 | 384 | 6 | 182567 | 103 | 225 | 100
594 | Revision_594/options.c | U | 543 | 549 | 7 | 182568 | 104 | 226 | 100
594 | Revision_594/options.c | U | 552 | 558 | 7 | 182569 | 104 | 227 | 100
594 | Revision_594/options.c | U | 570 | 576 | 7 | 182570 | 104 | 228 | 100
594 | Revision_594/options.c | U | 561 | 567 | 7 | 182571 | 104 | 229 | 100
594 | Revision_594/options.c | U | 982 | 986 | 5 | 182572 | 105 | 230 | 75
594 | Revision_594/options.c | U | 1008 | 1012 | 5 | 182573 | 105 | 231 | 75
594 | Revision_594/options.c | U | 1102 | 1106 | 5 | 182574 | 106 | 232 | 100
594 | Revision_594/options.c | U | 1108 | 1112 | 5 | 182575 | 106 | 233 | 100
594 | Revision_594/options.c | U | 1154 | 1166 | 12 | 182576 | 107 | 360 | 100
594 | Revision_594/options.c | U | 1171 | 1183 | 12 | 182577 | 107 | 235 | 100
594 | Revision_594/options.c | U | 1425 | 1442 | 15 | 182578 | 108 | 236 | 91
594 | Revision_594/options.c | U | 1463 | 1480 | 15 | 182579 | 108 | 237 | 91
