Revision | filePath | changeType | StartLine | EndLine | Nlines | cloneId | classId | globalCloneId | Similarity
616 | Revision_616/lisp.c | U | 91 | 97 | 7 | 191869 | 1 | 1 | 83
616 | Revision_616/lisp.c | U | 112 | 118 | 7 | 191870 | 1 | 2 | 83
616 | Revision_616/lisp.c | U | 127 | 137 | 9 | 191871 | 2 | 3 | 70
616 | Revision_616/asp.c | U | 201 | 209 | 9 | 191872 | 2 | 4 | 70
616 | Revision_616/erlang.c | U | 179 | 187 | 9 | 191873 | 2 | 340 | 70
616 | Revision_616/fortran.c | U | 2200 | 2215 | 9 | 191874 | 2 | 21 | 70
616 | Revision_616/c.c | U | 2860 | 2875 | 9 | 191875 | 2 | 8 | 70
616 | Revision_616/eiffel.c | U | 1247 | 1256 | 9 | 191876 | 2 | 9 | 70
616 | Revision_616/perl.c | U | 372 | 380 | 9 | 191877 | 2 | 7 | 70
616 | Revision_616/lua.c | U | 123 | 131 | 9 | 191878 | 2 | 243 | 70
616 | Revision_616/beta.c | U | 311 | 319 | 9 | 191879 | 2 | 5 | 70
616 | Revision_616/tcl.c | U | 106 | 114 | 9 | 191880 | 2 | 18 | 70
616 | Revision_616/python.c | U | 447 | 455 | 9 | 191881 | 2 | 13 | 70
616 | Revision_616/sml.c | U | 202 | 210 | 9 | 191882 | 2 | 321 | 70
616 | Revision_616/basic.c | U | 193 | 201 | 9 | 191883 | 2 | 408 | 70
616 | Revision_616/pascal.c | U | 257 | 265 | 9 | 191884 | 2 | 14 | 70
616 | Revision_616/awk.c | U | 71 | 79 | 9 | 191885 | 2 | 10 | 70
616 | Revision_616/sql.c | U | 1834 | 1843 | 9 | 191886 | 2 | 296 | 70
616 | Revision_616/vim.c | U | 626 | 634 | 9 | 191887 | 2 | 20 | 70
616 | Revision_616/c.c | U | 2902 | 2911 | 9 | 191888 | 2 | 12 | 70
616 | Revision_616/sh.c | U | 103 | 113 | 9 | 191889 | 2 | 17 | 70
616 | Revision_616/c.c | U | 2848 | 2857 | 9 | 191890 | 2 | 15 | 70
616 | Revision_616/c.c | U | 2878 | 2887 | 9 | 191891 | 2 | 315 | 70
616 | Revision_616/verilog.c | U | 329 | 338 | 9 | 191892 | 2 | 283 | 70
616 | Revision_616/ruby.c | U | 398 | 406 | 9 | 191893 | 2 | 19 | 70
616 | Revision_616/scheme.c | U | 99 | 109 | 9 | 191894 | 2 | 16 | 70
616 | Revision_616/cobol.c | U | 40 | 48 | 9 | 191895 | 2 | 320 | 70
616 | Revision_616/php.c | U | 89 | 96 | 9 | 191896 | 2 | 501 | 70
616 | Revision_616/c.c | U | 2890 | 2899 | 9 | 191897 | 2 | 330 | 70
616 | Revision_616/make.c | U | 199 | 209 | 9 | 191898 | 2 | 25 | 70
616 | Revision_616/html.c | U | 40 | 47 | 9 | 191899 | 2 | 365 | 70
616 | Revision_616/asm.c | U | 366 | 385 | 9 | 191900 | 2 | 274 | 70
616 | Revision_616/jscript.c | U | 1447 | 1460 | 9 | 191901 | 2 | 413 | 70
616 | Revision_616/slang.c | U | 34 | 41 | 9 | 191902 | 2 | 24 | 70
616 | Revision_616/yacc.c | U | 31 | 38 | 9 | 191903 | 2 | 23 | 70
616 | Revision_616/rexx.c | U | 30 | 37 | 9 | 191904 | 2 | 26 | 70
616 | Revision_616/keyword.c | U | 107 | 116 | 9 | 191905 | 2 | 27 | 70
616 | Revision_616/fortran.c | U | 413 | 425 | 9 | 191906 | 2 | 158 | 70
616 | Revision_616/c.c | U | 2212 | 2217 | 9 | 191907 | 2 | 28 | 70
616 | Revision_616/gnu_regex/regex.c | U | 2824 | 2829 | 9 | 191908 | 2 | 511 | 70
616 | Revision_616/sql.c | U | 358 | 367 | 9 | 191909 | 2 | 309 | 70
616 | Revision_616/options.c | U | 626 | 632 | 9 | 191910 | 2 | 29 | 70
616 | Revision_616/options.c | U | 533 | 538 | 9 | 191911 | 2 | 30 | 70
616 | Revision_616/eiffel.c | U | 1201 | 1213 | 9 | 191912 | 2 | 157 | 70
616 | Revision_616/jscript.c | U | 200 | 211 | 9 | 191913 | 2 | 414 | 70
616 | Revision_616/c.c | U | 482 | 488 | 9 | 191914 | 2 | 53 | 70
616 | Revision_616/c.c | U | 2241 | 2249 | 9 | 191915 | 2 | 31 | 70
616 | Revision_616/gnu_regex/regex.c | U | 2822 | 2836 | 9 | 191916 | 2 | 512 | 70
616 | Revision_616/asp.c | U | 71 | 90 | 15 | 191917 | 3 | 33 | 100
616 | Revision_616/asp.c | U | 94 | 113 | 15 | 191918 | 3 | 34 | 100
616 | Revision_616/asp.c | U | 117 | 133 | 14 | 191919 | 4 | 35 | 100
616 | Revision_616/asp.c | U | 175 | 190 | 14 | 191920 | 4 | 36 | 100
616 | Revision_616/asp.c | U | 137 | 152 | 14 | 191921 | 4 | 36 | 100
616 | Revision_616/asp.c | U | 156 | 171 | 14 | 191922 | 4 | 36 | 100
616 | Revision_616/args.c | U | 85 | 92 | 8 | 191923 | 5 | 43 | 100
616 | Revision_616/args.c | U | 160 | 167 | 8 | 191924 | 5 | 44 | 100
616 | Revision_616/args.c | U | 182 | 190 | 9 | 191925 | 6 | 45 | 75
616 | Revision_616/args.c | U | 193 | 200 | 9 | 191926 | 6 | 46 | 75
616 | Revision_616/args.c | U | 203 | 211 | 9 | 191927 | 6 | 47 | 75
616 | Revision_616/args.c | U | 266 | 272 | 6 | 191928 | 7 | 48 | 80
616 | Revision_616/options.c | U | 579 | 584 | 6 | 191929 | 7 | 49 | 80
616 | Revision_616/fortran.c | U | 903 | 908 | 6 | 191930 | 7 | 50 | 80
616 | Revision_616/c.c | U | 534 | 540 | 6 | 191931 | 8 | 51 | 75
616 | Revision_616/vstring.c | U | 67 | 74 | 6 | 191932 | 8 | 52 | 75
616 | Revision_616/sql.c | U | 370 | 374 | 6 | 191933 | 8 | 416 | 75
616 | Revision_616/jscript.c | U | 214 | 218 | 6 | 191934 | 8 | 415 | 75
616 | Revision_616/eiffel.c | U | 1216 | 1222 | 6 | 191935 | 8 | 362 | 75
616 | Revision_616/fortran.c | U | 439 | 444 | 6 | 191936 | 8 | 363 | 75
616 | Revision_616/vstring.c | U | 69 | 73 | 6 | 191937 | 8 | 52 | 75
616 | Revision_616/c.c | U | 543 | 550 | 6 | 191938 | 9 | 53 | 80
616 | Revision_616/c.c | U | 553 | 560 | 6 | 191939 | 9 | 54 | 80
616 | Revision_616/c.c | U | 662 | 678 | 18 | 191940 | 10 | 55 | 70
616 | Revision_616/fortran.c | U | 1135 | 1150 | 18 | 191941 | 10 | 375 | 70
616 | Revision_616/c.c | U | 1242 | 1256 | 18 | 191942 | 10 | 56 | 70
616 | Revision_616/c.c | U | 1165 | 1183 | 18 | 191943 | 10 | 60 | 70
616 | Revision_616/c.c | U | 681 | 696 | 18 | 191944 | 10 | 57 | 70
616 | Revision_616/fortran.c | U | 1112 | 1132 | 18 | 191945 | 10 | 58 | 70
616 | Revision_616/fortran.c | U | 1871 | 1887 | 18 | 191946 | 10 | 59 | 70
616 | Revision_616/Test/local.c | U | 9 | 22 | 18 | 191947 | 10 | 384 | 70
616 | Revision_616/c.c | U | 1168 | 1181 | 18 | 191948 | 10 | 63 | 70
616 | Revision_616/fortran.c | U | 1115 | 1130 | 18 | 191949 | 10 | 58 | 70
616 | Revision_616/jscript.c | U | 1362 | 1385 | 18 | 191950 | 10 | 463 | 70
616 | Revision_616/fortran.c | U | 1788 | 1816 | 18 | 191951 | 10 | 366 | 70
616 | Revision_616/fortran.c | U | 1874 | 1885 | 18 | 191952 | 10 | 65 | 70
616 | Revision_616/eiffel.c | U | 906 | 946 | 18 | 191953 | 10 | 248 | 70
616 | Revision_616/eiffel.c | U | 1112 | 1136 | 18 | 191954 | 10 | 307 | 70
616 | Revision_616/fortran.c | U | 1588 | 1625 | 18 | 191955 | 10 | 367 | 70
616 | Revision_616/eiffel.c | U | 1191 | 1196 | 18 | 191956 | 10 | 362 | 70
616 | Revision_616/sql.c | U | 881 | 905 | 18 | 191957 | 10 | 308 | 70
616 | Revision_616/eiffel.c | U | 1185 | 1197 | 18 | 191958 | 10 | 157 | 70
616 | Revision_616/c.c | U | 684 | 694 | 13 | 191959 | 11 | 57 | 75
616 | Revision_616/c.c | U | 1244 | 1255 | 13 | 191960 | 11 | 64 | 75
616 | Revision_616/c.c | U | 714 | 736 | 21 | 191961 | 12 | 72 | 70
616 | Revision_616/fortran.c | U | 1302 | 1312 | 21 | 191962 | 12 | 337 | 70
616 | Revision_616/c.c | U | 746 | 752 | 8 | 191963 | 13 | 74 | 71
616 | Revision_616/options.c | U | 472 | 479 | 8 | 191964 | 13 | 75 | 71
616 | Revision_616/c.c | U | 787 | 791 | 8 | 191965 | 14 | 76 | 71
616 | Revision_616/eiffel.c | U | 673 | 677 | 8 | 191966 | 14 | 249 | 71
616 | Revision_616/fortran.c | U | 1916 | 1920 | 8 | 191967 | 14 | 79 | 71
616 | Revision_616/c.c | U | 2136 | 2140 | 8 | 191968 | 14 | 80 | 71
616 | Revision_616/jscript.c | U | 1313 | 1317 | 8 | 191969 | 14 | 417 | 71
616 | Revision_616/sql.c | U | 913 | 919 | 8 | 191970 | 14 | 419 | 71
616 | Revision_616/sql.c | U | 997 | 1004 | 8 | 191971 | 14 | 418 | 71
616 | Revision_616/eiffel.c | U | 660 | 664 | 8 | 191972 | 14 | 250 | 71
616 | Revision_616/sql.c | U | 530 | 534 | 8 | 191973 | 14 | 300 | 71
616 | Revision_616/jscript.c | U | 1297 | 1318 | 8 | 191974 | 14 | 494 | 71
616 | Revision_616/eiffel.c | U | 875 | 879 | 8 | 191975 | 14 | 269 | 71
616 | Revision_616/eiffel.c | U | 962 | 966 | 8 | 191976 | 14 | 269 | 71
616 | Revision_616/fortran.c | U | 1343 | 1347 | 8 | 191977 | 14 | 85 | 71
616 | Revision_616/eiffel.c | U | 1013 | 1017 | 8 | 191978 | 14 | 269 | 71
616 | Revision_616/readtags.c | U | 144 | 148 | 8 | 191979 | 14 | 87 | 71
616 | Revision_616/sql.c | U | 1230 | 1235 | 8 | 191980 | 14 | 422 | 71
616 | Revision_616/eiffel.c | U | 850 | 855 | 8 | 191981 | 14 | 151 | 71
616 | Revision_616/sql.c | U | 1460 | 1466 | 8 | 191982 | 14 | 420 | 71
616 | Revision_616/sql.c | U | 1489 | 1495 | 8 | 191983 | 14 | 421 | 71
616 | Revision_616/c.c | U | 2183 | 2187 | 8 | 191984 | 14 | 125 | 71
616 | Revision_616/strlist.c | U | 150 | 154 | 8 | 191985 | 14 | 126 | 71
616 | Revision_616/fortran.c | U | 1340 | 1348 | 8 | 191986 | 14 | 84 | 71
616 | Revision_616/sql.c | U | 844 | 864 | 8 | 191987 | 14 | 423 | 71
616 | Revision_616/fortran.c | U | 1552 | 1557 | 8 | 191988 | 14 | 79 | 71
616 | Revision_616/sql.c | U | 755 | 766 | 8 | 191989 | 14 | 424 | 71
616 | Revision_616/ruby.c | U | 214 | 218 | 8 | 191990 | 14 | 392 | 71
616 | Revision_616/eiffel.c | U | 1032 | 1036 | 8 | 191991 | 14 | 151 | 71
616 | Revision_616/c.c | U | 2766 | 2771 | 8 | 191992 | 14 | 94 | 71
616 | Revision_616/jscript.c | U | 682 | 693 | 8 | 191993 | 14 | 426 | 71
616 | Revision_616/fortran.c | U | 1211 | 1215 | 8 | 191994 | 14 | 85 | 71
616 | Revision_616/sql.c | U | 1222 | 1228 | 8 | 191995 | 14 | 492 | 71
616 | Revision_616/jscript.c | U | 997 | 1003 | 8 | 191996 | 14 | 417 | 71
616 | Revision_616/readtags.c | U | 452 | 456 | 8 | 191997 | 14 | 90 | 71
616 | Revision_616/keyword.c | U | 185 | 189 | 8 | 191998 | 14 | 91 | 71
616 | Revision_616/options.c | U | 1042 | 1046 | 8 | 191999 | 14 | 89 | 71
616 | Revision_616/fortran.c | U | 1724 | 1728 | 8 | 192000 | 14 | 373 | 71
616 | Revision_616/c.c | U | 2202 | 2209 | 8 | 192001 | 14 | 244 | 71
616 | Revision_616/c.c | U | 1787 | 1791 | 8 | 192002 | 14 | 121 | 71
616 | Revision_616/vstring.c | U | 35 | 40 | 8 | 192003 | 14 | 98 | 71
616 | Revision_616/c.c | U | 1778 | 1782 | 8 | 192004 | 14 | 331 | 71
616 | Revision_616/options.c | U | 674 | 678 | 8 | 192005 | 14 | 127 | 71
616 | Revision_616/routines.c | U | 453 | 459 | 8 | 192006 | 14 | 266 | 71
616 | Revision_616/fortran.c | U | 1006 | 1010 | 8 | 192007 | 14 | 128 | 71
616 | Revision_616/jscript.c | U | 767 | 774 | 8 | 192008 | 14 | 427 | 71
616 | Revision_616/eiffel.c | U | 1068 | 1077 | 8 | 192009 | 14 | 101 | 71
616 | Revision_616/fortran.c | U | 1545 | 1550 | 8 | 192010 | 14 | 79 | 71
616 | Revision_616/options.c | U | 1221 | 1225 | 8 | 192011 | 14 | 129 | 71
616 | Revision_616/sql.c | U | 1356 | 1363 | 8 | 192012 | 14 | 430 | 71
616 | Revision_616/jscript.c | U | 1237 | 1252 | 8 | 192013 | 14 | 413 | 71
616 | Revision_616/sql.c | U | 1738 | 1766 | 8 | 192014 | 14 | 431 | 71
616 | Revision_616/fortran.c | U | 1418 | 1426 | 8 | 192015 | 14 | 59 | 71
616 | Revision_616/jscript.c | U | 633 | 659 | 8 | 192016 | 14 | 429 | 71
616 | Revision_616/fortran.c | U | 1713 | 1722 | 8 | 192017 | 14 | 221 | 71
616 | Revision_616/jscript.c | U | 571 | 606 | 8 | 192018 | 14 | 432 | 71
616 | Revision_616/sql.c | U | 1183 | 1196 | 8 | 192019 | 14 | 436 | 71
616 | Revision_616/sql.c | U | 1021 | 1044 | 8 | 192020 | 14 | 437 | 71
616 | Revision_616/sql.c | U | 988 | 1005 | 8 | 192021 | 14 | 435 | 71
616 | Revision_616/jscript.c | U | 765 | 775 | 8 | 192022 | 14 | 427 | 71
616 | Revision_616/jscript.c | U | 911 | 930 | 8 | 192023 | 14 | 438 | 71
616 | Revision_616/jscript.c | U | 698 | 747 | 8 | 192024 | 14 | 491 | 71
616 | Revision_616/fortran.c | U | 1537 | 1543 | 8 | 192025 | 14 | 65 | 71
616 | Revision_616/fortran.c | U | 1758 | 1764 | 8 | 192026 | 14 | 314 | 71
616 | Revision_616/fortran.c | U | 1084 | 1090 | 8 | 192027 | 14 | 350 | 71
616 | Revision_616/sql.c | U | 1472 | 1498 | 8 | 192028 | 14 | 439 | 71
616 | Revision_616/sql.c | U | 1540 | 1561 | 8 | 192029 | 14 | 442 | 71
616 | Revision_616/sql.c | U | 1501 | 1522 | 8 | 192030 | 14 | 440 | 71
616 | Revision_616/sql.c | U | 1441 | 1469 | 8 | 192031 | 14 | 441 | 71
616 | Revision_616/sql.c | U | 1564 | 1585 | 8 | 192032 | 14 | 443 | 71
616 | Revision_616/jscript.c | U | 908 | 931 | 8 | 192033 | 14 | 438 | 71
616 | Revision_616/jscript.c | U | 903 | 932 | 8 | 192034 | 14 | 438 | 71
616 | Revision_616/sql.c | U | 1588 | 1628 | 8 | 192035 | 14 | 445 | 71
616 | Revision_616/jscript.c | U | 661 | 694 | 8 | 192036 | 14 | 446 | 71
616 | Revision_616/sql.c | U | 1200 | 1238 | 8 | 192037 | 14 | 447 | 71
616 | Revision_616/sql.c | U | 1326 | 1365 | 8 | 192038 | 14 | 448 | 71
616 | Revision_616/jscript.c | U | 900 | 933 | 8 | 192039 | 14 | 438 | 71
616 | Revision_616/sql.c | U | 1241 | 1284 | 8 | 192040 | 14 | 449 | 71
616 | Revision_616/c.c | U | 797 | 818 | 44 | 192041 | 15 | 103 | 72
616 | Revision_616/c.c | U | 821 | 841 | 44 | 192042 | 15 | 332 | 72
616 | Revision_616/c.c | U | 862 | 882 | 44 | 192043 | 15 | 316 | 72
616 | Revision_616/c.c | U | 929 | 948 | 44 | 192044 | 15 | 103 | 72
616 | Revision_616/c.c | U | 844 | 860 | 44 | 192045 | 15 | 316 | 72
616 | Revision_616/c.c | U | 885 | 896 | 12 | 192046 | 16 | 317 | 90
616 | Revision_616/c.c | U | 899 | 910 | 12 | 192047 | 16 | 318 | 90
616 | Revision_616/c.c | U | 1050 | 1055 | 6 | 192048 | 17 | 407 | 80
616 | Revision_616/jscript.c | U | 1212 | 1217 | 6 | 192049 | 17 | 417 | 80
616 | Revision_616/c.c | U | 1305 | 1311 | 7 | 192050 | 18 | 385 | 71
616 | Revision_616/make.c | U | 63 | 69 | 7 | 192051 | 18 | 394 | 71
616 | Revision_616/fortran.c | U | 501 | 509 | 7 | 192052 | 18 | 112 | 71
616 | Revision_616/make.c | U | 53 | 60 | 7 | 192053 | 18 | 395 | 71
616 | Revision_616/c.c | U | 1378 | 1385 | 7 | 192054 | 19 | 108 | 80
616 | Revision_616/c.c | U | 1387 | 1394 | 7 | 192055 | 19 | 109 | 80
616 | Revision_616/c.c | U | 1408 | 1415 | 7 | 192056 | 20 | 110 | 71
616 | Revision_616/fortran.c | U | 625 | 631 | 7 | 192057 | 20 | 112 | 71
616 | Revision_616/c.c | U | 2174 | 2181 | 7 | 192058 | 20 | 111 | 71
616 | Revision_616/c.c | U | 1418 | 1425 | 7 | 192059 | 20 | 405 | 71
616 | Revision_616/sql.c | U | 571 | 578 | 7 | 192060 | 20 | 406 | 71
616 | Revision_616/jscript.c | U | 404 | 411 | 7 | 192061 | 20 | 450 | 71
616 | Revision_616/c.c | U | 1456 | 1461 | 6 | 192062 | 21 | 386 | 80
616 | Revision_616/c.c | U | 1798 | 1803 | 6 | 192063 | 21 | 80 | 80
616 | Revision_616/c.c | U | 1482 | 1491 | 9 | 192064 | 22 | 294 | 71
616 | Revision_616/eiffel.c | U | 555 | 563 | 9 | 192065 | 22 | 295 | 71
616 | Revision_616/c.c | U | 1485 | 1489 | 5 | 192066 | 23 | 294 | 75
616 | Revision_616/readtags.c | U | 502 | 506 | 5 | 192067 | 23 | 90 | 75
616 | Revision_616/readtags.c | U | 681 | 685 | 5 | 192068 | 23 | 99 | 75
616 | Revision_616/c.c | U | 1499 | 1512 | 10 | 192069 | 24 | 396 | 75
616 | Revision_616/make.c | U | 77 | 87 | 10 | 192070 | 24 | 397 | 75
616 | Revision_616/fortran.c | U | 853 | 864 | 10 | 192071 | 24 | 116 | 75
616 | Revision_616/verilog.c | U | 199 | 212 | 10 | 192072 | 24 | 398 | 75
616 | Revision_616/eiffel.c | U | 588 | 600 | 10 | 192073 | 24 | 114 | 75
616 | Revision_616/eiffel.c | U | 573 | 585 | 10 | 192074 | 24 | 117 | 75
616 | Revision_616/jscript.c | U | 324 | 335 | 10 | 192075 | 24 | 451 | 75
616 | Revision_616/sql.c | U | 455 | 466 | 10 | 192076 | 24 | 306 | 75
616 | Revision_616/c.c | U | 1616 | 1622 | 8 | 192077 | 25 | 452 | 75
616 | Revision_616/jscript.c | U | 442 | 450 | 8 | 192078 | 25 | 453 | 75
616 | Revision_616/c.c | U | 1988 | 1992 | 5 | 192079 | 26 | 121 | 75
616 | Revision_616/fortran.c | U | 619 | 623 | 5 | 192080 | 26 | 112 | 75
616 | Revision_616/get.c | U | 594 | 598 | 5 | 192081 | 26 | 122 | 75
616 | Revision_616/fortran.c | U | 728 | 732 | 5 | 192082 | 26 | 144 | 75
616 | Revision_616/readtags.c | U | 363 | 367 | 5 | 192083 | 26 | 529 | 75
616 | Revision_616/c.c | U | 2059 | 2065 | 5 | 192084 | 26 | 12 | 75
616 | Revision_616/vim.c | U | 400 | 408 | 5 | 192085 | 26 | 500 | 75
616 | Revision_616/perl.c | U | 187 | 191 | 5 | 192086 | 26 | 163 | 75
616 | Revision_616/python.c | U | 380 | 387 | 5 | 192087 | 26 | 503 | 75
616 | Revision_616/pascal.c | U | 134 | 138 | 5 | 192088 | 26 | 164 | 75
616 | Revision_616/c.c | U | 2162 | 2169 | 9 | 192089 | 27 | 28 | 71
616 | Revision_616/eiffel.c | U | 1065 | 1078 | 9 | 192090 | 27 | 156 | 71
616 | Revision_616/c.c | U | 2472 | 2479 | 6 | 192091 | 28 | 94 | 75
616 | Revision_616/sql.c | U | 1414 | 1418 | 6 | 192092 | 28 | 454 | 75
616 | Revision_616/sql.c | U | 1673 | 1677 | 6 | 192093 | 28 | 455 | 75
616 | Revision_616/jscript.c | U | 837 | 846 | 6 | 192094 | 28 | 456 | 75
616 | Revision_616/jscript.c | U | 848 | 853 | 6 | 192095 | 28 | 457 | 75
616 | Revision_616/jscript.c | U | 819 | 835 | 6 | 192096 | 28 | 480 | 75
616 | Revision_616/c.c | U | 2485 | 2489 | 5 | 192097 | 29 | 387 | 100
616 | Revision_616/c.c | U | 2492 | 2496 | 5 | 192098 | 29 | 94 | 100
616 | Revision_616/c.c | U | 2715 | 2720 | 6 | 192099 | 30 | 94 | 80
616 | Revision_616/sql.c | U | 1008 | 1013 | 6 | 192100 | 30 | 301 | 80
616 | Revision_616/c.c | U | 2806 | 2815 | 9 | 192101 | 31 | 130 | 71
616 | Revision_616/sql.c | U | 346 | 355 | 9 | 192102 | 31 | 302 | 71
616 | Revision_616/jscript.c | U | 188 | 197 | 9 | 192103 | 31 | 458 | 71
616 | Revision_616/eiffel.c | U | 214 | 223 | 9 | 192104 | 31 | 131 | 71
616 | Revision_616/fortran.c | U | 397 | 406 | 9 | 192105 | 31 | 132 | 71
616 | Revision_616/verilog.c | U | 108 | 118 | 9 | 192106 | 31 | 381 | 71
616 | Revision_616/asm.c | U | 120 | 128 | 9 | 192107 | 31 | 288 | 71
616 | Revision_616/eiffel.c | U | 286 | 300 | 10 | 192108 | 32 | 133 | 70
616 | Revision_616/jscript.c | U | 225 | 239 | 10 | 192109 | 32 | 459 | 70
616 | Revision_616/sql.c | U | 381 | 395 | 10 | 192110 | 32 | 303 | 70
616 | Revision_616/beta.c | U | 71 | 80 | 10 | 192111 | 32 | 134 | 70
616 | Revision_616/sml.c | U | 75 | 81 | 10 | 192112 | 32 | 324 | 70
616 | Revision_616/parse.c | U | 43 | 54 | 10 | 192113 | 32 | 135 | 70
616 | Revision_616/eiffel.c | U | 288 | 298 | 10 | 192114 | 32 | 136 | 70
616 | Revision_616/eiffel.c | U | 366 | 375 | 8 | 192115 | 33 | 304 | 100
616 | Revision_616/sql.c | U | 426 | 433 | 8 | 192116 | 33 | 305 | 100
616 | Revision_616/jscript.c | U | 294 | 301 | 8 | 192117 | 33 | 460 | 100
616 | Revision_616/eiffel.c | U | 381 | 402 | 20 | 192118 | 34 | 139 | 70
616 | Revision_616/fortran.c | U | 767 | 793 | 20 | 192119 | 34 | 140 | 70
616 | Revision_616/eiffel.c | U | 405 | 433 | 24 | 192120 | 35 | 141 | 95
616 | Revision_616/fortran.c | U | 796 | 824 | 24 | 192121 | 35 | 505 | 95
616 | Revision_616/eiffel.c | U | 413 | 419 | 6 | 192122 | 36 | 119 | 80
616 | Revision_616/eiffel.c | U | 421 | 426 | 6 | 192123 | 36 | 119 | 80
616 | Revision_616/jscript.c | U | 919 | 929 | 6 | 192124 | 36 | 479 | 80
616 | Revision_616/options.c | U | 352 | 357 | 6 | 192125 | 36 | 224 | 80
616 | Revision_616/fortran.c | U | 812 | 817 | 6 | 192126 | 36 | 116 | 80
616 | Revision_616/fortran.c | U | 804 | 810 | 6 | 192127 | 36 | 50 | 80
616 | Revision_616/eiffel.c | U | 546 | 550 | 5 | 192128 | 37 | 143 | 75
616 | Revision_616/fortran.c | U | 985 | 989 | 5 | 192129 | 37 | 145 | 75
616 | Revision_616/verilog.c | U | 142 | 146 | 5 | 192130 | 37 | 383 | 75
616 | Revision_616/verilog.c | U | 238 | 242 | 5 | 192131 | 37 | 382 | 75
616 | Revision_616/fortran.c | U | 785 | 789 | 5 | 192132 | 37 | 144 | 75
616 | Revision_616/eiffel.c | U | 603 | 612 | 8 | 192133 | 38 | 146 | 100
616 | Revision_616/sql.c | U | 469 | 476 | 8 | 192134 | 38 | 305 | 100
616 | Revision_616/jscript.c | U | 338 | 345 | 8 | 192135 | 38 | 471 | 100
616 | Revision_616/asm.c | U | 131 | 139 | 8 | 192136 | 38 | 270 | 100
616 | Revision_616/fortran.c | U | 871 | 880 | 8 | 192137 | 38 | 147 | 100
616 | Revision_616/eiffel.c | U | 720 | 727 | 9 | 192138 | 39 | 148 | 77
616 | Revision_616/jscript.c | U | 427 | 436 | 9 | 192139 | 39 | 461 | 77
616 | Revision_616/eiffel.c | U | 729 | 734 | 6 | 192140 | 40 | 506 | 100
616 | Revision_616/fortran.c | U | 1043 | 1048 | 6 | 192141 | 40 | 312 | 100
616 | Revision_616/eiffel.c | U | 773 | 820 | 13 | 192142 | 41 | 349 | 72
616 | Revision_616/fortran.c | U | 1098 | 1109 | 13 | 192143 | 41 | 350 | 72
616 | Revision_616/eiffel.c | U | 838 | 856 | 12 | 192144 | 42 | 251 | 72
616 | Revision_616/fortran.c | U | 1380 | 1393 | 12 | 192145 | 42 | 336 | 72
616 | Revision_616/eiffel.c | U | 860 | 881 | 12 | 192146 | 42 | 252 | 72
616 | Revision_616/eiffel.c | U | 1007 | 1020 | 12 | 192147 | 42 | 253 | 72
616 | Revision_616/fortran.c | U | 1634 | 1642 | 12 | 192148 | 42 | 337 | 72
616 | Revision_616/eiffel.c | U | 868 | 880 | 10 | 192149 | 43 | 156 | 75
616 | Revision_616/sql.c | U | 1309 | 1319 | 10 | 192150 | 43 | 462 | 75
616 | Revision_616/basic.c | U | 135 | 140 | 6 | 192151 | 44 | 411 | 80
616 | Revision_616/basic.c | U | 147 | 152 | 6 | 192152 | 44 | 412 | 80
616 | Revision_616/verilog.c | U | 187 | 193 | 8 | 192153 | 45 | 399 | 75
616 | Revision_616/make.c | U | 97 | 105 | 8 | 192154 | 45 | 400 | 75
616 | Revision_616/verilog.c | U | 286 | 290 | 5 | 192155 | 46 | 401 | 75
616 | Revision_616/make.c | U | 44 | 48 | 5 | 192156 | 46 | 402 | 75
616 | Revision_616/jscript.c | U | 242 | 263 | 15 | 192157 | 47 | 467 | 91
616 | Revision_616/sql.c | U | 398 | 419 | 15 | 192158 | 47 | 468 | 91
616 | Revision_616/jscript.c | U | 266 | 275 | 8 | 192159 | 48 | 415 | 100
616 | Revision_616/jscript.c | U | 278 | 287 | 8 | 192160 | 48 | 460 | 100
616 | Revision_616/jscript.c | U | 304 | 318 | 14 | 192161 | 49 | 469 | 100
616 | Revision_616/sql.c | U | 436 | 450 | 14 | 192162 | 49 | 470 | 100
616 | Revision_616/jscript.c | U | 348 | 439 | 110 | 192163 | 50 | 472 | 76
616 | Revision_616/sql.c | U | 479 | 612 | 110 | 192164 | 50 | 473 | 76
616 | Revision_616/jscript.c | U | 457 | 487 | 18 | 192165 | 51 | 465 | 100
616 | Revision_616/sql.c | U | 666 | 696 | 18 | 192166 | 51 | 466 | 100
616 | Revision_616/jscript.c | U | 490 | 519 | 18 | 192167 | 51 | 507 | 100
616 | Revision_616/jscript.c | U | 522 | 529 | 7 | 192168 | 52 | 474 | 80
616 | Revision_616/sql.c | U | 631 | 638 | 7 | 192169 | 52 | 476 | 80
616 | Revision_616/jscript.c | U | 532 | 539 | 7 | 192170 | 52 | 475 | 80
616 | Revision_616/jscript.c | U | 985 | 994 | 6 | 192171 | 53 | 497 | 75
616 | Revision_616/options.c | U | 1683 | 1687 | 6 | 192172 | 53 | 333 | 75
616 | Revision_616/jscript.c | U | 1065 | 1091 | 12 | 192173 | 54 | 508 | 72
616 | Revision_616/jscript.c | U | 1093 | 1115 | 12 | 192174 | 54 | 509 | 72
616 | Revision_616/jscript.c | U | 1349 | 1396 | 27 | 192175 | 55 | 510 | 72
616 | Revision_616/fortran.c | U | 1268 | 1293 | 27 | 192176 | 55 | 369 | 72
616 | Revision_616/jscript.c | U | 1407 | 1410 | 8 | 192177 | 56 | 498 | 71
616 | Revision_616/Test/local.c | U | 14 | 20 | 8 | 192178 | 56 | 384 | 71
616 | Revision_616/jscript.c | U | 1420 | 1424 | 5 | 192179 | 57 | 484 | 75
616 | Revision_616/sql.c | U | 1816 | 1820 | 5 | 192180 | 57 | 404 | 75
616 | Revision_616/make.c | U | 185 | 189 | 5 | 192181 | 57 | 403 | 75
616 | Revision_616/gnu_regex/regex.c | U | 810 | 815 | 5 | 192182 | 58 | 513 | 75
616 | Revision_616/routines.c | U | 621 | 644 | 5 | 192183 | 58 | 514 | 75
616 | Revision_616/options.c | U | 397 | 402 | 5 | 192184 | 58 | 355 | 75
616 | Revision_616/main.c | U | 126 | 139 | 5 | 192185 | 58 | 354 | 75
616 | Revision_616/gnu_regex/regex.c | U | 1182 | 1192 | 6 | 192186 | 59 | 515 | 80
616 | Revision_616/gnu_regex/regex.c | U | 1197 | 1207 | 6 | 192187 | 59 | 516 | 80
616 | Revision_616/gnu_regex/regex.c | U | 1330 | 1339 | 5 | 192188 | 60 | 517 | 100
616 | Revision_616/gnu_regex/regex.c | U | 1812 | 1816 | 5 | 192189 | 60 | 518 | 100
616 | Revision_616/gnu_regex/regex.c | U | 1753 | 1758 | 6 | 192190 | 61 | 519 | 100
616 | Revision_616/gnu_regex/regex.c | U | 1788 | 1793 | 6 | 192191 | 61 | 520 | 100
616 | Revision_616/gnu_regex/regex.c | U | 1773 | 1778 | 6 | 192192 | 61 | 521 | 100
616 | Revision_616/gnu_regex/regex.c | U | 2096 | 2104 | 7 | 192193 | 62 | 522 | 83
616 | Revision_616/gnu_regex/regex.c | U | 2115 | 2123 | 7 | 192194 | 62 | 523 | 83
616 | Revision_616/gnu_regex/regex.c | U | 2764 | 2768 | 5 | 192195 | 63 | 524 | 75
616 | Revision_616/beta.c | U | 277 | 281 | 5 | 192196 | 63 | 205 | 75
616 | Revision_616/beta.c | U | 271 | 275 | 5 | 192197 | 63 | 207 | 75
616 | Revision_616/beta.c | U | 165 | 169 | 5 | 192198 | 63 | 204 | 75
616 | Revision_616/beta.c | U | 158 | 162 | 5 | 192199 | 63 | 206 | 75
616 | Revision_616/beta.c | U | 152 | 156 | 5 | 192200 | 63 | 203 | 75
616 | Revision_616/gnu_regex/regex.c | U | 3539 | 3547 | 8 | 192201 | 64 | 525 | 83
616 | Revision_616/gnu_regex/regex.c | U | 3549 | 3556 | 8 | 192202 | 64 | 526 | 83
616 | Revision_616/gnu_regex/regex.c | U | 3718 | 3732 | 15 | 192203 | 65 | 527 | 71
616 | Revision_616/gnu_regex/regex.c | U | 4308 | 4325 | 15 | 192204 | 65 | 528 | 71
616 | Revision_616/vim.c | U | 97 | 101 | 5 | 192205 | 66 | 290 | 100
616 | Revision_616/vim.c | U | 103 | 107 | 5 | 192206 | 66 | 291 | 100
616 | Revision_616/vim.c | U | 244 | 267 | 17 | 192207 | 67 | 334 | 76
616 | Revision_616/vim.c | U | 294 | 312 | 17 | 192208 | 67 | 159 | 76
616 | Revision_616/python.c | U | 84 | 97 | 11 | 192209 | 68 | 37 | 77
616 | Revision_616/python.c | U | 127 | 138 | 11 | 192210 | 68 | 13 | 77
616 | Revision_616/python.c | U | 177 | 181 | 5 | 192211 | 69 | 278 | 75
616 | Revision_616/sml.c | U | 84 | 88 | 5 | 192212 | 69 | 325 | 75
616 | Revision_616/python.c | U | 198 | 202 | 5 | 192213 | 69 | 326 | 75
616 | Revision_616/erlang.c | U | 58 | 62 | 5 | 192214 | 69 | 341 | 75
616 | Revision_616/options.c | U | 963 | 968 | 5 | 192215 | 69 | 280 | 75
616 | Revision_616/python.c | U | 206 | 215 | 9 | 192216 | 70 | 292 | 75
616 | Revision_616/tcl.c | U | 44 | 54 | 9 | 192217 | 70 | 293 | 75
616 | Revision_616/erlang.c | U | 66 | 75 | 9 | 192218 | 70 | 342 | 75
616 | Revision_616/python.c | U | 417 | 421 | 5 | 192219 | 71 | 504 | 75
616 | Revision_616/pascal.c | U | 176 | 182 | 5 | 192220 | 71 | 170 | 75
616 | Revision_616/pascal.c | U | 150 | 154 | 5 | 192221 | 71 | 319 | 75
616 | Revision_616/pascal.c | U | 184 | 190 | 5 | 192222 | 71 | 171 | 75
616 | Revision_616/perl.c | U | 208 | 214 | 7 | 192223 | 72 | 389 | 83
616 | Revision_616/perl.c | U | 254 | 259 | 7 | 192224 | 72 | 502 | 83
616 | Revision_616/perl.c | U | 339 | 346 | 7 | 192225 | 73 | 389 | 71
616 | Revision_616/main.c | U | 260 | 267 | 7 | 192226 | 73 | 377 | 71
616 | Revision_616/erlang.c | U | 97 | 105 | 7 | 192227 | 73 | 344 | 71
616 | Revision_616/perl.c | U | 353 | 359 | 7 | 192228 | 73 | 7 | 71
616 | Revision_616/main.c | U | 179 | 185 | 7 | 192229 | 73 | 376 | 71
616 | Revision_616/erlang.c | U | 116 | 121 | 7 | 192230 | 73 | 346 | 71
616 | Revision_616/erlang.c | U | 108 | 113 | 7 | 192231 | 73 | 344 | 71
616 | Revision_616/sort.c | U | 118 | 123 | 5 | 192232 | 74 | 281 | 100
616 | Revision_616/sort.c | U | 126 | 131 | 5 | 192233 | 74 | 282 | 100
616 | Revision_616/strlist.c | U | 32 | 38 | 8 | 192234 | 75 | 165 | 71
616 | Revision_616/vstring.c | U | 77 | 87 | 8 | 192235 | 75 | 166 | 71
616 | Revision_616/strlist.c | U | 191 | 196 | 7 | 192236 | 76 | 168 | 83
616 | Revision_616/strlist.c | U | 200 | 206 | 7 | 192237 | 76 | 390 | 83
616 | Revision_616/get.c | U | 305 | 314 | 10 | 192238 | 77 | 174 | 70
616 | Revision_616/read.c | U | 220 | 231 | 10 | 192239 | 77 | 176 | 70
616 | Revision_616/parse.c | U | 586 | 600 | 10 | 192240 | 77 | 175 | 70
616 | Revision_616/get.c | U | 467 | 478 | 10 | 192241 | 78 | 177 | 87
616 | Revision_616/get.c | U | 484 | 495 | 10 | 192242 | 78 | 178 | 87
616 | Revision_616/get.c | U | 541 | 546 | 6 | 192243 | 79 | 180 | 80
616 | Revision_616/read.c | U | 424 | 428 | 6 | 192244 | 79 | 181 | 80
616 | Revision_616/routines.c | U | 237 | 244 | 6 | 192245 | 80 | 254 | 80
616 | Revision_616/routines.c | U | 247 | 254 | 6 | 192246 | 80 | 255 | 80
616 | Revision_616/routines.c | U | 288 | 295 | 8 | 192247 | 81 | 256 | 83
616 | Revision_616/routines.c | U | 298 | 305 | 8 | 192248 | 81 | 257 | 83
616 | Revision_616/readtags.c | U | 106 | 113 | 8 | 192249 | 81 | 123 | 83
616 | Revision_616/readtags.c | U | 116 | 123 | 8 | 192250 | 81 | 238 | 83
616 | Revision_616/routines.c | U | 322 | 326 | 5 | 192251 | 82 | 258 | 75
616 | Revision_616/vstring.c | U | 125 | 129 | 5 | 192252 | 82 | 188 | 75
616 | Revision_616/vstring.c | U | 118 | 122 | 5 | 192253 | 82 | 189 | 75
616 | Revision_616/routines.c | U | 329 | 335 | 6 | 192254 | 83 | 259 | 100
616 | Revision_616/routines.c | U | 338 | 344 | 6 | 192255 | 83 | 260 | 100
616 | Revision_616/routines.c | U | 349 | 356 | 8 | 192256 | 84 | 261 | 100
616 | Revision_616/routines.c | U | 361 | 368 | 8 | 192257 | 84 | 262 | 100
616 | Revision_616/sh.c | U | 89 | 94 | 6 | 192258 | 85 | 378 | 80
616 | Revision_616/asm.c | U | 347 | 352 | 6 | 192259 | 85 | 379 | 80
616 | Revision_616/beta.c | U | 134 | 141 | 6 | 192260 | 86 | 201 | 75
616 | Revision_616/beta.c | U | 204 | 212 | 6 | 192261 | 86 | 202 | 75
616 | Revision_616/sql.c | U | 784 | 794 | 8 | 192262 | 87 | 493 | 71
616 | Revision_616/sql.c | U | 1423 | 1432 | 8 | 192263 | 87 | 486 | 71
616 | Revision_616/sql.c | U | 1287 | 1323 | 24 | 192264 | 88 | 487 | 78
616 | Revision_616/sql.c | U | 1692 | 1735 | 24 | 192265 | 88 | 488 | 78
616 | Revision_616/sql.c | U | 1656 | 1681 | 17 | 192266 | 89 | 489 | 84
616 | Revision_616/sql.c | U | 1705 | 1729 | 17 | 192267 | 89 | 490 | 84
616 | Revision_616/parse.c | U | 96 | 106 | 11 | 192268 | 90 | 208 | 88
616 | Revision_616/parse.c | U | 109 | 120 | 11 | 192269 | 90 | 209 | 88
616 | Revision_616/parse.c | U | 299 | 303 | 5 | 192270 | 91 | 356 | 75
616 | Revision_616/parse.c | U | 575 | 579 | 5 | 192271 | 91 | 357 | 75
616 | Revision_616/parse.c | U | 556 | 560 | 5 | 192272 | 91 | 358 | 75
616 | Revision_616/readtags.c | U | 541 | 547 | 6 | 192273 | 92 | 239 | 100
616 | Revision_616/readtags.c | U | 549 | 555 | 6 | 192274 | 92 | 240 | 100
616 | Revision_616/readtags.c | U | 584 | 588 | 6 | 192275 | 93 | 123 | 75
616 | Revision_616/readtags.c | U | 639 | 645 | 6 | 192276 | 93 | 124 | 75
616 | Revision_616/readtags.c | U | 718 | 726 | 8 | 192277 | 94 | 210 | 83
616 | Revision_616/readtags.c | U | 773 | 781 | 8 | 192278 | 94 | 211 | 83
616 | Revision_616/readtags.c | U | 729 | 737 | 8 | 192279 | 94 | 212 | 83
616 | Revision_616/readtags.c | U | 740 | 745 | 6 | 192280 | 95 | 241 | 80
616 | Revision_616/readtags.c | U | 757 | 762 | 6 | 192281 | 95 | 242 | 80
616 | Revision_616/readtags.c | U | 765 | 770 | 6 | 192282 | 95 | 287 | 80
616 | Revision_616/fortran.c | U | 1271 | 1292 | 23 | 192283 | 96 | 369 | 72
616 | Revision_616/fortran.c | U | 1791 | 1814 | 23 | 192284 | 96 | 366 | 72
616 | Revision_616/fortran.c | U | 1325 | 1331 | 7 | 192285 | 97 | 85 | 83
616 | Revision_616/fortran.c | U | 1384 | 1390 | 7 | 192286 | 97 | 84 | 83
616 | Revision_616/fortran.c | U | 1451 | 1459 | 10 | 192287 | 98 | 314 | 77
616 | Revision_616/fortran.c | U | 1490 | 1499 | 10 | 192288 | 98 | 59 | 77
616 | Revision_616/fortran.c | U | 1731 | 1746 | 20 | 192289 | 99 | 21 | 84
616 | Revision_616/fortran.c | U | 1948 | 1964 | 20 | 192290 | 99 | 374 | 84
616 | Revision_616/fortran.c | U | 1912 | 1931 | 17 | 192291 | 100 | 220 | 75
616 | Revision_616/fortran.c | U | 1983 | 2000 | 17 | 192292 | 100 | 221 | 75
616 | Revision_616/fortran.c | U | 2060 | 2081 | 17 | 192293 | 100 | 372 | 75
616 | Revision_616/asm.c | U | 243 | 256 | 11 | 192294 | 101 | 289 | 77
616 | Revision_616/asm.c | U | 261 | 271 | 11 | 192295 | 101 | 279 | 77
616 | Revision_616/scheme.c | U | 70 | 78 | 8 | 192296 | 102 | 222 | 71
616 | Revision_616/scheme.c | U | 85 | 93 | 8 | 192297 | 102 | 223 | 71
616 | Revision_616/options.c | U | 369 | 375 | 6 | 192298 | 103 | 224 | 100
616 | Revision_616/options.c | U | 378 | 384 | 6 | 192299 | 103 | 225 | 100
616 | Revision_616/options.c | U | 543 | 549 | 7 | 192300 | 104 | 226 | 100
616 | Revision_616/options.c | U | 561 | 567 | 7 | 192301 | 104 | 227 | 100
616 | Revision_616/options.c | U | 552 | 558 | 7 | 192302 | 104 | 228 | 100
616 | Revision_616/options.c | U | 570 | 576 | 7 | 192303 | 104 | 229 | 100
616 | Revision_616/options.c | U | 982 | 986 | 5 | 192304 | 105 | 230 | 75
616 | Revision_616/options.c | U | 1008 | 1012 | 5 | 192305 | 105 | 231 | 75
616 | Revision_616/options.c | U | 1102 | 1106 | 5 | 192306 | 106 | 232 | 100
616 | Revision_616/options.c | U | 1108 | 1112 | 5 | 192307 | 106 | 233 | 100
616 | Revision_616/options.c | U | 1154 | 1166 | 12 | 192308 | 107 | 360 | 100
616 | Revision_616/options.c | U | 1171 | 1183 | 12 | 192309 | 107 | 235 | 100
616 | Revision_616/options.c | U | 1425 | 1442 | 15 | 192310 | 108 | 236 | 91
616 | Revision_616/options.c | U | 1463 | 1480 | 15 | 192311 | 108 | 237 | 91
