Revision | filePath | changeType | StartLine | EndLine | Nlines | cloneId | classId | globalCloneId | Similarity
626 | Revision_626/lisp.c | U | 91 | 97 | 7 | 196314 | 1 | 1 | 83
626 | Revision_626/lisp.c | U | 112 | 118 | 7 | 196315 | 1 | 2 | 83
626 | Revision_626/lisp.c | U | 127 | 137 | 9 | 196316 | 2 | 3 | 70
626 | Revision_626/c.c | U | 2848 | 2857 | 9 | 196317 | 2 | 12 | 70
626 | Revision_626/c.c | U | 2860 | 2875 | 9 | 196318 | 2 | 8 | 70
626 | Revision_626/c.c | U | 2902 | 2911 | 9 | 196319 | 2 | 15 | 70
626 | Revision_626/c.c | U | 2878 | 2887 | 9 | 196320 | 2 | 315 | 70
626 | Revision_626/sh.c | U | 103 | 113 | 9 | 196321 | 2 | 17 | 70
626 | Revision_626/asp.c | U | 201 | 209 | 9 | 196322 | 2 | 4 | 70
626 | Revision_626/verilog.c | U | 329 | 338 | 9 | 196323 | 2 | 283 | 70
626 | Revision_626/c.c | U | 2890 | 2899 | 9 | 196324 | 2 | 330 | 70
626 | Revision_626/cobol.c | U | 40 | 48 | 9 | 196325 | 2 | 320 | 70
626 | Revision_626/php.c | U | 91 | 98 | 9 | 196326 | 2 | 501 | 70
626 | Revision_626/scheme.c | U | 99 | 109 | 9 | 196327 | 2 | 16 | 70
626 | Revision_626/pascal.c | U | 257 | 265 | 9 | 196328 | 2 | 14 | 70
626 | Revision_626/python.c | U | 447 | 455 | 9 | 196329 | 2 | 13 | 70
626 | Revision_626/erlang.c | U | 179 | 187 | 9 | 196330 | 2 | 340 | 70
626 | Revision_626/beta.c | U | 311 | 319 | 9 | 196331 | 2 | 5 | 70
626 | Revision_626/awk.c | U | 71 | 79 | 9 | 196332 | 2 | 10 | 70
626 | Revision_626/lua.c | U | 123 | 131 | 9 | 196333 | 2 | 243 | 70
626 | Revision_626/perl.c | U | 372 | 380 | 9 | 196334 | 2 | 7 | 70
626 | Revision_626/sml.c | U | 202 | 210 | 9 | 196335 | 2 | 321 | 70
626 | Revision_626/ruby.c | U | 398 | 406 | 9 | 196336 | 2 | 19 | 70
626 | Revision_626/eiffel.c | U | 1247 | 1256 | 9 | 196337 | 2 | 9 | 70
626 | Revision_626/basic.c | U | 193 | 201 | 9 | 196338 | 2 | 408 | 70
626 | Revision_626/fortran.c | U | 2195 | 2210 | 9 | 196339 | 2 | 21 | 70
626 | Revision_626/tcl.c | U | 106 | 114 | 9 | 196340 | 2 | 18 | 70
626 | Revision_626/sql.c | U | 1834 | 1843 | 9 | 196341 | 2 | 296 | 70
626 | Revision_626/vim.c | U | 626 | 634 | 9 | 196342 | 2 | 20 | 70
626 | Revision_626/asm.c | U | 366 | 385 | 9 | 196343 | 2 | 274 | 70
626 | Revision_626/make.c | U | 199 | 209 | 9 | 196344 | 2 | 25 | 70
626 | Revision_626/jscript.c | U | 1447 | 1460 | 9 | 196345 | 2 | 413 | 70
626 | Revision_626/html.c | U | 40 | 47 | 9 | 196346 | 2 | 365 | 70
626 | Revision_626/yacc.c | U | 31 | 38 | 9 | 196347 | 2 | 23 | 70
626 | Revision_626/rexx.c | U | 30 | 37 | 9 | 196348 | 2 | 26 | 70
626 | Revision_626/keyword.c | U | 107 | 116 | 9 | 196349 | 2 | 27 | 70
626 | Revision_626/slang.c | U | 34 | 41 | 9 | 196350 | 2 | 24 | 70
626 | Revision_626/fortran.c | U | 413 | 425 | 9 | 196351 | 2 | 158 | 70
626 | Revision_626/gnu_regex/regex.c | U | 2828 | 2833 | 9 | 196352 | 2 | 511 | 70
626 | Revision_626/options.c | U | 626 | 632 | 9 | 196353 | 2 | 29 | 70
626 | Revision_626/sql.c | U | 358 | 367 | 9 | 196354 | 2 | 309 | 70
626 | Revision_626/options.c | U | 533 | 538 | 9 | 196355 | 2 | 30 | 70
626 | Revision_626/c.c | U | 2212 | 2217 | 9 | 196356 | 2 | 28 | 70
626 | Revision_626/jscript.c | U | 200 | 211 | 9 | 196357 | 2 | 414 | 70
626 | Revision_626/eiffel.c | U | 1201 | 1213 | 9 | 196358 | 2 | 157 | 70
626 | Revision_626/c.c | U | 2241 | 2249 | 9 | 196359 | 2 | 31 | 70
626 | Revision_626/c.c | U | 482 | 488 | 9 | 196360 | 2 | 53 | 70
626 | Revision_626/gnu_regex/regex.c | U | 2826 | 2840 | 9 | 196361 | 2 | 512 | 70
626 | Revision_626/asp.c | U | 71 | 90 | 15 | 196362 | 3 | 33 | 100
626 | Revision_626/asp.c | U | 94 | 113 | 15 | 196363 | 3 | 34 | 100
626 | Revision_626/asp.c | U | 117 | 133 | 14 | 196364 | 4 | 35 | 100
626 | Revision_626/asp.c | U | 137 | 152 | 14 | 196365 | 4 | 36 | 100
626 | Revision_626/asp.c | U | 175 | 190 | 14 | 196366 | 4 | 36 | 100
626 | Revision_626/asp.c | U | 156 | 171 | 14 | 196367 | 4 | 36 | 100
626 | Revision_626/args.c | U | 85 | 92 | 8 | 196368 | 5 | 43 | 100
626 | Revision_626/args.c | U | 160 | 167 | 8 | 196369 | 5 | 44 | 100
626 | Revision_626/args.c | U | 182 | 190 | 9 | 196370 | 6 | 45 | 75
626 | Revision_626/args.c | U | 203 | 211 | 9 | 196371 | 6 | 46 | 75
626 | Revision_626/args.c | U | 193 | 200 | 9 | 196372 | 6 | 47 | 75
626 | Revision_626/args.c | U | 266 | 272 | 7 | 196373 | 7 | 48 | 83
626 | Revision_626/options.c | U | 579 | 584 | 7 | 196374 | 7 | 49 | 83
626 | Revision_626/c.c | U | 534 | 540 | 5 | 196375 | 8 | 51 | 75
626 | Revision_626/sql.c | U | 370 | 374 | 5 | 196376 | 8 | 416 | 75
626 | Revision_626/vstring.c | U | 67 | 74 | 5 | 196377 | 8 | 52 | 75
626 | Revision_626/fortran.c | U | 903 | 907 | 5 | 196378 | 8 | 50 | 75
626 | Revision_626/jscript.c | U | 214 | 218 | 5 | 196379 | 8 | 415 | 75
626 | Revision_626/fortran.c | U | 439 | 444 | 5 | 196380 | 8 | 363 | 75
626 | Revision_626/eiffel.c | U | 1216 | 1222 | 5 | 196381 | 8 | 362 | 75
626 | Revision_626/vstring.c | U | 69 | 73 | 5 | 196382 | 8 | 52 | 75
626 | Revision_626/fortran.c | U | 1075 | 1079 | 5 | 196383 | 8 | 312 | 75
626 | Revision_626/c.c | U | 543 | 550 | 6 | 196384 | 9 | 53 | 80
626 | Revision_626/c.c | U | 553 | 560 | 6 | 196385 | 9 | 54 | 80
626 | Revision_626/c.c | U | 662 | 678 | 18 | 196386 | 10 | 55 | 70
626 | Revision_626/c.c | U | 681 | 696 | 18 | 196387 | 10 | 60 | 70
626 | Revision_626/c.c | U | 1165 | 1183 | 18 | 196388 | 10 | 57 | 70
626 | Revision_626/fortran.c | U | 1133 | 1148 | 18 | 196389 | 10 | 375 | 70
626 | Revision_626/fortran.c | U | 1110 | 1130 | 18 | 196390 | 10 | 58 | 70
626 | Revision_626/c.c | U | 1242 | 1256 | 18 | 196391 | 10 | 56 | 70
626 | Revision_626/fortran.c | U | 1869 | 1885 | 18 | 196392 | 10 | 59 | 70
626 | Revision_626/Test/local.c | U | 9 | 22 | 18 | 196393 | 10 | 384 | 70
626 | Revision_626/jscript.c | U | 1362 | 1385 | 18 | 196394 | 10 | 463 | 70
626 | Revision_626/fortran.c | U | 1786 | 1814 | 18 | 196395 | 10 | 366 | 70
626 | Revision_626/c.c | U | 1168 | 1181 | 18 | 196396 | 10 | 63 | 70
626 | Revision_626/fortran.c | U | 1113 | 1128 | 18 | 196397 | 10 | 58 | 70
626 | Revision_626/eiffel.c | U | 906 | 946 | 18 | 196398 | 10 | 248 | 70
626 | Revision_626/eiffel.c | U | 1112 | 1136 | 18 | 196399 | 10 | 307 | 70
626 | Revision_626/fortran.c | U | 1586 | 1623 | 18 | 196400 | 10 | 367 | 70
626 | Revision_626/fortran.c | U | 1872 | 1883 | 18 | 196401 | 10 | 65 | 70
626 | Revision_626/eiffel.c | U | 1185 | 1197 | 18 | 196402 | 10 | 157 | 70
626 | Revision_626/sql.c | U | 881 | 905 | 18 | 196403 | 10 | 308 | 70
626 | Revision_626/eiffel.c | U | 1191 | 1196 | 18 | 196404 | 10 | 362 | 70
626 | Revision_626/c.c | U | 684 | 694 | 13 | 196405 | 11 | 57 | 75
626 | Revision_626/c.c | U | 1244 | 1255 | 13 | 196406 | 11 | 64 | 75
626 | Revision_626/c.c | U | 714 | 736 | 21 | 196407 | 12 | 72 | 70
626 | Revision_626/fortran.c | U | 1300 | 1310 | 21 | 196408 | 12 | 337 | 70
626 | Revision_626/c.c | U | 746 | 752 | 8 | 196409 | 13 | 74 | 71
626 | Revision_626/options.c | U | 472 | 479 | 8 | 196410 | 13 | 75 | 71
626 | Revision_626/c.c | U | 787 | 791 | 8 | 196411 | 14 | 76 | 71
626 | Revision_626/eiffel.c | U | 673 | 677 | 8 | 196412 | 14 | 249 | 71
626 | Revision_626/jscript.c | U | 1313 | 1317 | 8 | 196413 | 14 | 417 | 71
626 | Revision_626/fortran.c | U | 1914 | 1918 | 8 | 196414 | 14 | 79 | 71
626 | Revision_626/sql.c | U | 913 | 919 | 8 | 196415 | 14 | 419 | 71
626 | Revision_626/c.c | U | 2136 | 2140 | 8 | 196416 | 14 | 80 | 71
626 | Revision_626/sql.c | U | 997 | 1004 | 8 | 196417 | 14 | 418 | 71
626 | Revision_626/eiffel.c | U | 660 | 664 | 8 | 196418 | 14 | 250 | 71
626 | Revision_626/sql.c | U | 530 | 534 | 8 | 196419 | 14 | 300 | 71
626 | Revision_626/fortran.c | U | 1341 | 1345 | 8 | 196420 | 14 | 85 | 71
626 | Revision_626/eiffel.c | U | 962 | 966 | 8 | 196421 | 14 | 269 | 71
626 | Revision_626/eiffel.c | U | 1013 | 1017 | 8 | 196422 | 14 | 269 | 71
626 | Revision_626/eiffel.c | U | 875 | 879 | 8 | 196423 | 14 | 269 | 71
626 | Revision_626/jscript.c | U | 1297 | 1318 | 8 | 196424 | 14 | 494 | 71
626 | Revision_626/eiffel.c | U | 850 | 855 | 8 | 196425 | 14 | 151 | 71
626 | Revision_626/sql.c | U | 1230 | 1235 | 8 | 196426 | 14 | 422 | 71
626 | Revision_626/readtags.c | U | 144 | 148 | 8 | 196427 | 14 | 87 | 71
626 | Revision_626/sql.c | U | 1460 | 1466 | 8 | 196428 | 14 | 420 | 71
626 | Revision_626/sql.c | U | 1489 | 1495 | 8 | 196429 | 14 | 421 | 71
626 | Revision_626/c.c | U | 2183 | 2187 | 8 | 196430 | 14 | 125 | 71
626 | Revision_626/strlist.c | U | 150 | 154 | 8 | 196431 | 14 | 126 | 71
626 | Revision_626/jscript.c | U | 997 | 1003 | 8 | 196432 | 14 | 417 | 71
626 | Revision_626/jscript.c | U | 682 | 693 | 8 | 196433 | 14 | 426 | 71
626 | Revision_626/sql.c | U | 844 | 864 | 8 | 196434 | 14 | 423 | 71
626 | Revision_626/ruby.c | U | 214 | 218 | 8 | 196435 | 14 | 392 | 71
626 | Revision_626/eiffel.c | U | 1032 | 1036 | 8 | 196436 | 14 | 151 | 71
626 | Revision_626/sql.c | U | 1222 | 1228 | 8 | 196437 | 14 | 492 | 71
626 | Revision_626/sql.c | U | 755 | 766 | 8 | 196438 | 14 | 424 | 71
626 | Revision_626/fortran.c | U | 1209 | 1213 | 8 | 196439 | 14 | 85 | 71
626 | Revision_626/keyword.c | U | 185 | 189 | 8 | 196440 | 14 | 91 | 71
626 | Revision_626/readtags.c | U | 452 | 456 | 8 | 196441 | 14 | 90 | 71
626 | Revision_626/options.c | U | 1042 | 1046 | 8 | 196442 | 14 | 89 | 71
626 | Revision_626/fortran.c | U | 1338 | 1346 | 8 | 196443 | 14 | 84 | 71
626 | Revision_626/fortran.c | U | 1550 | 1555 | 8 | 196444 | 14 | 79 | 71
626 | Revision_626/c.c | U | 2766 | 2771 | 8 | 196445 | 14 | 94 | 71
626 | Revision_626/c.c | U | 2202 | 2209 | 8 | 196446 | 14 | 244 | 71
626 | Revision_626/c.c | U | 1787 | 1791 | 8 | 196447 | 14 | 121 | 71
626 | Revision_626/vstring.c | U | 35 | 40 | 8 | 196448 | 14 | 98 | 71
626 | Revision_626/c.c | U | 1778 | 1782 | 8 | 196449 | 14 | 331 | 71
626 | Revision_626/fortran.c | U | 1722 | 1726 | 8 | 196450 | 14 | 373 | 71
626 | Revision_626/options.c | U | 674 | 678 | 8 | 196451 | 14 | 127 | 71
626 | Revision_626/routines.c | U | 453 | 459 | 8 | 196452 | 14 | 266 | 71
626 | Revision_626/fortran.c | U | 1005 | 1009 | 8 | 196453 | 14 | 128 | 71
626 | Revision_626/jscript.c | U | 767 | 774 | 8 | 196454 | 14 | 427 | 71
626 | Revision_626/eiffel.c | U | 1068 | 1077 | 8 | 196455 | 14 | 101 | 71
626 | Revision_626/fortran.c | U | 1543 | 1548 | 8 | 196456 | 14 | 79 | 71
626 | Revision_626/options.c | U | 1221 | 1225 | 8 | 196457 | 14 | 129 | 71
626 | Revision_626/jscript.c | U | 1237 | 1252 | 8 | 196458 | 14 | 413 | 71
626 | Revision_626/sql.c | U | 1356 | 1363 | 8 | 196459 | 14 | 430 | 71
626 | Revision_626/sql.c | U | 1738 | 1766 | 8 | 196460 | 14 | 431 | 71
626 | Revision_626/fortran.c | U | 1416 | 1424 | 8 | 196461 | 14 | 59 | 71
626 | Revision_626/jscript.c | U | 633 | 659 | 8 | 196462 | 14 | 429 | 71
626 | Revision_626/fortran.c | U | 1711 | 1720 | 8 | 196463 | 14 | 221 | 71
626 | Revision_626/jscript.c | U | 571 | 606 | 8 | 196464 | 14 | 432 | 71
626 | Revision_626/sql.c | U | 1183 | 1196 | 8 | 196465 | 14 | 436 | 71
626 | Revision_626/jscript.c | U | 765 | 775 | 8 | 196466 | 14 | 427 | 71
626 | Revision_626/sql.c | U | 1021 | 1044 | 8 | 196467 | 14 | 437 | 71
626 | Revision_626/sql.c | U | 988 | 1005 | 8 | 196468 | 14 | 435 | 71
626 | Revision_626/jscript.c | U | 698 | 747 | 8 | 196469 | 14 | 491 | 71
626 | Revision_626/jscript.c | U | 911 | 930 | 8 | 196470 | 14 | 438 | 71
626 | Revision_626/fortran.c | U | 1535 | 1541 | 8 | 196471 | 14 | 65 | 71
626 | Revision_626/fortran.c | U | 1082 | 1088 | 8 | 196472 | 14 | 350 | 71
626 | Revision_626/fortran.c | U | 1756 | 1762 | 8 | 196473 | 14 | 314 | 71
626 | Revision_626/sql.c | U | 1472 | 1498 | 8 | 196474 | 14 | 439 | 71
626 | Revision_626/sql.c | U | 1441 | 1469 | 8 | 196475 | 14 | 441 | 71
626 | Revision_626/sql.c | U | 1564 | 1585 | 8 | 196476 | 14 | 442 | 71
626 | Revision_626/sql.c | U | 1540 | 1561 | 8 | 196477 | 14 | 443 | 71
626 | Revision_626/sql.c | U | 1501 | 1522 | 8 | 196478 | 14 | 440 | 71
626 | Revision_626/sql.c | U | 1588 | 1628 | 8 | 196479 | 14 | 445 | 71
626 | Revision_626/jscript.c | U | 903 | 932 | 8 | 196480 | 14 | 438 | 71
626 | Revision_626/jscript.c | U | 908 | 931 | 8 | 196481 | 14 | 438 | 71
626 | Revision_626/sql.c | U | 1326 | 1365 | 8 | 196482 | 14 | 448 | 71
626 | Revision_626/sql.c | U | 1200 | 1238 | 8 | 196483 | 14 | 447 | 71
626 | Revision_626/jscript.c | U | 661 | 694 | 8 | 196484 | 14 | 446 | 71
626 | Revision_626/jscript.c | U | 900 | 933 | 8 | 196485 | 14 | 438 | 71
626 | Revision_626/sql.c | U | 1241 | 1284 | 8 | 196486 | 14 | 449 | 71
626 | Revision_626/c.c | U | 797 | 818 | 44 | 196487 | 15 | 103 | 72
626 | Revision_626/c.c | U | 821 | 841 | 44 | 196488 | 15 | 332 | 72
626 | Revision_626/c.c | U | 862 | 882 | 44 | 196489 | 15 | 316 | 72
626 | Revision_626/c.c | U | 929 | 948 | 44 | 196490 | 15 | 103 | 72
626 | Revision_626/c.c | U | 844 | 860 | 44 | 196491 | 15 | 316 | 72
626 | Revision_626/c.c | U | 885 | 896 | 12 | 196492 | 16 | 317 | 90
626 | Revision_626/c.c | U | 899 | 910 | 12 | 196493 | 16 | 318 | 90
626 | Revision_626/c.c | U | 1050 | 1055 | 6 | 196494 | 17 | 407 | 80
626 | Revision_626/jscript.c | U | 1212 | 1217 | 6 | 196495 | 17 | 417 | 80
626 | Revision_626/c.c | U | 1305 | 1311 | 7 | 196496 | 18 | 385 | 71
626 | Revision_626/make.c | U | 63 | 69 | 7 | 196497 | 18 | 394 | 71
626 | Revision_626/fortran.c | U | 501 | 509 | 7 | 196498 | 18 | 112 | 71
626 | Revision_626/make.c | U | 53 | 60 | 7 | 196499 | 18 | 395 | 71
626 | Revision_626/c.c | U | 1378 | 1385 | 7 | 196500 | 19 | 108 | 80
626 | Revision_626/c.c | U | 1387 | 1394 | 7 | 196501 | 19 | 109 | 80
626 | Revision_626/c.c | U | 1408 | 1415 | 7 | 196502 | 20 | 110 | 71
626 | Revision_626/c.c | U | 1418 | 1425 | 7 | 196503 | 20 | 111 | 71
626 | Revision_626/fortran.c | U | 625 | 631 | 7 | 196504 | 20 | 112 | 71
626 | Revision_626/c.c | U | 2174 | 2181 | 7 | 196505 | 20 | 405 | 71
626 | Revision_626/sql.c | U | 571 | 578 | 7 | 196506 | 20 | 406 | 71
626 | Revision_626/jscript.c | U | 404 | 411 | 7 | 196507 | 20 | 450 | 71
626 | Revision_626/c.c | U | 1456 | 1461 | 6 | 196508 | 21 | 386 | 80
626 | Revision_626/c.c | U | 1798 | 1803 | 6 | 196509 | 21 | 80 | 80
626 | Revision_626/c.c | U | 1482 | 1491 | 9 | 196510 | 22 | 294 | 71
626 | Revision_626/eiffel.c | U | 555 | 563 | 9 | 196511 | 22 | 295 | 71
626 | Revision_626/c.c | U | 1485 | 1489 | 5 | 196512 | 23 | 294 | 75
626 | Revision_626/readtags.c | U | 502 | 506 | 5 | 196513 | 23 | 90 | 75
626 | Revision_626/readtags.c | U | 681 | 685 | 5 | 196514 | 23 | 99 | 75
626 | Revision_626/c.c | U | 1499 | 1512 | 10 | 196515 | 24 | 396 | 75
626 | Revision_626/make.c | U | 77 | 87 | 10 | 196516 | 24 | 397 | 75
626 | Revision_626/verilog.c | U | 199 | 212 | 10 | 196517 | 24 | 398 | 75
626 | Revision_626/fortran.c | U | 853 | 864 | 10 | 196518 | 24 | 116 | 75
626 | Revision_626/eiffel.c | U | 573 | 585 | 10 | 196519 | 24 | 114 | 75
626 | Revision_626/eiffel.c | U | 588 | 600 | 10 | 196520 | 24 | 117 | 75
626 | Revision_626/sql.c | U | 455 | 466 | 10 | 196521 | 24 | 306 | 75
626 | Revision_626/jscript.c | U | 324 | 335 | 10 | 196522 | 24 | 451 | 75
626 | Revision_626/c.c | U | 1616 | 1622 | 8 | 196523 | 25 | 452 | 75
626 | Revision_626/jscript.c | U | 442 | 450 | 8 | 196524 | 25 | 453 | 75
626 | Revision_626/c.c | U | 1988 | 1992 | 5 | 196525 | 26 | 121 | 75
626 | Revision_626/fortran.c | U | 728 | 732 | 5 | 196526 | 26 | 144 | 75
626 | Revision_626/get.c | U | 594 | 598 | 5 | 196527 | 26 | 122 | 75
626 | Revision_626/fortran.c | U | 619 | 623 | 5 | 196528 | 26 | 112 | 75
626 | Revision_626/perl.c | U | 187 | 191 | 5 | 196529 | 26 | 163 | 75
626 | Revision_626/python.c | U | 380 | 387 | 5 | 196530 | 26 | 503 | 75
626 | Revision_626/pascal.c | U | 134 | 138 | 5 | 196531 | 26 | 164 | 75
626 | Revision_626/readtags.c | U | 363 | 367 | 5 | 196532 | 26 | 529 | 75
626 | Revision_626/c.c | U | 2059 | 2065 | 5 | 196533 | 26 | 12 | 75
626 | Revision_626/vim.c | U | 400 | 408 | 5 | 196534 | 26 | 500 | 75
626 | Revision_626/c.c | U | 2162 | 2169 | 8 | 196535 | 27 | 28 | 71
626 | Revision_626/fortran.c | U | 1488 | 1497 | 8 | 196536 | 27 | 65 | 71
626 | Revision_626/fortran.c | U | 1449 | 1457 | 8 | 196537 | 27 | 314 | 71
626 | Revision_626/eiffel.c | U | 1065 | 1078 | 8 | 196538 | 27 | 156 | 71
626 | Revision_626/c.c | U | 2472 | 2479 | 6 | 196539 | 28 | 94 | 75
626 | Revision_626/sql.c | U | 1414 | 1418 | 6 | 196540 | 28 | 454 | 75
626 | Revision_626/sql.c | U | 1673 | 1677 | 6 | 196541 | 28 | 455 | 75
626 | Revision_626/jscript.c | U | 837 | 846 | 6 | 196542 | 28 | 456 | 75
626 | Revision_626/jscript.c | U | 819 | 835 | 6 | 196543 | 28 | 480 | 75
626 | Revision_626/jscript.c | U | 848 | 853 | 6 | 196544 | 28 | 457 | 75
626 | Revision_626/c.c | U | 2485 | 2489 | 5 | 196545 | 29 | 387 | 100
626 | Revision_626/c.c | U | 2492 | 2496 | 5 | 196546 | 29 | 94 | 100
626 | Revision_626/c.c | U | 2715 | 2720 | 6 | 196547 | 30 | 94 | 80
626 | Revision_626/sql.c | U | 1008 | 1013 | 6 | 196548 | 30 | 301 | 80
626 | Revision_626/c.c | U | 2806 | 2815 | 9 | 196549 | 31 | 130 | 71
626 | Revision_626/jscript.c | U | 188 | 197 | 9 | 196550 | 31 | 458 | 71
626 | Revision_626/fortran.c | U | 397 | 406 | 9 | 196551 | 31 | 132 | 71
626 | Revision_626/eiffel.c | U | 214 | 223 | 9 | 196552 | 31 | 131 | 71
626 | Revision_626/asm.c | U | 120 | 128 | 9 | 196553 | 31 | 288 | 71
626 | Revision_626/verilog.c | U | 108 | 118 | 9 | 196554 | 31 | 381 | 71
626 | Revision_626/sql.c | U | 346 | 355 | 9 | 196555 | 31 | 302 | 71
626 | Revision_626/eiffel.c | U | 286 | 300 | 10 | 196556 | 32 | 133 | 70
626 | Revision_626/jscript.c | U | 225 | 239 | 10 | 196557 | 32 | 459 | 70
626 | Revision_626/beta.c | U | 71 | 80 | 10 | 196558 | 32 | 134 | 70
626 | Revision_626/sql.c | U | 381 | 395 | 10 | 196559 | 32 | 303 | 70
626 | Revision_626/parse.c | U | 43 | 54 | 10 | 196560 | 32 | 135 | 70
626 | Revision_626/sml.c | U | 75 | 81 | 10 | 196561 | 32 | 324 | 70
626 | Revision_626/eiffel.c | U | 288 | 298 | 10 | 196562 | 32 | 136 | 70
626 | Revision_626/eiffel.c | U | 366 | 375 | 8 | 196563 | 33 | 304 | 100
626 | Revision_626/jscript.c | U | 294 | 301 | 8 | 196564 | 33 | 460 | 100
626 | Revision_626/sql.c | U | 426 | 433 | 8 | 196565 | 33 | 305 | 100
626 | Revision_626/eiffel.c | U | 381 | 402 | 20 | 196566 | 34 | 139 | 70
626 | Revision_626/fortran.c | U | 767 | 793 | 20 | 196567 | 34 | 140 | 70
626 | Revision_626/eiffel.c | U | 405 | 433 | 24 | 196568 | 35 | 141 | 95
626 | Revision_626/fortran.c | U | 796 | 824 | 24 | 196569 | 35 | 505 | 95
626 | Revision_626/eiffel.c | U | 413 | 419 | 6 | 196570 | 36 | 119 | 80
626 | Revision_626/eiffel.c | U | 421 | 426 | 6 | 196571 | 36 | 119 | 80
626 | Revision_626/options.c | U | 352 | 357 | 6 | 196572 | 36 | 224 | 80
626 | Revision_626/jscript.c | U | 919 | 929 | 6 | 196573 | 36 | 479 | 80
626 | Revision_626/fortran.c | U | 812 | 817 | 6 | 196574 | 36 | 116 | 80
626 | Revision_626/fortran.c | U | 804 | 810 | 6 | 196575 | 36 | 50 | 80
626 | Revision_626/eiffel.c | U | 546 | 550 | 5 | 196576 | 37 | 143 | 75
626 | Revision_626/fortran.c | U | 785 | 789 | 5 | 196577 | 37 | 145 | 75
626 | Revision_626/fortran.c | U | 984 | 988 | 5 | 196578 | 37 | 144 | 75
626 | Revision_626/verilog.c | U | 238 | 242 | 5 | 196579 | 37 | 382 | 75
626 | Revision_626/verilog.c | U | 142 | 146 | 5 | 196580 | 37 | 383 | 75
626 | Revision_626/eiffel.c | U | 603 | 612 | 8 | 196581 | 38 | 146 | 100
626 | Revision_626/sql.c | U | 469 | 476 | 8 | 196582 | 38 | 305 | 100
626 | Revision_626/jscript.c | U | 338 | 345 | 8 | 196583 | 38 | 471 | 100
626 | Revision_626/fortran.c | U | 871 | 880 | 8 | 196584 | 38 | 147 | 100
626 | Revision_626/asm.c | U | 131 | 139 | 8 | 196585 | 38 | 270 | 100
626 | Revision_626/eiffel.c | U | 720 | 727 | 9 | 196586 | 39 | 148 | 77
626 | Revision_626/jscript.c | U | 427 | 436 | 9 | 196587 | 39 | 461 | 77
626 | Revision_626/eiffel.c | U | 729 | 734 | 6 | 196588 | 40 | 506 | 100
626 | Revision_626/fortran.c | U | 1042 | 1047 | 6 | 196589 | 40 | 312 | 100
626 | Revision_626/eiffel.c | U | 773 | 820 | 13 | 196590 | 41 | 349 | 72
626 | Revision_626/fortran.c | U | 1096 | 1107 | 13 | 196591 | 41 | 350 | 72
626 | Revision_626/eiffel.c | U | 838 | 856 | 12 | 196592 | 42 | 251 | 72
626 | Revision_626/fortran.c | U | 1378 | 1391 | 12 | 196593 | 42 | 336 | 72
626 | Revision_626/eiffel.c | U | 860 | 881 | 12 | 196594 | 42 | 252 | 72
626 | Revision_626/eiffel.c | U | 1007 | 1020 | 12 | 196595 | 42 | 253 | 72
626 | Revision_626/fortran.c | U | 1632 | 1640 | 12 | 196596 | 42 | 337 | 72
626 | Revision_626/eiffel.c | U | 868 | 880 | 10 | 196597 | 43 | 156 | 75
626 | Revision_626/sql.c | U | 1309 | 1319 | 10 | 196598 | 43 | 462 | 75
626 | Revision_626/basic.c | U | 135 | 140 | 6 | 196599 | 44 | 411 | 80
626 | Revision_626/basic.c | U | 147 | 152 | 6 | 196600 | 44 | 412 | 80
626 | Revision_626/verilog.c | U | 187 | 193 | 8 | 196601 | 45 | 399 | 75
626 | Revision_626/make.c | U | 97 | 105 | 8 | 196602 | 45 | 400 | 75
626 | Revision_626/verilog.c | U | 286 | 290 | 5 | 196603 | 46 | 401 | 75
626 | Revision_626/make.c | U | 44 | 48 | 5 | 196604 | 46 | 402 | 75
626 | Revision_626/jscript.c | U | 242 | 263 | 15 | 196605 | 47 | 467 | 91
626 | Revision_626/sql.c | U | 398 | 419 | 15 | 196606 | 47 | 468 | 91
626 | Revision_626/jscript.c | U | 266 | 275 | 8 | 196607 | 48 | 415 | 100
626 | Revision_626/jscript.c | U | 278 | 287 | 8 | 196608 | 48 | 460 | 100
626 | Revision_626/jscript.c | U | 304 | 318 | 14 | 196609 | 49 | 469 | 100
626 | Revision_626/sql.c | U | 436 | 450 | 14 | 196610 | 49 | 470 | 100
626 | Revision_626/jscript.c | U | 348 | 439 | 110 | 196611 | 50 | 472 | 76
626 | Revision_626/sql.c | U | 479 | 612 | 110 | 196612 | 50 | 473 | 76
626 | Revision_626/jscript.c | U | 457 | 487 | 18 | 196613 | 51 | 465 | 100
626 | Revision_626/jscript.c | U | 490 | 519 | 18 | 196614 | 51 | 507 | 100
626 | Revision_626/sql.c | U | 666 | 696 | 18 | 196615 | 51 | 466 | 100
626 | Revision_626/jscript.c | U | 522 | 529 | 7 | 196616 | 52 | 474 | 80
626 | Revision_626/jscript.c | U | 532 | 539 | 7 | 196617 | 52 | 475 | 80
626 | Revision_626/sql.c | U | 631 | 638 | 7 | 196618 | 52 | 476 | 80
626 | Revision_626/jscript.c | U | 985 | 994 | 6 | 196619 | 53 | 497 | 75
626 | Revision_626/options.c | U | 1683 | 1687 | 6 | 196620 | 53 | 333 | 75
626 | Revision_626/jscript.c | U | 1065 | 1091 | 12 | 196621 | 54 | 508 | 72
626 | Revision_626/jscript.c | U | 1093 | 1115 | 12 | 196622 | 54 | 509 | 72
626 | Revision_626/jscript.c | U | 1349 | 1396 | 27 | 196623 | 55 | 510 | 72
626 | Revision_626/fortran.c | U | 1266 | 1291 | 27 | 196624 | 55 | 369 | 72
626 | Revision_626/jscript.c | U | 1407 | 1410 | 8 | 196625 | 56 | 498 | 71
626 | Revision_626/Test/local.c | U | 14 | 20 | 8 | 196626 | 56 | 384 | 71
626 | Revision_626/jscript.c | U | 1420 | 1424 | 5 | 196627 | 57 | 484 | 75
626 | Revision_626/make.c | U | 185 | 189 | 5 | 196628 | 57 | 403 | 75
626 | Revision_626/sql.c | U | 1816 | 1820 | 5 | 196629 | 57 | 404 | 75
626 | Revision_626/gnu_regex/regex.c | U | 810 | 815 | 5 | 196630 | 58 | 513 | 75
626 | Revision_626/routines.c | U | 621 | 644 | 5 | 196631 | 58 | 514 | 75
626 | Revision_626/main.c | U | 126 | 139 | 5 | 196632 | 58 | 354 | 75
626 | Revision_626/options.c | U | 397 | 402 | 5 | 196633 | 58 | 355 | 75
626 | Revision_626/gnu_regex/regex.c | U | 1182 | 1192 | 6 | 196634 | 59 | 515 | 80
626 | Revision_626/gnu_regex/regex.c | U | 1197 | 1207 | 6 | 196635 | 59 | 516 | 80
626 | Revision_626/gnu_regex/regex.c | U | 1330 | 1339 | 5 | 196636 | 60 | 517 | 100
626 | Revision_626/gnu_regex/regex.c | U | 1816 | 1820 | 5 | 196637 | 60 | 518 | 100
626 | Revision_626/gnu_regex/regex.c | U | 1627 | 1632 | 6 | 196638 | 61 | 530 | 100
626 | Revision_626/gnu_regex/regex.c | U | 1649 | 1654 | 6 | 196639 | 61 | 531 | 100
626 | Revision_626/gnu_regex/regex.c | U | 1777 | 1782 | 6 | 196640 | 61 | 519 | 100
626 | Revision_626/gnu_regex/regex.c | U | 1792 | 1797 | 6 | 196641 | 61 | 520 | 100
626 | Revision_626/gnu_regex/regex.c | U | 1757 | 1762 | 6 | 196642 | 61 | 521 | 100
626 | Revision_626/gnu_regex/regex.c | U | 2100 | 2108 | 7 | 196643 | 62 | 522 | 83
626 | Revision_626/gnu_regex/regex.c | U | 2119 | 2127 | 7 | 196644 | 62 | 523 | 83
626 | Revision_626/gnu_regex/regex.c | U | 2768 | 2772 | 5 | 196645 | 63 | 524 | 75
626 | Revision_626/beta.c | U | 158 | 162 | 5 | 196646 | 63 | 204 | 75
626 | Revision_626/beta.c | U | 271 | 275 | 5 | 196647 | 63 | 205 | 75
626 | Revision_626/beta.c | U | 277 | 281 | 5 | 196648 | 63 | 207 | 75
626 | Revision_626/beta.c | U | 165 | 169 | 5 | 196649 | 63 | 206 | 75
626 | Revision_626/beta.c | U | 152 | 156 | 5 | 196650 | 63 | 203 | 75
626 | Revision_626/gnu_regex/regex.c | U | 3543 | 3551 | 8 | 196651 | 64 | 525 | 83
626 | Revision_626/gnu_regex/regex.c | U | 3553 | 3560 | 8 | 196652 | 64 | 526 | 83
626 | Revision_626/gnu_regex/regex.c | U | 3722 | 3736 | 15 | 196653 | 65 | 527 | 71
626 | Revision_626/gnu_regex/regex.c | U | 4312 | 4329 | 15 | 196654 | 65 | 528 | 71
626 | Revision_626/vim.c | U | 97 | 101 | 5 | 196655 | 66 | 290 | 100
626 | Revision_626/vim.c | U | 103 | 107 | 5 | 196656 | 66 | 291 | 100
626 | Revision_626/vim.c | U | 244 | 267 | 17 | 196657 | 67 | 334 | 76
626 | Revision_626/vim.c | U | 294 | 312 | 17 | 196658 | 67 | 159 | 76
626 | Revision_626/python.c | U | 84 | 97 | 11 | 196659 | 68 | 37 | 77
626 | Revision_626/python.c | U | 127 | 138 | 11 | 196660 | 68 | 13 | 77
626 | Revision_626/python.c | U | 177 | 181 | 5 | 196661 | 69 | 278 | 75
626 | Revision_626/python.c | U | 198 | 202 | 5 | 196662 | 69 | 326 | 75
626 | Revision_626/erlang.c | U | 58 | 62 | 5 | 196663 | 69 | 341 | 75
626 | Revision_626/sml.c | U | 84 | 88 | 5 | 196664 | 69 | 325 | 75
626 | Revision_626/options.c | U | 963 | 968 | 5 | 196665 | 69 | 280 | 75
626 | Revision_626/python.c | U | 206 | 215 | 9 | 196666 | 70 | 292 | 75
626 | Revision_626/tcl.c | U | 44 | 54 | 9 | 196667 | 70 | 293 | 75
626 | Revision_626/erlang.c | U | 66 | 75 | 9 | 196668 | 70 | 342 | 75
626 | Revision_626/python.c | U | 417 | 421 | 5 | 196669 | 71 | 504 | 75
626 | Revision_626/pascal.c | U | 176 | 182 | 5 | 196670 | 71 | 170 | 75
626 | Revision_626/pascal.c | U | 150 | 154 | 5 | 196671 | 71 | 319 | 75
626 | Revision_626/pascal.c | U | 184 | 190 | 5 | 196672 | 71 | 171 | 75
626 | Revision_626/perl.c | U | 208 | 214 | 7 | 196673 | 72 | 389 | 83
626 | Revision_626/perl.c | U | 254 | 259 | 7 | 196674 | 72 | 502 | 83
626 | Revision_626/perl.c | U | 339 | 346 | 7 | 196675 | 73 | 389 | 71
626 | Revision_626/perl.c | U | 353 | 359 | 7 | 196676 | 73 | 7 | 71
626 | Revision_626/main.c | U | 260 | 267 | 7 | 196677 | 73 | 377 | 71
626 | Revision_626/erlang.c | U | 97 | 105 | 7 | 196678 | 73 | 344 | 71
626 | Revision_626/erlang.c | U | 108 | 113 | 7 | 196679 | 73 | 346 | 71
626 | Revision_626/erlang.c | U | 116 | 121 | 7 | 196680 | 73 | 344 | 71
626 | Revision_626/main.c | U | 179 | 185 | 7 | 196681 | 73 | 376 | 71
626 | Revision_626/sort.c | U | 118 | 123 | 5 | 196682 | 74 | 281 | 100
626 | Revision_626/sort.c | U | 126 | 131 | 5 | 196683 | 74 | 282 | 100
626 | Revision_626/strlist.c | U | 32 | 38 | 8 | 196684 | 75 | 165 | 71
626 | Revision_626/vstring.c | U | 77 | 87 | 8 | 196685 | 75 | 166 | 71
626 | Revision_626/strlist.c | U | 191 | 196 | 7 | 196686 | 76 | 168 | 83
626 | Revision_626/strlist.c | U | 200 | 206 | 7 | 196687 | 76 | 390 | 83
626 | Revision_626/get.c | U | 305 | 314 | 10 | 196688 | 77 | 174 | 70
626 | Revision_626/read.c | U | 220 | 231 | 10 | 196689 | 77 | 176 | 70
626 | Revision_626/parse.c | U | 586 | 600 | 10 | 196690 | 77 | 175 | 70
626 | Revision_626/get.c | U | 467 | 478 | 10 | 196691 | 78 | 177 | 87
626 | Revision_626/get.c | U | 484 | 495 | 10 | 196692 | 78 | 178 | 87
626 | Revision_626/get.c | U | 541 | 546 | 6 | 196693 | 79 | 180 | 80
626 | Revision_626/read.c | U | 424 | 428 | 6 | 196694 | 79 | 181 | 80
626 | Revision_626/routines.c | U | 237 | 244 | 6 | 196695 | 80 | 254 | 80
626 | Revision_626/routines.c | U | 247 | 254 | 6 | 196696 | 80 | 255 | 80
626 | Revision_626/routines.c | U | 288 | 295 | 8 | 196697 | 81 | 256 | 83
626 | Revision_626/readtags.c | U | 106 | 113 | 8 | 196698 | 81 | 123 | 83
626 | Revision_626/routines.c | U | 298 | 305 | 8 | 196699 | 81 | 257 | 83
626 | Revision_626/readtags.c | U | 116 | 123 | 8 | 196700 | 81 | 238 | 83
626 | Revision_626/routines.c | U | 322 | 326 | 5 | 196701 | 82 | 258 | 75
626 | Revision_626/vstring.c | U | 125 | 129 | 5 | 196702 | 82 | 188 | 75
626 | Revision_626/vstring.c | U | 118 | 122 | 5 | 196703 | 82 | 189 | 75
626 | Revision_626/routines.c | U | 329 | 335 | 6 | 196704 | 83 | 259 | 100
626 | Revision_626/routines.c | U | 338 | 344 | 6 | 196705 | 83 | 260 | 100
626 | Revision_626/routines.c | U | 349 | 356 | 8 | 196706 | 84 | 261 | 100
626 | Revision_626/routines.c | U | 361 | 368 | 8 | 196707 | 84 | 262 | 100
626 | Revision_626/sh.c | U | 89 | 94 | 6 | 196708 | 85 | 378 | 80
626 | Revision_626/asm.c | U | 347 | 352 | 6 | 196709 | 85 | 379 | 80
626 | Revision_626/beta.c | U | 134 | 141 | 6 | 196710 | 86 | 201 | 75
626 | Revision_626/beta.c | U | 204 | 212 | 6 | 196711 | 86 | 202 | 75
626 | Revision_626/sql.c | U | 784 | 794 | 8 | 196712 | 87 | 493 | 71
626 | Revision_626/sql.c | U | 1423 | 1432 | 8 | 196713 | 87 | 486 | 71
626 | Revision_626/sql.c | U | 1287 | 1323 | 24 | 196714 | 88 | 487 | 78
626 | Revision_626/sql.c | U | 1692 | 1735 | 24 | 196715 | 88 | 488 | 78
626 | Revision_626/sql.c | U | 1656 | 1681 | 17 | 196716 | 89 | 489 | 84
626 | Revision_626/sql.c | U | 1705 | 1729 | 17 | 196717 | 89 | 490 | 84
626 | Revision_626/parse.c | U | 96 | 106 | 11 | 196718 | 90 | 208 | 88
626 | Revision_626/parse.c | U | 109 | 120 | 11 | 196719 | 90 | 209 | 88
626 | Revision_626/parse.c | U | 299 | 303 | 5 | 196720 | 91 | 356 | 75
626 | Revision_626/parse.c | U | 556 | 560 | 5 | 196721 | 91 | 357 | 75
626 | Revision_626/parse.c | U | 575 | 579 | 5 | 196722 | 91 | 358 | 75
626 | Revision_626/readtags.c | U | 541 | 547 | 6 | 196723 | 92 | 239 | 100
626 | Revision_626/readtags.c | U | 549 | 555 | 6 | 196724 | 92 | 240 | 100
626 | Revision_626/readtags.c | U | 584 | 588 | 6 | 196725 | 93 | 123 | 75
626 | Revision_626/readtags.c | U | 639 | 645 | 6 | 196726 | 93 | 124 | 75
626 | Revision_626/readtags.c | U | 718 | 726 | 8 | 196727 | 94 | 210 | 83
626 | Revision_626/readtags.c | U | 773 | 781 | 8 | 196728 | 94 | 211 | 83
626 | Revision_626/readtags.c | U | 729 | 737 | 8 | 196729 | 94 | 212 | 83
626 | Revision_626/readtags.c | U | 740 | 745 | 6 | 196730 | 95 | 241 | 80
626 | Revision_626/readtags.c | U | 757 | 762 | 6 | 196731 | 95 | 242 | 80
626 | Revision_626/readtags.c | U | 765 | 770 | 6 | 196732 | 95 | 287 | 80
626 | Revision_626/fortran.c | U | 1269 | 1290 | 23 | 196733 | 96 | 369 | 72
626 | Revision_626/fortran.c | U | 1789 | 1812 | 23 | 196734 | 96 | 366 | 72
626 | Revision_626/fortran.c | U | 1323 | 1329 | 7 | 196735 | 97 | 85 | 83
626 | Revision_626/fortran.c | U | 1382 | 1388 | 7 | 196736 | 97 | 84 | 83
626 | Revision_626/fortran.c | U | 1729 | 1744 | 20 | 196737 | 98 | 21 | 84
626 | Revision_626/fortran.c | U | 1945 | 1961 | 20 | 196738 | 98 | 374 | 84
626 | Revision_626/fortran.c | U | 1910 | 1928 | 16 | 196739 | 99 | 220 | 73
626 | Revision_626/fortran.c | U | 2056 | 2076 | 16 | 196740 | 99 | 372 | 73
626 | Revision_626/fortran.c | U | 1980 | 1996 | 16 | 196741 | 99 | 221 | 73
626 | Revision_626/asm.c | U | 243 | 256 | 11 | 196742 | 100 | 289 | 77
626 | Revision_626/asm.c | U | 261 | 271 | 11 | 196743 | 100 | 279 | 77
626 | Revision_626/scheme.c | U | 70 | 78 | 8 | 196744 | 101 | 222 | 71
626 | Revision_626/scheme.c | U | 85 | 93 | 8 | 196745 | 101 | 223 | 71
626 | Revision_626/options.c | U | 369 | 375 | 6 | 196746 | 102 | 224 | 100
626 | Revision_626/options.c | U | 378 | 384 | 6 | 196747 | 102 | 225 | 100
626 | Revision_626/options.c | U | 543 | 549 | 7 | 196748 | 103 | 226 | 100
626 | Revision_626/options.c | U | 570 | 576 | 7 | 196749 | 103 | 227 | 100
626 | Revision_626/options.c | U | 552 | 558 | 7 | 196750 | 103 | 228 | 100
626 | Revision_626/options.c | U | 561 | 567 | 7 | 196751 | 103 | 229 | 100
626 | Revision_626/options.c | U | 982 | 986 | 5 | 196752 | 104 | 230 | 75
626 | Revision_626/options.c | U | 1008 | 1012 | 5 | 196753 | 104 | 231 | 75
626 | Revision_626/options.c | U | 1102 | 1106 | 5 | 196754 | 105 | 232 | 100
626 | Revision_626/options.c | U | 1108 | 1112 | 5 | 196755 | 105 | 233 | 100
626 | Revision_626/options.c | U | 1154 | 1166 | 12 | 196756 | 106 | 360 | 100
626 | Revision_626/options.c | U | 1171 | 1183 | 12 | 196757 | 106 | 235 | 100
626 | Revision_626/options.c | U | 1425 | 1442 | 15 | 196758 | 107 | 236 | 91
626 | Revision_626/options.c | U | 1463 | 1480 | 15 | 196759 | 107 | 237 | 91
