Revision | filePath | changeType | StartLine | EndLine | Nlines | cloneId | classId | globalCloneId | Similarity
629 | Revision_629/args.c | U | 85 | 92 | 8 | 120224 | 1 | 1 | 100
629 | Revision_629/args.c | U | 160 | 167 | 8 | 120225 | 1 | 2 | 100
629 | Revision_629/args.c | U | 182 | 190 | 9 | 120226 | 2 | 3 | 75
629 | Revision_629/args.c | U | 193 | 200 | 9 | 120227 | 2 | 4 | 75
629 | Revision_629/args.c | U | 203 | 211 | 9 | 120228 | 2 | 5 | 75
629 | Revision_629/args.c | U | 266 | 272 | 7 | 120229 | 3 | 6 | 83
629 | Revision_629/options.c | U | 579 | 584 | 7 | 120230 | 3 | 7 | 83
629 | Revision_629/asm.c | U | 120 | 128 | 8 | 120231 | 4 | 188 | 71
629 | Revision_629/jscript.c | U | 188 | 197 | 8 | 120232 | 4 | 280 | 71
629 | Revision_629/sql.c | U | 346 | 355 | 8 | 120233 | 4 | 196 | 71
629 | Revision_629/verilog.c | U | 108 | 118 | 8 | 120234 | 4 | 258 | 71
629 | Revision_629/asm.c | U | 131 | 139 | 8 | 120235 | 5 | 170 | 100
629 | Revision_629/sql.c | U | 469 | 476 | 8 | 120236 | 5 | 292 | 100
629 | Revision_629/jscript.c | U | 338 | 345 | 8 | 120237 | 5 | 297 | 100
629 | Revision_629/asm.c | U | 243 | 256 | 11 | 120238 | 6 | 191 | 77
629 | Revision_629/asm.c | U | 261 | 271 | 11 | 120239 | 6 | 179 | 77
629 | Revision_629/asm.c | U | 347 | 352 | 6 | 120240 | 7 | 256 | 80
629 | Revision_629/sh.c | U | 89 | 94 | 6 | 120241 | 7 | 257 | 80
629 | Revision_629/asm.c | U | 366 | 385 | 9 | 120242 | 8 | 174 | 71
629 | Revision_629/erlang.c | U | 179 | 187 | 9 | 120243 | 8 | 230 | 71
629 | Revision_629/tcl.c | U | 106 | 114 | 9 | 120244 | 8 | 22 | 71
629 | Revision_629/perl.c | U | 372 | 380 | 9 | 120245 | 8 | 19 | 71
629 | Revision_629/python.c | U | 448 | 456 | 9 | 120246 | 8 | 14 | 71
629 | Revision_629/verilog.c | U | 329 | 338 | 9 | 120247 | 8 | 184 | 71
629 | Revision_629/sql.c | U | 1834 | 1843 | 9 | 120248 | 8 | 197 | 71
629 | Revision_629/sh.c | U | 103 | 113 | 9 | 120249 | 8 | 24 | 71
629 | Revision_629/basic.c | U | 193 | 201 | 9 | 120250 | 8 | 275 | 71
629 | Revision_629/lua.c | U | 123 | 131 | 9 | 120251 | 8 | 154 | 71
629 | Revision_629/vim.c | U | 626 | 634 | 9 | 120252 | 8 | 20 | 71
629 | Revision_629/cobol.c | U | 40 | 48 | 9 | 120253 | 8 | 213 | 71
629 | Revision_629/php.c | U | 91 | 98 | 9 | 120254 | 8 | 366 | 71
629 | Revision_629/asp.c | U | 201 | 209 | 9 | 120255 | 8 | 18 | 71
629 | Revision_629/pascal.c | U | 257 | 265 | 9 | 120256 | 8 | 13 | 71
629 | Revision_629/beta.c | U | 311 | 319 | 9 | 120257 | 8 | 15 | 71
629 | Revision_629/ruby.c | U | 398 | 406 | 9 | 120258 | 8 | 16 | 71
629 | Revision_629/scheme.c | U | 99 | 109 | 9 | 120259 | 8 | 17 | 71
629 | Revision_629/awk.c | U | 71 | 79 | 9 | 120260 | 8 | 10 | 71
629 | Revision_629/lisp.c | U | 127 | 137 | 9 | 120261 | 8 | 11 | 71
629 | Revision_629/sml.c | U | 202 | 210 | 9 | 120262 | 8 | 216 | 71
629 | Revision_629/jscript.c | U | 1447 | 1460 | 9 | 120263 | 8 | 281 | 71
629 | Revision_629/make.c | U | 199 | 209 | 9 | 120264 | 8 | 26 | 71
629 | Revision_629/yacc.c | U | 31 | 38 | 9 | 120265 | 8 | 28 | 71
629 | Revision_629/slang.c | U | 34 | 41 | 9 | 120266 | 8 | 27 | 71
629 | Revision_629/keyword.c | U | 107 | 116 | 9 | 120267 | 8 | 29 | 71
629 | Revision_629/rexx.c | U | 30 | 37 | 9 | 120268 | 8 | 25 | 71
629 | Revision_629/html.c | U | 40 | 47 | 9 | 120269 | 8 | 253 | 71
629 | Revision_629/sql.c | U | 358 | 367 | 9 | 120270 | 8 | 205 | 71
629 | Revision_629/options.c | U | 533 | 538 | 9 | 120271 | 8 | 30 | 71
629 | Revision_629/options.c | U | 626 | 632 | 9 | 120272 | 8 | 242 | 71
629 | Revision_629/gnu_regex/regex.c | U | 2828 | 2833 | 9 | 120273 | 8 | 374 | 71
629 | Revision_629/jscript.c | U | 200 | 211 | 9 | 120274 | 8 | 282 | 71
629 | Revision_629/asp.c | U | 71 | 90 | 15 | 120275 | 9 | 31 | 100
629 | Revision_629/asp.c | U | 94 | 113 | 15 | 120276 | 9 | 32 | 100
629 | Revision_629/asp.c | U | 117 | 133 | 14 | 120277 | 10 | 33 | 100
629 | Revision_629/asp.c | U | 175 | 190 | 14 | 120278 | 10 | 34 | 100
629 | Revision_629/asp.c | U | 137 | 152 | 14 | 120279 | 10 | 34 | 100
629 | Revision_629/asp.c | U | 156 | 171 | 14 | 120280 | 10 | 34 | 100
629 | Revision_629/basic.c | U | 135 | 140 | 6 | 120281 | 11 | 278 | 80
629 | Revision_629/basic.c | U | 147 | 152 | 6 | 120282 | 11 | 279 | 80
629 | Revision_629/beta.c | U | 71 | 80 | 10 | 120283 | 12 | 43 | 70
629 | Revision_629/sql.c | U | 381 | 395 | 10 | 120284 | 12 | 198 | 70
629 | Revision_629/sml.c | U | 75 | 81 | 10 | 120285 | 12 | 217 | 70
629 | Revision_629/parse.c | U | 43 | 54 | 10 | 120286 | 12 | 44 | 70
629 | Revision_629/jscript.c | U | 225 | 239 | 10 | 120287 | 12 | 283 | 70
629 | Revision_629/beta.c | U | 134 | 141 | 6 | 120288 | 13 | 45 | 75
629 | Revision_629/beta.c | U | 204 | 212 | 6 | 120289 | 13 | 46 | 75
629 | Revision_629/beta.c | U | 152 | 156 | 5 | 120290 | 14 | 47 | 75
629 | Revision_629/beta.c | U | 165 | 169 | 5 | 120291 | 14 | 49 | 75
629 | Revision_629/beta.c | U | 277 | 281 | 5 | 120292 | 14 | 48 | 75
629 | Revision_629/gnu_regex/regex.c | U | 2768 | 2772 | 5 | 120293 | 14 | 375 | 75
629 | Revision_629/beta.c | U | 271 | 275 | 5 | 120294 | 14 | 50 | 75
629 | Revision_629/beta.c | U | 158 | 162 | 5 | 120295 | 14 | 51 | 75
629 | Revision_629/erlang.c | U | 58 | 62 | 5 | 120296 | 15 | 231 | 75
629 | Revision_629/sml.c | U | 84 | 88 | 5 | 120297 | 15 | 218 | 75
629 | Revision_629/options.c | U | 963 | 968 | 5 | 120298 | 15 | 181 | 75
629 | Revision_629/python.c | U | 178 | 182 | 5 | 120299 | 15 | 180 | 75
629 | Revision_629/python.c | U | 199 | 203 | 5 | 120300 | 15 | 368 | 75
629 | Revision_629/erlang.c | U | 66 | 75 | 9 | 120301 | 16 | 232 | 75
629 | Revision_629/tcl.c | U | 44 | 54 | 9 | 120302 | 16 | 195 | 75
629 | Revision_629/python.c | U | 207 | 216 | 9 | 120303 | 16 | 194 | 75
629 | Revision_629/erlang.c | U | 97 | 105 | 7 | 120304 | 17 | 237 | 71
629 | Revision_629/erlang.c | U | 116 | 121 | 7 | 120305 | 17 | 235 | 71
629 | Revision_629/main.c | U | 260 | 267 | 7 | 120306 | 17 | 254 | 71
629 | Revision_629/perl.c | U | 339 | 346 | 7 | 120307 | 17 | 262 | 71
629 | Revision_629/main.c | U | 179 | 185 | 7 | 120308 | 17 | 255 | 71
629 | Revision_629/perl.c | U | 353 | 359 | 7 | 120309 | 17 | 19 | 71
629 | Revision_629/erlang.c | U | 108 | 113 | 7 | 120310 | 17 | 239 | 71
629 | Revision_629/get.c | U | 305 | 314 | 10 | 120311 | 18 | 74 | 70
629 | Revision_629/read.c | U | 220 | 231 | 10 | 120312 | 18 | 75 | 70
629 | Revision_629/parse.c | U | 586 | 600 | 10 | 120313 | 18 | 76 | 70
629 | Revision_629/get.c | U | 467 | 478 | 10 | 120314 | 19 | 77 | 87
629 | Revision_629/get.c | U | 484 | 495 | 10 | 120315 | 19 | 79 | 87
629 | Revision_629/get.c | U | 541 | 546 | 6 | 120316 | 20 | 80 | 80
629 | Revision_629/read.c | U | 424 | 428 | 6 | 120317 | 20 | 81 | 80
629 | Revision_629/get.c | U | 594 | 598 | 5 | 120318 | 21 | 364 | 75
629 | Revision_629/readtags.c | U | 363 | 367 | 5 | 120319 | 21 | 391 | 75
629 | Revision_629/vim.c | U | 400 | 408 | 5 | 120320 | 21 | 365 | 75
629 | Revision_629/get.c | U | 649 | 653 | 5 | 120321 | 22 | 394 | 75
629 | Revision_629/python.c | U | 166 | 169 | 5 | 120322 | 22 | 395 | 75
629 | Revision_629/gnu_regex/regex.c | U | 810 | 815 | 5 | 120323 | 23 | 376 | 75
629 | Revision_629/main.c | U | 126 | 139 | 5 | 120324 | 23 | 243 | 75
629 | Revision_629/options.c | U | 397 | 402 | 5 | 120325 | 23 | 244 | 75
629 | Revision_629/routines.c | U | 621 | 644 | 5 | 120326 | 23 | 377 | 75
629 | Revision_629/gnu_regex/regex.c | U | 1182 | 1192 | 6 | 120327 | 24 | 378 | 80
629 | Revision_629/gnu_regex/regex.c | U | 1197 | 1207 | 6 | 120328 | 24 | 379 | 80
629 | Revision_629/gnu_regex/regex.c | U | 1330 | 1339 | 5 | 120329 | 25 | 380 | 100
629 | Revision_629/gnu_regex/regex.c | U | 1816 | 1820 | 5 | 120330 | 25 | 381 | 100
629 | Revision_629/gnu_regex/regex.c | U | 1627 | 1632 | 6 | 120331 | 26 | 392 | 100
629 | Revision_629/gnu_regex/regex.c | U | 1792 | 1797 | 6 | 120332 | 26 | 382 | 100
629 | Revision_629/gnu_regex/regex.c | U | 1649 | 1654 | 6 | 120333 | 26 | 393 | 100
629 | Revision_629/gnu_regex/regex.c | U | 1757 | 1762 | 6 | 120334 | 26 | 383 | 100
629 | Revision_629/gnu_regex/regex.c | U | 1777 | 1782 | 6 | 120335 | 26 | 384 | 100
629 | Revision_629/gnu_regex/regex.c | U | 2100 | 2108 | 7 | 120336 | 27 | 385 | 83
629 | Revision_629/gnu_regex/regex.c | U | 2119 | 2127 | 7 | 120337 | 27 | 386 | 83
629 | Revision_629/gnu_regex/regex.c | U | 3543 | 3551 | 8 | 120338 | 28 | 387 | 83
629 | Revision_629/gnu_regex/regex.c | U | 3553 | 3560 | 8 | 120339 | 28 | 388 | 83
629 | Revision_629/gnu_regex/regex.c | U | 3722 | 3736 | 15 | 120340 | 29 | 389 | 71
629 | Revision_629/gnu_regex/regex.c | U | 4312 | 4329 | 15 | 120341 | 29 | 390 | 71
629 | Revision_629/jscript.c | U | 214 | 218 | 5 | 120342 | 30 | 286 | 75
629 | Revision_629/sql.c | U | 370 | 374 | 5 | 120343 | 30 | 288 | 75
629 | Revision_629/vstring.c | U | 69 | 73 | 5 | 120344 | 30 | 287 | 75
629 | Revision_629/jscript.c | U | 242 | 263 | 15 | 120345 | 31 | 289 | 91
629 | Revision_629/sql.c | U | 398 | 419 | 15 | 120346 | 31 | 290 | 91
629 | Revision_629/jscript.c | U | 266 | 275 | 8 | 120347 | 32 | 286 | 100
629 | Revision_629/jscript.c | U | 278 | 287 | 8 | 120348 | 32 | 291 | 100
629 | Revision_629/jscript.c | U | 294 | 301 | 8 | 120349 | 33 | 291 | 100
629 | Revision_629/sql.c | U | 426 | 433 | 8 | 120350 | 33 | 292 | 100
629 | Revision_629/jscript.c | U | 304 | 318 | 14 | 120351 | 34 | 293 | 100
629 | Revision_629/sql.c | U | 436 | 450 | 14 | 120352 | 34 | 294 | 100
629 | Revision_629/jscript.c | U | 324 | 335 | 12 | 120353 | 35 | 295 | 100
629 | Revision_629/sql.c | U | 455 | 466 | 12 | 120354 | 35 | 296 | 100
629 | Revision_629/jscript.c | U | 348 | 439 | 110 | 120355 | 36 | 299 | 76
629 | Revision_629/sql.c | U | 479 | 612 | 110 | 120356 | 36 | 300 | 76
629 | Revision_629/jscript.c | U | 457 | 487 | 18 | 120357 | 37 | 284 | 100
629 | Revision_629/jscript.c | U | 490 | 519 | 18 | 120358 | 37 | 371 | 100
629 | Revision_629/sql.c | U | 666 | 696 | 18 | 120359 | 37 | 285 | 100
629 | Revision_629/jscript.c | U | 522 | 529 | 7 | 120360 | 38 | 301 | 80
629 | Revision_629/jscript.c | U | 532 | 539 | 7 | 120361 | 38 | 302 | 80
629 | Revision_629/sql.c | U | 631 | 638 | 7 | 120362 | 38 | 304 | 80
629 | Revision_629/jscript.c | U | 571 | 606 | 12 | 120363 | 39 | 309 | 71
629 | Revision_629/jscript.c | U | 633 | 659 | 12 | 120364 | 39 | 315 | 71
629 | Revision_629/sql.c | U | 1738 | 1766 | 12 | 120365 | 39 | 314 | 71
629 | Revision_629/sql.c | U | 988 | 1005 | 12 | 120366 | 39 | 319 | 71
629 | Revision_629/jscript.c | U | 698 | 747 | 12 | 120367 | 39 | 355 | 71
629 | Revision_629/jscript.c | U | 911 | 930 | 12 | 120368 | 39 | 318 | 71
629 | Revision_629/sql.c | U | 1356 | 1363 | 12 | 120369 | 39 | 311 | 71
629 | Revision_629/jscript.c | U | 1237 | 1252 | 12 | 120370 | 39 | 281 | 71
629 | Revision_629/sql.c | U | 1472 | 1498 | 12 | 120371 | 39 | 320 | 71
629 | Revision_629/jscript.c | U | 767 | 774 | 12 | 120372 | 39 | 307 | 71
629 | Revision_629/sql.c | U | 1501 | 1522 | 12 | 120373 | 39 | 324 | 71
629 | Revision_629/sql.c | U | 1564 | 1585 | 12 | 120374 | 39 | 321 | 71
629 | Revision_629/sql.c | U | 1540 | 1561 | 12 | 120375 | 39 | 322 | 71
629 | Revision_629/sql.c | U | 1441 | 1469 | 12 | 120376 | 39 | 323 | 71
629 | Revision_629/sql.c | U | 844 | 864 | 12 | 120377 | 39 | 310 | 71
629 | Revision_629/sql.c | U | 1222 | 1228 | 12 | 120378 | 39 | 356 | 71
629 | Revision_629/jscript.c | U | 997 | 1003 | 12 | 120379 | 39 | 309 | 71
629 | Revision_629/jscript.c | U | 682 | 693 | 12 | 120380 | 39 | 312 | 71
629 | Revision_629/jscript.c | U | 908 | 931 | 12 | 120381 | 39 | 326 | 71
629 | Revision_629/jscript.c | U | 903 | 932 | 12 | 120382 | 39 | 326 | 71
629 | Revision_629/sql.c | U | 1588 | 1628 | 12 | 120383 | 39 | 327 | 71
629 | Revision_629/sql.c | U | 755 | 766 | 12 | 120384 | 39 | 313 | 71
629 | Revision_629/ruby.c | U | 214 | 218 | 12 | 120385 | 39 | 265 | 71
629 | Revision_629/jscript.c | U | 661 | 694 | 12 | 120386 | 39 | 330 | 71
629 | Revision_629/sql.c | U | 1200 | 1238 | 12 | 120387 | 39 | 328 | 71
629 | Revision_629/sql.c | U | 1326 | 1365 | 12 | 120388 | 39 | 329 | 71
629 | Revision_629/jscript.c | U | 900 | 933 | 12 | 120389 | 39 | 326 | 71
629 | Revision_629/sql.c | U | 1241 | 1284 | 12 | 120390 | 39 | 331 | 71
629 | Revision_629/jscript.c | U | 765 | 775 | 9 | 120391 | 40 | 307 | 71
629 | Revision_629/sql.c | U | 1021 | 1044 | 9 | 120392 | 40 | 337 | 71
629 | Revision_629/jscript.c | U | 819 | 835 | 6 | 120393 | 41 | 338 | 75
629 | Revision_629/jscript.c | U | 837 | 846 | 6 | 120394 | 41 | 332 | 75
629 | Revision_629/sql.c | U | 1673 | 1677 | 6 | 120395 | 41 | 334 | 75
629 | Revision_629/jscript.c | U | 848 | 853 | 6 | 120396 | 41 | 333 | 75
629 | Revision_629/sql.c | U | 1414 | 1418 | 6 | 120397 | 41 | 335 | 75
629 | Revision_629/jscript.c | U | 919 | 929 | 6 | 120398 | 42 | 336 | 80
629 | Revision_629/options.c | U | 352 | 357 | 6 | 120399 | 42 | 107 | 80
629 | Revision_629/jscript.c | U | 985 | 994 | 6 | 120400 | 43 | 360 | 75
629 | Revision_629/options.c | U | 1683 | 1687 | 6 | 120401 | 43 | 223 | 75
629 | Revision_629/jscript.c | U | 1065 | 1091 | 12 | 120402 | 44 | 372 | 72
629 | Revision_629/jscript.c | U | 1093 | 1115 | 12 | 120403 | 44 | 373 | 72
629 | Revision_629/jscript.c | U | 1313 | 1317 | 5 | 120404 | 45 | 342 | 75
629 | Revision_629/sql.c | U | 913 | 919 | 5 | 120405 | 45 | 344 | 75
629 | Revision_629/sql.c | U | 997 | 1004 | 5 | 120406 | 45 | 343 | 75
629 | Revision_629/sql.c | U | 1230 | 1235 | 5 | 120407 | 45 | 347 | 75
629 | Revision_629/sql.c | U | 1489 | 1495 | 5 | 120408 | 45 | 345 | 75
629 | Revision_629/sql.c | U | 1460 | 1466 | 5 | 120409 | 45 | 346 | 75
629 | Revision_629/jscript.c | U | 1407 | 1410 | 8 | 120410 | 46 | 361 | 71
629 | Revision_629/Test/local.c | U | 14 | 20 | 8 | 120411 | 46 | 362 | 71
629 | Revision_629/jscript.c | U | 1420 | 1424 | 5 | 120412 | 47 | 348 | 75
629 | Revision_629/make.c | U | 185 | 189 | 5 | 120413 | 47 | 273 | 75
629 | Revision_629/sql.c | U | 1816 | 1820 | 5 | 120414 | 47 | 274 | 75
629 | Revision_629/keyword.c | U | 185 | 189 | 5 | 120415 | 48 | 85 | 75
629 | Revision_629/options.c | U | 1042 | 1046 | 5 | 120416 | 48 | 86 | 75
629 | Revision_629/readtags.c | U | 452 | 456 | 5 | 120417 | 48 | 87 | 75
629 | Revision_629/lisp.c | U | 91 | 97 | 7 | 120418 | 49 | 89 | 83
629 | Revision_629/lisp.c | U | 112 | 118 | 7 | 120419 | 49 | 90 | 83
629 | Revision_629/make.c | U | 44 | 48 | 5 | 120420 | 50 | 267 | 75
629 | Revision_629/verilog.c | U | 286 | 290 | 5 | 120421 | 50 | 268 | 75
629 | Revision_629/make.c | U | 77 | 87 | 11 | 120422 | 51 | 269 | 77
629 | Revision_629/verilog.c | U | 199 | 212 | 11 | 120423 | 51 | 270 | 77
629 | Revision_629/make.c | U | 97 | 105 | 8 | 120424 | 52 | 271 | 75
629 | Revision_629/verilog.c | U | 187 | 193 | 8 | 120425 | 52 | 272 | 75
629 | Revision_629/options.c | U | 369 | 375 | 6 | 120426 | 53 | 107 | 100
629 | Revision_629/options.c | U | 378 | 384 | 6 | 120427 | 53 | 108 | 100
629 | Revision_629/options.c | U | 543 | 549 | 7 | 120428 | 54 | 112 | 100
629 | Revision_629/options.c | U | 552 | 558 | 7 | 120429 | 54 | 115 | 100
629 | Revision_629/options.c | U | 561 | 567 | 7 | 120430 | 54 | 114 | 100
629 | Revision_629/options.c | U | 570 | 576 | 7 | 120431 | 54 | 113 | 100
629 | Revision_629/options.c | U | 674 | 678 | 5 | 120432 | 55 | 116 | 75
629 | Revision_629/options.c | U | 1221 | 1225 | 5 | 120433 | 55 | 117 | 75
629 | Revision_629/options.c | U | 982 | 986 | 5 | 120434 | 56 | 118 | 75
629 | Revision_629/options.c | U | 1008 | 1012 | 5 | 120435 | 56 | 119 | 75
629 | Revision_629/options.c | U | 1102 | 1106 | 5 | 120436 | 57 | 120 | 100
629 | Revision_629/options.c | U | 1108 | 1112 | 5 | 120437 | 57 | 120 | 100
629 | Revision_629/options.c | U | 1154 | 1166 | 12 | 120438 | 58 | 245 | 100
629 | Revision_629/options.c | U | 1171 | 1183 | 12 | 120439 | 58 | 123 | 100
629 | Revision_629/options.c | U | 1425 | 1442 | 15 | 120440 | 59 | 124 | 91
629 | Revision_629/options.c | U | 1463 | 1480 | 15 | 120441 | 59 | 125 | 91
629 | Revision_629/parse.c | U | 96 | 106 | 11 | 120442 | 60 | 126 | 88
629 | Revision_629/parse.c | U | 109 | 120 | 11 | 120443 | 60 | 127 | 88
629 | Revision_629/parse.c | U | 299 | 303 | 5 | 120444 | 61 | 246 | 75
629 | Revision_629/parse.c | U | 575 | 579 | 5 | 120445 | 61 | 247 | 75
629 | Revision_629/parse.c | U | 556 | 560 | 5 | 120446 | 61 | 248 | 75
629 | Revision_629/pascal.c | U | 134 | 138 | 5 | 120447 | 62 | 128 | 75
629 | Revision_629/python.c | U | 381 | 388 | 5 | 120448 | 62 | 369 | 75
629 | Revision_629/perl.c | U | 187 | 191 | 5 | 120449 | 62 | 129 | 75
629 | Revision_629/pascal.c | U | 150 | 154 | 5 | 120450 | 63 | 212 | 75
629 | Revision_629/python.c | U | 418 | 422 | 5 | 120451 | 63 | 370 | 75
629 | Revision_629/pascal.c | U | 176 | 182 | 5 | 120452 | 63 | 130 | 75
629 | Revision_629/pascal.c | U | 184 | 190 | 5 | 120453 | 63 | 131 | 75
629 | Revision_629/perl.c | U | 208 | 214 | 7 | 120454 | 64 | 262 | 83
629 | Revision_629/perl.c | U | 254 | 259 | 7 | 120455 | 64 | 367 | 83
629 | Revision_629/python.c | U | 84 | 97 | 11 | 120456 | 65 | 39 | 77
629 | Revision_629/python.c | U | 127 | 138 | 11 | 120457 | 65 | 14 | 77
629 | Revision_629/readtags.c | U | 106 | 113 | 8 | 120458 | 66 | 149 | 83
629 | Revision_629/routines.c | U | 288 | 295 | 8 | 120459 | 66 | 155 | 83
629 | Revision_629/readtags.c | U | 116 | 123 | 8 | 120460 | 66 | 134 | 83
629 | Revision_629/routines.c | U | 298 | 305 | 8 | 120461 | 66 | 156 | 83
629 | Revision_629/readtags.c | U | 144 | 148 | 5 | 120462 | 67 | 110 | 75
629 | Revision_629/vstring.c | U | 35 | 40 | 5 | 120463 | 67 | 111 | 75
629 | Revision_629/readtags.c | U | 502 | 506 | 5 | 120464 | 68 | 87 | 75
629 | Revision_629/readtags.c | U | 681 | 685 | 5 | 120465 | 68 | 88 | 75
629 | Revision_629/readtags.c | U | 541 | 547 | 6 | 120466 | 69 | 150 | 100
629 | Revision_629/readtags.c | U | 549 | 555 | 6 | 120467 | 69 | 151 | 100
629 | Revision_629/readtags.c | U | 584 | 588 | 6 | 120468 | 70 | 134 | 75
629 | Revision_629/readtags.c | U | 639 | 645 | 6 | 120469 | 70 | 135 | 75
629 | Revision_629/readtags.c | U | 718 | 726 | 8 | 120470 | 71 | 136 | 83
629 | Revision_629/readtags.c | U | 773 | 781 | 8 | 120471 | 71 | 139 | 83
629 | Revision_629/readtags.c | U | 729 | 737 | 8 | 120472 | 71 | 139 | 83
629 | Revision_629/readtags.c | U | 740 | 745 | 6 | 120473 | 72 | 152 | 80
629 | Revision_629/readtags.c | U | 757 | 762 | 6 | 120474 | 72 | 153 | 80
629 | Revision_629/readtags.c | U | 765 | 770 | 6 | 120475 | 72 | 187 | 80
629 | Revision_629/routines.c | U | 237 | 244 | 6 | 120476 | 73 | 157 | 80
629 | Revision_629/routines.c | U | 247 | 254 | 6 | 120477 | 73 | 158 | 80
629 | Revision_629/routines.c | U | 322 | 326 | 5 | 120478 | 74 | 159 | 75
629 | Revision_629/vstring.c | U | 125 | 129 | 5 | 120479 | 74 | 94 | 75
629 | Revision_629/vstring.c | U | 118 | 122 | 5 | 120480 | 74 | 95 | 75
629 | Revision_629/routines.c | U | 329 | 335 | 6 | 120481 | 75 | 160 | 100
629 | Revision_629/routines.c | U | 338 | 344 | 6 | 120482 | 75 | 161 | 100
629 | Revision_629/routines.c | U | 349 | 356 | 8 | 120483 | 76 | 162 | 100
629 | Revision_629/routines.c | U | 361 | 368 | 8 | 120484 | 76 | 163 | 100
629 | Revision_629/routines.c | U | 453 | 459 | 5 | 120485 | 77 | 167 | 75
629 | Revision_629/strlist.c | U | 150 | 154 | 5 | 120486 | 77 | 62 | 75
629 | Revision_629/sql.c | U | 530 | 534 | 5 | 120487 | 77 | 206 | 75
629 | Revision_629/scheme.c | U | 70 | 78 | 8 | 120488 | 78 | 140 | 71
629 | Revision_629/scheme.c | U | 85 | 93 | 8 | 120489 | 78 | 141 | 71
629 | Revision_629/sort.c | U | 118 | 123 | 5 | 120490 | 79 | 182 | 100
629 | Revision_629/sort.c | U | 126 | 131 | 5 | 120491 | 79 | 183 | 100
629 | Revision_629/sql.c | U | 784 | 794 | 8 | 120492 | 80 | 359 | 71
629 | Revision_629/sql.c | U | 1423 | 1432 | 8 | 120493 | 80 | 350 | 71
629 | Revision_629/sql.c | U | 1287 | 1323 | 24 | 120494 | 81 | 351 | 78
629 | Revision_629/sql.c | U | 1692 | 1735 | 24 | 120495 | 81 | 352 | 78
629 | Revision_629/sql.c | U | 1656 | 1681 | 17 | 120496 | 82 | 353 | 84
629 | Revision_629/sql.c | U | 1705 | 1729 | 17 | 120497 | 82 | 354 | 84
629 | Revision_629/strlist.c | U | 32 | 38 | 8 | 120498 | 83 | 142 | 71
629 | Revision_629/vstring.c | U | 77 | 87 | 8 | 120499 | 83 | 143 | 71
629 | Revision_629/strlist.c | U | 191 | 196 | 7 | 120500 | 84 | 146 | 83
629 | Revision_629/strlist.c | U | 200 | 206 | 7 | 120501 | 84 | 264 | 83
629 | Revision_629/verilog.c | U | 142 | 146 | 5 | 120502 | 85 | 259 | 75
629 | Revision_629/verilog.c | U | 238 | 242 | 5 | 120503 | 85 | 260 | 75
629 | Revision_629/vim.c | U | 97 | 101 | 5 | 120504 | 86 | 192 | 100
629 | Revision_629/vim.c | U | 103 | 107 | 5 | 120505 | 86 | 193 | 100
629 | Revision_629/vim.c | U | 244 | 267 | 17 | 120506 | 87 | 224 | 76
629 | Revision_629/vim.c | U | 294 | 312 | 17 | 120507 | 87 | 147 | 76
