Revision | filePath | changeType | StartLine | EndLine | Nlines | cloneId | classId | globalCloneId | Similarity
633 | Revision_633/lisp.c | U | 91 | 97 | 7 | 199447 | 1 | 1 | 83
633 | Revision_633/lisp.c | U | 112 | 118 | 7 | 199448 | 1 | 2 | 83
633 | Revision_633/lisp.c | U | 127 | 137 | 9 | 199449 | 2 | 3 | 70
633 | Revision_633/asp.c | U | 201 | 209 | 9 | 199450 | 2 | 4 | 70
633 | Revision_633/fortran.c | U | 2195 | 2210 | 9 | 199451 | 2 | 21 | 70
633 | Revision_633/basic.c | U | 193 | 201 | 9 | 199452 | 2 | 408 | 70
633 | Revision_633/vim.c | U | 626 | 634 | 9 | 199453 | 2 | 20 | 70
633 | Revision_633/sml.c | U | 202 | 210 | 9 | 199454 | 2 | 321 | 70
633 | Revision_633/erlang.c | U | 179 | 187 | 9 | 199455 | 2 | 340 | 70
633 | Revision_633/c.c | U | 2848 | 2857 | 9 | 199456 | 2 | 12 | 70
633 | Revision_633/awk.c | U | 71 | 79 | 9 | 199457 | 2 | 10 | 70
633 | Revision_633/perl.c | U | 372 | 380 | 9 | 199458 | 2 | 7 | 70
633 | Revision_633/pascal.c | U | 257 | 265 | 9 | 199459 | 2 | 14 | 70
633 | Revision_633/tcl.c | U | 106 | 114 | 9 | 199460 | 2 | 18 | 70
633 | Revision_633/scheme.c | U | 99 | 109 | 9 | 199461 | 2 | 16 | 70
633 | Revision_633/beta.c | U | 311 | 319 | 9 | 199462 | 2 | 5 | 70
633 | Revision_633/lua.c | U | 123 | 131 | 9 | 199463 | 2 | 243 | 70
633 | Revision_633/ruby.c | U | 398 | 406 | 9 | 199464 | 2 | 19 | 70
633 | Revision_633/python.c | U | 448 | 456 | 9 | 199465 | 2 | 13 | 70
633 | Revision_633/sh.c | U | 103 | 113 | 9 | 199466 | 2 | 17 | 70
633 | Revision_633/cobol.c | U | 40 | 48 | 9 | 199467 | 2 | 320 | 70
633 | Revision_633/php.c | U | 91 | 98 | 9 | 199468 | 2 | 501 | 70
633 | Revision_633/c.c | U | 2860 | 2875 | 9 | 199469 | 2 | 8 | 70
633 | Revision_633/c.c | U | 2878 | 2887 | 9 | 199470 | 2 | 15 | 70
633 | Revision_633/c.c | U | 2890 | 2899 | 9 | 199471 | 2 | 315 | 70
633 | Revision_633/eiffel.c | U | 1247 | 1256 | 9 | 199472 | 2 | 9 | 70
633 | Revision_633/c.c | U | 2902 | 2911 | 9 | 199473 | 2 | 330 | 70
633 | Revision_633/verilog.c | U | 329 | 338 | 9 | 199474 | 2 | 283 | 70
633 | Revision_633/sql.c | U | 1892 | 1901 | 9 | 199475 | 2 | 296 | 70
633 | Revision_633/make.c | U | 199 | 209 | 9 | 199476 | 2 | 25 | 70
633 | Revision_633/html.c | U | 40 | 47 | 9 | 199477 | 2 | 365 | 70
633 | Revision_633/asm.c | U | 366 | 385 | 9 | 199478 | 2 | 274 | 70
633 | Revision_633/slang.c | U | 34 | 41 | 9 | 199479 | 2 | 24 | 70
633 | Revision_633/yacc.c | U | 31 | 38 | 9 | 199480 | 2 | 23 | 70
633 | Revision_633/jscript.c | U | 1447 | 1460 | 9 | 199481 | 2 | 413 | 70
633 | Revision_633/rexx.c | U | 30 | 37 | 9 | 199482 | 2 | 26 | 70
633 | Revision_633/keyword.c | U | 107 | 116 | 9 | 199483 | 2 | 27 | 70
633 | Revision_633/fortran.c | U | 413 | 425 | 9 | 199484 | 2 | 158 | 70
633 | Revision_633/c.c | U | 2212 | 2217 | 9 | 199485 | 2 | 28 | 70
633 | Revision_633/gnu_regex/regex.c | U | 2828 | 2833 | 9 | 199486 | 2 | 511 | 70
633 | Revision_633/options.c | U | 533 | 538 | 9 | 199487 | 2 | 29 | 70
633 | Revision_633/options.c | U | 626 | 632 | 9 | 199488 | 2 | 30 | 70
633 | Revision_633/sql.c | U | 360 | 371 | 9 | 199489 | 2 | 309 | 70
633 | Revision_633/jscript.c | U | 200 | 211 | 9 | 199490 | 2 | 414 | 70
633 | Revision_633/eiffel.c | U | 1201 | 1213 | 9 | 199491 | 2 | 157 | 70
633 | Revision_633/c.c | U | 2241 | 2249 | 9 | 199492 | 2 | 31 | 70
633 | Revision_633/gnu_regex/regex.c | U | 2826 | 2840 | 9 | 199493 | 2 | 512 | 70
633 | Revision_633/asp.c | U | 71 | 90 | 15 | 199494 | 3 | 33 | 100
633 | Revision_633/asp.c | U | 94 | 113 | 15 | 199495 | 3 | 34 | 100
633 | Revision_633/asp.c | U | 117 | 133 | 14 | 199496 | 4 | 35 | 100
633 | Revision_633/asp.c | U | 156 | 171 | 14 | 199497 | 4 | 36 | 100
633 | Revision_633/asp.c | U | 175 | 190 | 14 | 199498 | 4 | 36 | 100
633 | Revision_633/asp.c | U | 137 | 152 | 14 | 199499 | 4 | 36 | 100
633 | Revision_633/args.c | U | 85 | 92 | 8 | 199500 | 5 | 43 | 100
633 | Revision_633/args.c | U | 160 | 167 | 8 | 199501 | 5 | 44 | 100
633 | Revision_633/args.c | U | 182 | 190 | 9 | 199502 | 6 | 45 | 75
633 | Revision_633/args.c | U | 193 | 200 | 9 | 199503 | 6 | 46 | 75
633 | Revision_633/args.c | U | 203 | 211 | 9 | 199504 | 6 | 47 | 75
633 | Revision_633/args.c | U | 266 | 272 | 7 | 199505 | 7 | 48 | 83
633 | Revision_633/options.c | U | 579 | 584 | 7 | 199506 | 7 | 49 | 83
633 | Revision_633/c.c | U | 534 | 540 | 5 | 199507 | 8 | 51 | 75
633 | Revision_633/sql.c | U | 374 | 378 | 5 | 199508 | 8 | 416 | 75
633 | Revision_633/fortran.c | U | 903 | 907 | 5 | 199509 | 8 | 50 | 75
633 | Revision_633/jscript.c | U | 214 | 218 | 5 | 199510 | 8 | 415 | 75
633 | Revision_633/vstring.c | U | 67 | 74 | 5 | 199511 | 8 | 52 | 75
633 | Revision_633/vstring.c | U | 69 | 73 | 5 | 199512 | 8 | 52 | 75
633 | Revision_633/fortran.c | U | 439 | 444 | 5 | 199513 | 8 | 363 | 75
633 | Revision_633/eiffel.c | U | 1216 | 1222 | 5 | 199514 | 8 | 362 | 75
633 | Revision_633/fortran.c | U | 1075 | 1079 | 5 | 199515 | 8 | 312 | 75
633 | Revision_633/c.c | U | 543 | 550 | 6 | 199516 | 9 | 53 | 80
633 | Revision_633/c.c | U | 553 | 560 | 6 | 199517 | 9 | 54 | 80
633 | Revision_633/c.c | U | 662 | 678 | 18 | 199518 | 10 | 55 | 70
633 | Revision_633/c.c | U | 681 | 696 | 18 | 199519 | 10 | 60 | 70
633 | Revision_633/c.c | U | 1165 | 1183 | 18 | 199520 | 10 | 57 | 70
633 | Revision_633/fortran.c | U | 1133 | 1148 | 18 | 199521 | 10 | 375 | 70
633 | Revision_633/c.c | U | 1242 | 1256 | 18 | 199522 | 10 | 56 | 70
633 | Revision_633/fortran.c | U | 1110 | 1130 | 18 | 199523 | 10 | 58 | 70
633 | Revision_633/fortran.c | U | 1869 | 1885 | 18 | 199524 | 10 | 59 | 70
633 | Revision_633/Test/local.c | U | 9 | 22 | 18 | 199525 | 10 | 384 | 70
633 | Revision_633/c.c | U | 1168 | 1181 | 18 | 199526 | 10 | 63 | 70
633 | Revision_633/fortran.c | U | 1113 | 1128 | 18 | 199527 | 10 | 58 | 70
633 | Revision_633/jscript.c | U | 1362 | 1385 | 18 | 199528 | 10 | 463 | 70
633 | Revision_633/fortran.c | U | 1786 | 1814 | 18 | 199529 | 10 | 366 | 70
633 | Revision_633/fortran.c | U | 1872 | 1883 | 18 | 199530 | 10 | 65 | 70
633 | Revision_633/eiffel.c | U | 1112 | 1136 | 18 | 199531 | 10 | 307 | 70
633 | Revision_633/eiffel.c | U | 906 | 946 | 18 | 199532 | 10 | 248 | 70
633 | Revision_633/fortran.c | U | 1586 | 1623 | 18 | 199533 | 10 | 367 | 70
633 | Revision_633/eiffel.c | U | 1191 | 1196 | 18 | 199534 | 10 | 362 | 70
633 | Revision_633/eiffel.c | U | 1185 | 1197 | 18 | 199535 | 10 | 157 | 70
633 | Revision_633/sql.c | U | 889 | 913 | 18 | 199536 | 10 | 308 | 70
633 | Revision_633/c.c | U | 684 | 694 | 13 | 199537 | 11 | 57 | 75
633 | Revision_633/c.c | U | 1244 | 1255 | 13 | 199538 | 11 | 64 | 75
633 | Revision_633/c.c | U | 714 | 736 | 21 | 199539 | 12 | 72 | 70
633 | Revision_633/fortran.c | U | 1300 | 1310 | 21 | 199540 | 12 | 337 | 70
633 | Revision_633/c.c | U | 746 | 752 | 8 | 199541 | 13 | 74 | 71
633 | Revision_633/options.c | U | 472 | 479 | 8 | 199542 | 13 | 75 | 71
633 | Revision_633/c.c | U | 787 | 791 | 8 | 199543 | 14 | 76 | 70
633 | Revision_633/eiffel.c | U | 673 | 677 | 8 | 199544 | 14 | 249 | 70
633 | Revision_633/fortran.c | U | 1914 | 1918 | 8 | 199545 | 14 | 79 | 70
633 | Revision_633/c.c | U | 2136 | 2140 | 8 | 199546 | 14 | 80 | 70
633 | Revision_633/sql.c | U | 1005 | 1012 | 8 | 199547 | 14 | 418 | 70
633 | Revision_633/sql.c | U | 921 | 927 | 8 | 199548 | 14 | 419 | 70
633 | Revision_633/jscript.c | U | 1313 | 1317 | 8 | 199549 | 14 | 417 | 70
633 | Revision_633/eiffel.c | U | 660 | 664 | 8 | 199550 | 14 | 250 | 70
633 | Revision_633/sql.c | U | 538 | 542 | 8 | 199551 | 14 | 300 | 70
633 | Revision_633/jscript.c | U | 1297 | 1318 | 8 | 199552 | 14 | 494 | 70
633 | Revision_633/eiffel.c | U | 1013 | 1017 | 8 | 199553 | 14 | 269 | 70
633 | Revision_633/fortran.c | U | 1341 | 1345 | 8 | 199554 | 14 | 85 | 70
633 | Revision_633/eiffel.c | U | 875 | 879 | 8 | 199555 | 14 | 269 | 70
633 | Revision_633/eiffel.c | U | 962 | 966 | 8 | 199556 | 14 | 269 | 70
633 | Revision_633/readtags.c | U | 144 | 148 | 8 | 199557 | 14 | 87 | 70
633 | Revision_633/sql.c | U | 1547 | 1553 | 8 | 199558 | 14 | 420 | 70
633 | Revision_633/sql.c | U | 1518 | 1524 | 8 | 199559 | 14 | 421 | 70
633 | Revision_633/eiffel.c | U | 850 | 855 | 8 | 199560 | 14 | 151 | 70
633 | Revision_633/sql.c | U | 1238 | 1243 | 8 | 199561 | 14 | 422 | 70
633 | Revision_633/c.c | U | 2183 | 2187 | 8 | 199562 | 14 | 125 | 70
633 | Revision_633/strlist.c | U | 150 | 154 | 8 | 199563 | 14 | 126 | 70
633 | Revision_633/ruby.c | U | 214 | 218 | 8 | 199564 | 14 | 392 | 70
633 | Revision_633/eiffel.c | U | 1032 | 1036 | 8 | 199565 | 14 | 151 | 70
633 | Revision_633/jscript.c | U | 997 | 1003 | 8 | 199566 | 14 | 417 | 70
633 | Revision_633/fortran.c | U | 1338 | 1346 | 8 | 199567 | 14 | 84 | 70
633 | Revision_633/c.c | U | 2766 | 2771 | 8 | 199568 | 14 | 94 | 70
633 | Revision_633/jscript.c | U | 682 | 693 | 8 | 199569 | 14 | 426 | 70
633 | Revision_633/fortran.c | U | 1550 | 1555 | 8 | 199570 | 14 | 79 | 70
633 | Revision_633/fortran.c | U | 1209 | 1213 | 8 | 199571 | 14 | 85 | 70
633 | Revision_633/sql.c | U | 763 | 774 | 8 | 199572 | 14 | 424 | 70
633 | Revision_633/sql.c | U | 1230 | 1236 | 8 | 199573 | 14 | 492 | 70
633 | Revision_633/sql.c | U | 852 | 872 | 8 | 199574 | 14 | 423 | 70
633 | Revision_633/readtags.c | U | 452 | 456 | 8 | 199575 | 14 | 90 | 70
633 | Revision_633/keyword.c | U | 185 | 189 | 8 | 199576 | 14 | 91 | 70
633 | Revision_633/options.c | U | 1042 | 1046 | 8 | 199577 | 14 | 89 | 70
633 | Revision_633/fortran.c | U | 1722 | 1726 | 8 | 199578 | 14 | 373 | 70
633 | Revision_633/c.c | U | 1787 | 1791 | 8 | 199579 | 14 | 121 | 70
633 | Revision_633/vstring.c | U | 35 | 40 | 8 | 199580 | 14 | 98 | 70
633 | Revision_633/c.c | U | 2202 | 2209 | 8 | 199581 | 14 | 244 | 70
633 | Revision_633/c.c | U | 1778 | 1782 | 8 | 199582 | 14 | 331 | 70
633 | Revision_633/options.c | U | 674 | 678 | 8 | 199583 | 14 | 127 | 70
633 | Revision_633/routines.c | U | 453 | 459 | 8 | 199584 | 14 | 266 | 70
633 | Revision_633/fortran.c | U | 1005 | 1009 | 8 | 199585 | 14 | 128 | 70
633 | Revision_633/jscript.c | U | 767 | 774 | 8 | 199586 | 14 | 427 | 70
633 | Revision_633/sql.c | U | 1299 | 1307 | 8 | 199587 | 14 | 462 | 70
633 | Revision_633/eiffel.c | U | 1068 | 1077 | 8 | 199588 | 14 | 101 | 70
633 | Revision_633/fortran.c | U | 1543 | 1548 | 8 | 199589 | 14 | 79 | 70
633 | Revision_633/options.c | U | 1221 | 1225 | 8 | 199590 | 14 | 129 | 70
633 | Revision_633/jscript.c | U | 1237 | 1252 | 8 | 199591 | 14 | 413 | 70
633 | Revision_633/sql.c | U | 1414 | 1421 | 8 | 199592 | 14 | 430 | 70
633 | Revision_633/eiffel.c | U | 1065 | 1078 | 8 | 199593 | 14 | 156 | 70
633 | Revision_633/sql.c | U | 1310 | 1320 | 8 | 199594 | 14 | 462 | 70
633 | Revision_633/fortran.c | U | 1416 | 1424 | 8 | 199595 | 14 | 59 | 70
633 | Revision_633/sql.c | U | 1796 | 1824 | 8 | 199596 | 14 | 431 | 70
633 | Revision_633/c.c | U | 2162 | 2169 | 8 | 199597 | 14 | 28 | 70
633 | Revision_633/fortran.c | U | 1449 | 1457 | 8 | 199598 | 14 | 314 | 70
633 | Revision_633/fortran.c | U | 1488 | 1497 | 8 | 199599 | 14 | 65 | 70
633 | Revision_633/sql.c | U | 996 | 1013 | 8 | 199600 | 14 | 435 | 70
633 | Revision_633/sql.c | U | 1029 | 1052 | 8 | 199601 | 14 | 437 | 70
633 | Revision_633/jscript.c | U | 765 | 775 | 8 | 199602 | 14 | 427 | 70
633 | Revision_633/sql.c | U | 1191 | 1204 | 8 | 199603 | 14 | 436 | 70
633 | Revision_633/jscript.c | U | 571 | 606 | 8 | 199604 | 14 | 429 | 70
633 | Revision_633/fortran.c | U | 1711 | 1720 | 8 | 199605 | 14 | 221 | 70
633 | Revision_633/jscript.c | U | 633 | 659 | 8 | 199606 | 14 | 432 | 70
633 | Revision_633/fortran.c | U | 1756 | 1762 | 8 | 199607 | 14 | 314 | 70
633 | Revision_633/fortran.c | U | 1082 | 1088 | 8 | 199608 | 14 | 350 | 70
633 | Revision_633/jscript.c | U | 698 | 747 | 8 | 199609 | 14 | 491 | 70
633 | Revision_633/fortran.c | U | 1535 | 1541 | 8 | 199610 | 14 | 65 | 70
633 | Revision_633/jscript.c | U | 911 | 930 | 8 | 199611 | 14 | 438 | 70
633 | Revision_633/sql.c | U | 1530 | 1556 | 8 | 199612 | 14 | 439 | 70
633 | Revision_633/sql.c | U | 1622 | 1643 | 8 | 199613 | 14 | 442 | 70
633 | Revision_633/sql.c | U | 1499 | 1527 | 8 | 199614 | 14 | 441 | 70
633 | Revision_633/sql.c | U | 1598 | 1619 | 8 | 199615 | 14 | 443 | 70
633 | Revision_633/sql.c | U | 1559 | 1580 | 8 | 199616 | 14 | 440 | 70
633 | Revision_633/jscript.c | U | 903 | 932 | 8 | 199617 | 14 | 438 | 70
633 | Revision_633/sql.c | U | 1646 | 1686 | 8 | 199618 | 14 | 445 | 70
633 | Revision_633/jscript.c | U | 908 | 931 | 8 | 199619 | 14 | 438 | 70
633 | Revision_633/sql.c | U | 1208 | 1246 | 8 | 199620 | 14 | 447 | 70
633 | Revision_633/sql.c | U | 1384 | 1423 | 8 | 199621 | 14 | 448 | 70
633 | Revision_633/jscript.c | U | 661 | 694 | 8 | 199622 | 14 | 446 | 70
633 | Revision_633/jscript.c | U | 900 | 933 | 8 | 199623 | 14 | 438 | 70
633 | Revision_633/sql.c | U | 1283 | 1321 | 8 | 199624 | 14 | 487 | 70
633 | Revision_633/c.c | U | 797 | 818 | 44 | 199625 | 15 | 103 | 72
633 | Revision_633/c.c | U | 821 | 841 | 44 | 199626 | 15 | 332 | 72
633 | Revision_633/c.c | U | 929 | 948 | 44 | 199627 | 15 | 103 | 72
633 | Revision_633/c.c | U | 862 | 882 | 44 | 199628 | 15 | 316 | 72
633 | Revision_633/c.c | U | 844 | 860 | 44 | 199629 | 15 | 316 | 72
633 | Revision_633/c.c | U | 885 | 896 | 12 | 199630 | 16 | 317 | 90
633 | Revision_633/c.c | U | 899 | 910 | 12 | 199631 | 16 | 318 | 90
633 | Revision_633/c.c | U | 1050 | 1055 | 6 | 199632 | 17 | 407 | 80
633 | Revision_633/jscript.c | U | 1212 | 1217 | 6 | 199633 | 17 | 417 | 80
633 | Revision_633/c.c | U | 1305 | 1311 | 7 | 199634 | 18 | 385 | 71
633 | Revision_633/fortran.c | U | 501 | 509 | 7 | 199635 | 18 | 112 | 71
633 | Revision_633/make.c | U | 63 | 69 | 7 | 199636 | 18 | 394 | 71
633 | Revision_633/make.c | U | 53 | 60 | 7 | 199637 | 18 | 395 | 71
633 | Revision_633/c.c | U | 1378 | 1385 | 7 | 199638 | 19 | 108 | 80
633 | Revision_633/c.c | U | 1387 | 1394 | 7 | 199639 | 19 | 109 | 80
633 | Revision_633/c.c | U | 1408 | 1415 | 7 | 199640 | 20 | 110 | 71
633 | Revision_633/fortran.c | U | 625 | 631 | 7 | 199641 | 20 | 112 | 71
633 | Revision_633/c.c | U | 1418 | 1425 | 7 | 199642 | 20 | 111 | 71
633 | Revision_633/c.c | U | 2174 | 2181 | 7 | 199643 | 20 | 405 | 71
633 | Revision_633/sql.c | U | 579 | 586 | 7 | 199644 | 20 | 406 | 71
633 | Revision_633/jscript.c | U | 404 | 411 | 7 | 199645 | 20 | 450 | 71
633 | Revision_633/c.c | U | 1456 | 1461 | 6 | 199646 | 21 | 386 | 80
633 | Revision_633/c.c | U | 1798 | 1803 | 6 | 199647 | 21 | 80 | 80
633 | Revision_633/c.c | U | 1482 | 1491 | 9 | 199648 | 22 | 294 | 71
633 | Revision_633/eiffel.c | U | 555 | 563 | 9 | 199649 | 22 | 295 | 71
633 | Revision_633/c.c | U | 1485 | 1489 | 5 | 199650 | 23 | 294 | 75
633 | Revision_633/readtags.c | U | 502 | 506 | 5 | 199651 | 23 | 90 | 75
633 | Revision_633/readtags.c | U | 681 | 685 | 5 | 199652 | 23 | 99 | 75
633 | Revision_633/c.c | U | 1499 | 1512 | 10 | 199653 | 24 | 396 | 75
633 | Revision_633/make.c | U | 77 | 87 | 10 | 199654 | 24 | 397 | 75
633 | Revision_633/verilog.c | U | 199 | 212 | 10 | 199655 | 24 | 398 | 75
633 | Revision_633/fortran.c | U | 853 | 864 | 10 | 199656 | 24 | 116 | 75
633 | Revision_633/jscript.c | U | 324 | 335 | 10 | 199657 | 24 | 451 | 75
633 | Revision_633/sql.c | U | 459 | 470 | 10 | 199658 | 24 | 306 | 75
633 | Revision_633/eiffel.c | U | 588 | 600 | 10 | 199659 | 24 | 114 | 75
633 | Revision_633/eiffel.c | U | 573 | 585 | 10 | 199660 | 24 | 117 | 75
633 | Revision_633/c.c | U | 1616 | 1622 | 8 | 199661 | 25 | 452 | 75
633 | Revision_633/jscript.c | U | 442 | 450 | 8 | 199662 | 25 | 453 | 75
633 | Revision_633/c.c | U | 1988 | 1992 | 5 | 199663 | 26 | 121 | 75
633 | Revision_633/fortran.c | U | 619 | 623 | 5 | 199664 | 26 | 112 | 75
633 | Revision_633/get.c | U | 594 | 598 | 5 | 199665 | 26 | 122 | 75
633 | Revision_633/fortran.c | U | 728 | 732 | 5 | 199666 | 26 | 144 | 75
633 | Revision_633/c.c | U | 2059 | 2065 | 5 | 199667 | 26 | 12 | 75
633 | Revision_633/readtags.c | U | 363 | 367 | 5 | 199668 | 26 | 529 | 75
633 | Revision_633/vim.c | U | 400 | 408 | 5 | 199669 | 26 | 500 | 75
633 | Revision_633/perl.c | U | 187 | 191 | 5 | 199670 | 26 | 163 | 75
633 | Revision_633/python.c | U | 381 | 388 | 5 | 199671 | 26 | 503 | 75
633 | Revision_633/pascal.c | U | 134 | 138 | 5 | 199672 | 26 | 164 | 75
633 | Revision_633/c.c | U | 2472 | 2479 | 6 | 199673 | 27 | 94 | 75
633 | Revision_633/sql.c | U | 1472 | 1476 | 6 | 199674 | 27 | 454 | 75
633 | Revision_633/sql.c | U | 1731 | 1735 | 6 | 199675 | 27 | 455 | 75
633 | Revision_633/jscript.c | U | 837 | 846 | 6 | 199676 | 27 | 456 | 75
633 | Revision_633/jscript.c | U | 819 | 835 | 6 | 199677 | 27 | 480 | 75
633 | Revision_633/jscript.c | U | 848 | 853 | 6 | 199678 | 27 | 457 | 75
633 | Revision_633/c.c | U | 2485 | 2489 | 5 | 199679 | 28 | 387 | 100
633 | Revision_633/c.c | U | 2492 | 2496 | 5 | 199680 | 28 | 94 | 100
633 | Revision_633/c.c | U | 2715 | 2720 | 6 | 199681 | 29 | 94 | 80
633 | Revision_633/sql.c | U | 1016 | 1021 | 6 | 199682 | 29 | 301 | 80
633 | Revision_633/c.c | U | 2806 | 2815 | 9 | 199683 | 30 | 130 | 71
633 | Revision_633/fortran.c | U | 397 | 406 | 9 | 199684 | 30 | 132 | 71
633 | Revision_633/eiffel.c | U | 214 | 223 | 9 | 199685 | 30 | 131 | 71
633 | Revision_633/sql.c | U | 348 | 357 | 9 | 199686 | 30 | 302 | 71
633 | Revision_633/asm.c | U | 120 | 128 | 9 | 199687 | 30 | 288 | 71
633 | Revision_633/verilog.c | U | 108 | 118 | 9 | 199688 | 30 | 381 | 71
633 | Revision_633/jscript.c | U | 188 | 197 | 9 | 199689 | 30 | 458 | 71
633 | Revision_633/eiffel.c | U | 286 | 300 | 10 | 199690 | 31 | 133 | 70
633 | Revision_633/jscript.c | U | 225 | 239 | 10 | 199691 | 31 | 459 | 70
633 | Revision_633/beta.c | U | 71 | 80 | 10 | 199692 | 31 | 134 | 70
633 | Revision_633/sql.c | U | 385 | 399 | 10 | 199693 | 31 | 303 | 70
633 | Revision_633/parse.c | U | 43 | 54 | 10 | 199694 | 31 | 135 | 70
633 | Revision_633/sml.c | U | 75 | 81 | 10 | 199695 | 31 | 324 | 70
633 | Revision_633/eiffel.c | U | 288 | 298 | 10 | 199696 | 31 | 136 | 70
633 | Revision_633/eiffel.c | U | 366 | 375 | 8 | 199697 | 32 | 304 | 100
633 | Revision_633/jscript.c | U | 294 | 301 | 8 | 199698 | 32 | 460 | 100
633 | Revision_633/sql.c | U | 430 | 437 | 8 | 199699 | 32 | 305 | 100
633 | Revision_633/eiffel.c | U | 381 | 402 | 20 | 199700 | 33 | 139 | 70
633 | Revision_633/fortran.c | U | 767 | 793 | 20 | 199701 | 33 | 140 | 70
633 | Revision_633/eiffel.c | U | 405 | 433 | 24 | 199702 | 34 | 141 | 95
633 | Revision_633/fortran.c | U | 796 | 824 | 24 | 199703 | 34 | 505 | 95
633 | Revision_633/eiffel.c | U | 413 | 419 | 6 | 199704 | 35 | 119 | 80
633 | Revision_633/eiffel.c | U | 421 | 426 | 6 | 199705 | 35 | 119 | 80
633 | Revision_633/options.c | U | 352 | 357 | 6 | 199706 | 35 | 224 | 80
633 | Revision_633/jscript.c | U | 919 | 929 | 6 | 199707 | 35 | 479 | 80
633 | Revision_633/fortran.c | U | 812 | 817 | 6 | 199708 | 35 | 116 | 80
633 | Revision_633/fortran.c | U | 804 | 810 | 6 | 199709 | 35 | 50 | 80
633 | Revision_633/eiffel.c | U | 546 | 550 | 5 | 199710 | 36 | 143 | 75
633 | Revision_633/fortran.c | U | 785 | 789 | 5 | 199711 | 36 | 145 | 75
633 | Revision_633/fortran.c | U | 984 | 988 | 5 | 199712 | 36 | 144 | 75
633 | Revision_633/verilog.c | U | 238 | 242 | 5 | 199713 | 36 | 382 | 75
633 | Revision_633/verilog.c | U | 142 | 146 | 5 | 199714 | 36 | 383 | 75
633 | Revision_633/eiffel.c | U | 603 | 612 | 8 | 199715 | 37 | 146 | 100
633 | Revision_633/jscript.c | U | 338 | 345 | 8 | 199716 | 37 | 471 | 100
633 | Revision_633/fortran.c | U | 871 | 880 | 8 | 199717 | 37 | 147 | 100
633 | Revision_633/asm.c | U | 131 | 139 | 8 | 199718 | 37 | 270 | 100
633 | Revision_633/sql.c | U | 473 | 480 | 8 | 199719 | 37 | 305 | 100
633 | Revision_633/eiffel.c | U | 720 | 727 | 9 | 199720 | 38 | 148 | 77
633 | Revision_633/jscript.c | U | 427 | 436 | 9 | 199721 | 38 | 461 | 77
633 | Revision_633/eiffel.c | U | 729 | 734 | 6 | 199722 | 39 | 506 | 100
633 | Revision_633/fortran.c | U | 1042 | 1047 | 6 | 199723 | 39 | 312 | 100
633 | Revision_633/eiffel.c | U | 773 | 820 | 13 | 199724 | 40 | 349 | 72
633 | Revision_633/fortran.c | U | 1096 | 1107 | 13 | 199725 | 40 | 350 | 72
633 | Revision_633/eiffel.c | U | 838 | 856 | 13 | 199726 | 41 | 251 | 72
633 | Revision_633/eiffel.c | U | 860 | 881 | 13 | 199727 | 41 | 252 | 72
633 | Revision_633/fortran.c | U | 1378 | 1391 | 13 | 199728 | 41 | 336 | 72
633 | Revision_633/eiffel.c | U | 1007 | 1020 | 13 | 199729 | 41 | 253 | 72
633 | Revision_633/fortran.c | U | 1632 | 1640 | 13 | 199730 | 41 | 337 | 72
633 | Revision_633/eiffel.c | U | 868 | 880 | 10 | 199731 | 42 | 156 | 75
633 | Revision_633/sql.c | U | 1367 | 1377 | 10 | 199732 | 42 | 462 | 75
633 | Revision_633/basic.c | U | 135 | 140 | 6 | 199733 | 43 | 411 | 80
633 | Revision_633/basic.c | U | 147 | 152 | 6 | 199734 | 43 | 412 | 80
633 | Revision_633/verilog.c | U | 187 | 193 | 8 | 199735 | 44 | 399 | 75
633 | Revision_633/make.c | U | 97 | 105 | 8 | 199736 | 44 | 400 | 75
633 | Revision_633/verilog.c | U | 286 | 290 | 5 | 199737 | 45 | 401 | 75
633 | Revision_633/make.c | U | 44 | 48 | 5 | 199738 | 45 | 402 | 75
633 | Revision_633/jscript.c | U | 242 | 263 | 15 | 199739 | 46 | 467 | 91
633 | Revision_633/sql.c | U | 402 | 423 | 15 | 199740 | 46 | 468 | 91
633 | Revision_633/jscript.c | U | 266 | 275 | 8 | 199741 | 47 | 415 | 100
633 | Revision_633/jscript.c | U | 278 | 287 | 8 | 199742 | 47 | 460 | 100
633 | Revision_633/jscript.c | U | 304 | 318 | 14 | 199743 | 48 | 469 | 100
633 | Revision_633/sql.c | U | 440 | 454 | 14 | 199744 | 48 | 470 | 100
633 | Revision_633/jscript.c | U | 348 | 439 | 114 | 199745 | 49 | 472 | 72
633 | Revision_633/sql.c | U | 483 | 620 | 114 | 199746 | 49 | 473 | 72
633 | Revision_633/jscript.c | U | 457 | 487 | 18 | 199747 | 50 | 465 | 100
633 | Revision_633/jscript.c | U | 490 | 519 | 18 | 199748 | 50 | 507 | 100
633 | Revision_633/sql.c | U | 674 | 704 | 18 | 199749 | 50 | 466 | 100
633 | Revision_633/jscript.c | U | 522 | 529 | 7 | 199750 | 51 | 474 | 80
633 | Revision_633/sql.c | U | 639 | 646 | 7 | 199751 | 51 | 476 | 80
633 | Revision_633/jscript.c | U | 532 | 539 | 7 | 199752 | 51 | 475 | 80
633 | Revision_633/jscript.c | U | 985 | 994 | 6 | 199753 | 52 | 497 | 75
633 | Revision_633/options.c | U | 1683 | 1687 | 6 | 199754 | 52 | 333 | 75
633 | Revision_633/jscript.c | U | 1065 | 1091 | 12 | 199755 | 53 | 508 | 72
633 | Revision_633/jscript.c | U | 1093 | 1115 | 12 | 199756 | 53 | 509 | 72
633 | Revision_633/jscript.c | U | 1349 | 1396 | 27 | 199757 | 54 | 510 | 72
633 | Revision_633/fortran.c | U | 1266 | 1291 | 27 | 199758 | 54 | 369 | 72
633 | Revision_633/jscript.c | U | 1407 | 1410 | 8 | 199759 | 55 | 498 | 71
633 | Revision_633/Test/local.c | U | 14 | 20 | 8 | 199760 | 55 | 384 | 71
633 | Revision_633/jscript.c | U | 1420 | 1424 | 5 | 199761 | 56 | 484 | 75
633 | Revision_633/make.c | U | 185 | 189 | 5 | 199762 | 56 | 403 | 75
633 | Revision_633/sql.c | U | 1874 | 1878 | 5 | 199763 | 56 | 404 | 75
633 | Revision_633/gnu_regex/regex.c | U | 810 | 815 | 5 | 199764 | 57 | 513 | 75
633 | Revision_633/routines.c | U | 621 | 644 | 5 | 199765 | 57 | 514 | 75
633 | Revision_633/options.c | U | 397 | 402 | 5 | 199766 | 57 | 355 | 75
633 | Revision_633/main.c | U | 126 | 139 | 5 | 199767 | 57 | 354 | 75
633 | Revision_633/gnu_regex/regex.c | U | 1182 | 1192 | 6 | 199768 | 58 | 515 | 80
633 | Revision_633/gnu_regex/regex.c | U | 1197 | 1207 | 6 | 199769 | 58 | 516 | 80
633 | Revision_633/gnu_regex/regex.c | U | 1330 | 1339 | 5 | 199770 | 59 | 517 | 100
633 | Revision_633/gnu_regex/regex.c | U | 1816 | 1820 | 5 | 199771 | 59 | 518 | 100
633 | Revision_633/gnu_regex/regex.c | U | 1627 | 1632 | 6 | 199772 | 60 | 530 | 100
633 | Revision_633/gnu_regex/regex.c | U | 1777 | 1782 | 6 | 199773 | 60 | 519 | 100
633 | Revision_633/gnu_regex/regex.c | U | 1649 | 1654 | 6 | 199774 | 60 | 531 | 100
633 | Revision_633/gnu_regex/regex.c | U | 1792 | 1797 | 6 | 199775 | 60 | 520 | 100
633 | Revision_633/gnu_regex/regex.c | U | 1757 | 1762 | 6 | 199776 | 60 | 521 | 100
633 | Revision_633/gnu_regex/regex.c | U | 2100 | 2108 | 7 | 199777 | 61 | 522 | 83
633 | Revision_633/gnu_regex/regex.c | U | 2119 | 2127 | 7 | 199778 | 61 | 523 | 83
633 | Revision_633/gnu_regex/regex.c | U | 2768 | 2772 | 5 | 199779 | 62 | 524 | 75
633 | Revision_633/beta.c | U | 158 | 162 | 5 | 199780 | 62 | 204 | 75
633 | Revision_633/beta.c | U | 165 | 169 | 5 | 199781 | 62 | 206 | 75
633 | Revision_633/beta.c | U | 152 | 156 | 5 | 199782 | 62 | 203 | 75
633 | Revision_633/beta.c | U | 277 | 281 | 5 | 199783 | 62 | 205 | 75
633 | Revision_633/beta.c | U | 271 | 275 | 5 | 199784 | 62 | 207 | 75
633 | Revision_633/gnu_regex/regex.c | U | 3543 | 3551 | 8 | 199785 | 63 | 525 | 83
633 | Revision_633/gnu_regex/regex.c | U | 3553 | 3560 | 8 | 199786 | 63 | 526 | 83
633 | Revision_633/gnu_regex/regex.c | U | 3722 | 3736 | 15 | 199787 | 64 | 527 | 71
633 | Revision_633/gnu_regex/regex.c | U | 4312 | 4329 | 15 | 199788 | 64 | 528 | 71
633 | Revision_633/vim.c | U | 97 | 101 | 5 | 199789 | 65 | 290 | 100
633 | Revision_633/vim.c | U | 103 | 107 | 5 | 199790 | 65 | 291 | 100
633 | Revision_633/vim.c | U | 244 | 267 | 17 | 199791 | 66 | 334 | 76
633 | Revision_633/vim.c | U | 294 | 312 | 17 | 199792 | 66 | 159 | 76
633 | Revision_633/python.c | U | 84 | 97 | 11 | 199793 | 67 | 37 | 77
633 | Revision_633/python.c | U | 127 | 138 | 11 | 199794 | 67 | 13 | 77
633 | Revision_633/python.c | U | 166 | 169 | 5 | 199795 | 68 | 532 | 75
633 | Revision_633/get.c | U | 649 | 653 | 5 | 199796 | 68 | 533 | 75
633 | Revision_633/python.c | U | 178 | 182 | 5 | 199797 | 69 | 278 | 75
633 | Revision_633/sml.c | U | 84 | 88 | 5 | 199798 | 69 | 325 | 75
633 | Revision_633/erlang.c | U | 58 | 62 | 5 | 199799 | 69 | 341 | 75
633 | Revision_633/python.c | U | 199 | 203 | 5 | 199800 | 69 | 326 | 75
633 | Revision_633/options.c | U | 963 | 968 | 5 | 199801 | 69 | 280 | 75
633 | Revision_633/python.c | U | 207 | 216 | 9 | 199802 | 70 | 292 | 75
633 | Revision_633/erlang.c | U | 66 | 75 | 9 | 199803 | 70 | 342 | 75
633 | Revision_633/tcl.c | U | 44 | 54 | 9 | 199804 | 70 | 293 | 75
633 | Revision_633/python.c | U | 418 | 422 | 5 | 199805 | 71 | 504 | 75
633 | Revision_633/pascal.c | U | 176 | 182 | 5 | 199806 | 71 | 170 | 75
633 | Revision_633/pascal.c | U | 184 | 190 | 5 | 199807 | 71 | 171 | 75
633 | Revision_633/pascal.c | U | 150 | 154 | 5 | 199808 | 71 | 319 | 75
633 | Revision_633/perl.c | U | 208 | 214 | 7 | 199809 | 72 | 389 | 83
633 | Revision_633/perl.c | U | 254 | 259 | 7 | 199810 | 72 | 502 | 83
633 | Revision_633/perl.c | U | 339 | 346 | 7 | 199811 | 73 | 389 | 71
633 | Revision_633/erlang.c | U | 97 | 105 | 7 | 199812 | 73 | 344 | 71
633 | Revision_633/main.c | U | 260 | 267 | 7 | 199813 | 73 | 377 | 71
633 | Revision_633/perl.c | U | 353 | 359 | 7 | 199814 | 73 | 7 | 71
633 | Revision_633/erlang.c | U | 108 | 113 | 7 | 199815 | 73 | 346 | 71
633 | Revision_633/erlang.c | U | 116 | 121 | 7 | 199816 | 73 | 344 | 71
633 | Revision_633/main.c | U | 179 | 185 | 7 | 199817 | 73 | 376 | 71
633 | Revision_633/sort.c | U | 118 | 123 | 5 | 199818 | 74 | 281 | 100
633 | Revision_633/sort.c | U | 126 | 131 | 5 | 199819 | 74 | 282 | 100
633 | Revision_633/strlist.c | U | 32 | 38 | 8 | 199820 | 75 | 165 | 71
633 | Revision_633/vstring.c | U | 77 | 87 | 8 | 199821 | 75 | 166 | 71
633 | Revision_633/strlist.c | U | 191 | 196 | 7 | 199822 | 76 | 168 | 83
633 | Revision_633/strlist.c | U | 200 | 206 | 7 | 199823 | 76 | 390 | 83
633 | Revision_633/get.c | U | 305 | 314 | 10 | 199824 | 77 | 174 | 70
633 | Revision_633/parse.c | U | 586 | 600 | 10 | 199825 | 77 | 175 | 70
633 | Revision_633/read.c | U | 220 | 231 | 10 | 199826 | 77 | 176 | 70
633 | Revision_633/get.c | U | 467 | 478 | 10 | 199827 | 78 | 177 | 87
633 | Revision_633/get.c | U | 484 | 495 | 10 | 199828 | 78 | 178 | 87
633 | Revision_633/get.c | U | 541 | 546 | 6 | 199829 | 79 | 180 | 80
633 | Revision_633/read.c | U | 424 | 428 | 6 | 199830 | 79 | 181 | 80
633 | Revision_633/routines.c | U | 237 | 244 | 6 | 199831 | 80 | 254 | 80
633 | Revision_633/routines.c | U | 247 | 254 | 6 | 199832 | 80 | 255 | 80
633 | Revision_633/routines.c | U | 288 | 295 | 8 | 199833 | 81 | 256 | 83
633 | Revision_633/readtags.c | U | 116 | 123 | 8 | 199834 | 81 | 123 | 83
633 | Revision_633/routines.c | U | 298 | 305 | 8 | 199835 | 81 | 257 | 83
633 | Revision_633/readtags.c | U | 106 | 113 | 8 | 199836 | 81 | 238 | 83
633 | Revision_633/routines.c | U | 322 | 326 | 5 | 199837 | 82 | 258 | 75
633 | Revision_633/vstring.c | U | 125 | 129 | 5 | 199838 | 82 | 188 | 75
633 | Revision_633/vstring.c | U | 118 | 122 | 5 | 199839 | 82 | 189 | 75
633 | Revision_633/routines.c | U | 329 | 335 | 6 | 199840 | 83 | 259 | 100
633 | Revision_633/routines.c | U | 338 | 344 | 6 | 199841 | 83 | 260 | 100
633 | Revision_633/routines.c | U | 349 | 356 | 8 | 199842 | 84 | 261 | 100
633 | Revision_633/routines.c | U | 361 | 368 | 8 | 199843 | 84 | 262 | 100
633 | Revision_633/sh.c | U | 89 | 94 | 6 | 199844 | 85 | 378 | 80
633 | Revision_633/asm.c | U | 347 | 352 | 6 | 199845 | 85 | 379 | 80
633 | Revision_633/beta.c | U | 134 | 141 | 6 | 199846 | 86 | 201 | 75
633 | Revision_633/beta.c | U | 204 | 212 | 6 | 199847 | 86 | 202 | 75
633 | Revision_633/sql.c | U | 792 | 802 | 8 | 199848 | 87 | 493 | 71
633 | Revision_633/sql.c | U | 1481 | 1490 | 8 | 199849 | 87 | 486 | 71
633 | Revision_633/sql.c | U | 1345 | 1381 | 24 | 199850 | 88 | 487 | 78
633 | Revision_633/sql.c | U | 1750 | 1793 | 24 | 199851 | 88 | 488 | 78
633 | Revision_633/sql.c | U | 1714 | 1739 | 17 | 199852 | 89 | 489 | 84
633 | Revision_633/sql.c | U | 1763 | 1787 | 17 | 199853 | 89 | 490 | 84
633 | Revision_633/parse.c | U | 96 | 106 | 11 | 199854 | 90 | 208 | 88
633 | Revision_633/parse.c | U | 109 | 120 | 11 | 199855 | 90 | 209 | 88
633 | Revision_633/parse.c | U | 299 | 303 | 5 | 199856 | 91 | 356 | 75
633 | Revision_633/parse.c | U | 575 | 579 | 5 | 199857 | 91 | 357 | 75
633 | Revision_633/parse.c | U | 556 | 560 | 5 | 199858 | 91 | 358 | 75
633 | Revision_633/readtags.c | U | 541 | 547 | 6 | 199859 | 92 | 239 | 100
633 | Revision_633/readtags.c | U | 549 | 555 | 6 | 199860 | 92 | 240 | 100
633 | Revision_633/readtags.c | U | 584 | 588 | 6 | 199861 | 93 | 123 | 75
633 | Revision_633/readtags.c | U | 639 | 645 | 6 | 199862 | 93 | 124 | 75
633 | Revision_633/readtags.c | U | 718 | 726 | 8 | 199863 | 94 | 210 | 83
633 | Revision_633/readtags.c | U | 773 | 781 | 8 | 199864 | 94 | 211 | 83
633 | Revision_633/readtags.c | U | 729 | 737 | 8 | 199865 | 94 | 212 | 83
633 | Revision_633/readtags.c | U | 740 | 745 | 6 | 199866 | 95 | 241 | 80
633 | Revision_633/readtags.c | U | 765 | 770 | 6 | 199867 | 95 | 242 | 80
633 | Revision_633/readtags.c | U | 757 | 762 | 6 | 199868 | 95 | 287 | 80
633 | Revision_633/fortran.c | U | 1269 | 1290 | 23 | 199869 | 96 | 369 | 72
633 | Revision_633/fortran.c | U | 1789 | 1812 | 23 | 199870 | 96 | 366 | 72
633 | Revision_633/fortran.c | U | 1323 | 1329 | 7 | 199871 | 97 | 85 | 83
633 | Revision_633/fortran.c | U | 1382 | 1388 | 7 | 199872 | 97 | 84 | 83
633 | Revision_633/fortran.c | U | 1729 | 1744 | 20 | 199873 | 98 | 21 | 84
633 | Revision_633/fortran.c | U | 1945 | 1961 | 20 | 199874 | 98 | 374 | 84
633 | Revision_633/fortran.c | U | 1910 | 1928 | 16 | 199875 | 99 | 220 | 73
633 | Revision_633/fortran.c | U | 2056 | 2076 | 16 | 199876 | 99 | 372 | 73
633 | Revision_633/fortran.c | U | 1980 | 1996 | 16 | 199877 | 99 | 221 | 73
633 | Revision_633/asm.c | U | 243 | 256 | 11 | 199878 | 100 | 289 | 77
633 | Revision_633/asm.c | U | 261 | 271 | 11 | 199879 | 100 | 279 | 77
633 | Revision_633/scheme.c | U | 70 | 78 | 8 | 199880 | 101 | 222 | 71
633 | Revision_633/scheme.c | U | 85 | 93 | 8 | 199881 | 101 | 223 | 71
633 | Revision_633/options.c | U | 369 | 375 | 6 | 199882 | 102 | 224 | 100
633 | Revision_633/options.c | U | 378 | 384 | 6 | 199883 | 102 | 225 | 100
633 | Revision_633/options.c | U | 543 | 549 | 7 | 199884 | 103 | 226 | 100
633 | Revision_633/options.c | U | 570 | 576 | 7 | 199885 | 103 | 227 | 100
633 | Revision_633/options.c | U | 552 | 558 | 7 | 199886 | 103 | 228 | 100
633 | Revision_633/options.c | U | 561 | 567 | 7 | 199887 | 103 | 229 | 100
633 | Revision_633/options.c | U | 982 | 986 | 5 | 199888 | 104 | 230 | 75
633 | Revision_633/options.c | U | 1008 | 1012 | 5 | 199889 | 104 | 231 | 75
633 | Revision_633/options.c | U | 1102 | 1106 | 5 | 199890 | 105 | 232 | 100
633 | Revision_633/options.c | U | 1108 | 1112 | 5 | 199891 | 105 | 233 | 100
633 | Revision_633/options.c | U | 1154 | 1166 | 12 | 199892 | 106 | 360 | 100
633 | Revision_633/options.c | U | 1171 | 1183 | 12 | 199893 | 106 | 235 | 100
633 | Revision_633/options.c | U | 1425 | 1442 | 15 | 199894 | 107 | 236 | 91
633 | Revision_633/options.c | U | 1463 | 1480 | 15 | 199895 | 107 | 237 | 91
