Revision | filePath | changeType | StartLine | EndLine | Nlines | cloneId | classId | globalCloneId | Similarity
637 | Revision_637/lisp.c | U | 91 | 97 | 7 | 201234 | 1 | 1 | 83
637 | Revision_637/lisp.c | U | 112 | 118 | 7 | 201235 | 1 | 2 | 83
637 | Revision_637/lisp.c | U | 127 | 137 | 9 | 201236 | 2 | 3 | 70
637 | Revision_637/c.c | U | 2878 | 2887 | 9 | 201237 | 2 | 12 | 70
637 | Revision_637/sml.c | U | 202 | 210 | 9 | 201238 | 2 | 321 | 70
637 | Revision_637/vim.c | U | 626 | 634 | 9 | 201239 | 2 | 20 | 70
637 | Revision_637/c.c | U | 2860 | 2875 | 9 | 201240 | 2 | 8 | 70
637 | Revision_637/asp.c | U | 201 | 209 | 9 | 201241 | 2 | 4 | 70
637 | Revision_637/c.c | U | 2902 | 2911 | 9 | 201242 | 2 | 15 | 70
637 | Revision_637/eiffel.c | U | 1247 | 1256 | 9 | 201243 | 2 | 9 | 70
637 | Revision_637/pascal.c | U | 257 | 265 | 9 | 201244 | 2 | 14 | 70
637 | Revision_637/php.c | U | 91 | 98 | 9 | 201245 | 2 | 501 | 70
637 | Revision_637/basic.c | U | 193 | 201 | 9 | 201246 | 2 | 408 | 70
637 | Revision_637/awk.c | U | 71 | 79 | 9 | 201247 | 2 | 10 | 70
637 | Revision_637/verilog.c | U | 329 | 338 | 9 | 201248 | 2 | 283 | 70
637 | Revision_637/fortran.c | U | 2195 | 2210 | 9 | 201249 | 2 | 21 | 70
637 | Revision_637/cobol.c | U | 40 | 48 | 9 | 201250 | 2 | 320 | 70
637 | Revision_637/beta.c | U | 311 | 319 | 9 | 201251 | 2 | 5 | 70
637 | Revision_637/sh.c | U | 103 | 113 | 9 | 201252 | 2 | 17 | 70
637 | Revision_637/python.c | U | 448 | 456 | 9 | 201253 | 2 | 13 | 70
637 | Revision_637/ruby.c | U | 398 | 406 | 9 | 201254 | 2 | 19 | 70
637 | Revision_637/erlang.c | U | 179 | 187 | 9 | 201255 | 2 | 340 | 70
637 | Revision_637/c.c | U | 2890 | 2899 | 9 | 201256 | 2 | 315 | 70
637 | Revision_637/scheme.c | U | 99 | 109 | 9 | 201257 | 2 | 16 | 70
637 | Revision_637/lua.c | U | 123 | 131 | 9 | 201258 | 2 | 243 | 70
637 | Revision_637/perl.c | U | 372 | 380 | 9 | 201259 | 2 | 7 | 70
637 | Revision_637/c.c | U | 2848 | 2857 | 9 | 201260 | 2 | 330 | 70
637 | Revision_637/tcl.c | U | 106 | 114 | 9 | 201261 | 2 | 18 | 70
637 | Revision_637/sql.c | A | 1906 | 1915 | 9 | 201262 | 2 | 296 | 70
637 | Revision_637/make.c | U | 199 | 209 | 9 | 201263 | 2 | 25 | 70
637 | Revision_637/asm.c | U | 366 | 385 | 9 | 201264 | 2 | 274 | 70
637 | Revision_637/jscript.c | U | 1514 | 1527 | 9 | 201265 | 2 | 413 | 70
637 | Revision_637/html.c | U | 40 | 47 | 9 | 201266 | 2 | 365 | 70
637 | Revision_637/yacc.c | U | 31 | 38 | 9 | 201267 | 2 | 23 | 70
637 | Revision_637/slang.c | U | 34 | 41 | 9 | 201268 | 2 | 24 | 70
637 | Revision_637/rexx.c | U | 30 | 37 | 9 | 201269 | 2 | 26 | 70
637 | Revision_637/keyword.c | U | 107 | 116 | 9 | 201270 | 2 | 27 | 70
637 | Revision_637/gnu_regex/regex.c | U | 2828 | 2833 | 9 | 201271 | 2 | 511 | 70
637 | Revision_637/options.c | U | 533 | 538 | 9 | 201272 | 2 | 29 | 70
637 | Revision_637/c.c | U | 2212 | 2217 | 9 | 201273 | 2 | 28 | 70
637 | Revision_637/options.c | U | 626 | 632 | 9 | 201274 | 2 | 30 | 70
637 | Revision_637/fortran.c | U | 413 | 425 | 9 | 201275 | 2 | 158 | 70
637 | Revision_637/c.c | U | 2241 | 2249 | 9 | 201276 | 2 | 31 | 70
637 | Revision_637/sql.c | U | 360 | 371 | 9 | 201277 | 2 | 309 | 70
637 | Revision_637/eiffel.c | U | 1201 | 1213 | 9 | 201278 | 2 | 157 | 70
637 | Revision_637/jscript.c | U | 190 | 203 | 9 | 201279 | 2 | 414 | 70
637 | Revision_637/gnu_regex/regex.c | U | 2826 | 2840 | 9 | 201280 | 2 | 512 | 70
637 | Revision_637/asp.c | U | 71 | 90 | 15 | 201281 | 3 | 33 | 100
637 | Revision_637/asp.c | U | 94 | 113 | 15 | 201282 | 3 | 34 | 100
637 | Revision_637/asp.c | U | 117 | 133 | 14 | 201283 | 4 | 35 | 100
637 | Revision_637/asp.c | U | 137 | 152 | 14 | 201284 | 4 | 36 | 100
637 | Revision_637/asp.c | U | 156 | 171 | 14 | 201285 | 4 | 36 | 100
637 | Revision_637/asp.c | U | 175 | 190 | 14 | 201286 | 4 | 36 | 100
637 | Revision_637/args.c | U | 85 | 92 | 8 | 201287 | 5 | 43 | 100
637 | Revision_637/args.c | U | 160 | 167 | 8 | 201288 | 5 | 44 | 100
637 | Revision_637/args.c | U | 182 | 190 | 9 | 201289 | 6 | 45 | 75
637 | Revision_637/args.c | U | 193 | 200 | 9 | 201290 | 6 | 46 | 75
637 | Revision_637/args.c | U | 203 | 211 | 9 | 201291 | 6 | 47 | 75
637 | Revision_637/args.c | U | 266 | 272 | 7 | 201292 | 7 | 48 | 83
637 | Revision_637/options.c | U | 579 | 584 | 7 | 201293 | 7 | 49 | 83
637 | Revision_637/c.c | U | 534 | 540 | 5 | 201294 | 8 | 51 | 75
637 | Revision_637/jscript.c | U | 206 | 210 | 5 | 201295 | 8 | 415 | 75
637 | Revision_637/vstring.c | U | 67 | 74 | 5 | 201296 | 8 | 52 | 75
637 | Revision_637/sql.c | U | 374 | 378 | 5 | 201297 | 8 | 416 | 75
637 | Revision_637/fortran.c | U | 903 | 907 | 5 | 201298 | 8 | 50 | 75
637 | Revision_637/fortran.c | U | 439 | 444 | 5 | 201299 | 8 | 363 | 75
637 | Revision_637/vstring.c | U | 69 | 73 | 5 | 201300 | 8 | 52 | 75
637 | Revision_637/eiffel.c | U | 1216 | 1222 | 5 | 201301 | 8 | 362 | 75
637 | Revision_637/jscript.c | U | 988 | 997 | 5 | 201302 | 8 | 463 | 75
637 | Revision_637/fortran.c | U | 1075 | 1079 | 5 | 201303 | 8 | 312 | 75
637 | Revision_637/jscript.c | U | 975 | 985 | 5 | 201304 | 8 | 479 | 75
637 | Revision_637/sql.c | M | 1486 | 1490 | 5 | 201305 | 8 | 454 | 75
637 | Revision_637/sql.c | M | 1745 | 1749 | 5 | 201306 | 8 | 455 | 75
637 | Revision_637/fortran.c | U | 812 | 817 | 5 | 201307 | 8 | 116 | 75
637 | Revision_637/options.c | U | 352 | 357 | 5 | 201308 | 8 | 224 | 75
637 | Revision_637/eiffel.c | U | 421 | 426 | 5 | 201309 | 8 | 119 | 75
637 | Revision_637/c.c | U | 2472 | 2479 | 5 | 201310 | 8 | 94 | 75
637 | Revision_637/jscript.c | U | 891 | 900 | 5 | 201311 | 8 | 456 | 75
637 | Revision_637/fortran.c | U | 804 | 810 | 5 | 201312 | 8 | 50 | 75
637 | Revision_637/eiffel.c | U | 413 | 419 | 5 | 201313 | 8 | 119 | 75
637 | Revision_637/jscript.c | U | 902 | 907 | 5 | 201314 | 8 | 457 | 75
637 | Revision_637/jscript.c | U | 873 | 889 | 5 | 201315 | 8 | 480 | 75
637 | Revision_637/c.c | U | 543 | 550 | 6 | 201316 | 9 | 53 | 80
637 | Revision_637/c.c | U | 553 | 560 | 6 | 201317 | 9 | 54 | 80
637 | Revision_637/c.c | U | 662 | 678 | 18 | 201318 | 10 | 55 | 70
637 | Revision_637/c.c | U | 1242 | 1256 | 18 | 201319 | 10 | 56 | 70
637 | Revision_637/c.c | U | 1165 | 1183 | 18 | 201320 | 10 | 60 | 70
637 | Revision_637/fortran.c | U | 1133 | 1148 | 18 | 201321 | 10 | 375 | 70
637 | Revision_637/fortran.c | U | 1869 | 1885 | 18 | 201322 | 10 | 59 | 70
637 | Revision_637/c.c | U | 681 | 696 | 18 | 201323 | 10 | 57 | 70
637 | Revision_637/fortran.c | U | 1110 | 1130 | 18 | 201324 | 10 | 58 | 70
637 | Revision_637/fortran.c | U | 1113 | 1128 | 18 | 201325 | 10 | 58 | 70
637 | Revision_637/c.c | U | 1168 | 1181 | 18 | 201326 | 10 | 63 | 70
637 | Revision_637/Test/local.c | U | 9 | 22 | 18 | 201327 | 10 | 384 | 70
637 | Revision_637/fortran.c | U | 1786 | 1814 | 18 | 201328 | 10 | 366 | 70
637 | Revision_637/jscript.c | U | 1429 | 1452 | 18 | 201329 | 10 | 463 | 70
637 | Revision_637/fortran.c | U | 1872 | 1883 | 18 | 201330 | 10 | 65 | 70
637 | Revision_637/fortran.c | U | 1586 | 1623 | 18 | 201331 | 10 | 367 | 70
637 | Revision_637/fortran.c | U | 1266 | 1291 | 18 | 201332 | 10 | 369 | 70
637 | Revision_637/eiffel.c | U | 1112 | 1136 | 18 | 201333 | 10 | 307 | 70
637 | Revision_637/eiffel.c | U | 1191 | 1196 | 18 | 201334 | 10 | 362 | 70
637 | Revision_637/eiffel.c | U | 1185 | 1197 | 18 | 201335 | 10 | 157 | 70
637 | Revision_637/sql.c | U | 903 | 927 | 18 | 201336 | 10 | 308 | 70
637 | Revision_637/c.c | U | 684 | 694 | 13 | 201337 | 11 | 57 | 75
637 | Revision_637/c.c | U | 1244 | 1255 | 13 | 201338 | 11 | 64 | 75
637 | Revision_637/c.c | U | 714 | 736 | 21 | 201339 | 12 | 72 | 70
637 | Revision_637/fortran.c | U | 1300 | 1310 | 21 | 201340 | 12 | 337 | 70
637 | Revision_637/c.c | U | 746 | 752 | 8 | 201341 | 13 | 74 | 71
637 | Revision_637/options.c | U | 472 | 479 | 8 | 201342 | 13 | 75 | 71
637 | Revision_637/c.c | U | 787 | 791 | 7 | 201343 | 14 | 76 | 70
637 | Revision_637/eiffel.c | U | 673 | 677 | 7 | 201344 | 14 | 249 | 70
637 | Revision_637/fortran.c | U | 1914 | 1918 | 7 | 201345 | 14 | 79 | 70
637 | Revision_637/c.c | U | 2136 | 2140 | 7 | 201346 | 14 | 80 | 70
637 | Revision_637/sql.c | M | 935 | 941 | 7 | 201347 | 14 | 419 | 70
637 | Revision_637/sql.c | M | 1019 | 1026 | 7 | 201348 | 14 | 418 | 70
637 | Revision_637/jscript.c | U | 1380 | 1384 | 7 | 201349 | 14 | 417 | 70
637 | Revision_637/sql.c | U | 543 | 547 | 7 | 201350 | 14 | 300 | 70
637 | Revision_637/eiffel.c | U | 660 | 664 | 7 | 201351 | 14 | 250 | 70
637 | Revision_637/eiffel.c | U | 962 | 966 | 7 | 201352 | 14 | 269 | 70
637 | Revision_637/eiffel.c | U | 1013 | 1017 | 7 | 201353 | 14 | 269 | 70
637 | Revision_637/fortran.c | U | 1341 | 1345 | 7 | 201354 | 14 | 85 | 70
637 | Revision_637/eiffel.c | U | 875 | 879 | 7 | 201355 | 14 | 269 | 70
637 | Revision_637/jscript.c | U | 1364 | 1385 | 7 | 201356 | 14 | 494 | 70
637 | Revision_637/readtags.c | U | 144 | 148 | 7 | 201357 | 14 | 87 | 70
637 | Revision_637/eiffel.c | U | 850 | 855 | 7 | 201358 | 14 | 151 | 70
637 | Revision_637/sql.c | M | 1252 | 1257 | 7 | 201359 | 14 | 422 | 70
637 | Revision_637/sql.c | M | 1561 | 1567 | 7 | 201360 | 14 | 420 | 70
637 | Revision_637/sql.c | M | 1532 | 1538 | 7 | 201361 | 14 | 421 | 70
637 | Revision_637/strlist.c | U | 150 | 154 | 7 | 201362 | 14 | 126 | 70
637 | Revision_637/c.c | U | 2183 | 2187 | 7 | 201363 | 14 | 125 | 70
637 | Revision_637/readtags.c | U | 452 | 456 | 7 | 201364 | 14 | 90 | 70
637 | Revision_637/keyword.c | U | 185 | 189 | 7 | 201365 | 14 | 91 | 70
637 | Revision_637/options.c | U | 1042 | 1046 | 7 | 201366 | 14 | 89 | 70
637 | Revision_637/ruby.c | U | 214 | 218 | 7 | 201367 | 14 | 392 | 70
637 | Revision_637/jscript.c | U | 1064 | 1070 | 7 | 201368 | 14 | 417 | 70
637 | Revision_637/sql.c | M | 777 | 788 | 7 | 201369 | 14 | 424 | 70
637 | Revision_637/jscript.c | U | 686 | 697 | 7 | 201370 | 14 | 426 | 70
637 | Revision_637/eiffel.c | U | 1032 | 1036 | 7 | 201371 | 14 | 151 | 70
637 | Revision_637/sql.c | U | 866 | 886 | 7 | 201372 | 14 | 423 | 70
637 | Revision_637/c.c | U | 2766 | 2771 | 7 | 201373 | 14 | 94 | 70
637 | Revision_637/fortran.c | U | 1338 | 1346 | 7 | 201374 | 14 | 84 | 70
637 | Revision_637/sql.c | M | 1244 | 1250 | 7 | 201375 | 14 | 492 | 70
637 | Revision_637/fortran.c | U | 1550 | 1555 | 7 | 201376 | 14 | 79 | 70
637 | Revision_637/fortran.c | U | 1209 | 1213 | 7 | 201377 | 14 | 85 | 70
637 | Revision_637/c.c | U | 2202 | 2209 | 7 | 201378 | 14 | 244 | 70
637 | Revision_637/fortran.c | U | 1722 | 1726 | 7 | 201379 | 14 | 373 | 70
637 | Revision_637/c.c | U | 1778 | 1782 | 7 | 201380 | 14 | 121 | 70
637 | Revision_637/vstring.c | U | 35 | 40 | 7 | 201381 | 14 | 98 | 70
637 | Revision_637/c.c | U | 1787 | 1791 | 7 | 201382 | 14 | 331 | 70
637 | Revision_637/fortran.c | U | 1005 | 1009 | 7 | 201383 | 14 | 128 | 70
637 | Revision_637/routines.c | U | 453 | 459 | 7 | 201384 | 14 | 266 | 70
637 | Revision_637/options.c | U | 674 | 678 | 7 | 201385 | 14 | 127 | 70
637 | Revision_637/sql.c | U | 1313 | 1321 | 7 | 201386 | 14 | 462 | 70
637 | Revision_637/jscript.c | U | 821 | 828 | 7 | 201387 | 14 | 427 | 70
637 | Revision_637/eiffel.c | U | 1068 | 1077 | 7 | 201388 | 14 | 101 | 70
637 | Revision_637/fortran.c | U | 1543 | 1548 | 7 | 201389 | 14 | 79 | 70
637 | Revision_637/options.c | U | 1221 | 1225 | 7 | 201390 | 14 | 129 | 70
637 | Revision_637/sql.c | M | 1324 | 1334 | 7 | 201391 | 14 | 462 | 70
637 | Revision_637/eiffel.c | U | 1065 | 1078 | 7 | 201392 | 14 | 156 | 70
637 | Revision_637/jscript.c | U | 1304 | 1319 | 7 | 201393 | 14 | 413 | 70
637 | Revision_637/sql.c | M | 1428 | 1435 | 7 | 201394 | 14 | 430 | 70
637 | Revision_637/fortran.c | U | 1449 | 1457 | 7 | 201395 | 14 | 314 | 70
637 | Revision_637/fortran.c | U | 1488 | 1497 | 7 | 201396 | 14 | 65 | 70
637 | Revision_637/c.c | U | 2162 | 2169 | 7 | 201397 | 14 | 28 | 70
637 | Revision_637/fortran.c | U | 1416 | 1424 | 7 | 201398 | 14 | 59 | 70
637 | Revision_637/sql.c | U | 1810 | 1838 | 7 | 201399 | 14 | 431 | 70
637 | Revision_637/sql.c | U | 1010 | 1027 | 7 | 201400 | 14 | 435 | 70
637 | Revision_637/sql.c | U | 1043 | 1066 | 7 | 201401 | 14 | 437 | 70
637 | Revision_637/sql.c | M | 1205 | 1218 | 7 | 201402 | 14 | 436 | 70
637 | Revision_637/jscript.c | U | 575 | 610 | 7 | 201403 | 14 | 429 | 70
637 | Revision_637/jscript.c | U | 819 | 829 | 7 | 201404 | 14 | 427 | 70
637 | Revision_637/fortran.c | U | 1711 | 1720 | 7 | 201405 | 14 | 221 | 70
637 | Revision_637/jscript.c | U | 637 | 663 | 7 | 201406 | 14 | 432 | 70
637 | Revision_637/fortran.c | U | 1756 | 1762 | 7 | 201407 | 14 | 314 | 70
637 | Revision_637/fortran.c | U | 1082 | 1088 | 7 | 201408 | 14 | 350 | 70
637 | Revision_637/fortran.c | U | 1535 | 1541 | 7 | 201409 | 14 | 65 | 70
637 | Revision_637/jscript.c | U | 967 | 986 | 7 | 201410 | 14 | 438 | 70
637 | Revision_637/sql.c | U | 1573 | 1594 | 7 | 201411 | 14 | 440 | 70
637 | Revision_637/sql.c | U | 1544 | 1570 | 7 | 201412 | 14 | 439 | 70
637 | Revision_637/sql.c | U | 1612 | 1633 | 7 | 201413 | 14 | 442 | 70
637 | Revision_637/sql.c | U | 1513 | 1541 | 7 | 201414 | 14 | 441 | 70
637 | Revision_637/sql.c | U | 1636 | 1657 | 7 | 201415 | 14 | 443 | 70
637 | Revision_637/sql.c | U | 1660 | 1700 | 7 | 201416 | 14 | 445 | 70
637 | Revision_637/sql.c | U | 1398 | 1437 | 7 | 201417 | 14 | 448 | 70
637 | Revision_637/sql.c | U | 1222 | 1260 | 7 | 201418 | 14 | 447 | 70
637 | Revision_637/jscript.c | U | 964 | 998 | 7 | 201419 | 14 | 482 | 70
637 | Revision_637/c.c | U | 797 | 818 | 44 | 201420 | 15 | 103 | 72
637 | Revision_637/c.c | U | 821 | 841 | 44 | 201421 | 15 | 332 | 72
637 | Revision_637/c.c | U | 929 | 948 | 44 | 201422 | 15 | 103 | 72
637 | Revision_637/c.c | U | 862 | 882 | 44 | 201423 | 15 | 316 | 72
637 | Revision_637/c.c | U | 844 | 860 | 44 | 201424 | 15 | 316 | 72
637 | Revision_637/c.c | U | 885 | 896 | 12 | 201425 | 16 | 317 | 90
637 | Revision_637/c.c | U | 899 | 910 | 12 | 201426 | 16 | 318 | 90
637 | Revision_637/c.c | U | 1050 | 1055 | 6 | 201427 | 17 | 407 | 80
637 | Revision_637/jscript.c | U | 1279 | 1284 | 6 | 201428 | 17 | 417 | 80
637 | Revision_637/c.c | U | 1305 | 1311 | 7 | 201429 | 18 | 385 | 71
637 | Revision_637/make.c | U | 63 | 69 | 7 | 201430 | 18 | 394 | 71
637 | Revision_637/fortran.c | U | 501 | 509 | 7 | 201431 | 18 | 112 | 71
637 | Revision_637/make.c | U | 53 | 60 | 7 | 201432 | 18 | 395 | 71
637 | Revision_637/c.c | U | 1378 | 1385 | 7 | 201433 | 19 | 108 | 80
637 | Revision_637/c.c | U | 1387 | 1394 | 7 | 201434 | 19 | 109 | 80
637 | Revision_637/c.c | U | 1408 | 1415 | 7 | 201435 | 20 | 110 | 71
637 | Revision_637/fortran.c | U | 625 | 631 | 7 | 201436 | 20 | 112 | 71
637 | Revision_637/c.c | U | 2174 | 2181 | 7 | 201437 | 20 | 111 | 71
637 | Revision_637/c.c | U | 1418 | 1425 | 7 | 201438 | 20 | 405 | 71
637 | Revision_637/sql.c | M | 593 | 600 | 7 | 201439 | 20 | 406 | 71
637 | Revision_637/jscript.c | U | 408 | 415 | 7 | 201440 | 20 | 450 | 71
637 | Revision_637/c.c | U | 1456 | 1461 | 6 | 201441 | 21 | 386 | 80
637 | Revision_637/c.c | U | 1798 | 1803 | 6 | 201442 | 21 | 80 | 80
637 | Revision_637/c.c | U | 1482 | 1491 | 9 | 201443 | 22 | 294 | 71
637 | Revision_637/eiffel.c | U | 555 | 563 | 9 | 201444 | 22 | 295 | 71
637 | Revision_637/c.c | U | 1485 | 1489 | 5 | 201445 | 23 | 294 | 75
637 | Revision_637/readtags.c | U | 502 | 506 | 5 | 201446 | 23 | 90 | 75
637 | Revision_637/readtags.c | U | 681 | 685 | 5 | 201447 | 23 | 99 | 75
637 | Revision_637/c.c | U | 1499 | 1512 | 10 | 201448 | 24 | 396 | 75
637 | Revision_637/make.c | U | 77 | 87 | 10 | 201449 | 24 | 397 | 75
637 | Revision_637/fortran.c | U | 853 | 864 | 10 | 201450 | 24 | 116 | 75
637 | Revision_637/verilog.c | U | 199 | 212 | 10 | 201451 | 24 | 398 | 75
637 | Revision_637/sql.c | U | 464 | 475 | 10 | 201452 | 24 | 306 | 75
637 | Revision_637/jscript.c | U | 322 | 333 | 10 | 201453 | 24 | 451 | 75
637 | Revision_637/eiffel.c | U | 588 | 600 | 10 | 201454 | 24 | 114 | 75
637 | Revision_637/eiffel.c | U | 573 | 585 | 10 | 201455 | 24 | 117 | 75
637 | Revision_637/c.c | U | 1616 | 1622 | 8 | 201456 | 25 | 452 | 75
637 | Revision_637/jscript.c | U | 446 | 454 | 8 | 201457 | 25 | 453 | 75
637 | Revision_637/c.c | U | 1988 | 1992 | 5 | 201458 | 26 | 121 | 75
637 | Revision_637/fortran.c | U | 619 | 623 | 5 | 201459 | 26 | 112 | 75
637 | Revision_637/fortran.c | U | 728 | 732 | 5 | 201460 | 26 | 144 | 75
637 | Revision_637/get.c | U | 594 | 598 | 5 | 201461 | 26 | 122 | 75
637 | Revision_637/python.c | U | 381 | 388 | 5 | 201462 | 26 | 503 | 75
637 | Revision_637/pascal.c | U | 134 | 138 | 5 | 201463 | 26 | 164 | 75
637 | Revision_637/perl.c | U | 187 | 191 | 5 | 201464 | 26 | 163 | 75
637 | Revision_637/readtags.c | U | 363 | 367 | 5 | 201465 | 26 | 529 | 75
637 | Revision_637/c.c | U | 2059 | 2065 | 5 | 201466 | 26 | 12 | 75
637 | Revision_637/vim.c | U | 400 | 408 | 5 | 201467 | 26 | 500 | 75
637 | Revision_637/c.c | U | 2485 | 2489 | 5 | 201468 | 27 | 387 | 100
637 | Revision_637/c.c | U | 2492 | 2496 | 5 | 201469 | 27 | 94 | 100
637 | Revision_637/c.c | U | 2715 | 2720 | 6 | 201470 | 28 | 94 | 80
637 | Revision_637/sql.c | M | 1030 | 1035 | 6 | 201471 | 28 | 301 | 80
637 | Revision_637/c.c | U | 2806 | 2815 | 9 | 201472 | 29 | 130 | 71
637 | Revision_637/asm.c | U | 120 | 128 | 9 | 201473 | 29 | 288 | 71
637 | Revision_637/sql.c | U | 348 | 357 | 9 | 201474 | 29 | 302 | 71
637 | Revision_637/jscript.c | U | 178 | 187 | 9 | 201475 | 29 | 458 | 71
637 | Revision_637/fortran.c | U | 397 | 406 | 9 | 201476 | 29 | 132 | 71
637 | Revision_637/eiffel.c | U | 214 | 223 | 9 | 201477 | 29 | 131 | 71
637 | Revision_637/verilog.c | U | 108 | 118 | 9 | 201478 | 29 | 381 | 71
637 | Revision_637/eiffel.c | U | 286 | 300 | 9 | 201479 | 30 | 133 | 70
637 | Revision_637/beta.c | U | 71 | 80 | 9 | 201480 | 30 | 134 | 70
637 | Revision_637/sql.c | U | 385 | 399 | 9 | 201481 | 30 | 303 | 70
637 | Revision_637/jscript.c | U | 217 | 231 | 9 | 201482 | 30 | 459 | 70
637 | Revision_637/sml.c | U | 75 | 81 | 9 | 201483 | 30 | 324 | 70
637 | Revision_637/parse.c | U | 43 | 54 | 9 | 201484 | 30 | 135 | 70
637 | Revision_637/eiffel.c | U | 288 | 298 | 9 | 201485 | 30 | 136 | 70
637 | Revision_637/eiffel.c | U | 366 | 375 | 8 | 201486 | 31 | 304 | 100
637 | Revision_637/sql.c | U | 430 | 437 | 8 | 201487 | 31 | 305 | 100
637 | Revision_637/jscript.c | U | 286 | 293 | 8 | 201488 | 31 | 460 | 100
637 | Revision_637/eiffel.c | U | 381 | 402 | 20 | 201489 | 32 | 139 | 70
637 | Revision_637/fortran.c | U | 767 | 793 | 20 | 201490 | 32 | 140 | 70
637 | Revision_637/eiffel.c | U | 405 | 433 | 24 | 201491 | 33 | 141 | 95
637 | Revision_637/fortran.c | U | 796 | 824 | 24 | 201492 | 33 | 505 | 95
637 | Revision_637/eiffel.c | U | 546 | 550 | 5 | 201493 | 34 | 143 | 75
637 | Revision_637/fortran.c | U | 785 | 789 | 5 | 201494 | 34 | 145 | 75
637 | Revision_637/verilog.c | U | 238 | 242 | 5 | 201495 | 34 | 382 | 75
637 | Revision_637/fortran.c | U | 984 | 988 | 5 | 201496 | 34 | 144 | 75
637 | Revision_637/verilog.c | U | 142 | 146 | 5 | 201497 | 34 | 383 | 75
637 | Revision_637/eiffel.c | U | 603 | 612 | 8 | 201498 | 35 | 146 | 100
637 | Revision_637/fortran.c | U | 871 | 880 | 8 | 201499 | 35 | 147 | 100
637 | Revision_637/sql.c | U | 478 | 485 | 8 | 201500 | 35 | 305 | 100
637 | Revision_637/asm.c | U | 131 | 139 | 8 | 201501 | 35 | 270 | 100
637 | Revision_637/jscript.c | U | 336 | 343 | 8 | 201502 | 35 | 471 | 100
637 | Revision_637/eiffel.c | U | 720 | 727 | 9 | 201503 | 36 | 148 | 77
637 | Revision_637/jscript.c | U | 431 | 440 | 9 | 201504 | 36 | 461 | 77
637 | Revision_637/eiffel.c | U | 729 | 734 | 6 | 201505 | 37 | 506 | 100
637 | Revision_637/fortran.c | U | 1042 | 1047 | 6 | 201506 | 37 | 312 | 100
637 | Revision_637/eiffel.c | U | 773 | 820 | 13 | 201507 | 38 | 349 | 72
637 | Revision_637/fortran.c | U | 1096 | 1107 | 13 | 201508 | 38 | 350 | 72
637 | Revision_637/eiffel.c | U | 838 | 856 | 13 | 201509 | 39 | 251 | 72
637 | Revision_637/eiffel.c | U | 860 | 881 | 13 | 201510 | 39 | 252 | 72
637 | Revision_637/fortran.c | U | 1378 | 1391 | 13 | 201511 | 39 | 336 | 72
637 | Revision_637/eiffel.c | U | 1007 | 1020 | 13 | 201512 | 39 | 253 | 72
637 | Revision_637/fortran.c | U | 1632 | 1640 | 13 | 201513 | 39 | 337 | 72
637 | Revision_637/eiffel.c | U | 868 | 880 | 10 | 201514 | 40 | 156 | 75
637 | Revision_637/sql.c | M | 1381 | 1391 | 10 | 201515 | 40 | 462 | 75
637 | Revision_637/basic.c | U | 135 | 140 | 6 | 201516 | 41 | 411 | 80
637 | Revision_637/basic.c | U | 147 | 152 | 6 | 201517 | 41 | 412 | 80
637 | Revision_637/verilog.c | U | 187 | 193 | 8 | 201518 | 42 | 399 | 75
637 | Revision_637/make.c | U | 97 | 105 | 8 | 201519 | 42 | 400 | 75
637 | Revision_637/verilog.c | U | 286 | 290 | 5 | 201520 | 43 | 401 | 75
637 | Revision_637/make.c | U | 44 | 48 | 5 | 201521 | 43 | 402 | 75
637 | Revision_637/jscript.c | U | 234 | 255 | 15 | 201522 | 44 | 467 | 91
637 | Revision_637/sql.c | U | 402 | 423 | 15 | 201523 | 44 | 468 | 91
637 | Revision_637/jscript.c | U | 258 | 267 | 8 | 201524 | 45 | 415 | 100
637 | Revision_637/jscript.c | U | 270 | 279 | 8 | 201525 | 45 | 460 | 100
637 | Revision_637/jscript.c | U | 296 | 316 | 19 | 201526 | 46 | 534 | 93
637 | Revision_637/sql.c | U | 440 | 459 | 19 | 201527 | 46 | 306 | 93
637 | Revision_637/jscript.c | U | 346 | 443 | 123 | 201528 | 47 | 472 | 76
637 | Revision_637/sql.c | U | 488 | 634 | 123 | 201529 | 47 | 473 | 76
637 | Revision_637/jscript.c | U | 461 | 491 | 18 | 201530 | 48 | 465 | 100
637 | Revision_637/sql.c | U | 688 | 718 | 18 | 201531 | 48 | 466 | 100
637 | Revision_637/jscript.c | U | 494 | 523 | 18 | 201532 | 48 | 507 | 100
637 | Revision_637/jscript.c | U | 526 | 533 | 7 | 201533 | 49 | 474 | 80
637 | Revision_637/jscript.c | U | 536 | 543 | 7 | 201534 | 49 | 475 | 80
637 | Revision_637/sql.c | M | 653 | 660 | 7 | 201535 | 49 | 476 | 80
637 | Revision_637/jscript.c | U | 1052 | 1061 | 6 | 201536 | 50 | 497 | 75
637 | Revision_637/options.c | U | 1683 | 1687 | 6 | 201537 | 50 | 333 | 75
637 | Revision_637/jscript.c | U | 1132 | 1158 | 12 | 201538 | 51 | 508 | 72
637 | Revision_637/jscript.c | U | 1160 | 1182 | 12 | 201539 | 51 | 509 | 72
637 | Revision_637/jscript.c | U | 1474 | 1477 | 8 | 201540 | 52 | 498 | 71
637 | Revision_637/Test/local.c | U | 14 | 20 | 8 | 201541 | 52 | 384 | 71
637 | Revision_637/jscript.c | U | 1487 | 1491 | 5 | 201542 | 53 | 484 | 75
637 | Revision_637/make.c | U | 185 | 189 | 5 | 201543 | 53 | 403 | 75
637 | Revision_637/sql.c | U | 1888 | 1892 | 5 | 201544 | 53 | 404 | 75
637 | Revision_637/gnu_regex/regex.c | U | 810 | 815 | 5 | 201545 | 54 | 513 | 75
637 | Revision_637/routines.c | U | 621 | 644 | 5 | 201546 | 54 | 514 | 75
637 | Revision_637/options.c | U | 397 | 402 | 5 | 201547 | 54 | 355 | 75
637 | Revision_637/main.c | U | 126 | 139 | 5 | 201548 | 54 | 354 | 75
637 | Revision_637/gnu_regex/regex.c | U | 1182 | 1192 | 6 | 201549 | 55 | 515 | 80
637 | Revision_637/gnu_regex/regex.c | U | 1197 | 1207 | 6 | 201550 | 55 | 516 | 80
637 | Revision_637/gnu_regex/regex.c | U | 1330 | 1339 | 5 | 201551 | 56 | 517 | 100
637 | Revision_637/gnu_regex/regex.c | U | 1816 | 1820 | 5 | 201552 | 56 | 518 | 100
637 | Revision_637/gnu_regex/regex.c | U | 1627 | 1632 | 6 | 201553 | 57 | 530 | 100
637 | Revision_637/gnu_regex/regex.c | U | 1649 | 1654 | 6 | 201554 | 57 | 531 | 100
637 | Revision_637/gnu_regex/regex.c | U | 1757 | 1762 | 6 | 201555 | 57 | 519 | 100
637 | Revision_637/gnu_regex/regex.c | U | 1777 | 1782 | 6 | 201556 | 57 | 520 | 100
637 | Revision_637/gnu_regex/regex.c | U | 1792 | 1797 | 6 | 201557 | 57 | 521 | 100
637 | Revision_637/gnu_regex/regex.c | U | 2100 | 2108 | 7 | 201558 | 58 | 522 | 83
637 | Revision_637/gnu_regex/regex.c | U | 2119 | 2127 | 7 | 201559 | 58 | 523 | 83
637 | Revision_637/gnu_regex/regex.c | U | 2768 | 2772 | 5 | 201560 | 59 | 524 | 75
637 | Revision_637/beta.c | U | 277 | 281 | 5 | 201561 | 59 | 205 | 75
637 | Revision_637/beta.c | U | 271 | 275 | 5 | 201562 | 59 | 207 | 75
637 | Revision_637/beta.c | U | 152 | 156 | 5 | 201563 | 59 | 203 | 75
637 | Revision_637/beta.c | U | 165 | 169 | 5 | 201564 | 59 | 204 | 75
637 | Revision_637/beta.c | U | 158 | 162 | 5 | 201565 | 59 | 206 | 75
637 | Revision_637/gnu_regex/regex.c | U | 3543 | 3551 | 8 | 201566 | 60 | 525 | 83
637 | Revision_637/gnu_regex/regex.c | U | 3553 | 3560 | 8 | 201567 | 60 | 526 | 83
637 | Revision_637/gnu_regex/regex.c | U | 3722 | 3736 | 15 | 201568 | 61 | 527 | 71
637 | Revision_637/gnu_regex/regex.c | U | 4312 | 4329 | 15 | 201569 | 61 | 528 | 71
637 | Revision_637/vim.c | U | 97 | 101 | 5 | 201570 | 62 | 290 | 100
637 | Revision_637/vim.c | U | 103 | 107 | 5 | 201571 | 62 | 291 | 100
637 | Revision_637/vim.c | U | 244 | 267 | 17 | 201572 | 63 | 334 | 76
637 | Revision_637/vim.c | U | 294 | 312 | 17 | 201573 | 63 | 159 | 76
637 | Revision_637/python.c | U | 84 | 97 | 11 | 201574 | 64 | 37 | 77
637 | Revision_637/python.c | U | 127 | 138 | 11 | 201575 | 64 | 13 | 77
637 | Revision_637/python.c | U | 166 | 169 | 5 | 201576 | 65 | 532 | 75
637 | Revision_637/get.c | U | 649 | 653 | 5 | 201577 | 65 | 533 | 75
637 | Revision_637/python.c | U | 178 | 182 | 5 | 201578 | 66 | 278 | 75
637 | Revision_637/erlang.c | U | 58 | 62 | 5 | 201579 | 66 | 341 | 75
637 | Revision_637/sml.c | U | 84 | 88 | 5 | 201580 | 66 | 325 | 75
637 | Revision_637/python.c | U | 199 | 203 | 5 | 201581 | 66 | 326 | 75
637 | Revision_637/options.c | U | 963 | 968 | 5 | 201582 | 66 | 280 | 75
637 | Revision_637/python.c | U | 207 | 216 | 9 | 201583 | 67 | 292 | 75
637 | Revision_637/tcl.c | U | 44 | 54 | 9 | 201584 | 67 | 293 | 75
637 | Revision_637/erlang.c | U | 66 | 75 | 9 | 201585 | 67 | 342 | 75
637 | Revision_637/python.c | U | 418 | 422 | 5 | 201586 | 68 | 504 | 75
637 | Revision_637/pascal.c | U | 176 | 182 | 5 | 201587 | 68 | 170 | 75
637 | Revision_637/pascal.c | U | 150 | 154 | 5 | 201588 | 68 | 319 | 75
637 | Revision_637/pascal.c | U | 184 | 190 | 5 | 201589 | 68 | 171 | 75
637 | Revision_637/perl.c | U | 208 | 214 | 7 | 201590 | 69 | 389 | 83
637 | Revision_637/perl.c | U | 254 | 259 | 7 | 201591 | 69 | 502 | 83
637 | Revision_637/perl.c | U | 339 | 346 | 7 | 201592 | 70 | 389 | 71
637 | Revision_637/main.c | U | 260 | 267 | 7 | 201593 | 70 | 377 | 71
637 | Revision_637/perl.c | U | 353 | 359 | 7 | 201594 | 70 | 7 | 71
637 | Revision_637/erlang.c | U | 97 | 105 | 7 | 201595 | 70 | 344 | 71
637 | Revision_637/main.c | U | 179 | 185 | 7 | 201596 | 70 | 376 | 71
637 | Revision_637/erlang.c | U | 108 | 113 | 7 | 201597 | 70 | 346 | 71
637 | Revision_637/erlang.c | U | 116 | 121 | 7 | 201598 | 70 | 344 | 71
637 | Revision_637/sort.c | U | 118 | 123 | 5 | 201599 | 71 | 281 | 100
637 | Revision_637/sort.c | U | 126 | 131 | 5 | 201600 | 71 | 282 | 100
637 | Revision_637/strlist.c | U | 32 | 38 | 8 | 201601 | 72 | 165 | 71
637 | Revision_637/vstring.c | U | 77 | 87 | 8 | 201602 | 72 | 166 | 71
637 | Revision_637/strlist.c | U | 191 | 196 | 7 | 201603 | 73 | 168 | 83
637 | Revision_637/strlist.c | U | 200 | 206 | 7 | 201604 | 73 | 390 | 83
637 | Revision_637/get.c | U | 305 | 314 | 10 | 201605 | 74 | 174 | 70
637 | Revision_637/read.c | U | 220 | 231 | 10 | 201606 | 74 | 176 | 70
637 | Revision_637/parse.c | U | 586 | 600 | 10 | 201607 | 74 | 175 | 70
637 | Revision_637/get.c | U | 467 | 478 | 10 | 201608 | 75 | 177 | 87
637 | Revision_637/get.c | U | 484 | 495 | 10 | 201609 | 75 | 178 | 87
637 | Revision_637/get.c | U | 541 | 546 | 6 | 201610 | 76 | 180 | 80
637 | Revision_637/read.c | U | 424 | 428 | 6 | 201611 | 76 | 181 | 80
637 | Revision_637/routines.c | U | 237 | 244 | 6 | 201612 | 77 | 254 | 80
637 | Revision_637/routines.c | U | 247 | 254 | 6 | 201613 | 77 | 255 | 80
637 | Revision_637/routines.c | U | 288 | 295 | 8 | 201614 | 78 | 256 | 83
637 | Revision_637/readtags.c | U | 116 | 123 | 8 | 201615 | 78 | 123 | 83
637 | Revision_637/routines.c | U | 298 | 305 | 8 | 201616 | 78 | 257 | 83
637 | Revision_637/readtags.c | U | 106 | 113 | 8 | 201617 | 78 | 238 | 83
637 | Revision_637/routines.c | U | 322 | 326 | 5 | 201618 | 79 | 258 | 75
637 | Revision_637/vstring.c | U | 125 | 129 | 5 | 201619 | 79 | 188 | 75
637 | Revision_637/vstring.c | U | 118 | 122 | 5 | 201620 | 79 | 189 | 75
637 | Revision_637/routines.c | U | 329 | 335 | 6 | 201621 | 80 | 259 | 100
637 | Revision_637/routines.c | U | 338 | 344 | 6 | 201622 | 80 | 260 | 100
637 | Revision_637/routines.c | U | 349 | 356 | 8 | 201623 | 81 | 261 | 100
637 | Revision_637/routines.c | U | 361 | 368 | 8 | 201624 | 81 | 262 | 100
637 | Revision_637/sh.c | U | 89 | 94 | 6 | 201625 | 82 | 378 | 80
637 | Revision_637/asm.c | U | 347 | 352 | 6 | 201626 | 82 | 379 | 80
637 | Revision_637/beta.c | U | 134 | 141 | 6 | 201627 | 83 | 201 | 75
637 | Revision_637/beta.c | U | 204 | 212 | 6 | 201628 | 83 | 202 | 75
637 | Revision_637/sql.c | M | 806 | 816 | 8 | 201629 | 84 | 493 | 71
637 | Revision_637/sql.c | M | 1495 | 1504 | 8 | 201630 | 84 | 486 | 71
637 | Revision_637/sql.c | U | 1359 | 1395 | 24 | 201631 | 85 | 487 | 78
637 | Revision_637/sql.c | U | 1764 | 1807 | 24 | 201632 | 85 | 488 | 78
637 | Revision_637/sql.c | U | 1728 | 1753 | 17 | 201633 | 86 | 489 | 84
637 | Revision_637/sql.c | U | 1777 | 1801 | 17 | 201634 | 86 | 490 | 84
637 | Revision_637/parse.c | U | 96 | 106 | 11 | 201635 | 87 | 208 | 88
637 | Revision_637/parse.c | U | 109 | 120 | 11 | 201636 | 87 | 209 | 88
637 | Revision_637/parse.c | U | 299 | 303 | 5 | 201637 | 88 | 356 | 75
637 | Revision_637/parse.c | U | 556 | 560 | 5 | 201638 | 88 | 357 | 75
637 | Revision_637/parse.c | U | 575 | 579 | 5 | 201639 | 88 | 358 | 75
637 | Revision_637/readtags.c | U | 541 | 547 | 6 | 201640 | 89 | 239 | 100
637 | Revision_637/readtags.c | U | 549 | 555 | 6 | 201641 | 89 | 240 | 100
637 | Revision_637/readtags.c | U | 584 | 588 | 6 | 201642 | 90 | 123 | 75
637 | Revision_637/readtags.c | U | 639 | 645 | 6 | 201643 | 90 | 124 | 75
637 | Revision_637/readtags.c | U | 718 | 726 | 8 | 201644 | 91 | 210 | 83
637 | Revision_637/readtags.c | U | 773 | 781 | 8 | 201645 | 91 | 211 | 83
637 | Revision_637/readtags.c | U | 729 | 737 | 8 | 201646 | 91 | 212 | 83
637 | Revision_637/readtags.c | U | 740 | 745 | 6 | 201647 | 92 | 241 | 80
637 | Revision_637/readtags.c | U | 765 | 770 | 6 | 201648 | 92 | 242 | 80
637 | Revision_637/readtags.c | U | 757 | 762 | 6 | 201649 | 92 | 287 | 80
637 | Revision_637/fortran.c | U | 1269 | 1290 | 23 | 201650 | 93 | 369 | 72
637 | Revision_637/fortran.c | U | 1789 | 1812 | 23 | 201651 | 93 | 366 | 72
637 | Revision_637/fortran.c | U | 1323 | 1329 | 7 | 201652 | 94 | 85 | 83
637 | Revision_637/fortran.c | U | 1382 | 1388 | 7 | 201653 | 94 | 84 | 83
637 | Revision_637/fortran.c | U | 1729 | 1744 | 20 | 201654 | 95 | 21 | 84
637 | Revision_637/fortran.c | U | 1945 | 1961 | 20 | 201655 | 95 | 374 | 84
637 | Revision_637/fortran.c | U | 1910 | 1928 | 16 | 201656 | 96 | 220 | 73
637 | Revision_637/fortran.c | U | 2056 | 2076 | 16 | 201657 | 96 | 372 | 73
637 | Revision_637/fortran.c | U | 1980 | 1996 | 16 | 201658 | 96 | 221 | 73
637 | Revision_637/asm.c | U | 243 | 256 | 11 | 201659 | 97 | 289 | 77
637 | Revision_637/asm.c | U | 261 | 271 | 11 | 201660 | 97 | 279 | 77
637 | Revision_637/scheme.c | U | 70 | 78 | 8 | 201661 | 98 | 222 | 71
637 | Revision_637/scheme.c | U | 85 | 93 | 8 | 201662 | 98 | 223 | 71
637 | Revision_637/options.c | U | 369 | 375 | 6 | 201663 | 99 | 224 | 100
637 | Revision_637/options.c | U | 378 | 384 | 6 | 201664 | 99 | 225 | 100
637 | Revision_637/options.c | U | 543 | 549 | 7 | 201665 | 100 | 226 | 100
637 | Revision_637/options.c | U | 570 | 576 | 7 | 201666 | 100 | 227 | 100
637 | Revision_637/options.c | U | 561 | 567 | 7 | 201667 | 100 | 228 | 100
637 | Revision_637/options.c | U | 552 | 558 | 7 | 201668 | 100 | 229 | 100
637 | Revision_637/options.c | U | 982 | 986 | 5 | 201669 | 101 | 230 | 75
637 | Revision_637/options.c | U | 1008 | 1012 | 5 | 201670 | 101 | 231 | 75
637 | Revision_637/options.c | U | 1102 | 1106 | 5 | 201671 | 102 | 232 | 100
637 | Revision_637/options.c | U | 1108 | 1112 | 5 | 201672 | 102 | 233 | 100
637 | Revision_637/options.c | U | 1154 | 1166 | 12 | 201673 | 103 | 360 | 100
637 | Revision_637/options.c | U | 1171 | 1183 | 12 | 201674 | 103 | 235 | 100
637 | Revision_637/options.c | U | 1425 | 1442 | 15 | 201675 | 104 | 236 | 91
637 | Revision_637/options.c | U | 1463 | 1480 | 15 | 201676 | 104 | 237 | 91
