Revision | filePath | changeType | StartLine | EndLine | Nlines | cloneId | classId | globalCloneId | Similarity
652 | Revision_652/args.c | U | 85 | 92 | 8 | 126743 | 1 | 1 | 100
652 | Revision_652/args.c | U | 160 | 167 | 8 | 126744 | 1 | 2 | 100
652 | Revision_652/args.c | U | 182 | 190 | 9 | 126745 | 2 | 3 | 75
652 | Revision_652/args.c | U | 193 | 200 | 9 | 126746 | 2 | 4 | 75
652 | Revision_652/args.c | U | 203 | 211 | 9 | 126747 | 2 | 5 | 75
652 | Revision_652/args.c | U | 266 | 272 | 7 | 126748 | 3 | 6 | 83
652 | Revision_652/options.c | U | 579 | 584 | 7 | 126749 | 3 | 7 | 83
652 | Revision_652/asm.c | U | 120 | 128 | 8 | 126750 | 4 | 188 | 71
652 | Revision_652/sql.c | U | 385 | 394 | 8 | 126751 | 4 | 196 | 71
652 | Revision_652/jscript.c | U | 180 | 189 | 8 | 126752 | 4 | 280 | 71
652 | Revision_652/verilog.c | U | 108 | 118 | 8 | 126753 | 4 | 258 | 71
652 | Revision_652/asm.c | U | 131 | 139 | 8 | 126754 | 5 | 170 | 100
652 | Revision_652/sql.c | U | 515 | 522 | 8 | 126755 | 5 | 292 | 100
652 | Revision_652/jscript.c | U | 336 | 343 | 8 | 126756 | 5 | 297 | 100
652 | Revision_652/asm.c | U | 243 | 256 | 11 | 126757 | 6 | 191 | 77
652 | Revision_652/asm.c | U | 261 | 271 | 11 | 126758 | 6 | 179 | 77
652 | Revision_652/asm.c | U | 347 | 352 | 6 | 126759 | 7 | 256 | 80
652 | Revision_652/sh.c | U | 89 | 94 | 6 | 126760 | 7 | 257 | 80
652 | Revision_652/asm.c | U | 366 | 385 | 9 | 126761 | 8 | 174 | 71
652 | Revision_652/python.c | U | 478 | 486 | 9 | 126762 | 8 | 14 | 71
652 | Revision_652/erlang.c | U | 179 | 187 | 9 | 126763 | 8 | 230 | 71
652 | Revision_652/tcl.c | U | 106 | 114 | 9 | 126764 | 8 | 22 | 71
652 | Revision_652/sql.c | U | 2075 | 2084 | 9 | 126765 | 8 | 197 | 71
652 | Revision_652/verilog.c | U | 329 | 338 | 9 | 126766 | 8 | 184 | 71
652 | Revision_652/perl.c | U | 372 | 380 | 9 | 126767 | 8 | 19 | 71
652 | Revision_652/sml.c | U | 202 | 210 | 9 | 126768 | 8 | 216 | 71
652 | Revision_652/beta.c | U | 311 | 319 | 9 | 126769 | 8 | 15 | 71
652 | Revision_652/ruby.c | U | 398 | 406 | 9 | 126770 | 8 | 16 | 71
652 | Revision_652/sh.c | U | 103 | 113 | 9 | 126771 | 8 | 24 | 71
652 | Revision_652/vim.c | U | 626 | 634 | 9 | 126772 | 8 | 20 | 71
652 | Revision_652/asp.c | U | 201 | 209 | 9 | 126773 | 8 | 18 | 71
652 | Revision_652/pascal.c | U | 257 | 265 | 9 | 126774 | 8 | 13 | 71
652 | Revision_652/awk.c | U | 71 | 79 | 9 | 126775 | 8 | 10 | 71
652 | Revision_652/lisp.c | U | 127 | 137 | 9 | 126776 | 8 | 11 | 71
652 | Revision_652/scheme.c | U | 99 | 109 | 9 | 126777 | 8 | 17 | 71
652 | Revision_652/lua.c | U | 123 | 131 | 9 | 126778 | 8 | 154 | 71
652 | Revision_652/php.c | U | 91 | 98 | 9 | 126779 | 8 | 366 | 71
652 | Revision_652/basic.c | U | 193 | 201 | 9 | 126780 | 8 | 275 | 71
652 | Revision_652/cobol.c | U | 40 | 48 | 9 | 126781 | 8 | 213 | 71
652 | Revision_652/jscript.c | U | 1514 | 1527 | 9 | 126782 | 8 | 281 | 71
652 | Revision_652/make.c | U | 199 | 209 | 9 | 126783 | 8 | 26 | 71
652 | Revision_652/html.c | U | 40 | 47 | 9 | 126784 | 8 | 253 | 71
652 | Revision_652/slang.c | U | 34 | 41 | 9 | 126785 | 8 | 27 | 71
652 | Revision_652/yacc.c | U | 31 | 38 | 9 | 126786 | 8 | 28 | 71
652 | Revision_652/rexx.c | U | 30 | 37 | 9 | 126787 | 8 | 25 | 71
652 | Revision_652/keyword.c | U | 107 | 116 | 9 | 126788 | 8 | 29 | 71
652 | Revision_652/options.c | U | 626 | 632 | 9 | 126789 | 8 | 30 | 71
652 | Revision_652/options.c | U | 533 | 538 | 9 | 126790 | 8 | 242 | 71
652 | Revision_652/gnu_regex/regex.c | U | 2828 | 2833 | 9 | 126791 | 8 | 374 | 71
652 | Revision_652/asp.c | U | 71 | 90 | 15 | 126792 | 9 | 31 | 100
652 | Revision_652/asp.c | U | 94 | 113 | 15 | 126793 | 9 | 32 | 100
652 | Revision_652/asp.c | U | 117 | 133 | 14 | 126794 | 10 | 33 | 100
652 | Revision_652/asp.c | U | 156 | 171 | 14 | 126795 | 10 | 34 | 100
652 | Revision_652/asp.c | U | 175 | 190 | 14 | 126796 | 10 | 34 | 100
652 | Revision_652/asp.c | U | 137 | 152 | 14 | 126797 | 10 | 34 | 100
652 | Revision_652/basic.c | U | 135 | 140 | 6 | 126798 | 11 | 278 | 80
652 | Revision_652/basic.c | U | 147 | 152 | 6 | 126799 | 11 | 279 | 80
652 | Revision_652/beta.c | U | 71 | 80 | 9 | 126800 | 12 | 43 | 70
652 | Revision_652/parse.c | U | 43 | 54 | 9 | 126801 | 12 | 44 | 70
652 | Revision_652/sml.c | U | 75 | 81 | 9 | 126802 | 12 | 217 | 70
652 | Revision_652/sql.c | U | 423 | 437 | 9 | 126803 | 12 | 198 | 70
652 | Revision_652/jscript.c | U | 219 | 233 | 9 | 126804 | 12 | 283 | 70
652 | Revision_652/beta.c | U | 134 | 141 | 6 | 126805 | 13 | 45 | 75
652 | Revision_652/beta.c | U | 204 | 212 | 6 | 126806 | 13 | 46 | 75
652 | Revision_652/beta.c | U | 152 | 156 | 5 | 126807 | 14 | 47 | 75
652 | Revision_652/beta.c | U | 165 | 169 | 5 | 126808 | 14 | 49 | 75
652 | Revision_652/beta.c | U | 158 | 162 | 5 | 126809 | 14 | 51 | 75
652 | Revision_652/beta.c | U | 277 | 281 | 5 | 126810 | 14 | 48 | 75
652 | Revision_652/beta.c | U | 271 | 275 | 5 | 126811 | 14 | 50 | 75
652 | Revision_652/gnu_regex/regex.c | U | 2768 | 2772 | 5 | 126812 | 14 | 375 | 75
652 | Revision_652/erlang.c | U | 58 | 62 | 5 | 126813 | 15 | 231 | 75
652 | Revision_652/python.c | U | 181 | 185 | 5 | 126814 | 15 | 180 | 75
652 | Revision_652/sml.c | U | 84 | 88 | 5 | 126815 | 15 | 218 | 75
652 | Revision_652/options.c | U | 963 | 968 | 5 | 126816 | 15 | 181 | 75
652 | Revision_652/python.c | U | 202 | 206 | 5 | 126817 | 15 | 368 | 75
652 | Revision_652/erlang.c | U | 66 | 75 | 9 | 126818 | 16 | 232 | 75
652 | Revision_652/python.c | U | 210 | 219 | 9 | 126819 | 16 | 194 | 75
652 | Revision_652/tcl.c | U | 44 | 54 | 9 | 126820 | 16 | 195 | 75
652 | Revision_652/erlang.c | U | 97 | 105 | 7 | 126821 | 17 | 237 | 71
652 | Revision_652/erlang.c | U | 108 | 113 | 7 | 126822 | 17 | 235 | 71
652 | Revision_652/perl.c | U | 353 | 359 | 7 | 126823 | 17 | 262 | 71
652 | Revision_652/perl.c | U | 339 | 346 | 7 | 126824 | 17 | 19 | 71
652 | Revision_652/main.c | U | 260 | 267 | 7 | 126825 | 17 | 254 | 71
652 | Revision_652/erlang.c | U | 116 | 121 | 7 | 126826 | 17 | 239 | 71
652 | Revision_652/main.c | U | 179 | 185 | 7 | 126827 | 17 | 255 | 71
652 | Revision_652/get.c | U | 305 | 314 | 10 | 126828 | 18 | 74 | 70
652 | Revision_652/parse.c | U | 586 | 600 | 10 | 126829 | 18 | 76 | 70
652 | Revision_652/read.c | U | 220 | 231 | 10 | 126830 | 18 | 75 | 70
652 | Revision_652/get.c | U | 467 | 478 | 10 | 126831 | 19 | 77 | 87
652 | Revision_652/get.c | U | 484 | 495 | 10 | 126832 | 19 | 79 | 87
652 | Revision_652/get.c | U | 541 | 546 | 6 | 126833 | 20 | 80 | 80
652 | Revision_652/read.c | U | 424 | 428 | 6 | 126834 | 20 | 81 | 80
652 | Revision_652/get.c | U | 594 | 598 | 5 | 126835 | 21 | 364 | 75
652 | Revision_652/vim.c | U | 400 | 408 | 5 | 126836 | 21 | 365 | 75
652 | Revision_652/readtags.c | U | 363 | 367 | 5 | 126837 | 21 | 391 | 75
652 | Revision_652/get.c | U | 649 | 653 | 5 | 126838 | 22 | 394 | 75
652 | Revision_652/python.c | U | 169 | 172 | 5 | 126839 | 22 | 395 | 75
652 | Revision_652/gnu_regex/regex.c | U | 810 | 815 | 5 | 126840 | 23 | 376 | 75
652 | Revision_652/options.c | U | 397 | 402 | 5 | 126841 | 23 | 244 | 75
652 | Revision_652/main.c | U | 126 | 139 | 5 | 126842 | 23 | 243 | 75
652 | Revision_652/routines.c | U | 621 | 644 | 5 | 126843 | 23 | 377 | 75
652 | Revision_652/gnu_regex/regex.c | U | 1182 | 1192 | 6 | 126844 | 24 | 378 | 80
652 | Revision_652/gnu_regex/regex.c | U | 1197 | 1207 | 6 | 126845 | 24 | 379 | 80
652 | Revision_652/gnu_regex/regex.c | U | 1330 | 1339 | 5 | 126846 | 25 | 380 | 100
652 | Revision_652/gnu_regex/regex.c | U | 1816 | 1820 | 5 | 126847 | 25 | 381 | 100
652 | Revision_652/gnu_regex/regex.c | U | 1627 | 1632 | 6 | 126848 | 26 | 392 | 100
652 | Revision_652/gnu_regex/regex.c | U | 1649 | 1654 | 6 | 126849 | 26 | 393 | 100
652 | Revision_652/gnu_regex/regex.c | U | 1792 | 1797 | 6 | 126850 | 26 | 382 | 100
652 | Revision_652/gnu_regex/regex.c | U | 1757 | 1762 | 6 | 126851 | 26 | 383 | 100
652 | Revision_652/gnu_regex/regex.c | U | 1777 | 1782 | 6 | 126852 | 26 | 384 | 100
652 | Revision_652/gnu_regex/regex.c | U | 2100 | 2108 | 7 | 126853 | 27 | 385 | 83
652 | Revision_652/gnu_regex/regex.c | U | 2119 | 2127 | 7 | 126854 | 27 | 386 | 83
652 | Revision_652/gnu_regex/regex.c | U | 3543 | 3551 | 8 | 126855 | 28 | 387 | 83
652 | Revision_652/gnu_regex/regex.c | U | 3553 | 3560 | 8 | 126856 | 28 | 388 | 83
652 | Revision_652/gnu_regex/regex.c | U | 3722 | 3736 | 15 | 126857 | 29 | 389 | 71
652 | Revision_652/gnu_regex/regex.c | U | 4312 | 4329 | 15 | 126858 | 29 | 390 | 71
652 | Revision_652/jscript.c | U | 192 | 205 | 12 | 126859 | 30 | 282 | 90
652 | Revision_652/sql.c | U | 397 | 409 | 12 | 126860 | 30 | 205 | 90
652 | Revision_652/jscript.c | U | 208 | 212 | 5 | 126861 | 31 | 286 | 75
652 | Revision_652/vstring.c | U | 69 | 73 | 5 | 126862 | 31 | 287 | 75
652 | Revision_652/sql.c | U | 412 | 416 | 5 | 126863 | 31 | 288 | 75
652 | Revision_652/jscript.c | U | 236 | 257 | 15 | 126864 | 32 | 289 | 91
652 | Revision_652/sql.c | U | 440 | 461 | 15 | 126865 | 32 | 290 | 91
652 | Revision_652/jscript.c | U | 260 | 269 | 8 | 126866 | 33 | 286 | 100
652 | Revision_652/jscript.c | U | 272 | 281 | 8 | 126867 | 33 | 291 | 100
652 | Revision_652/jscript.c | U | 288 | 295 | 8 | 126868 | 34 | 291 | 100
652 | Revision_652/sql.c | U | 468 | 475 | 8 | 126869 | 34 | 292 | 100
652 | Revision_652/jscript.c | U | 298 | 316 | 17 | 126870 | 35 | 398 | 100
652 | Revision_652/sql.c | U | 478 | 496 | 17 | 126871 | 35 | 296 | 100
652 | Revision_652/jscript.c | U | 322 | 333 | 12 | 126872 | 36 | 295 | 100
652 | Revision_652/sql.c | U | 501 | 512 | 12 | 126873 | 36 | 296 | 100
652 | Revision_652/jscript.c | U | 346 | 443 | 123 | 126874 | 37 | 299 | 76
652 | Revision_652/sql.c | U | 525 | 671 | 123 | 126875 | 37 | 300 | 76
652 | Revision_652/jscript.c | U | 461 | 491 | 17 | 126876 | 38 | 284 | 83
652 | Revision_652/jscript.c | U | 494 | 523 | 17 | 126877 | 38 | 371 | 83
652 | Revision_652/sql.c | U | 757 | 775 | 17 | 126878 | 38 | 400 | 83
652 | Revision_652/jscript.c | U | 526 | 533 | 7 | 126879 | 39 | 301 | 80
652 | Revision_652/jscript.c | U | 536 | 543 | 7 | 126880 | 39 | 302 | 80
652 | Revision_652/sql.c | U | 690 | 697 | 7 | 126881 | 39 | 304 | 80
652 | Revision_652/jscript.c | U | 575 | 610 | 10 | 126882 | 40 | 309 | 70
652 | Revision_652/sql.c | U | 1972 | 2000 | 10 | 126883 | 40 | 314 | 70
652 | Revision_652/jscript.c | U | 637 | 663 | 10 | 126884 | 40 | 315 | 70
652 | Revision_652/sql.c | U | 1083 | 1100 | 10 | 126885 | 40 | 319 | 70
652 | Revision_652/jscript.c | U | 1304 | 1319 | 10 | 126886 | 40 | 281 | 70
652 | Revision_652/sql.c | U | 1589 | 1596 | 10 | 126887 | 40 | 311 | 70
652 | Revision_652/jscript.c | U | 967 | 986 | 10 | 126888 | 40 | 318 | 70
652 | Revision_652/jscript.c | U | 821 | 828 | 10 | 126889 | 40 | 307 | 70
652 | Revision_652/sql.c | U | 1706 | 1732 | 10 | 126890 | 40 | 320 | 70
652 | Revision_652/sql.c | U | 1735 | 1756 | 10 | 126891 | 40 | 324 | 70
652 | Revision_652/jscript.c | U | 686 | 697 | 10 | 126892 | 40 | 312 | 70
652 | Revision_652/sql.c | U | 939 | 959 | 10 | 126893 | 40 | 310 | 70
652 | Revision_652/jscript.c | U | 1064 | 1070 | 10 | 126894 | 40 | 309 | 70
652 | Revision_652/sql.c | U | 1405 | 1411 | 10 | 126895 | 40 | 356 | 70
652 | Revision_652/sql.c | U | 1474 | 1482 | 10 | 126896 | 40 | 396 | 70
652 | Revision_652/sql.c | U | 1774 | 1795 | 10 | 126897 | 40 | 321 | 70
652 | Revision_652/sql.c | U | 1675 | 1703 | 10 | 126898 | 40 | 323 | 70
652 | Revision_652/sql.c | U | 1798 | 1819 | 10 | 126899 | 40 | 322 | 70
652 | Revision_652/sql.c | U | 850 | 861 | 10 | 126900 | 40 | 313 | 70
652 | Revision_652/ruby.c | U | 214 | 218 | 10 | 126901 | 40 | 265 | 70
652 | Revision_652/sql.c | U | 1305 | 1313 | 10 | 126902 | 40 | 397 | 70
652 | Revision_652/sql.c | U | 779 | 791 | 10 | 126903 | 40 | 313 | 70
652 | Revision_652/sql.c | U | 1485 | 1495 | 10 | 126904 | 40 | 397 | 70
652 | Revision_652/sql.c | U | 1822 | 1862 | 10 | 126905 | 40 | 327 | 70
652 | Revision_652/sql.c | U | 1559 | 1598 | 10 | 126906 | 40 | 329 | 70
652 | Revision_652/sql.c | U | 1383 | 1421 | 10 | 126907 | 40 | 328 | 70
652 | Revision_652/jscript.c | U | 964 | 998 | 10 | 126908 | 40 | 340 | 70
652 | Revision_652/jscript.c | U | 819 | 829 | 9 | 126909 | 41 | 307 | 71
652 | Revision_652/sql.c | U | 1116 | 1139 | 9 | 126910 | 41 | 337 | 71
652 | Revision_652/jscript.c | U | 873 | 889 | 6 | 126911 | 42 | 338 | 75
652 | Revision_652/jscript.c | U | 891 | 900 | 6 | 126912 | 42 | 332 | 75
652 | Revision_652/jscript.c | U | 902 | 907 | 6 | 126913 | 42 | 333 | 75
652 | Revision_652/sql.c | U | 1907 | 1911 | 6 | 126914 | 42 | 334 | 75
652 | Revision_652/sql.c | U | 1646 | 1650 | 6 | 126915 | 42 | 335 | 75
652 | Revision_652/jscript.c | U | 988 | 997 | 6 | 126916 | 42 | 399 | 75
652 | Revision_652/jscript.c | U | 975 | 985 | 6 | 126917 | 42 | 336 | 75
652 | Revision_652/options.c | U | 352 | 357 | 6 | 126918 | 42 | 107 | 75
652 | Revision_652/jscript.c | U | 1052 | 1061 | 6 | 126919 | 43 | 360 | 75
652 | Revision_652/options.c | U | 1683 | 1687 | 6 | 126920 | 43 | 223 | 75
652 | Revision_652/jscript.c | U | 1132 | 1158 | 12 | 126921 | 44 | 372 | 72
652 | Revision_652/jscript.c | U | 1160 | 1182 | 12 | 126922 | 44 | 373 | 72
652 | Revision_652/jscript.c | U | 1380 | 1384 | 5 | 126923 | 45 | 342 | 75
652 | Revision_652/sql.c | U | 1092 | 1099 | 5 | 126924 | 45 | 343 | 75
652 | Revision_652/sql.c | U | 1008 | 1014 | 5 | 126925 | 45 | 344 | 75
652 | Revision_652/sql.c | U | 1723 | 1729 | 5 | 126926 | 45 | 345 | 75
652 | Revision_652/sql.c | U | 1694 | 1700 | 5 | 126927 | 45 | 346 | 75
652 | Revision_652/sql.c | U | 1413 | 1418 | 5 | 126928 | 45 | 347 | 75
652 | Revision_652/jscript.c | U | 1474 | 1477 | 8 | 126929 | 46 | 361 | 71
652 | Revision_652/Test/local.c | U | 14 | 20 | 8 | 126930 | 46 | 362 | 71
652 | Revision_652/jscript.c | U | 1487 | 1491 | 5 | 126931 | 47 | 348 | 75
652 | Revision_652/sql.c | U | 2057 | 2061 | 5 | 126932 | 47 | 274 | 75
652 | Revision_652/make.c | U | 185 | 189 | 5 | 126933 | 47 | 273 | 75
652 | Revision_652/keyword.c | U | 185 | 189 | 5 | 126934 | 48 | 85 | 75
652 | Revision_652/readtags.c | U | 452 | 456 | 5 | 126935 | 48 | 87 | 75
652 | Revision_652/options.c | U | 1042 | 1046 | 5 | 126936 | 48 | 86 | 75
652 | Revision_652/lisp.c | U | 91 | 97 | 7 | 126937 | 49 | 89 | 83
652 | Revision_652/lisp.c | U | 112 | 118 | 7 | 126938 | 49 | 90 | 83
652 | Revision_652/make.c | U | 44 | 48 | 5 | 126939 | 50 | 267 | 75
652 | Revision_652/verilog.c | U | 286 | 290 | 5 | 126940 | 50 | 268 | 75
652 | Revision_652/make.c | U | 77 | 87 | 11 | 126941 | 51 | 269 | 77
652 | Revision_652/verilog.c | U | 199 | 212 | 11 | 126942 | 51 | 270 | 77
652 | Revision_652/make.c | U | 97 | 105 | 8 | 126943 | 52 | 271 | 75
652 | Revision_652/verilog.c | U | 187 | 193 | 8 | 126944 | 52 | 272 | 75
652 | Revision_652/options.c | U | 369 | 375 | 6 | 126945 | 53 | 107 | 100
652 | Revision_652/options.c | U | 378 | 384 | 6 | 126946 | 53 | 108 | 100
652 | Revision_652/options.c | U | 543 | 549 | 7 | 126947 | 54 | 112 | 100
652 | Revision_652/options.c | U | 561 | 567 | 7 | 126948 | 54 | 115 | 100
652 | Revision_652/options.c | U | 552 | 558 | 7 | 126949 | 54 | 114 | 100
652 | Revision_652/options.c | U | 570 | 576 | 7 | 126950 | 54 | 113 | 100
652 | Revision_652/options.c | U | 674 | 678 | 5 | 126951 | 55 | 116 | 75
652 | Revision_652/options.c | U | 1221 | 1225 | 5 | 126952 | 55 | 117 | 75
652 | Revision_652/options.c | U | 982 | 986 | 5 | 126953 | 56 | 118 | 75
652 | Revision_652/options.c | U | 1008 | 1012 | 5 | 126954 | 56 | 119 | 75
652 | Revision_652/options.c | U | 1102 | 1106 | 5 | 126955 | 57 | 120 | 100
652 | Revision_652/options.c | U | 1108 | 1112 | 5 | 126956 | 57 | 120 | 100
652 | Revision_652/options.c | U | 1154 | 1166 | 12 | 126957 | 58 | 245 | 100
652 | Revision_652/options.c | U | 1171 | 1183 | 12 | 126958 | 58 | 123 | 100
652 | Revision_652/options.c | U | 1425 | 1442 | 15 | 126959 | 59 | 124 | 91
652 | Revision_652/options.c | U | 1463 | 1480 | 15 | 126960 | 59 | 125 | 91
652 | Revision_652/parse.c | U | 96 | 106 | 11 | 126961 | 60 | 126 | 88
652 | Revision_652/parse.c | U | 109 | 120 | 11 | 126962 | 60 | 127 | 88
652 | Revision_652/parse.c | U | 299 | 303 | 5 | 126963 | 61 | 246 | 75
652 | Revision_652/parse.c | U | 556 | 560 | 5 | 126964 | 61 | 247 | 75
652 | Revision_652/parse.c | U | 575 | 579 | 5 | 126965 | 61 | 248 | 75
652 | Revision_652/pascal.c | U | 134 | 138 | 5 | 126966 | 62 | 128 | 75
652 | Revision_652/perl.c | U | 187 | 191 | 5 | 126967 | 62 | 129 | 75
652 | Revision_652/pascal.c | U | 150 | 154 | 5 | 126968 | 63 | 212 | 75
652 | Revision_652/python.c | U | 448 | 452 | 5 | 126969 | 63 | 370 | 75
652 | Revision_652/pascal.c | U | 176 | 182 | 5 | 126970 | 63 | 130 | 75
652 | Revision_652/pascal.c | U | 184 | 190 | 5 | 126971 | 63 | 131 | 75
652 | Revision_652/perl.c | U | 208 | 214 | 7 | 126972 | 64 | 262 | 83
652 | Revision_652/perl.c | U | 254 | 259 | 7 | 126973 | 64 | 367 | 83
652 | Revision_652/python.c | U | 87 | 100 | 11 | 126974 | 65 | 39 | 77
652 | Revision_652/python.c | U | 130 | 141 | 11 | 126975 | 65 | 14 | 77
652 | Revision_652/readtags.c | U | 106 | 113 | 8 | 126976 | 66 | 149 | 83
652 | Revision_652/routines.c | U | 288 | 295 | 8 | 126977 | 66 | 155 | 83
652 | Revision_652/routines.c | U | 298 | 305 | 8 | 126978 | 66 | 156 | 83
652 | Revision_652/readtags.c | U | 116 | 123 | 8 | 126979 | 66 | 134 | 83
652 | Revision_652/readtags.c | U | 144 | 148 | 5 | 126980 | 67 | 110 | 75
652 | Revision_652/vstring.c | U | 35 | 40 | 5 | 126981 | 67 | 111 | 75
652 | Revision_652/readtags.c | U | 502 | 506 | 5 | 126982 | 68 | 87 | 75
652 | Revision_652/readtags.c | U | 681 | 685 | 5 | 126983 | 68 | 88 | 75
652 | Revision_652/readtags.c | U | 541 | 547 | 6 | 126984 | 69 | 150 | 100
652 | Revision_652/readtags.c | U | 549 | 555 | 6 | 126985 | 69 | 151 | 100
652 | Revision_652/readtags.c | U | 584 | 588 | 6 | 126986 | 70 | 134 | 75
652 | Revision_652/readtags.c | U | 639 | 645 | 6 | 126987 | 70 | 135 | 75
652 | Revision_652/readtags.c | U | 718 | 726 | 8 | 126988 | 71 | 136 | 83
652 | Revision_652/readtags.c | U | 773 | 781 | 8 | 126989 | 71 | 139 | 83
652 | Revision_652/readtags.c | U | 729 | 737 | 8 | 126990 | 71 | 139 | 83
652 | Revision_652/readtags.c | U | 740 | 745 | 6 | 126991 | 72 | 152 | 80
652 | Revision_652/readtags.c | U | 757 | 762 | 6 | 126992 | 72 | 153 | 80
652 | Revision_652/readtags.c | U | 765 | 770 | 6 | 126993 | 72 | 187 | 80
652 | Revision_652/routines.c | U | 237 | 244 | 6 | 126994 | 73 | 157 | 80
652 | Revision_652/routines.c | U | 247 | 254 | 6 | 126995 | 73 | 158 | 80
652 | Revision_652/routines.c | U | 322 | 326 | 5 | 126996 | 74 | 159 | 75
652 | Revision_652/vstring.c | U | 125 | 129 | 5 | 126997 | 74 | 94 | 75
652 | Revision_652/vstring.c | U | 118 | 122 | 5 | 126998 | 74 | 95 | 75
652 | Revision_652/routines.c | U | 329 | 335 | 6 | 126999 | 75 | 160 | 100
652 | Revision_652/routines.c | U | 338 | 344 | 6 | 127000 | 75 | 161 | 100
652 | Revision_652/routines.c | U | 349 | 356 | 8 | 127001 | 76 | 162 | 100
652 | Revision_652/routines.c | U | 361 | 368 | 8 | 127002 | 76 | 163 | 100
652 | Revision_652/routines.c | U | 453 | 459 | 5 | 127003 | 77 | 167 | 75
652 | Revision_652/strlist.c | U | 150 | 154 | 5 | 127004 | 77 | 62 | 75
652 | Revision_652/sql.c | U | 580 | 584 | 5 | 127005 | 77 | 206 | 75
652 | Revision_652/scheme.c | U | 70 | 78 | 8 | 127006 | 78 | 140 | 71
652 | Revision_652/scheme.c | U | 85 | 93 | 8 | 127007 | 78 | 141 | 71
652 | Revision_652/sort.c | U | 118 | 123 | 5 | 127008 | 79 | 182 | 100
652 | Revision_652/sort.c | U | 126 | 131 | 5 | 127009 | 79 | 183 | 100
652 | Revision_652/sql.c | U | 879 | 889 | 8 | 127010 | 80 | 359 | 71
652 | Revision_652/sql.c | U | 1657 | 1666 | 8 | 127011 | 80 | 350 | 71
652 | Revision_652/sql.c | U | 1520 | 1556 | 24 | 127012 | 81 | 351 | 78
652 | Revision_652/sql.c | U | 1926 | 1969 | 24 | 127013 | 81 | 352 | 78
652 | Revision_652/sql.c | U | 1890 | 1915 | 17 | 127014 | 82 | 353 | 84
652 | Revision_652/sql.c | U | 1939 | 1963 | 17 | 127015 | 82 | 354 | 84
652 | Revision_652/strlist.c | U | 32 | 38 | 8 | 127016 | 83 | 142 | 71
652 | Revision_652/vstring.c | U | 77 | 87 | 8 | 127017 | 83 | 143 | 71
652 | Revision_652/strlist.c | U | 191 | 196 | 7 | 127018 | 84 | 146 | 83
652 | Revision_652/strlist.c | U | 200 | 206 | 7 | 127019 | 84 | 264 | 83
652 | Revision_652/verilog.c | U | 142 | 146 | 5 | 127020 | 85 | 259 | 75
652 | Revision_652/verilog.c | U | 238 | 242 | 5 | 127021 | 85 | 260 | 75
652 | Revision_652/vim.c | U | 97 | 101 | 5 | 127022 | 86 | 192 | 100
652 | Revision_652/vim.c | U | 103 | 107 | 5 | 127023 | 86 | 193 | 100
652 | Revision_652/vim.c | U | 244 | 267 | 17 | 127024 | 87 | 224 | 76
652 | Revision_652/vim.c | U | 294 | 312 | 17 | 127025 | 87 | 147 | 76
