Revision | filePath | changeType | StartLine | EndLine | Nlines | cloneId | classId | globalCloneId | Similarity
683 | Revision_683/lisp.c | U | 91 | 97 | 7 | 222924 | 1 | 1 | 83
683 | Revision_683/lisp.c | U | 112 | 118 | 7 | 222925 | 1 | 2 | 83
683 | Revision_683/lisp.c | U | 127 | 137 | 9 | 222926 | 2 | 3 | 70
683 | Revision_683/eiffel.c | U | 1236 | 1245 | 9 | 222927 | 2 | 9 | 70
683 | Revision_683/c.c | U | 2917 | 2926 | 9 | 222928 | 2 | 12 | 70
683 | Revision_683/php.c | U | 91 | 98 | 9 | 222929 | 2 | 501 | 70
683 | Revision_683/c.c | U | 2905 | 2914 | 9 | 222930 | 2 | 15 | 70
683 | Revision_683/tcl.c | U | 106 | 114 | 9 | 222931 | 2 | 18 | 70
683 | Revision_683/verilog.c | U | 329 | 338 | 9 | 222932 | 2 | 283 | 70
683 | Revision_683/c.c | U | 2875 | 2890 | 9 | 222933 | 2 | 8 | 70
683 | Revision_683/c.c | U | 2893 | 2902 | 9 | 222934 | 2 | 315 | 70
683 | Revision_683/beta.c | U | 311 | 319 | 9 | 222935 | 2 | 5 | 70
683 | Revision_683/vhdl.c | U | 825 | 834 | 9 | 222936 | 2 | 539 | 70
683 | Revision_683/pascal.c | U | 257 | 265 | 9 | 222937 | 2 | 14 | 70
683 | Revision_683/ruby.c | U | 398 | 406 | 9 | 222938 | 2 | 19 | 70
683 | Revision_683/sql.c | U | 2065 | 2074 | 9 | 222939 | 2 | 296 | 70
683 | Revision_683/basic.c | U | 193 | 201 | 9 | 222940 | 2 | 408 | 70
683 | Revision_683/sh.c | U | 103 | 113 | 9 | 222941 | 2 | 17 | 70
683 | Revision_683/fortran.c | U | 2180 | 2195 | 9 | 222942 | 2 | 21 | 70
683 | Revision_683/cobol.c | U | 40 | 48 | 9 | 222943 | 2 | 320 | 70
683 | Revision_683/lua.c | U | 123 | 131 | 9 | 222944 | 2 | 243 | 70
683 | Revision_683/c.c | U | 2863 | 2872 | 9 | 222945 | 2 | 330 | 70
683 | Revision_683/sml.c | U | 202 | 210 | 9 | 222946 | 2 | 321 | 70
683 | Revision_683/perl.c | U | 372 | 380 | 9 | 222947 | 2 | 7 | 70
683 | Revision_683/scheme.c | U | 99 | 109 | 9 | 222948 | 2 | 16 | 70
683 | Revision_683/erlang.c | U | 179 | 187 | 9 | 222949 | 2 | 340 | 70
683 | Revision_683/vim.c | U | 626 | 634 | 9 | 222950 | 2 | 20 | 70
683 | Revision_683/awk.c | U | 71 | 79 | 9 | 222951 | 2 | 10 | 70
683 | Revision_683/python.c | U | 648 | 656 | 9 | 222952 | 2 | 13 | 70
683 | Revision_683/asp.c | U | 201 | 209 | 9 | 222953 | 2 | 4 | 70
683 | Revision_683/jscript.c | U | 1558 | 1571 | 9 | 222954 | 2 | 413 | 70
683 | Revision_683/make.c | U | 205 | 215 | 9 | 222955 | 2 | 25 | 70
683 | Revision_683/asm.c | U | 366 | 385 | 9 | 222956 | 2 | 274 | 70
683 | Revision_683/rexx.c | U | 30 | 37 | 9 | 222957 | 2 | 26 | 70
683 | Revision_683/keyword.c | U | 107 | 116 | 9 | 222958 | 2 | 27 | 70
683 | Revision_683/yacc.c | U | 31 | 38 | 9 | 222959 | 2 | 23 | 70
683 | Revision_683/html.c | U | 40 | 47 | 9 | 222960 | 2 | 365 | 70
683 | Revision_683/slang.c | U | 34 | 41 | 9 | 222961 | 2 | 24 | 70
683 | Revision_683/flex.c | U | 2225 | 2238 | 9 | 222962 | 2 | 575 | 70
683 | Revision_683/options.c | U | 626 | 632 | 9 | 222963 | 2 | 29 | 70
683 | Revision_683/gnu_regex/regex.c | U | 2828 | 2833 | 9 | 222964 | 2 | 511 | 70
683 | Revision_683/fortran.c | U | 414 | 426 | 9 | 222965 | 2 | 158 | 70
683 | Revision_683/options.c | U | 533 | 538 | 9 | 222966 | 2 | 30 | 70
683 | Revision_683/c.c | U | 2222 | 2227 | 9 | 222967 | 2 | 28 | 70
683 | Revision_683/c.c | U | 2251 | 2259 | 9 | 222968 | 2 | 31 | 70
683 | Revision_683/eiffel.c | U | 1190 | 1202 | 9 | 222969 | 2 | 157 | 70
683 | Revision_683/sql.c | U | 397 | 409 | 9 | 222970 | 2 | 309 | 70
683 | Revision_683/vhdl.c | U | 342 | 351 | 9 | 222971 | 2 | 540 | 70
683 | Revision_683/jscript.c | U | 192 | 205 | 9 | 222972 | 2 | 414 | 70
683 | Revision_683/flex.c | U | 220 | 234 | 9 | 222973 | 2 | 576 | 70
683 | Revision_683/gnu_regex/regex.c | U | 2826 | 2840 | 9 | 222974 | 2 | 512 | 70
683 | Revision_683/asp.c | U | 71 | 90 | 15 | 222975 | 3 | 33 | 100
683 | Revision_683/asp.c | U | 94 | 113 | 15 | 222976 | 3 | 34 | 100
683 | Revision_683/asp.c | U | 117 | 133 | 14 | 222977 | 4 | 35 | 100
683 | Revision_683/asp.c | U | 137 | 152 | 14 | 222978 | 4 | 36 | 100
683 | Revision_683/asp.c | U | 175 | 190 | 14 | 222979 | 4 | 36 | 100
683 | Revision_683/asp.c | U | 156 | 171 | 14 | 222980 | 4 | 36 | 100
683 | Revision_683/args.c | U | 85 | 92 | 8 | 222981 | 5 | 43 | 100
683 | Revision_683/args.c | U | 160 | 167 | 8 | 222982 | 5 | 44 | 100
683 | Revision_683/args.c | U | 182 | 190 | 9 | 222983 | 6 | 45 | 75
683 | Revision_683/args.c | U | 193 | 200 | 9 | 222984 | 6 | 46 | 75
683 | Revision_683/args.c | U | 203 | 211 | 9 | 222985 | 6 | 47 | 75
683 | Revision_683/args.c | U | 266 | 272 | 7 | 222986 | 7 | 48 | 83
683 | Revision_683/options.c | U | 579 | 584 | 7 | 222987 | 7 | 49 | 83
683 | Revision_683/c.c | U | 536 | 542 | 7 | 222988 | 8 | 51 | 70
683 | Revision_683/vstring.c | U | 67 | 74 | 7 | 222989 | 8 | 52 | 70
683 | Revision_683/sql.c | U | 412 | 416 | 7 | 222990 | 8 | 416 | 70
683 | Revision_683/fortran.c | U | 888 | 892 | 7 | 222991 | 8 | 50 | 70
683 | Revision_683/vhdl.c | U | 354 | 361 | 7 | 222992 | 8 | 541 | 70
683 | Revision_683/jscript.c | U | 208 | 212 | 7 | 222993 | 8 | 415 | 70
683 | Revision_683/flex.c | U | 237 | 241 | 7 | 222994 | 8 | 577 | 70
683 | Revision_683/fortran.c | U | 440 | 445 | 7 | 222995 | 8 | 363 | 70
683 | Revision_683/eiffel.c | U | 1205 | 1211 | 7 | 222996 | 8 | 362 | 70
683 | Revision_683/vstring.c | U | 69 | 73 | 7 | 222997 | 8 | 52 | 70
683 | Revision_683/vhdl.c | U | 611 | 615 | 7 | 222998 | 8 | 542 | 70
683 | Revision_683/flex.c | U | 1268 | 1277 | 7 | 222999 | 8 | 578 | 70
683 | Revision_683/fortran.c | U | 1060 | 1064 | 7 | 223000 | 8 | 312 | 70
683 | Revision_683/vhdl.c | U | 356 | 360 | 7 | 223001 | 8 | 541 | 70
683 | Revision_683/jscript.c | U | 1007 | 1016 | 7 | 223002 | 8 | 463 | 70
683 | Revision_683/vhdl.c | U | 620 | 624 | 7 | 223003 | 8 | 543 | 70
683 | Revision_683/fortran.c | U | 438 | 446 | 7 | 223004 | 8 | 363 | 70
683 | Revision_683/options.c | U | 674 | 678 | 7 | 223005 | 8 | 127 | 70
683 | Revision_683/vhdl.c | U | 731 | 736 | 7 | 223006 | 8 | 539 | 70
683 | Revision_683/vhdl.c | U | 750 | 755 | 7 | 223007 | 8 | 560 | 70
683 | Revision_683/c.c | U | 2193 | 2197 | 7 | 223008 | 8 | 125 | 70
683 | Revision_683/sql.c | U | 1636 | 1640 | 7 | 223009 | 8 | 454 | 70
683 | Revision_683/sql.c | U | 1897 | 1901 | 7 | 223010 | 8 | 455 | 70
683 | Revision_683/flex.c | U | 1255 | 1265 | 7 | 223011 | 8 | 579 | 70
683 | Revision_683/jscript.c | U | 994 | 1004 | 7 | 223012 | 8 | 479 | 70
683 | Revision_683/options.c | U | 1221 | 1225 | 7 | 223013 | 8 | 129 | 70
683 | Revision_683/eiffel.c | U | 648 | 652 | 7 | 223014 | 8 | 250 | 70
683 | Revision_683/sql.c | U | 560 | 564 | 7 | 223015 | 8 | 300 | 70
683 | Revision_683/vhdl.c | U | 457 | 461 | 7 | 223016 | 8 | 544 | 70
683 | Revision_683/strlist.c | U | 150 | 154 | 7 | 223017 | 8 | 126 | 70
683 | Revision_683/c.c | U | 2487 | 2494 | 7 | 223018 | 8 | 94 | 70
683 | Revision_683/jscript.c | U | 909 | 918 | 7 | 223019 | 8 | 456 | 70
683 | Revision_683/eiffel.c | U | 421 | 426 | 7 | 223020 | 8 | 119 | 70
683 | Revision_683/fortran.c | U | 813 | 818 | 7 | 223021 | 8 | 116 | 70
683 | Revision_683/options.c | U | 352 | 357 | 7 | 223022 | 8 | 224 | 70
683 | Revision_683/eiffel.c | U | 661 | 665 | 7 | 223023 | 8 | 249 | 70
683 | Revision_683/routines.c | U | 453 | 459 | 7 | 223024 | 8 | 266 | 70
683 | Revision_683/fortran.c | U | 990 | 994 | 7 | 223025 | 8 | 128 | 70
683 | Revision_683/jscript.c | U | 891 | 907 | 7 | 223026 | 8 | 480 | 70
683 | Revision_683/jscript.c | U | 920 | 925 | 7 | 223027 | 8 | 457 | 70
683 | Revision_683/eiffel.c | U | 413 | 419 | 7 | 223028 | 8 | 119 | 70
683 | Revision_683/fortran.c | U | 805 | 811 | 7 | 223029 | 8 | 50 | 70
683 | Revision_683/c.c | U | 2146 | 2150 | 7 | 223030 | 8 | 80 | 70
683 | Revision_683/c.c | U | 790 | 794 | 7 | 223031 | 8 | 76 | 70
683 | Revision_683/readtags.c | U | 144 | 148 | 7 | 223032 | 8 | 87 | 70
683 | Revision_683/fortran.c | U | 1899 | 1903 | 7 | 223033 | 8 | 79 | 70
683 | Revision_683/jscript.c | U | 1423 | 1427 | 7 | 223034 | 8 | 417 | 70
683 | Revision_683/sql.c | U | 998 | 1004 | 7 | 223035 | 8 | 419 | 70
683 | Revision_683/sql.c | U | 1082 | 1089 | 7 | 223036 | 8 | 418 | 70
683 | Revision_683/flex.c | U | 1841 | 1845 | 7 | 223037 | 8 | 580 | 70
683 | Revision_683/c.c | U | 2212 | 2219 | 7 | 223038 | 8 | 244 | 70
683 | Revision_683/fortran.c | U | 1707 | 1711 | 7 | 223039 | 8 | 373 | 70
683 | Revision_683/vstring.c | U | 35 | 40 | 7 | 223040 | 8 | 98 | 70
683 | Revision_683/c.c | U | 1781 | 1785 | 7 | 223041 | 8 | 121 | 70
683 | Revision_683/c.c | U | 1790 | 1794 | 7 | 223042 | 8 | 331 | 70
683 | Revision_683/flex.c | U | 1328 | 1338 | 7 | 223043 | 8 | 581 | 70
683 | Revision_683/eiffel.c | U | 1002 | 1006 | 7 | 223044 | 8 | 269 | 70
683 | Revision_683/eiffel.c | U | 864 | 868 | 7 | 223045 | 8 | 269 | 70
683 | Revision_683/fortran.c | U | 1326 | 1330 | 7 | 223046 | 8 | 85 | 70
683 | Revision_683/eiffel.c | U | 951 | 955 | 7 | 223047 | 8 | 269 | 70
683 | Revision_683/sql.c | U | 1403 | 1408 | 7 | 223048 | 8 | 422 | 70
683 | Revision_683/eiffel.c | U | 839 | 844 | 7 | 223049 | 8 | 151 | 70
683 | Revision_683/sql.c | U | 1684 | 1690 | 7 | 223050 | 8 | 420 | 70
683 | Revision_683/sql.c | U | 1713 | 1719 | 7 | 223051 | 8 | 421 | 70
683 | Revision_683/fortran.c | U | 1528 | 1533 | 7 | 223052 | 8 | 79 | 70
683 | Revision_683/jscript.c | U | 696 | 707 | 7 | 223053 | 8 | 426 | 70
683 | Revision_683/fortran.c | U | 1323 | 1331 | 7 | 223054 | 8 | 84 | 70
683 | Revision_683/sql.c | U | 1395 | 1401 | 7 | 223055 | 8 | 492 | 70
683 | Revision_683/sql.c | U | 929 | 949 | 7 | 223056 | 8 | 423 | 70
683 | Revision_683/flex.c | U | 1954 | 1960 | 7 | 223057 | 8 | 582 | 70
683 | Revision_683/ruby.c | U | 214 | 218 | 7 | 223058 | 8 | 392 | 70
683 | Revision_683/flex.c | U | 946 | 957 | 7 | 223059 | 8 | 586 | 70
683 | Revision_683/vhdl.c | U | 705 | 716 | 7 | 223060 | 8 | 545 | 70
683 | Revision_683/flex.c | U | 2109 | 2115 | 7 | 223061 | 8 | 585 | 70
683 | Revision_683/flex.c | U | 2003 | 2011 | 7 | 223062 | 8 | 584 | 70
683 | Revision_683/flex.c | U | 2137 | 2144 | 7 | 223063 | 8 | 583 | 70
683 | Revision_683/c.c | U | 2781 | 2786 | 7 | 223064 | 8 | 94 | 70
683 | Revision_683/sql.c | U | 1295 | 1303 | 7 | 223065 | 8 | 462 | 70
683 | Revision_683/eiffel.c | U | 1021 | 1025 | 7 | 223066 | 8 | 151 | 70
683 | Revision_683/jscript.c | U | 1084 | 1090 | 7 | 223067 | 8 | 417 | 70
683 | Revision_683/fortran.c | U | 1194 | 1198 | 7 | 223068 | 8 | 85 | 70
683 | Revision_683/fortran.c | U | 1535 | 1540 | 7 | 223069 | 8 | 79 | 70
683 | Revision_683/readtags.c | U | 452 | 456 | 7 | 223070 | 8 | 90 | 70
683 | Revision_683/options.c | U | 1042 | 1046 | 7 | 223071 | 8 | 89 | 70
683 | Revision_683/keyword.c | U | 185 | 189 | 7 | 223072 | 8 | 91 | 70
683 | Revision_683/sql.c | U | 836 | 850 | 7 | 223073 | 8 | 423 | 70
683 | Revision_683/flex.c | U | 2107 | 2116 | 7 | 223074 | 8 | 585 | 70
683 | Revision_683/sql.c | U | 1464 | 1472 | 7 | 223075 | 8 | 462 | 70
683 | Revision_683/jscript.c | U | 839 | 846 | 7 | 223076 | 8 | 427 | 70
683 | Revision_683/flex.c | U | 2128 | 2134 | 7 | 223077 | 8 | 588 | 70
683 | Revision_683/sql.c | U | 759 | 771 | 7 | 223078 | 8 | 493 | 70
683 | Revision_683/vim.c | U | 400 | 408 | 7 | 223079 | 8 | 500 | 70
683 | Revision_683/eiffel.c | U | 1057 | 1066 | 7 | 223080 | 8 | 101 | 70
683 | Revision_683/flex.c | U | 2181 | 2188 | 7 | 223081 | 8 | 587 | 70
683 | Revision_683/sql.c | U | 1475 | 1485 | 7 | 223082 | 8 | 462 | 70
683 | Revision_683/flex.c | U | 2178 | 2189 | 7 | 223083 | 8 | 587 | 70
683 | Revision_683/eiffel.c | U | 1054 | 1067 | 7 | 223084 | 8 | 156 | 70
683 | Revision_683/flex.c | U | 2098 | 2117 | 7 | 223085 | 8 | 589 | 70
683 | Revision_683/jscript.c | U | 1324 | 1339 | 7 | 223086 | 8 | 413 | 70
683 | Revision_683/sql.c | U | 1579 | 1586 | 7 | 223087 | 8 | 430 | 70
683 | Revision_683/vhdl.c | U | 635 | 640 | 7 | 223088 | 8 | 542 | 70
683 | Revision_683/flex.c | U | 1742 | 1757 | 7 | 223089 | 8 | 590 | 70
683 | Revision_683/ruby.c | U | 195 | 200 | 7 | 223090 | 8 | 591 | 70
683 | Revision_683/c.c | U | 2069 | 2075 | 7 | 223091 | 8 | 12 | 70
683 | Revision_683/get.c | U | 594 | 598 | 7 | 223092 | 8 | 122 | 70
683 | Revision_683/c.c | U | 2172 | 2179 | 7 | 223093 | 8 | 28 | 70
683 | Revision_683/fortran.c | U | 1473 | 1482 | 7 | 223094 | 8 | 65 | 70
683 | Revision_683/fortran.c | U | 1434 | 1442 | 7 | 223095 | 8 | 314 | 70
683 | Revision_683/flex.c | U | 835 | 870 | 7 | 223096 | 8 | 593 | 70
683 | Revision_683/flex.c | U | 2119 | 2135 | 7 | 223097 | 8 | 592 | 70
683 | Revision_683/sql.c | U | 834 | 851 | 7 | 223098 | 8 | 423 | 70
683 | Revision_683/jscript.c | U | 585 | 620 | 7 | 223099 | 8 | 429 | 70
683 | Revision_683/flex.c | U | 897 | 923 | 7 | 223100 | 8 | 594 | 70
683 | Revision_683/flex.c | U | 1939 | 1964 | 7 | 223101 | 8 | 595 | 70
683 | Revision_683/sql.c | U | 1962 | 1990 | 7 | 223102 | 8 | 431 | 70
683 | Revision_683/fortran.c | U | 1401 | 1409 | 7 | 223103 | 8 | 59 | 70
683 | Revision_683/vhdl.c | U | 656 | 668 | 7 | 223104 | 8 | 546 | 70
683 | Revision_683/c.c | U | 1992 | 1996 | 7 | 223105 | 8 | 121 | 70
683 | Revision_683/readtags.c | U | 363 | 367 | 7 | 223106 | 8 | 529 | 70
683 | Revision_683/jscript.c | U | 647 | 673 | 7 | 223107 | 8 | 432 | 70
683 | Revision_683/sql.c | U | 1073 | 1090 | 7 | 223108 | 8 | 435 | 70
683 | Revision_683/flex.c | U | 1951 | 1961 | 7 | 223109 | 8 | 582 | 70
683 | Revision_683/fortran.c | U | 1696 | 1705 | 7 | 223110 | 8 | 221 | 70
683 | Revision_683/flex.c | U | 1247 | 1266 | 7 | 223111 | 8 | 596 | 70
683 | Revision_683/flex.c | U | 1948 | 1962 | 7 | 223112 | 8 | 582 | 70
683 | Revision_683/jscript.c | U | 986 | 1005 | 7 | 223113 | 8 | 438 | 70
683 | Revision_683/eiffel.c | U | 1051 | 1068 | 7 | 223114 | 8 | 156 | 70
683 | Revision_683/jscript.c | U | 675 | 708 | 7 | 223115 | 8 | 597 | 70
683 | Revision_683/jscript.c | U | 837 | 847 | 7 | 223116 | 8 | 427 | 70
683 | Revision_683/sql.c | U | 1106 | 1129 | 7 | 223117 | 8 | 437 | 70
683 | Revision_683/vhdl.c | U | 617 | 625 | 7 | 223118 | 8 | 542 | 70
683 | Revision_683/jscript.c | U | 567 | 581 | 7 | 223119 | 8 | 428 | 70
683 | Revision_683/flex.c | U | 817 | 831 | 7 | 223120 | 8 | 598 | 70
683 | Revision_683/vhdl.c | U | 728 | 741 | 7 | 223121 | 8 | 539 | 70
683 | Revision_683/vhdl.c | U | 747 | 760 | 7 | 223122 | 8 | 560 | 70
683 | Revision_683/fortran.c | U | 729 | 733 | 7 | 223123 | 8 | 144 | 70
683 | Revision_683/fortran.c | U | 620 | 624 | 7 | 223124 | 8 | 112 | 70
683 | Revision_683/fortran.c | U | 1520 | 1526 | 7 | 223125 | 8 | 65 | 70
683 | Revision_683/sql.c | U | 1725 | 1746 | 7 | 223126 | 8 | 440 | 70
683 | Revision_683/sql.c | U | 1696 | 1722 | 7 | 223127 | 8 | 439 | 70
683 | Revision_683/vhdl.c | U | 586 | 600 | 7 | 223128 | 8 | 547 | 70
683 | Revision_683/sql.c | U | 1532 | 1542 | 7 | 223129 | 8 | 462 | 70
683 | Revision_683/eiffel.c | U | 857 | 869 | 7 | 223130 | 8 | 156 | 70
683 | Revision_683/fortran.c | U | 1067 | 1073 | 7 | 223131 | 8 | 350 | 70
683 | Revision_683/fortran.c | U | 1741 | 1747 | 7 | 223132 | 8 | 314 | 70
683 | Revision_683/flex.c | U | 1179 | 1207 | 7 | 223133 | 8 | 599 | 70
683 | Revision_683/perl.c | U | 187 | 191 | 7 | 223134 | 8 | 163 | 70
683 | Revision_683/pascal.c | U | 134 | 138 | 7 | 223135 | 8 | 164 | 70
683 | Revision_683/sql.c | U | 1665 | 1693 | 7 | 223136 | 8 | 441 | 70
683 | Revision_683/sql.c | U | 1788 | 1809 | 7 | 223137 | 8 | 442 | 70
683 | Revision_683/sql.c | U | 1764 | 1785 | 7 | 223138 | 8 | 443 | 70
683 | Revision_683/vhdl.c | U | 673 | 687 | 7 | 223139 | 8 | 545 | 70
683 | Revision_683/sql.c | U | 1812 | 1852 | 7 | 223140 | 8 | 445 | 70
683 | Revision_683/vhdl.c | U | 647 | 670 | 7 | 223141 | 8 | 569 | 70
683 | Revision_683/sql.c | U | 1549 | 1588 | 7 | 223142 | 8 | 448 | 70
683 | Revision_683/sql.c | U | 1373 | 1411 | 7 | 223143 | 8 | 447 | 70
683 | Revision_683/jscript.c | U | 983 | 1017 | 7 | 223144 | 8 | 482 | 70
683 | Revision_683/flex.c | U | 1244 | 1278 | 7 | 223145 | 8 | 600 | 70
683 | Revision_683/c.c | U | 545 | 552 | 6 | 223146 | 9 | 53 | 80
683 | Revision_683/c.c | U | 555 | 562 | 6 | 223147 | 9 | 54 | 80
683 | Revision_683/c.c | U | 664 | 680 | 19 | 223148 | 10 | 55 | 70
683 | Revision_683/fortran.c | U | 1095 | 1115 | 19 | 223149 | 10 | 58 | 70
683 | Revision_683/c.c | U | 1245 | 1259 | 19 | 223150 | 10 | 56 | 70
683 | Revision_683/c.c | U | 1168 | 1186 | 19 | 223151 | 10 | 60 | 70
683 | Revision_683/fortran.c | U | 1118 | 1133 | 19 | 223152 | 10 | 375 | 70
683 | Revision_683/fortran.c | U | 1854 | 1870 | 19 | 223153 | 10 | 59 | 70
683 | Revision_683/c.c | U | 683 | 699 | 19 | 223154 | 10 | 57 | 70
683 | Revision_683/flex.c | U | 1891 | 1914 | 19 | 223155 | 10 | 601 | 70
683 | Revision_683/jscript.c | U | 1473 | 1496 | 19 | 223156 | 10 | 463 | 70
683 | Revision_683/fortran.c | U | 1771 | 1799 | 19 | 223157 | 10 | 366 | 70
683 | Revision_683/c.c | U | 686 | 697 | 19 | 223158 | 10 | 63 | 70
683 | Revision_683/fortran.c | U | 1098 | 1113 | 19 | 223159 | 10 | 58 | 70
683 | Revision_683/c.c | U | 1171 | 1184 | 19 | 223160 | 10 | 57 | 70
683 | Revision_683/Test/local.c | U | 9 | 22 | 19 | 223161 | 10 | 384 | 70
683 | Revision_683/eiffel.c | U | 1101 | 1125 | 19 | 223162 | 10 | 307 | 70
683 | Revision_683/get.c | U | 406 | 413 | 19 | 223163 | 10 | 602 | 70
683 | Revision_683/fortran.c | U | 1254 | 1275 | 19 | 223164 | 10 | 369 | 70
683 | Revision_683/fortran.c | U | 1251 | 1276 | 19 | 223165 | 10 | 369 | 70
683 | Revision_683/fortran.c | U | 1571 | 1608 | 19 | 223166 | 10 | 367 | 70
683 | Revision_683/fortran.c | U | 1857 | 1868 | 19 | 223167 | 10 | 65 | 70
683 | Revision_683/sql.c | U | 966 | 990 | 19 | 223168 | 10 | 308 | 70
683 | Revision_683/eiffel.c | U | 1174 | 1186 | 19 | 223169 | 10 | 157 | 70
683 | Revision_683/fortran.c | U | 1774 | 1797 | 19 | 223170 | 10 | 366 | 70
683 | Revision_683/eiffel.c | U | 1180 | 1185 | 19 | 223171 | 10 | 362 | 70
683 | Revision_683/c.c | U | 717 | 739 | 21 | 223172 | 11 | 72 | 70
683 | Revision_683/fortran.c | U | 1285 | 1295 | 21 | 223173 | 11 | 337 | 70
683 | Revision_683/c.c | U | 749 | 755 | 8 | 223174 | 12 | 74 | 71
683 | Revision_683/options.c | U | 472 | 479 | 8 | 223175 | 12 | 75 | 71
683 | Revision_683/c.c | U | 800 | 821 | 44 | 223176 | 13 | 103 | 72
683 | Revision_683/c.c | U | 865 | 885 | 44 | 223177 | 13 | 316 | 72
683 | Revision_683/c.c | U | 932 | 951 | 44 | 223178 | 13 | 103 | 72
683 | Revision_683/c.c | U | 824 | 844 | 44 | 223179 | 13 | 332 | 72
683 | Revision_683/c.c | U | 847 | 863 | 44 | 223180 | 13 | 316 | 72
683 | Revision_683/c.c | U | 888 | 899 | 12 | 223181 | 14 | 317 | 90
683 | Revision_683/c.c | U | 902 | 913 | 12 | 223182 | 14 | 318 | 90
683 | Revision_683/c.c | U | 1053 | 1058 | 6 | 223183 | 15 | 407 | 80
683 | Revision_683/jscript.c | U | 1299 | 1304 | 6 | 223184 | 15 | 417 | 80
683 | Revision_683/flex.c | U | 1720 | 1725 | 6 | 223185 | 15 | 603 | 80
683 | Revision_683/c.c | U | 1308 | 1314 | 7 | 223186 | 16 | 385 | 71
683 | Revision_683/make.c | U | 63 | 69 | 7 | 223187 | 16 | 394 | 71
683 | Revision_683/fortran.c | U | 502 | 510 | 7 | 223188 | 16 | 112 | 71
683 | Revision_683/make.c | U | 53 | 60 | 7 | 223189 | 16 | 395 | 71
683 | Revision_683/c.c | U | 1381 | 1388 | 7 | 223190 | 17 | 108 | 80
683 | Revision_683/c.c | U | 1390 | 1397 | 7 | 223191 | 17 | 109 | 80
683 | Revision_683/c.c | U | 1411 | 1418 | 7 | 223192 | 18 | 110 | 71
683 | Revision_683/c.c | U | 1421 | 1428 | 7 | 223193 | 18 | 111 | 71
683 | Revision_683/fortran.c | U | 626 | 632 | 7 | 223194 | 18 | 112 | 71
683 | Revision_683/c.c | U | 2184 | 2191 | 7 | 223195 | 18 | 405 | 71
683 | Revision_683/flex.c | U | 485 | 492 | 7 | 223196 | 18 | 604 | 71
683 | Revision_683/jscript.c | U | 418 | 425 | 7 | 223197 | 18 | 450 | 71
683 | Revision_683/sql.c | U | 610 | 617 | 7 | 223198 | 18 | 406 | 71
683 | Revision_683/c.c | U | 1459 | 1464 | 6 | 223199 | 19 | 386 | 80
683 | Revision_683/c.c | U | 1802 | 1807 | 6 | 223200 | 19 | 80 | 80
683 | Revision_683/c.c | U | 1485 | 1494 | 9 | 223201 | 20 | 294 | 71
683 | Revision_683/eiffel.c | U | 555 | 563 | 9 | 223202 | 20 | 295 | 71
683 | Revision_683/c.c | U | 1488 | 1492 | 5 | 223203 | 21 | 294 | 75
683 | Revision_683/jscript.c | U | 1341 | 1358 | 5 | 223204 | 21 | 571 | 75
683 | Revision_683/flex.c | U | 1759 | 1776 | 5 | 223205 | 21 | 605 | 75
683 | Revision_683/readtags.c | U | 502 | 506 | 5 | 223206 | 21 | 90 | 75
683 | Revision_683/readtags.c | U | 681 | 685 | 5 | 223207 | 21 | 99 | 75
683 | Revision_683/c.c | U | 1502 | 1515 | 10 | 223208 | 22 | 396 | 75
683 | Revision_683/make.c | U | 77 | 87 | 10 | 223209 | 22 | 397 | 75
683 | Revision_683/fortran.c | U | 854 | 865 | 10 | 223210 | 22 | 116 | 75
683 | Revision_683/verilog.c | U | 199 | 212 | 10 | 223211 | 22 | 398 | 75
683 | Revision_683/jscript.c | U | 342 | 353 | 10 | 223212 | 22 | 451 | 75
683 | Revision_683/flex.c | U | 405 | 416 | 10 | 223213 | 22 | 606 | 75
683 | Revision_683/vhdl.c | U | 391 | 402 | 10 | 223214 | 22 | 548 | 75
683 | Revision_683/eiffel.c | U | 573 | 585 | 10 | 223215 | 22 | 114 | 75
683 | Revision_683/eiffel.c | U | 588 | 600 | 10 | 223216 | 22 | 117 | 75
683 | Revision_683/sql.c | U | 491 | 502 | 10 | 223217 | 22 | 306 | 75
683 | Revision_683/c.c | U | 1619 | 1625 | 8 | 223218 | 23 | 452 | 75
683 | Revision_683/jscript.c | U | 456 | 464 | 8 | 223219 | 23 | 453 | 75
683 | Revision_683/flex.c | U | 705 | 714 | 8 | 223220 | 23 | 607 | 75
683 | Revision_683/c.c | U | 2500 | 2504 | 5 | 223221 | 24 | 387 | 100
683 | Revision_683/c.c | U | 2507 | 2511 | 5 | 223222 | 24 | 94 | 100
683 | Revision_683/c.c | U | 2730 | 2735 | 6 | 223223 | 25 | 94 | 80
683 | Revision_683/sql.c | U | 1093 | 1098 | 6 | 223224 | 25 | 301 | 80
683 | Revision_683/c.c | U | 2821 | 2830 | 9 | 223225 | 26 | 130 | 71
683 | Revision_683/flex.c | U | 208 | 217 | 9 | 223226 | 26 | 608 | 71
683 | Revision_683/eiffel.c | U | 214 | 223 | 9 | 223227 | 26 | 131 | 71
683 | Revision_683/vhdl.c | U | 573 | 583 | 9 | 223228 | 26 | 549 | 71
683 | Revision_683/fortran.c | U | 398 | 407 | 9 | 223229 | 26 | 132 | 71
683 | Revision_683/jscript.c | U | 180 | 189 | 9 | 223230 | 26 | 458 | 71
683 | Revision_683/verilog.c | U | 108 | 118 | 9 | 223231 | 26 | 381 | 71
683 | Revision_683/sql.c | U | 385 | 394 | 9 | 223232 | 26 | 302 | 71
683 | Revision_683/asm.c | U | 120 | 128 | 9 | 223233 | 26 | 288 | 71
683 | Revision_683/eiffel.c | U | 298 | 312 | 10 | 223234 | 27 | 133 | 70
683 | Revision_683/flex.c | U | 248 | 262 | 10 | 223235 | 27 | 609 | 70
683 | Revision_683/vhdl.c | U | 536 | 548 | 10 | 223236 | 27 | 550 | 70
683 | Revision_683/beta.c | U | 71 | 80 | 10 | 223237 | 27 | 134 | 70
683 | Revision_683/sql.c | U | 423 | 437 | 10 | 223238 | 27 | 303 | 70
683 | Revision_683/jscript.c | U | 219 | 233 | 10 | 223239 | 27 | 459 | 70
683 | Revision_683/sml.c | U | 75 | 81 | 10 | 223240 | 27 | 324 | 70
683 | Revision_683/parse.c | U | 43 | 54 | 10 | 223241 | 27 | 135 | 70
683 | Revision_683/eiffel.c | U | 300 | 310 | 10 | 223242 | 27 | 136 | 70
683 | Revision_683/eiffel.c | U | 381 | 402 | 20 | 223243 | 28 | 139 | 70
683 | Revision_683/fortran.c | U | 768 | 794 | 20 | 223244 | 28 | 140 | 70
683 | Revision_683/eiffel.c | U | 405 | 433 | 24 | 223245 | 29 | 141 | 95
683 | Revision_683/fortran.c | U | 797 | 825 | 24 | 223246 | 29 | 505 | 95
683 | Revision_683/eiffel.c | U | 546 | 550 | 5 | 223247 | 30 | 143 | 75
683 | Revision_683/fortran.c | U | 786 | 790 | 5 | 223248 | 30 | 145 | 75
683 | Revision_683/fortran.c | U | 969 | 973 | 5 | 223249 | 30 | 144 | 75
683 | Revision_683/verilog.c | U | 142 | 146 | 5 | 223250 | 30 | 383 | 75
683 | Revision_683/verilog.c | U | 238 | 242 | 5 | 223251 | 30 | 382 | 75
683 | Revision_683/eiffel.c | U | 708 | 716 | 9 | 223252 | 31 | 148 | 77
683 | Revision_683/flex.c | U | 690 | 699 | 9 | 223253 | 31 | 610 | 77
683 | Revision_683/vhdl.c | U | 467 | 476 | 9 | 223254 | 31 | 553 | 77
683 | Revision_683/jscript.c | U | 441 | 450 | 9 | 223255 | 31 | 461 | 77
683 | Revision_683/eiffel.c | U | 718 | 723 | 6 | 223256 | 32 | 506 | 100
683 | Revision_683/fortran.c | U | 1027 | 1032 | 6 | 223257 | 32 | 312 | 100
683 | Revision_683/eiffel.c | U | 762 | 809 | 13 | 223258 | 33 | 349 | 72
683 | Revision_683/fortran.c | U | 1081 | 1092 | 13 | 223259 | 33 | 350 | 72
683 | Revision_683/eiffel.c | U | 827 | 845 | 12 | 223260 | 34 | 251 | 72
683 | Revision_683/fortran.c | U | 1363 | 1376 | 12 | 223261 | 34 | 336 | 72
683 | Revision_683/eiffel.c | U | 849 | 870 | 12 | 223262 | 34 | 252 | 72
683 | Revision_683/eiffel.c | U | 996 | 1009 | 12 | 223263 | 34 | 253 | 72
683 | Revision_683/fortran.c | U | 1617 | 1625 | 12 | 223264 | 34 | 337 | 72
683 | Revision_683/eiffel.c | U | 986 | 994 | 8 | 223265 | 35 | 496 | 83
683 | Revision_683/sql.c | U | 1213 | 1236 | 8 | 223266 | 35 | 535 | 83
683 | Revision_683/basic.c | U | 135 | 140 | 6 | 223267 | 36 | 411 | 80
683 | Revision_683/basic.c | U | 147 | 152 | 6 | 223268 | 36 | 412 | 80
683 | Revision_683/verilog.c | U | 187 | 193 | 8 | 223269 | 37 | 399 | 75
683 | Revision_683/make.c | U | 97 | 105 | 8 | 223270 | 37 | 400 | 75
683 | Revision_683/verilog.c | U | 286 | 290 | 5 | 223271 | 38 | 401 | 75
683 | Revision_683/make.c | U | 44 | 48 | 5 | 223272 | 38 | 402 | 75
683 | Revision_683/jscript.c | U | 236 | 257 | 15 | 223273 | 39 | 467 | 75
683 | Revision_683/sql.c | U | 440 | 461 | 15 | 223274 | 39 | 468 | 75
683 | Revision_683/flex.c | U | 265 | 297 | 15 | 223275 | 39 | 611 | 75
683 | Revision_683/vhdl.c | U | 551 | 570 | 15 | 223276 | 39 | 554 | 75
683 | Revision_683/flex.c | U | 269 | 296 | 15 | 223277 | 39 | 611 | 75
683 | Revision_683/jscript.c | U | 260 | 284 | 19 | 223278 | 40 | 572 | 73
683 | Revision_683/flex.c | U | 327 | 347 | 19 | 223279 | 40 | 612 | 73
683 | Revision_683/flex.c | U | 1808 | 1848 | 19 | 223280 | 40 | 614 | 73
683 | Revision_683/jscript.c | U | 1390 | 1430 | 19 | 223281 | 40 | 573 | 73
683 | Revision_683/flex.c | U | 350 | 374 | 19 | 223282 | 40 | 613 | 73
683 | Revision_683/jscript.c | U | 287 | 311 | 19 | 223283 | 40 | 534 | 73
683 | Revision_683/flex.c | U | 300 | 324 | 19 | 223284 | 40 | 615 | 73
683 | Revision_683/jscript.c | U | 318 | 336 | 17 | 223285 | 41 | 534 | 100
683 | Revision_683/sql.c | U | 468 | 486 | 17 | 223286 | 41 | 306 | 100
683 | Revision_683/vhdl.c | U | 368 | 386 | 17 | 223287 | 41 | 555 | 100
683 | Revision_683/flex.c | U | 381 | 399 | 17 | 223288 | 41 | 616 | 100
683 | Revision_683/jscript.c | U | 356 | 453 | 123 | 223289 | 42 | 472 | 76
683 | Revision_683/sql.c | U | 505 | 651 | 123 | 223290 | 42 | 473 | 76
683 | Revision_683/jscript.c | U | 365 | 369 | 6 | 223291 | 43 | 471 | 71
683 | Revision_683/vhdl.c | U | 414 | 418 | 6 | 223292 | 43 | 556 | 71
683 | Revision_683/flex.c | U | 501 | 505 | 6 | 223293 | 43 | 617 | 71
683 | Revision_683/flex.c | U | 612 | 616 | 6 | 223294 | 43 | 619 | 71
683 | Revision_683/flex.c | U | 428 | 432 | 6 | 223295 | 43 | 618 | 71
683 | Revision_683/flex.c | U | 660 | 664 | 6 | 223296 | 43 | 620 | 71
683 | Revision_683/sql.c | U | 514 | 527 | 6 | 223297 | 43 | 380 | 71
683 | Revision_683/flex.c | U | 474 | 479 | 6 | 223298 | 43 | 621 | 71
683 | Revision_683/flex.c | U | 610 | 617 | 6 | 223299 | 43 | 617 | 71
683 | Revision_683/flex.c | U | 521 | 527 | 6 | 223300 | 43 | 622 | 71
683 | Revision_683/flex.c | U | 658 | 665 | 6 | 223301 | 43 | 619 | 71
683 | Revision_683/flex.c | U | 547 | 554 | 6 | 223302 | 43 | 623 | 71
683 | Revision_683/flex.c | U | 625 | 631 | 6 | 223303 | 43 | 624 | 71
683 | Revision_683/flex.c | U | 649 | 656 | 6 | 223304 | 43 | 625 | 71
683 | Revision_683/flex.c | U | 636 | 642 | 6 | 223305 | 43 | 626 | 71
683 | Revision_683/flex.c | U | 588 | 594 | 6 | 223306 | 43 | 627 | 71
683 | Revision_683/flex.c | U | 601 | 608 | 6 | 223307 | 43 | 628 | 71
683 | Revision_683/flex.c | U | 534 | 540 | 6 | 223308 | 43 | 629 | 71
683 | Revision_683/jscript.c | U | 405 | 435 | 25 | 223309 | 44 | 630 | 70
683 | Revision_683/flex.c | U | 481 | 506 | 25 | 223310 | 44 | 631 | 70
683 | Revision_683/sql.c | U | 597 | 627 | 25 | 223311 | 44 | 632 | 70
683 | Revision_683/jscript.c | U | 471 | 501 | 17 | 223312 | 45 | 465 | 83
683 | Revision_683/sql.c | U | 737 | 755 | 17 | 223313 | 45 | 536 | 83
683 | Revision_683/vhdl.c | U | 514 | 532 | 17 | 223314 | 45 | 557 | 83
683 | Revision_683/flex.c | U | 721 | 751 | 17 | 223315 | 45 | 633 | 83
683 | Revision_683/jscript.c | U | 504 | 533 | 17 | 223316 | 45 | 507 | 83
683 | Revision_683/flex.c | U | 754 | 783 | 17 | 223317 | 45 | 634 | 83
683 | Revision_683/jscript.c | U | 536 | 543 | 7 | 223318 | 46 | 474 | 80
683 | Revision_683/jscript.c | U | 546 | 553 | 7 | 223319 | 46 | 475 | 80
683 | Revision_683/flex.c | U | 786 | 793 | 7 | 223320 | 46 | 636 | 80
683 | Revision_683/flex.c | U | 796 | 803 | 7 | 223321 | 46 | 635 | 80
683 | Revision_683/sql.c | U | 670 | 677 | 7 | 223322 | 46 | 476 | 80
683 | Revision_683/jscript.c | U | 560 | 582 | 13 | 223323 | 47 | 433 | 100
683 | Revision_683/flex.c | U | 810 | 832 | 13 | 223324 | 47 | 637 | 100
683 | Revision_683/jscript.c | U | 623 | 709 | 30 | 223325 | 48 | 638 | 90
683 | Revision_683/flex.c | U | 873 | 959 | 30 | 223326 | 48 | 639 | 90
683 | Revision_683/jscript.c | U | 712 | 819 | 30 | 223327 | 49 | 640 | 100
683 | Revision_683/flex.c | U | 962 | 1069 | 30 | 223328 | 49 | 641 | 100
683 | Revision_683/jscript.c | U | 963 | 1024 | 33 | 223329 | 50 | 642 | 100
683 | Revision_683/flex.c | U | 1224 | 1285 | 33 | 223330 | 50 | 643 | 100
683 | Revision_683/jscript.c | U | 1027 | 1457 | 198 | 223331 | 51 | 644 | 77
683 | Revision_683/flex.c | U | 1406 | 1875 | 198 | 223332 | 51 | 645 | 77
683 | Revision_683/jscript.c | U | 1072 | 1081 | 6 | 223333 | 52 | 497 | 75
683 | Revision_683/options.c | U | 1683 | 1687 | 6 | 223334 | 52 | 333 | 75
683 | Revision_683/jscript.c | U | 1152 | 1178 | 12 | 223335 | 53 | 508 | 72
683 | Revision_683/jscript.c | U | 1180 | 1202 | 12 | 223336 | 53 | 509 | 72
683 | Revision_683/jscript.c | U | 1460 | 1507 | 29 | 223337 | 54 | 646 | 92
683 | Revision_683/flex.c | U | 1878 | 1925 | 29 | 223338 | 54 | 647 | 92
683 | Revision_683/jscript.c | U | 1512 | 1527 | 16 | 223339 | 55 | 413 | 75
683 | Revision_683/flex.c | U | 2150 | 2163 | 16 | 223340 | 55 | 648 | 75
683 | Revision_683/jscript.c | U | 1518 | 1521 | 8 | 223341 | 56 | 498 | 71
683 | Revision_683/Test/local.c | U | 14 | 20 | 8 | 223342 | 56 | 384 | 71
683 | Revision_683/flex.c | U | 2154 | 2157 | 8 | 223343 | 56 | 649 | 71
683 | Revision_683/vhdl.c | U | 499 | 506 | 8 | 223344 | 56 | 558 | 71
683 | Revision_683/jscript.c | U | 1531 | 1535 | 5 | 223345 | 57 | 484 | 75
683 | Revision_683/make.c | U | 191 | 195 | 5 | 223346 | 57 | 403 | 75
683 | Revision_683/sql.c | U | 2047 | 2051 | 5 | 223347 | 57 | 404 | 75
683 | Revision_683/flex.c | U | 2198 | 2202 | 5 | 223348 | 57 | 650 | 75
683 | Revision_683/jscript.c | U | 1538 | 1554 | 14 | 223349 | 58 | 651 | 100
683 | Revision_683/flex.c | U | 2205 | 2221 | 14 | 223350 | 58 | 652 | 100
683 | Revision_683/gnu_regex/regex.c | U | 810 | 815 | 5 | 223351 | 59 | 513 | 75
683 | Revision_683/routines.c | U | 621 | 644 | 5 | 223352 | 59 | 514 | 75
683 | Revision_683/main.c | U | 126 | 139 | 5 | 223353 | 59 | 354 | 75
683 | Revision_683/options.c | U | 397 | 402 | 5 | 223354 | 59 | 355 | 75
683 | Revision_683/gnu_regex/regex.c | U | 1182 | 1192 | 6 | 223355 | 60 | 515 | 80
683 | Revision_683/gnu_regex/regex.c | U | 1197 | 1207 | 6 | 223356 | 60 | 516 | 80
683 | Revision_683/gnu_regex/regex.c | U | 1330 | 1339 | 5 | 223357 | 61 | 517 | 100
683 | Revision_683/gnu_regex/regex.c | U | 1816 | 1820 | 5 | 223358 | 61 | 518 | 100
683 | Revision_683/gnu_regex/regex.c | U | 1627 | 1632 | 6 | 223359 | 62 | 530 | 100
683 | Revision_683/gnu_regex/regex.c | U | 1649 | 1654 | 6 | 223360 | 62 | 531 | 100
683 | Revision_683/gnu_regex/regex.c | U | 1792 | 1797 | 6 | 223361 | 62 | 519 | 100
683 | Revision_683/gnu_regex/regex.c | U | 1757 | 1762 | 6 | 223362 | 62 | 520 | 100
683 | Revision_683/gnu_regex/regex.c | U | 1777 | 1782 | 6 | 223363 | 62 | 521 | 100
683 | Revision_683/gnu_regex/regex.c | U | 2100 | 2108 | 7 | 223364 | 63 | 522 | 83
683 | Revision_683/gnu_regex/regex.c | U | 2119 | 2127 | 7 | 223365 | 63 | 523 | 83
683 | Revision_683/gnu_regex/regex.c | U | 2768 | 2772 | 5 | 223366 | 64 | 524 | 75
683 | Revision_683/beta.c | U | 165 | 169 | 5 | 223367 | 64 | 204 | 75
683 | Revision_683/beta.c | U | 277 | 281 | 5 | 223368 | 64 | 205 | 75
683 | Revision_683/beta.c | U | 271 | 275 | 5 | 223369 | 64 | 207 | 75
683 | Revision_683/beta.c | U | 158 | 162 | 5 | 223370 | 64 | 206 | 75
683 | Revision_683/beta.c | U | 152 | 156 | 5 | 223371 | 64 | 203 | 75
683 | Revision_683/gnu_regex/regex.c | U | 3543 | 3551 | 8 | 223372 | 65 | 525 | 83
683 | Revision_683/gnu_regex/regex.c | U | 3553 | 3560 | 8 | 223373 | 65 | 526 | 83
683 | Revision_683/gnu_regex/regex.c | U | 3722 | 3736 | 15 | 223374 | 66 | 527 | 71
683 | Revision_683/gnu_regex/regex.c | U | 4312 | 4329 | 15 | 223375 | 66 | 528 | 71
683 | Revision_683/vim.c | U | 97 | 101 | 5 | 223376 | 67 | 290 | 100
683 | Revision_683/vim.c | U | 103 | 107 | 5 | 223377 | 67 | 291 | 100
683 | Revision_683/vim.c | U | 244 | 267 | 17 | 223378 | 68 | 334 | 76
683 | Revision_683/vim.c | U | 294 | 312 | 17 | 223379 | 68 | 159 | 76
683 | Revision_683/python.c | U | 88 | 101 | 11 | 223380 | 69 | 37 | 77
683 | Revision_683/python.c | U | 131 | 142 | 11 | 223381 | 69 | 13 | 77
683 | Revision_683/python.c | U | 184 | 187 | 5 | 223382 | 70 | 532 | 75
683 | Revision_683/get.c | U | 649 | 653 | 5 | 223383 | 70 | 533 | 75
683 | Revision_683/python.c | U | 196 | 200 | 5 | 223384 | 71 | 278 | 75
683 | Revision_683/erlang.c | U | 58 | 62 | 5 | 223385 | 71 | 341 | 75
683 | Revision_683/sml.c | U | 84 | 88 | 5 | 223386 | 71 | 325 | 75
683 | Revision_683/python.c | U | 218 | 222 | 5 | 223387 | 71 | 326 | 75
683 | Revision_683/options.c | U | 963 | 968 | 5 | 223388 | 71 | 280 | 75
683 | Revision_683/python.c | U | 226 | 235 | 9 | 223389 | 72 | 292 | 75
683 | Revision_683/erlang.c | U | 66 | 75 | 9 | 223390 | 72 | 342 | 75
683 | Revision_683/tcl.c | U | 44 | 54 | 9 | 223391 | 72 | 293 | 75
683 | Revision_683/python.c | U | 475 | 479 | 7 | 223392 | 73 | 504 | 80
683 | Revision_683/python.c | U | 480 | 485 | 7 | 223393 | 73 | 504 | 80
683 | Revision_683/python.c | U | 575 | 579 | 5 | 223394 | 74 | 504 | 75
683 | Revision_683/pascal.c | U | 150 | 154 | 5 | 223395 | 74 | 319 | 75
683 | Revision_683/pascal.c | U | 184 | 190 | 5 | 223396 | 74 | 171 | 75
683 | Revision_683/pascal.c | U | 176 | 182 | 5 | 223397 | 74 | 170 | 75
683 | Revision_683/python.c | U | 581 | 590 | 8 | 223398 | 75 | 574 | 83
683 | Revision_683/python.c | U | 592 | 600 | 8 | 223399 | 75 | 13 | 83
683 | Revision_683/perl.c | U | 208 | 214 | 7 | 223400 | 76 | 389 | 83
683 | Revision_683/perl.c | U | 254 | 259 | 7 | 223401 | 76 | 502 | 83
683 | Revision_683/perl.c | U | 339 | 346 | 7 | 223402 | 77 | 389 | 71
683 | Revision_683/main.c | U | 260 | 267 | 7 | 223403 | 77 | 377 | 71
683 | Revision_683/perl.c | U | 353 | 359 | 7 | 223404 | 77 | 7 | 71
683 | Revision_683/erlang.c | U | 97 | 105 | 7 | 223405 | 77 | 344 | 71
683 | Revision_683/main.c | U | 179 | 185 | 7 | 223406 | 77 | 376 | 71
683 | Revision_683/erlang.c | U | 116 | 121 | 7 | 223407 | 77 | 346 | 71
683 | Revision_683/erlang.c | U | 108 | 113 | 7 | 223408 | 77 | 344 | 71
683 | Revision_683/sort.c | U | 118 | 123 | 5 | 223409 | 78 | 281 | 100
683 | Revision_683/sort.c | U | 126 | 131 | 5 | 223410 | 78 | 282 | 100
683 | Revision_683/strlist.c | U | 32 | 38 | 8 | 223411 | 79 | 165 | 71
683 | Revision_683/vstring.c | U | 77 | 87 | 8 | 223412 | 79 | 166 | 71
683 | Revision_683/strlist.c | U | 191 | 196 | 7 | 223413 | 80 | 168 | 83
683 | Revision_683/strlist.c | U | 200 | 206 | 7 | 223414 | 80 | 390 | 83
683 | Revision_683/get.c | U | 305 | 314 | 10 | 223415 | 81 | 174 | 70
683 | Revision_683/read.c | U | 220 | 231 | 10 | 223416 | 81 | 176 | 70
683 | Revision_683/parse.c | U | 586 | 600 | 10 | 223417 | 81 | 175 | 70
683 | Revision_683/get.c | U | 467 | 478 | 10 | 223418 | 82 | 177 | 87
683 | Revision_683/get.c | U | 484 | 495 | 10 | 223419 | 82 | 178 | 87
683 | Revision_683/get.c | U | 541 | 546 | 6 | 223420 | 83 | 180 | 80
683 | Revision_683/read.c | U | 424 | 428 | 6 | 223421 | 83 | 181 | 80
683 | Revision_683/keyword.c | U | 196 | 203 | 8 | 223422 | 84 | 570 | 71
683 | Revision_683/asm.c | U | 131 | 139 | 8 | 223423 | 84 | 270 | 71
683 | Revision_683/routines.c | U | 237 | 244 | 6 | 223424 | 85 | 254 | 80
683 | Revision_683/routines.c | U | 247 | 254 | 6 | 223425 | 85 | 255 | 80
683 | Revision_683/routines.c | U | 288 | 295 | 8 | 223426 | 86 | 256 | 83
683 | Revision_683/readtags.c | U | 116 | 123 | 8 | 223427 | 86 | 123 | 83
683 | Revision_683/routines.c | U | 298 | 305 | 8 | 223428 | 86 | 257 | 83
683 | Revision_683/readtags.c | U | 106 | 113 | 8 | 223429 | 86 | 238 | 83
683 | Revision_683/routines.c | U | 322 | 326 | 5 | 223430 | 87 | 258 | 75
683 | Revision_683/vstring.c | U | 125 | 129 | 5 | 223431 | 87 | 188 | 75
683 | Revision_683/vstring.c | U | 118 | 122 | 5 | 223432 | 87 | 189 | 75
683 | Revision_683/routines.c | U | 329 | 335 | 6 | 223433 | 88 | 259 | 100
683 | Revision_683/routines.c | U | 338 | 344 | 6 | 223434 | 88 | 260 | 100
683 | Revision_683/routines.c | U | 349 | 356 | 8 | 223435 | 89 | 261 | 100
683 | Revision_683/routines.c | U | 361 | 368 | 8 | 223436 | 89 | 262 | 100
683 | Revision_683/flex.c | U | 585 | 620 | 35 | 223437 | 90 | 653 | 74
683 | Revision_683/flex.c | U | 622 | 669 | 35 | 223438 | 90 | 654 | 74
683 | Revision_683/flex.c | U | 925 | 958 | 17 | 223439 | 91 | 655 | 75
683 | Revision_683/flex.c | U | 1930 | 1965 | 17 | 223440 | 91 | 656 | 75
683 | Revision_683/flex.c | U | 1072 | 1147 | 22 | 223441 | 92 | 657 | 70
683 | Revision_683/sql.c | U | 1448 | 1486 | 22 | 223442 | 92 | 658 | 70
683 | Revision_683/flex.c | U | 1928 | 1971 | 22 | 223443 | 92 | 660 | 70
683 | Revision_683/flex.c | U | 1990 | 2043 | 22 | 223444 | 92 | 659 | 70
683 | Revision_683/flex.c | U | 2168 | 2195 | 22 | 223445 | 92 | 661 | 70
683 | Revision_683/flex.c | U | 1472 | 1507 | 34 | 223446 | 93 | 662 | 71
683 | Revision_683/vhdl.c | U | 769 | 802 | 34 | 223447 | 93 | 565 | 71
683 | Revision_683/flex.c | U | 1569 | 1595 | 12 | 223448 | 94 | 663 | 72
683 | Revision_683/flex.c | U | 1597 | 1619 | 12 | 223449 | 94 | 664 | 72
683 | Revision_683/sh.c | U | 89 | 94 | 6 | 223450 | 95 | 378 | 80
683 | Revision_683/asm.c | U | 347 | 352 | 6 | 223451 | 95 | 379 | 80
683 | Revision_683/vhdl.c | U | 493 | 533 | 32 | 223452 | 96 | 561 | 72
683 | Revision_683/sql.c | U | 707 | 756 | 32 | 223453 | 96 | 562 | 72
683 | Revision_683/vhdl.c | U | 725 | 742 | 15 | 223454 | 97 | 560 | 100
683 | Revision_683/vhdl.c | U | 744 | 761 | 15 | 223455 | 97 | 539 | 100
683 | Revision_683/vhdl.c | U | 771 | 801 | 31 | 223456 | 98 | 565 | 70
683 | Revision_683/fortran.c | U | 2118 | 2137 | 31 | 223457 | 98 | 566 | 70
683 | Revision_683/vhdl.c | U | 814 | 822 | 7 | 223458 | 99 | 567 | 100
683 | Revision_683/sql.c | U | 2054 | 2062 | 7 | 223459 | 99 | 568 | 100
683 | Revision_683/beta.c | U | 134 | 141 | 6 | 223460 | 100 | 201 | 75
683 | Revision_683/beta.c | U | 204 | 212 | 6 | 223461 | 100 | 202 | 75
683 | Revision_683/sql.c | U | 713 | 728 | 17 | 223462 | 101 | 537 | 75
683 | Revision_683/fortran.c | U | 1288 | 1294 | 17 | 223463 | 101 | 85 | 75
683 | Revision_683/sql.c | U | 869 | 879 | 8 | 223464 | 102 | 493 | 71
683 | Revision_683/sql.c | U | 1647 | 1656 | 8 | 223465 | 102 | 486 | 71
683 | Revision_683/sql.c | U | 1510 | 1546 | 24 | 223466 | 103 | 487 | 78
683 | Revision_683/sql.c | U | 1916 | 1959 | 24 | 223467 | 103 | 488 | 78
683 | Revision_683/sql.c | U | 1880 | 1905 | 17 | 223468 | 104 | 489 | 84
683 | Revision_683/sql.c | U | 1929 | 1953 | 17 | 223469 | 104 | 490 | 84
683 | Revision_683/sql.c | U | 2034 | 2044 | 8 | 223470 | 105 | 538 | 75
683 | Revision_683/fortran.c | U | 1308 | 1314 | 8 | 223471 | 105 | 85 | 75
683 | Revision_683/fortran.c | U | 1367 | 1373 | 8 | 223472 | 105 | 84 | 75
683 | Revision_683/sql.c | U | 2036 | 2043 | 8 | 223473 | 105 | 538 | 75
683 | Revision_683/parse.c | U | 96 | 106 | 11 | 223474 | 106 | 208 | 88
683 | Revision_683/parse.c | U | 109 | 120 | 11 | 223475 | 106 | 209 | 88
683 | Revision_683/parse.c | U | 299 | 303 | 5 | 223476 | 107 | 356 | 75
683 | Revision_683/parse.c | U | 556 | 560 | 5 | 223477 | 107 | 357 | 75
683 | Revision_683/parse.c | U | 575 | 579 | 5 | 223478 | 107 | 358 | 75
683 | Revision_683/readtags.c | U | 541 | 547 | 6 | 223479 | 108 | 239 | 100
683 | Revision_683/readtags.c | U | 549 | 555 | 6 | 223480 | 108 | 240 | 100
683 | Revision_683/readtags.c | U | 584 | 588 | 6 | 223481 | 109 | 123 | 75
683 | Revision_683/readtags.c | U | 639 | 645 | 6 | 223482 | 109 | 124 | 75
683 | Revision_683/readtags.c | U | 718 | 726 | 8 | 223483 | 110 | 210 | 83
683 | Revision_683/readtags.c | U | 773 | 781 | 8 | 223484 | 110 | 211 | 83
683 | Revision_683/readtags.c | U | 729 | 737 | 8 | 223485 | 110 | 212 | 83
683 | Revision_683/readtags.c | U | 740 | 745 | 6 | 223486 | 111 | 241 | 80
683 | Revision_683/readtags.c | U | 765 | 770 | 6 | 223487 | 111 | 242 | 80
683 | Revision_683/readtags.c | U | 757 | 762 | 6 | 223488 | 111 | 287 | 80
683 | Revision_683/fortran.c | U | 1714 | 1729 | 20 | 223489 | 112 | 21 | 84
683 | Revision_683/fortran.c | U | 1930 | 1946 | 20 | 223490 | 112 | 374 | 84
683 | Revision_683/fortran.c | U | 1895 | 1913 | 16 | 223491 | 113 | 220 | 73
683 | Revision_683/fortran.c | U | 2041 | 2061 | 16 | 223492 | 113 | 372 | 73
683 | Revision_683/fortran.c | U | 1965 | 1981 | 16 | 223493 | 113 | 221 | 73
683 | Revision_683/asm.c | U | 243 | 256 | 11 | 223494 | 114 | 289 | 77
683 | Revision_683/asm.c | U | 261 | 271 | 11 | 223495 | 114 | 279 | 77
683 | Revision_683/scheme.c | U | 70 | 78 | 8 | 223496 | 115 | 222 | 71
683 | Revision_683/scheme.c | U | 85 | 93 | 8 | 223497 | 115 | 223 | 71
683 | Revision_683/options.c | U | 369 | 375 | 6 | 223498 | 116 | 224 | 100
683 | Revision_683/options.c | U | 378 | 384 | 6 | 223499 | 116 | 225 | 100
683 | Revision_683/options.c | U | 543 | 549 | 7 | 223500 | 117 | 226 | 100
683 | Revision_683/options.c | U | 561 | 567 | 7 | 223501 | 117 | 227 | 100
683 | Revision_683/options.c | U | 552 | 558 | 7 | 223502 | 117 | 228 | 100
683 | Revision_683/options.c | U | 570 | 576 | 7 | 223503 | 117 | 229 | 100
683 | Revision_683/options.c | U | 982 | 986 | 5 | 223504 | 118 | 230 | 75
683 | Revision_683/options.c | U | 1008 | 1012 | 5 | 223505 | 118 | 231 | 75
683 | Revision_683/options.c | U | 1102 | 1106 | 5 | 223506 | 119 | 232 | 100
683 | Revision_683/options.c | U | 1108 | 1112 | 5 | 223507 | 119 | 233 | 100
683 | Revision_683/options.c | U | 1154 | 1166 | 12 | 223508 | 120 | 360 | 100
683 | Revision_683/options.c | U | 1171 | 1183 | 12 | 223509 | 120 | 235 | 100
683 | Revision_683/options.c | U | 1425 | 1442 | 15 | 223510 | 121 | 236 | 91
683 | Revision_683/options.c | U | 1463 | 1480 | 15 | 223511 | 121 | 237 | 91
