Revision | filePath | changeType | StartLine | EndLine | Nlines | cloneId | classId | globalCloneId | Similarity
687 | Revision_687/args.c | U | 85 | 92 | 8 | 138361 | 1 | 1 | 100
687 | Revision_687/args.c | U | 160 | 167 | 8 | 138362 | 1 | 2 | 100
687 | Revision_687/args.c | U | 182 | 190 | 9 | 138363 | 2 | 3 | 75
687 | Revision_687/args.c | U | 203 | 211 | 9 | 138364 | 2 | 4 | 75
687 | Revision_687/args.c | U | 193 | 200 | 9 | 138365 | 2 | 5 | 75
687 | Revision_687/args.c | U | 266 | 272 | 7 | 138366 | 3 | 6 | 83
687 | Revision_687/options.c | U | 579 | 584 | 7 | 138367 | 3 | 7 | 83
687 | Revision_687/asm.c | U | 120 | 128 | 8 | 138368 | 4 | 188 | 71
687 | Revision_687/flex.c | U | 209 | 218 | 8 | 138369 | 4 | 437 | 71
687 | Revision_687/sql.c | U | 385 | 394 | 8 | 138370 | 4 | 196 | 71
687 | Revision_687/jscript.c | U | 180 | 189 | 8 | 138371 | 4 | 280 | 71
687 | Revision_687/verilog.c | U | 108 | 118 | 8 | 138372 | 4 | 258 | 71
687 | Revision_687/vhdl.c | U | 573 | 583 | 8 | 138373 | 4 | 401 | 71
687 | Revision_687/asm.c | U | 131 | 139 | 8 | 138374 | 5 | 170 | 71
687 | Revision_687/keyword.c | U | 196 | 203 | 8 | 138375 | 5 | 432 | 71
687 | Revision_687/asm.c | U | 243 | 256 | 11 | 138376 | 6 | 191 | 77
687 | Revision_687/asm.c | U | 261 | 271 | 11 | 138377 | 6 | 179 | 77
687 | Revision_687/asm.c | U | 347 | 352 | 6 | 138378 | 7 | 256 | 80
687 | Revision_687/sh.c | U | 89 | 94 | 6 | 138379 | 7 | 257 | 80
687 | Revision_687/asm.c | U | 366 | 385 | 9 | 138380 | 8 | 174 | 71
687 | Revision_687/vhdl.c | U | 825 | 834 | 9 | 138381 | 8 | 403 | 71
687 | Revision_687/sql.c | U | 2065 | 2074 | 9 | 138382 | 8 | 197 | 71
687 | Revision_687/tcl.c | U | 106 | 114 | 9 | 138383 | 8 | 22 | 71
687 | Revision_687/perl.c | U | 372 | 380 | 9 | 138384 | 8 | 19 | 71
687 | Revision_687/erlang.c | U | 179 | 187 | 9 | 138385 | 8 | 230 | 71
687 | Revision_687/verilog.c | U | 329 | 338 | 9 | 138386 | 8 | 184 | 71
687 | Revision_687/lisp.c | U | 127 | 137 | 9 | 138387 | 8 | 11 | 71
687 | Revision_687/flex.c | U | 2217 | 2230 | 9 | 138388 | 8 | 438 | 71
687 | Revision_687/asp.c | U | 201 | 209 | 9 | 138389 | 8 | 18 | 71
687 | Revision_687/basic.c | U | 193 | 201 | 9 | 138390 | 8 | 275 | 71
687 | Revision_687/scheme.c | U | 99 | 109 | 9 | 138391 | 8 | 17 | 71
687 | Revision_687/awk.c | U | 71 | 79 | 9 | 138392 | 8 | 10 | 71
687 | Revision_687/beta.c | U | 311 | 319 | 9 | 138393 | 8 | 15 | 71
687 | Revision_687/vim.c | U | 626 | 634 | 9 | 138394 | 8 | 20 | 71
687 | Revision_687/python.c | U | 648 | 656 | 9 | 138395 | 8 | 14 | 71
687 | Revision_687/pascal.c | U | 257 | 265 | 9 | 138396 | 8 | 13 | 71
687 | Revision_687/sh.c | U | 103 | 113 | 9 | 138397 | 8 | 24 | 71
687 | Revision_687/ruby.c | U | 398 | 406 | 9 | 138398 | 8 | 16 | 71
687 | Revision_687/lua.c | U | 123 | 131 | 9 | 138399 | 8 | 154 | 71
687 | Revision_687/sml.c | U | 202 | 210 | 9 | 138400 | 8 | 216 | 71
687 | Revision_687/make.c | U | 205 | 215 | 9 | 138401 | 8 | 26 | 71
687 | Revision_687/jscript.c | U | 1558 | 1571 | 9 | 138402 | 8 | 281 | 71
687 | Revision_687/cobol.c | U | 40 | 48 | 9 | 138403 | 8 | 213 | 71
687 | Revision_687/php.c | U | 91 | 98 | 9 | 138404 | 8 | 366 | 71
687 | Revision_687/html.c | U | 40 | 47 | 9 | 138405 | 8 | 253 | 71
687 | Revision_687/rexx.c | U | 30 | 37 | 9 | 138406 | 8 | 25 | 71
687 | Revision_687/slang.c | U | 34 | 41 | 9 | 138407 | 8 | 27 | 71
687 | Revision_687/yacc.c | U | 31 | 38 | 9 | 138408 | 8 | 28 | 71
687 | Revision_687/keyword.c | U | 107 | 116 | 9 | 138409 | 8 | 29 | 71
687 | Revision_687/options.c | U | 626 | 632 | 9 | 138410 | 8 | 30 | 71
687 | Revision_687/gnu_regex/regex.c | U | 2828 | 2833 | 9 | 138411 | 8 | 374 | 71
687 | Revision_687/options.c | U | 533 | 538 | 9 | 138412 | 8 | 242 | 71
687 | Revision_687/asp.c | U | 71 | 90 | 15 | 138413 | 9 | 31 | 100
687 | Revision_687/asp.c | U | 94 | 113 | 15 | 138414 | 9 | 32 | 100
687 | Revision_687/asp.c | U | 117 | 133 | 14 | 138415 | 10 | 33 | 100
687 | Revision_687/asp.c | U | 156 | 171 | 14 | 138416 | 10 | 34 | 100
687 | Revision_687/asp.c | U | 175 | 190 | 14 | 138417 | 10 | 34 | 100
687 | Revision_687/asp.c | U | 137 | 152 | 14 | 138418 | 10 | 34 | 100
687 | Revision_687/basic.c | U | 135 | 140 | 6 | 138419 | 11 | 278 | 80
687 | Revision_687/basic.c | U | 147 | 152 | 6 | 138420 | 11 | 279 | 80
687 | Revision_687/beta.c | U | 71 | 80 | 10 | 138421 | 12 | 43 | 70
687 | Revision_687/sml.c | U | 75 | 81 | 10 | 138422 | 12 | 217 | 70
687 | Revision_687/sql.c | U | 423 | 437 | 10 | 138423 | 12 | 198 | 70
687 | Revision_687/vhdl.c | U | 536 | 548 | 10 | 138424 | 12 | 404 | 70
687 | Revision_687/parse.c | U | 43 | 54 | 10 | 138425 | 12 | 44 | 70
687 | Revision_687/jscript.c | U | 219 | 233 | 10 | 138426 | 12 | 283 | 70
687 | Revision_687/flex.c | U | 249 | 263 | 10 | 138427 | 12 | 439 | 70
687 | Revision_687/beta.c | U | 134 | 141 | 6 | 138428 | 13 | 45 | 75
687 | Revision_687/beta.c | U | 204 | 212 | 6 | 138429 | 13 | 46 | 75
687 | Revision_687/beta.c | U | 152 | 156 | 5 | 138430 | 14 | 47 | 75
687 | Revision_687/gnu_regex/regex.c | U | 2768 | 2772 | 5 | 138431 | 14 | 375 | 75
687 | Revision_687/beta.c | U | 158 | 162 | 5 | 138432 | 14 | 49 | 75
687 | Revision_687/beta.c | U | 165 | 169 | 5 | 138433 | 14 | 51 | 75
687 | Revision_687/beta.c | U | 277 | 281 | 5 | 138434 | 14 | 48 | 75
687 | Revision_687/beta.c | U | 271 | 275 | 5 | 138435 | 14 | 50 | 75
687 | Revision_687/erlang.c | U | 58 | 62 | 5 | 138436 | 15 | 231 | 75
687 | Revision_687/python.c | U | 218 | 222 | 5 | 138437 | 15 | 180 | 75
687 | Revision_687/sml.c | U | 84 | 88 | 5 | 138438 | 15 | 218 | 75
687 | Revision_687/options.c | U | 963 | 968 | 5 | 138439 | 15 | 181 | 75
687 | Revision_687/python.c | U | 196 | 200 | 5 | 138440 | 15 | 368 | 75
687 | Revision_687/erlang.c | U | 66 | 75 | 9 | 138441 | 16 | 232 | 75
687 | Revision_687/tcl.c | U | 44 | 54 | 9 | 138442 | 16 | 195 | 75
687 | Revision_687/python.c | U | 226 | 235 | 9 | 138443 | 16 | 194 | 75
687 | Revision_687/erlang.c | U | 97 | 105 | 7 | 138444 | 17 | 237 | 71
687 | Revision_687/erlang.c | U | 108 | 113 | 7 | 138445 | 17 | 235 | 71
687 | Revision_687/perl.c | U | 353 | 359 | 7 | 138446 | 17 | 262 | 71
687 | Revision_687/erlang.c | U | 116 | 121 | 7 | 138447 | 17 | 239 | 71
687 | Revision_687/perl.c | U | 339 | 346 | 7 | 138448 | 17 | 19 | 71
687 | Revision_687/main.c | U | 260 | 267 | 7 | 138449 | 17 | 254 | 71
687 | Revision_687/main.c | U | 179 | 185 | 7 | 138450 | 17 | 255 | 71
687 | Revision_687/flex.c | U | 221 | 235 | 12 | 138451 | 18 | 440 | 75
687 | Revision_687/vhdl.c | U | 342 | 351 | 12 | 138452 | 18 | 405 | 75
687 | Revision_687/sql.c | U | 397 | 409 | 12 | 138453 | 18 | 205 | 75
687 | Revision_687/jscript.c | U | 192 | 205 | 12 | 138454 | 18 | 282 | 75
687 | Revision_687/flex.c | U | 238 | 242 | 5 | 138455 | 19 | 441 | 75
687 | Revision_687/vstring.c | U | 69 | 73 | 5 | 138456 | 19 | 287 | 75
687 | Revision_687/vhdl.c | U | 354 | 361 | 5 | 138457 | 19 | 406 | 75
687 | Revision_687/sql.c | U | 412 | 416 | 5 | 138458 | 19 | 288 | 75
687 | Revision_687/jscript.c | U | 208 | 212 | 5 | 138459 | 19 | 286 | 75
687 | Revision_687/vstring.c | U | 67 | 74 | 5 | 138460 | 19 | 287 | 75
687 | Revision_687/flex.c | U | 266 | 298 | 16 | 138461 | 20 | 442 | 75
687 | Revision_687/sql.c | U | 440 | 461 | 16 | 138462 | 20 | 290 | 75
687 | Revision_687/jscript.c | U | 236 | 257 | 16 | 138463 | 20 | 289 | 75
687 | Revision_687/vhdl.c | U | 551 | 570 | 16 | 138464 | 20 | 407 | 75
687 | Revision_687/flex.c | U | 270 | 297 | 16 | 138465 | 20 | 442 | 75
687 | Revision_687/flex.c | U | 301 | 325 | 19 | 138466 | 21 | 443 | 73
687 | Revision_687/jscript.c | U | 1390 | 1430 | 19 | 138467 | 21 | 434 | 73
687 | Revision_687/jscript.c | U | 287 | 311 | 19 | 138468 | 21 | 433 | 73
687 | Revision_687/flex.c | U | 1800 | 1840 | 19 | 138469 | 21 | 444 | 73
687 | Revision_687/flex.c | U | 351 | 375 | 19 | 138470 | 21 | 445 | 73
687 | Revision_687/jscript.c | U | 260 | 284 | 19 | 138471 | 21 | 398 | 73
687 | Revision_687/flex.c | U | 328 | 348 | 19 | 138472 | 21 | 446 | 73
687 | Revision_687/flex.c | U | 382 | 400 | 17 | 138473 | 22 | 447 | 100
687 | Revision_687/sql.c | U | 468 | 486 | 17 | 138474 | 22 | 296 | 100
687 | Revision_687/jscript.c | U | 318 | 336 | 17 | 138475 | 22 | 398 | 100
687 | Revision_687/vhdl.c | U | 368 | 386 | 17 | 138476 | 22 | 409 | 100
687 | Revision_687/flex.c | U | 406 | 417 | 12 | 138477 | 23 | 448 | 100
687 | Revision_687/vhdl.c | U | 391 | 402 | 12 | 138478 | 23 | 410 | 100
687 | Revision_687/jscript.c | U | 342 | 353 | 12 | 138479 | 23 | 295 | 100
687 | Revision_687/sql.c | U | 491 | 502 | 12 | 138480 | 23 | 296 | 100
687 | Revision_687/flex.c | U | 429 | 433 | 6 | 138481 | 24 | 449 | 71
687 | Revision_687/sql.c | U | 514 | 527 | 6 | 138482 | 24 | 206 | 71
687 | Revision_687/vhdl.c | U | 414 | 418 | 6 | 138483 | 24 | 411 | 71
687 | Revision_687/flex.c | U | 661 | 665 | 6 | 138484 | 24 | 450 | 71
687 | Revision_687/flex.c | U | 502 | 506 | 6 | 138485 | 24 | 451 | 71
687 | Revision_687/jscript.c | U | 365 | 369 | 6 | 138486 | 24 | 291 | 71
687 | Revision_687/flex.c | U | 613 | 617 | 6 | 138487 | 24 | 452 | 71
687 | Revision_687/flex.c | U | 659 | 666 | 6 | 138488 | 24 | 450 | 71
687 | Revision_687/flex.c | U | 611 | 618 | 6 | 138489 | 24 | 451 | 71
687 | Revision_687/flex.c | U | 522 | 528 | 6 | 138490 | 24 | 453 | 71
687 | Revision_687/flex.c | U | 475 | 480 | 6 | 138491 | 24 | 454 | 71
687 | Revision_687/flex.c | U | 626 | 632 | 6 | 138492 | 24 | 455 | 71
687 | Revision_687/flex.c | U | 535 | 541 | 6 | 138493 | 24 | 456 | 71
687 | Revision_687/flex.c | U | 637 | 643 | 6 | 138494 | 24 | 457 | 71
687 | Revision_687/flex.c | U | 602 | 609 | 6 | 138495 | 24 | 458 | 71
687 | Revision_687/flex.c | U | 548 | 555 | 6 | 138496 | 24 | 459 | 71
687 | Revision_687/flex.c | U | 650 | 657 | 6 | 138497 | 24 | 460 | 71
687 | Revision_687/flex.c | U | 589 | 595 | 6 | 138498 | 24 | 461 | 71
687 | Revision_687/flex.c | U | 482 | 507 | 25 | 138499 | 25 | 462 | 70
687 | Revision_687/sql.c | U | 597 | 627 | 25 | 138500 | 25 | 464 | 70
687 | Revision_687/jscript.c | U | 405 | 435 | 25 | 138501 | 25 | 463 | 70
687 | Revision_687/flex.c | U | 586 | 621 | 35 | 138502 | 26 | 465 | 74
687 | Revision_687/flex.c | U | 623 | 670 | 35 | 138503 | 26 | 466 | 74
687 | Revision_687/flex.c | U | 691 | 700 | 10 | 138504 | 27 | 467 | 100
687 | Revision_687/jscript.c | U | 441 | 450 | 10 | 138505 | 27 | 412 | 100
687 | Revision_687/vhdl.c | U | 467 | 476 | 10 | 138506 | 27 | 413 | 100
687 | Revision_687/flex.c | U | 706 | 715 | 10 | 138507 | 28 | 468 | 88
687 | Revision_687/jscript.c | U | 456 | 464 | 10 | 138508 | 28 | 301 | 88
687 | Revision_687/flex.c | U | 722 | 752 | 17 | 138509 | 29 | 469 | 83
687 | Revision_687/jscript.c | U | 471 | 501 | 17 | 138510 | 29 | 284 | 83
687 | Revision_687/flex.c | U | 755 | 784 | 17 | 138511 | 29 | 470 | 83
687 | Revision_687/vhdl.c | U | 514 | 532 | 17 | 138512 | 29 | 414 | 83
687 | Revision_687/sql.c | U | 737 | 755 | 17 | 138513 | 29 | 400 | 83
687 | Revision_687/jscript.c | U | 504 | 533 | 17 | 138514 | 29 | 371 | 83
687 | Revision_687/flex.c | U | 787 | 794 | 7 | 138515 | 30 | 471 | 80
687 | Revision_687/jscript.c | U | 546 | 553 | 7 | 138516 | 30 | 302 | 80
687 | Revision_687/jscript.c | U | 536 | 543 | 7 | 138517 | 30 | 301 | 80
687 | Revision_687/sql.c | U | 670 | 677 | 7 | 138518 | 30 | 304 | 80
687 | Revision_687/flex.c | U | 797 | 804 | 7 | 138519 | 30 | 472 | 80
687 | Revision_687/flex.c | U | 811 | 833 | 13 | 138520 | 31 | 473 | 100
687 | Revision_687/jscript.c | U | 560 | 582 | 13 | 138521 | 31 | 316 | 100
687 | Revision_687/flex.c | U | 818 | 832 | 10 | 138522 | 32 | 474 | 70
687 | Revision_687/vhdl.c | U | 656 | 668 | 10 | 138523 | 32 | 415 | 70
687 | Revision_687/flex.c | U | 1176 | 1204 | 10 | 138524 | 32 | 475 | 70
687 | Revision_687/sql.c | U | 1579 | 1586 | 10 | 138525 | 32 | 311 | 70
687 | Revision_687/flex.c | U | 1734 | 1749 | 10 | 138526 | 32 | 477 | 70
687 | Revision_687/sql.c | U | 1962 | 1990 | 10 | 138527 | 32 | 314 | 70
687 | Revision_687/jscript.c | U | 837 | 847 | 10 | 138528 | 32 | 307 | 70
687 | Revision_687/jscript.c | U | 1324 | 1339 | 10 | 138529 | 32 | 281 | 70
687 | Revision_687/jscript.c | U | 567 | 581 | 10 | 138530 | 32 | 306 | 70
687 | Revision_687/vhdl.c | U | 747 | 760 | 10 | 138531 | 32 | 430 | 70
687 | Revision_687/vhdl.c | U | 728 | 741 | 10 | 138532 | 32 | 427 | 70
687 | Revision_687/jscript.c | U | 585 | 620 | 10 | 138533 | 32 | 309 | 70
687 | Revision_687/vhdl.c | U | 617 | 625 | 10 | 138534 | 32 | 416 | 70
687 | Revision_687/sql.c | U | 1106 | 1129 | 10 | 138535 | 32 | 337 | 70
687 | Revision_687/sql.c | U | 1073 | 1090 | 10 | 138536 | 32 | 319 | 70
687 | Revision_687/jscript.c | U | 647 | 673 | 10 | 138537 | 32 | 315 | 70
687 | Revision_687/jscript.c | U | 839 | 846 | 10 | 138538 | 32 | 307 | 70
687 | Revision_687/flex.c | U | 2111 | 2127 | 10 | 138539 | 32 | 480 | 70
687 | Revision_687/flex.c | U | 894 | 920 | 10 | 138540 | 32 | 476 | 70
687 | Revision_687/flex.c | U | 1943 | 1953 | 10 | 138541 | 32 | 481 | 70
687 | Revision_687/flex.c | U | 2090 | 2109 | 10 | 138542 | 32 | 479 | 70
687 | Revision_687/jscript.c | U | 986 | 1005 | 10 | 138543 | 32 | 318 | 70
687 | Revision_687/flex.c | U | 1244 | 1263 | 10 | 138544 | 32 | 478 | 70
687 | Revision_687/vhdl.c | U | 635 | 640 | 10 | 138545 | 32 | 416 | 70
687 | Revision_687/sql.c | U | 929 | 949 | 10 | 138546 | 32 | 310 | 70
687 | Revision_687/flex.c | U | 2099 | 2108 | 10 | 138547 | 32 | 485 | 70
687 | Revision_687/sql.c | U | 836 | 850 | 10 | 138548 | 32 | 313 | 70
687 | Revision_687/flex.c | U | 943 | 954 | 10 | 138549 | 32 | 486 | 70
687 | Revision_687/sql.c | U | 1464 | 1472 | 10 | 138550 | 32 | 396 | 70
687 | Revision_687/jscript.c | U | 1084 | 1090 | 10 | 138551 | 32 | 309 | 70
687 | Revision_687/jscript.c | U | 696 | 707 | 10 | 138552 | 32 | 312 | 70
687 | Revision_687/flex.c | M | 1946 | 1952 | 10 | 138553 | 32 | 481 | 70
687 | Revision_687/sql.c | U | 1395 | 1401 | 10 | 138554 | 32 | 356 | 70
687 | Revision_687/flex.c | U | 1940 | 1954 | 10 | 138555 | 32 | 481 | 70
687 | Revision_687/flex.c | M | 836 | 867 | 10 | 138556 | 32 | 476 | 70
687 | Revision_687/sql.c | U | 834 | 851 | 10 | 138557 | 32 | 313 | 70
687 | Revision_687/flex.c | U | 2170 | 2181 | 10 | 138558 | 32 | 483 | 70
687 | Revision_687/sql.c | U | 1475 | 1485 | 10 | 138559 | 32 | 397 | 70
687 | Revision_687/flex.c | U | 1931 | 1956 | 10 | 138560 | 32 | 484 | 70
687 | Revision_687/sql.c | U | 1696 | 1722 | 10 | 138561 | 32 | 320 | 70
687 | Revision_687/sql.c | U | 1725 | 1746 | 10 | 138562 | 32 | 324 | 70
687 | Revision_687/vhdl.c | U | 586 | 600 | 10 | 138563 | 32 | 418 | 70
687 | Revision_687/flex.c | M | 2120 | 2126 | 10 | 138564 | 32 | 490 | 70
687 | Revision_687/ruby.c | U | 214 | 218 | 10 | 138565 | 32 | 265 | 70
687 | Revision_687/flex.c | M | 1995 | 2003 | 10 | 138566 | 32 | 489 | 70
687 | Revision_687/flex.c | M | 2129 | 2136 | 10 | 138567 | 32 | 488 | 70
687 | Revision_687/sql.c | U | 759 | 771 | 10 | 138568 | 32 | 313 | 70
687 | Revision_687/sql.c | U | 1295 | 1303 | 10 | 138569 | 32 | 397 | 70
687 | Revision_687/vhdl.c | U | 705 | 716 | 10 | 138570 | 32 | 417 | 70
687 | Revision_687/flex.c | M | 2173 | 2180 | 10 | 138571 | 32 | 483 | 70
687 | Revision_687/sql.c | U | 1532 | 1542 | 10 | 138572 | 32 | 345 | 70
687 | Revision_687/jscript.c | U | 675 | 708 | 10 | 138573 | 32 | 487 | 70
687 | Revision_687/sql.c | U | 1665 | 1693 | 10 | 138574 | 32 | 323 | 70
687 | Revision_687/sql.c | U | 1788 | 1809 | 10 | 138575 | 32 | 321 | 70
687 | Revision_687/sql.c | U | 1764 | 1785 | 10 | 138576 | 32 | 322 | 70
687 | Revision_687/vhdl.c | U | 673 | 687 | 10 | 138577 | 32 | 417 | 70
687 | Revision_687/ruby.c | U | 195 | 200 | 10 | 138578 | 32 | 491 | 70
687 | Revision_687/flex.c | M | 2101 | 2107 | 10 | 138579 | 32 | 485 | 70
687 | Revision_687/vim.c | U | 400 | 408 | 10 | 138580 | 32 | 365 | 70
687 | Revision_687/sql.c | U | 1812 | 1852 | 10 | 138581 | 32 | 327 | 70
687 | Revision_687/vhdl.c | U | 647 | 670 | 10 | 138582 | 32 | 431 | 70
687 | Revision_687/get.c | U | 594 | 598 | 10 | 138583 | 32 | 364 | 70
687 | Revision_687/sql.c | U | 1373 | 1411 | 10 | 138584 | 32 | 328 | 70
687 | Revision_687/sql.c | U | 1549 | 1588 | 10 | 138585 | 32 | 329 | 70
687 | Revision_687/jscript.c | U | 983 | 1017 | 10 | 138586 | 32 | 340 | 70
687 | Revision_687/flex.c | U | 1241 | 1275 | 10 | 138587 | 32 | 492 | 70
687 | Revision_687/readtags.c | U | 363 | 367 | 10 | 138588 | 32 | 391 | 70
687 | Revision_687/flex.c | U | 870 | 956 | 30 | 138589 | 33 | 493 | 90
687 | Revision_687/jscript.c | U | 623 | 709 | 30 | 138590 | 33 | 494 | 90
687 | Revision_687/flex.c | U | 922 | 955 | 17 | 138591 | 34 | 495 | 75
687 | Revision_687/flex.c | U | 1922 | 1957 | 17 | 138592 | 34 | 496 | 75
687 | Revision_687/flex.c | U | 959 | 1066 | 30 | 138593 | 35 | 497 | 100
687 | Revision_687/jscript.c | U | 712 | 819 | 30 | 138594 | 35 | 498 | 100
687 | Revision_687/flex.c | U | 1069 | 1144 | 22 | 138595 | 36 | 499 | 70
687 | Revision_687/sql.c | U | 1448 | 1486 | 22 | 138596 | 36 | 500 | 70
687 | Revision_687/flex.c | U | 1920 | 1963 | 22 | 138597 | 36 | 502 | 70
687 | Revision_687/flex.c | U | 1982 | 2035 | 22 | 138598 | 36 | 501 | 70
687 | Revision_687/flex.c | U | 2160 | 2187 | 22 | 138599 | 36 | 503 | 70
687 | Revision_687/flex.c | U | 1221 | 1282 | 33 | 138600 | 37 | 504 | 100
687 | Revision_687/jscript.c | U | 963 | 1024 | 33 | 138601 | 37 | 505 | 100
687 | Revision_687/flex.c | U | 1252 | 1262 | 5 | 138602 | 38 | 506 | 75
687 | Revision_687/options.c | U | 352 | 357 | 5 | 138603 | 38 | 107 | 75
687 | Revision_687/flex.c | U | 1265 | 1274 | 5 | 138604 | 38 | 507 | 75
687 | Revision_687/jscript.c | U | 994 | 1004 | 5 | 138605 | 38 | 399 | 75
687 | Revision_687/sql.c | U | 1636 | 1640 | 5 | 138606 | 38 | 335 | 75
687 | Revision_687/vhdl.c | U | 620 | 624 | 5 | 138607 | 38 | 416 | 75
687 | Revision_687/vhdl.c | U | 611 | 615 | 5 | 138608 | 38 | 419 | 75
687 | Revision_687/sql.c | U | 1897 | 1901 | 5 | 138609 | 38 | 334 | 75
687 | Revision_687/jscript.c | U | 1007 | 1016 | 5 | 138610 | 38 | 336 | 75
687 | Revision_687/vhdl.c | U | 750 | 755 | 5 | 138611 | 38 | 427 | 75
687 | Revision_687/options.c | U | 674 | 678 | 5 | 138612 | 38 | 116 | 75
687 | Revision_687/vhdl.c | U | 731 | 736 | 5 | 138613 | 38 | 429 | 75
687 | Revision_687/jscript.c | U | 909 | 918 | 5 | 138614 | 38 | 332 | 75
687 | Revision_687/options.c | U | 1221 | 1225 | 5 | 138615 | 38 | 117 | 75
687 | Revision_687/jscript.c | U | 920 | 925 | 5 | 138616 | 38 | 333 | 75
687 | Revision_687/jscript.c | U | 891 | 907 | 5 | 138617 | 38 | 338 | 75
687 | Revision_687/flex.c | U | 1324 | 1334 | 5 | 138618 | 39 | 508 | 75
687 | Revision_687/flex.c | M | 1833 | 1837 | 5 | 138619 | 39 | 509 | 75
687 | Revision_687/jscript.c | U | 1423 | 1427 | 5 | 138620 | 39 | 342 | 75
687 | Revision_687/sql.c | U | 1082 | 1089 | 5 | 138621 | 39 | 343 | 75
687 | Revision_687/sql.c | U | 998 | 1004 | 5 | 138622 | 39 | 344 | 75
687 | Revision_687/sql.c | U | 1713 | 1719 | 5 | 138623 | 39 | 345 | 75
687 | Revision_687/sql.c | U | 1684 | 1690 | 5 | 138624 | 39 | 346 | 75
687 | Revision_687/sql.c | U | 1403 | 1408 | 5 | 138625 | 39 | 347 | 75
687 | Revision_687/flex.c | U | 1399 | 1867 | 198 | 138626 | 40 | 510 | 77
687 | Revision_687/jscript.c | U | 1027 | 1457 | 198 | 138627 | 40 | 511 | 77
687 | Revision_687/flex.c | U | 1464 | 1499 | 34 | 138628 | 41 | 512 | 71
687 | Revision_687/vhdl.c | U | 769 | 802 | 34 | 138629 | 41 | 513 | 71
687 | Revision_687/flex.c | U | 1561 | 1587 | 12 | 138630 | 42 | 514 | 72
687 | Revision_687/flex.c | U | 1589 | 1611 | 12 | 138631 | 42 | 515 | 72
687 | Revision_687/flex.c | U | 1751 | 1768 | 5 | 138632 | 43 | 516 | 75
687 | Revision_687/readtags.c | U | 502 | 506 | 5 | 138633 | 43 | 87 | 75
687 | Revision_687/jscript.c | U | 1341 | 1358 | 5 | 138634 | 43 | 435 | 75
687 | Revision_687/readtags.c | U | 681 | 685 | 5 | 138635 | 43 | 88 | 75
687 | Revision_687/flex.c | U | 1870 | 1917 | 29 | 138636 | 44 | 517 | 92
687 | Revision_687/jscript.c | U | 1460 | 1507 | 29 | 138637 | 44 | 518 | 92
687 | Revision_687/flex.c | U | 1883 | 1906 | 21 | 138638 | 45 | 519 | 70
687 | Revision_687/get.c | U | 406 | 413 | 21 | 138639 | 45 | 520 | 70
687 | Revision_687/flex.c | U | 2142 | 2155 | 16 | 138640 | 46 | 521 | 75
687 | Revision_687/jscript.c | U | 1512 | 1527 | 16 | 138641 | 46 | 281 | 75
687 | Revision_687/flex.c | M | 2146 | 2149 | 8 | 138642 | 47 | 522 | 71
687 | Revision_687/Test/local.c | U | 14 | 20 | 8 | 138643 | 47 | 362 | 71
687 | Revision_687/jscript.c | U | 1518 | 1521 | 8 | 138644 | 47 | 361 | 71
687 | Revision_687/vhdl.c | U | 499 | 506 | 8 | 138645 | 47 | 420 | 71
687 | Revision_687/flex.c | M | 2190 | 2194 | 5 | 138646 | 48 | 523 | 75
687 | Revision_687/sql.c | U | 2047 | 2051 | 5 | 138647 | 48 | 274 | 75
687 | Revision_687/make.c | U | 191 | 195 | 5 | 138648 | 48 | 273 | 75
687 | Revision_687/jscript.c | U | 1531 | 1535 | 5 | 138649 | 48 | 348 | 75
687 | Revision_687/flex.c | U | 2197 | 2213 | 14 | 138650 | 49 | 524 | 100
687 | Revision_687/jscript.c | U | 1538 | 1554 | 14 | 138651 | 49 | 525 | 100
687 | Revision_687/get.c | U | 305 | 314 | 10 | 138652 | 50 | 74 | 70
687 | Revision_687/parse.c | U | 586 | 600 | 10 | 138653 | 50 | 76 | 70
687 | Revision_687/read.c | U | 220 | 231 | 10 | 138654 | 50 | 75 | 70
687 | Revision_687/get.c | U | 467 | 478 | 10 | 138655 | 51 | 77 | 87
687 | Revision_687/get.c | U | 484 | 495 | 10 | 138656 | 51 | 79 | 87
687 | Revision_687/get.c | U | 541 | 546 | 6 | 138657 | 52 | 80 | 80
687 | Revision_687/read.c | U | 424 | 428 | 6 | 138658 | 52 | 81 | 80
687 | Revision_687/get.c | U | 649 | 653 | 5 | 138659 | 53 | 394 | 75
687 | Revision_687/python.c | U | 184 | 187 | 5 | 138660 | 53 | 395 | 75
687 | Revision_687/gnu_regex/regex.c | U | 810 | 815 | 5 | 138661 | 54 | 376 | 75
687 | Revision_687/routines.c | U | 621 | 644 | 5 | 138662 | 54 | 377 | 75
687 | Revision_687/options.c | U | 397 | 402 | 5 | 138663 | 54 | 244 | 75
687 | Revision_687/main.c | U | 126 | 139 | 5 | 138664 | 54 | 243 | 75
687 | Revision_687/gnu_regex/regex.c | U | 1182 | 1192 | 6 | 138665 | 55 | 378 | 80
687 | Revision_687/gnu_regex/regex.c | U | 1197 | 1207 | 6 | 138666 | 55 | 379 | 80
687 | Revision_687/gnu_regex/regex.c | U | 1330 | 1339 | 5 | 138667 | 56 | 380 | 100
687 | Revision_687/gnu_regex/regex.c | U | 1816 | 1820 | 5 | 138668 | 56 | 381 | 100
687 | Revision_687/gnu_regex/regex.c | U | 1627 | 1632 | 6 | 138669 | 57 | 392 | 100
687 | Revision_687/gnu_regex/regex.c | U | 1649 | 1654 | 6 | 138670 | 57 | 393 | 100
687 | Revision_687/gnu_regex/regex.c | U | 1777 | 1782 | 6 | 138671 | 57 | 382 | 100
687 | Revision_687/gnu_regex/regex.c | U | 1757 | 1762 | 6 | 138672 | 57 | 383 | 100
687 | Revision_687/gnu_regex/regex.c | U | 1792 | 1797 | 6 | 138673 | 57 | 384 | 100
687 | Revision_687/gnu_regex/regex.c | U | 2100 | 2108 | 7 | 138674 | 58 | 385 | 83
687 | Revision_687/gnu_regex/regex.c | U | 2119 | 2127 | 7 | 138675 | 58 | 386 | 83
687 | Revision_687/gnu_regex/regex.c | U | 3543 | 3551 | 8 | 138676 | 59 | 387 | 83
687 | Revision_687/gnu_regex/regex.c | U | 3553 | 3560 | 8 | 138677 | 59 | 388 | 83
687 | Revision_687/gnu_regex/regex.c | U | 3722 | 3736 | 15 | 138678 | 60 | 389 | 71
687 | Revision_687/gnu_regex/regex.c | U | 4312 | 4329 | 15 | 138679 | 60 | 390 | 71
687 | Revision_687/jscript.c | U | 356 | 453 | 123 | 138680 | 61 | 299 | 76
687 | Revision_687/sql.c | U | 505 | 651 | 123 | 138681 | 61 | 300 | 76
687 | Revision_687/jscript.c | U | 1072 | 1081 | 6 | 138682 | 62 | 360 | 75
687 | Revision_687/options.c | U | 1683 | 1687 | 6 | 138683 | 62 | 223 | 75
687 | Revision_687/jscript.c | U | 1152 | 1178 | 12 | 138684 | 63 | 372 | 72
687 | Revision_687/jscript.c | U | 1180 | 1202 | 12 | 138685 | 63 | 373 | 72
687 | Revision_687/keyword.c | U | 185 | 189 | 5 | 138686 | 64 | 85 | 75
687 | Revision_687/readtags.c | U | 452 | 456 | 5 | 138687 | 64 | 87 | 75
687 | Revision_687/options.c | U | 1042 | 1046 | 5 | 138688 | 64 | 86 | 75
687 | Revision_687/lisp.c | U | 91 | 97 | 7 | 138689 | 65 | 89 | 83
687 | Revision_687/lisp.c | U | 112 | 118 | 7 | 138690 | 65 | 90 | 83
687 | Revision_687/make.c | U | 44 | 48 | 5 | 138691 | 66 | 267 | 75
687 | Revision_687/verilog.c | U | 286 | 290 | 5 | 138692 | 66 | 268 | 75
687 | Revision_687/make.c | U | 77 | 87 | 11 | 138693 | 67 | 269 | 77
687 | Revision_687/verilog.c | U | 199 | 212 | 11 | 138694 | 67 | 270 | 77
687 | Revision_687/make.c | U | 97 | 105 | 8 | 138695 | 68 | 271 | 75
687 | Revision_687/verilog.c | U | 187 | 193 | 8 | 138696 | 68 | 272 | 75
687 | Revision_687/options.c | U | 369 | 375 | 6 | 138697 | 69 | 107 | 100
687 | Revision_687/options.c | U | 378 | 384 | 6 | 138698 | 69 | 108 | 100
687 | Revision_687/options.c | U | 543 | 549 | 7 | 138699 | 70 | 112 | 100
687 | Revision_687/options.c | U | 570 | 576 | 7 | 138700 | 70 | 115 | 100
687 | Revision_687/options.c | U | 552 | 558 | 7 | 138701 | 70 | 114 | 100
687 | Revision_687/options.c | U | 561 | 567 | 7 | 138702 | 70 | 113 | 100
687 | Revision_687/options.c | U | 982 | 986 | 5 | 138703 | 71 | 118 | 75
687 | Revision_687/options.c | U | 1008 | 1012 | 5 | 138704 | 71 | 119 | 75
687 | Revision_687/options.c | U | 1102 | 1106 | 5 | 138705 | 72 | 120 | 100
687 | Revision_687/options.c | U | 1108 | 1112 | 5 | 138706 | 72 | 120 | 100
687 | Revision_687/options.c | U | 1154 | 1166 | 12 | 138707 | 73 | 245 | 100
687 | Revision_687/options.c | U | 1171 | 1183 | 12 | 138708 | 73 | 123 | 100
687 | Revision_687/options.c | U | 1425 | 1442 | 15 | 138709 | 74 | 124 | 91
687 | Revision_687/options.c | U | 1463 | 1480 | 15 | 138710 | 74 | 125 | 91
687 | Revision_687/parse.c | U | 96 | 106 | 11 | 138711 | 75 | 126 | 88
687 | Revision_687/parse.c | U | 109 | 120 | 11 | 138712 | 75 | 127 | 88
687 | Revision_687/parse.c | U | 299 | 303 | 5 | 138713 | 76 | 246 | 75
687 | Revision_687/parse.c | U | 556 | 560 | 5 | 138714 | 76 | 247 | 75
687 | Revision_687/parse.c | U | 575 | 579 | 5 | 138715 | 76 | 248 | 75
687 | Revision_687/pascal.c | U | 134 | 138 | 5 | 138716 | 77 | 128 | 75
687 | Revision_687/perl.c | U | 187 | 191 | 5 | 138717 | 77 | 129 | 75
687 | Revision_687/pascal.c | U | 150 | 154 | 5 | 138718 | 78 | 212 | 75
687 | Revision_687/pascal.c | U | 176 | 182 | 5 | 138719 | 78 | 130 | 75
687 | Revision_687/pascal.c | U | 184 | 190 | 5 | 138720 | 78 | 131 | 75
687 | Revision_687/python.c | U | 575 | 579 | 5 | 138721 | 78 | 370 | 75
687 | Revision_687/perl.c | U | 208 | 214 | 7 | 138722 | 79 | 262 | 83
687 | Revision_687/perl.c | U | 254 | 259 | 7 | 138723 | 79 | 367 | 83
687 | Revision_687/python.c | U | 88 | 101 | 11 | 138724 | 80 | 39 | 77
687 | Revision_687/python.c | U | 131 | 142 | 11 | 138725 | 80 | 14 | 77
687 | Revision_687/python.c | U | 475 | 479 | 7 | 138726 | 81 | 370 | 80
687 | Revision_687/python.c | U | 480 | 485 | 7 | 138727 | 81 | 370 | 80
687 | Revision_687/python.c | U | 581 | 590 | 8 | 138728 | 82 | 436 | 83
687 | Revision_687/python.c | U | 592 | 600 | 8 | 138729 | 82 | 14 | 83
687 | Revision_687/readtags.c | U | 106 | 113 | 8 | 138730 | 83 | 149 | 83
687 | Revision_687/readtags.c | U | 116 | 123 | 8 | 138731 | 83 | 134 | 83
687 | Revision_687/routines.c | U | 298 | 305 | 8 | 138732 | 83 | 155 | 83
687 | Revision_687/routines.c | U | 288 | 295 | 8 | 138733 | 83 | 156 | 83
687 | Revision_687/readtags.c | U | 144 | 148 | 5 | 138734 | 84 | 110 | 75
687 | Revision_687/vstring.c | U | 35 | 40 | 5 | 138735 | 84 | 111 | 75
687 | Revision_687/readtags.c | U | 541 | 547 | 6 | 138736 | 85 | 150 | 100
687 | Revision_687/readtags.c | U | 549 | 555 | 6 | 138737 | 85 | 151 | 100
687 | Revision_687/readtags.c | U | 584 | 588 | 6 | 138738 | 86 | 134 | 75
687 | Revision_687/readtags.c | U | 639 | 645 | 6 | 138739 | 86 | 135 | 75
687 | Revision_687/readtags.c | U | 718 | 726 | 8 | 138740 | 87 | 136 | 83
687 | Revision_687/readtags.c | U | 773 | 781 | 8 | 138741 | 87 | 139 | 83
687 | Revision_687/readtags.c | U | 729 | 737 | 8 | 138742 | 87 | 139 | 83
687 | Revision_687/readtags.c | U | 740 | 745 | 6 | 138743 | 88 | 152 | 80
687 | Revision_687/readtags.c | U | 757 | 762 | 6 | 138744 | 88 | 153 | 80
687 | Revision_687/readtags.c | U | 765 | 770 | 6 | 138745 | 88 | 187 | 80
687 | Revision_687/routines.c | U | 237 | 244 | 6 | 138746 | 89 | 157 | 80
687 | Revision_687/routines.c | U | 247 | 254 | 6 | 138747 | 89 | 158 | 80
687 | Revision_687/routines.c | U | 322 | 326 | 5 | 138748 | 90 | 159 | 75
687 | Revision_687/vstring.c | U | 125 | 129 | 5 | 138749 | 90 | 94 | 75
687 | Revision_687/vstring.c | U | 118 | 122 | 5 | 138750 | 90 | 95 | 75
687 | Revision_687/routines.c | U | 329 | 335 | 6 | 138751 | 91 | 160 | 100
687 | Revision_687/routines.c | U | 338 | 344 | 6 | 138752 | 91 | 161 | 100
687 | Revision_687/routines.c | U | 349 | 356 | 8 | 138753 | 92 | 162 | 100
687 | Revision_687/routines.c | U | 361 | 368 | 8 | 138754 | 92 | 163 | 100
687 | Revision_687/routines.c | U | 453 | 459 | 5 | 138755 | 93 | 167 | 75
687 | Revision_687/strlist.c | U | 150 | 154 | 5 | 138756 | 93 | 62 | 75
687 | Revision_687/vhdl.c | U | 457 | 461 | 5 | 138757 | 93 | 421 | 75
687 | Revision_687/sql.c | U | 560 | 564 | 5 | 138758 | 93 | 206 | 75
687 | Revision_687/scheme.c | U | 70 | 78 | 8 | 138759 | 94 | 140 | 71
687 | Revision_687/scheme.c | U | 85 | 93 | 8 | 138760 | 94 | 141 | 71
687 | Revision_687/sort.c | U | 118 | 123 | 5 | 138761 | 95 | 182 | 100
687 | Revision_687/sort.c | U | 126 | 131 | 5 | 138762 | 95 | 183 | 100
687 | Revision_687/sql.c | U | 707 | 756 | 32 | 138763 | 96 | 422 | 72
687 | Revision_687/vhdl.c | U | 493 | 533 | 32 | 138764 | 96 | 423 | 72
687 | Revision_687/sql.c | U | 869 | 879 | 8 | 138765 | 97 | 359 | 71
687 | Revision_687/sql.c | U | 1647 | 1656 | 8 | 138766 | 97 | 350 | 71
687 | Revision_687/sql.c | U | 1510 | 1546 | 24 | 138767 | 98 | 351 | 78
687 | Revision_687/sql.c | U | 1916 | 1959 | 24 | 138768 | 98 | 352 | 78
687 | Revision_687/sql.c | U | 1880 | 1905 | 17 | 138769 | 99 | 353 | 84
687 | Revision_687/sql.c | U | 1929 | 1953 | 17 | 138770 | 99 | 354 | 84
687 | Revision_687/sql.c | U | 2054 | 2062 | 7 | 138771 | 100 | 426 | 100
687 | Revision_687/vhdl.c | U | 814 | 822 | 7 | 138772 | 100 | 427 | 100
687 | Revision_687/strlist.c | U | 32 | 38 | 8 | 138773 | 101 | 142 | 71
687 | Revision_687/vstring.c | U | 77 | 87 | 8 | 138774 | 101 | 143 | 71
687 | Revision_687/strlist.c | U | 191 | 196 | 7 | 138775 | 102 | 146 | 83
687 | Revision_687/strlist.c | U | 200 | 206 | 7 | 138776 | 102 | 264 | 83
687 | Revision_687/verilog.c | U | 142 | 146 | 5 | 138777 | 103 | 259 | 75
687 | Revision_687/verilog.c | U | 238 | 242 | 5 | 138778 | 103 | 260 | 75
687 | Revision_687/vhdl.c | U | 725 | 742 | 15 | 138779 | 104 | 430 | 100
687 | Revision_687/vhdl.c | U | 744 | 761 | 15 | 138780 | 104 | 427 | 100
687 | Revision_687/vim.c | U | 97 | 101 | 5 | 138781 | 105 | 192 | 100
687 | Revision_687/vim.c | U | 103 | 107 | 5 | 138782 | 105 | 193 | 100
687 | Revision_687/vim.c | U | 244 | 267 | 17 | 138783 | 106 | 224 | 76
687 | Revision_687/vim.c | U | 294 | 312 | 17 | 138784 | 106 | 147 | 76
