Revision | filePath | changeType | StartLine | EndLine | Nlines | cloneId | classId | globalCloneId | Similarity
693 | Revision_693/ant.c | A | 33 | 40 | 8 | 140907 | 1 | 526 | 70
693 | Revision_693/beta.c | U | 311 | 319 | 8 | 140908 | 1 | 15 | 70
693 | Revision_693/slang.c | U | 34 | 41 | 8 | 140909 | 1 | 27 | 70
693 | Revision_693/matlab.c | A | 35 | 42 | 8 | 140910 | 1 | 527 | 70
693 | Revision_693/rexx.c | U | 30 | 37 | 8 | 140911 | 1 | 25 | 70
693 | Revision_693/jscript.c | U | 1558 | 1571 | 8 | 140912 | 1 | 281 | 70
693 | Revision_693/tex.c | A | 584 | 597 | 8 | 140913 | 1 | 528 | 70
693 | Revision_693/php.c | U | 91 | 98 | 8 | 140914 | 1 | 366 | 70
693 | Revision_693/yacc.c | U | 31 | 38 | 8 | 140915 | 1 | 28 | 70
693 | Revision_693/vim.c | U | 626 | 634 | 8 | 140916 | 1 | 20 | 70
693 | Revision_693/lua.c | U | 123 | 131 | 8 | 140917 | 1 | 154 | 70
693 | Revision_693/cobol.c | U | 40 | 48 | 8 | 140918 | 1 | 213 | 70
693 | Revision_693/dosbatch.c | A | 33 | 40 | 8 | 140919 | 1 | 529 | 70
693 | Revision_693/keyword.c | U | 107 | 116 | 8 | 140920 | 1 | 29 | 70
693 | Revision_693/html.c | U | 40 | 47 | 8 | 140921 | 1 | 253 | 70
693 | Revision_693/verilog.c | U | 329 | 338 | 8 | 140922 | 1 | 184 | 70
693 | Revision_693/tcl.c | U | 106 | 114 | 8 | 140923 | 1 | 22 | 70
693 | Revision_693/sml.c | U | 202 | 210 | 8 | 140924 | 1 | 216 | 70
693 | Revision_693/lisp.c | U | 127 | 137 | 8 | 140925 | 1 | 11 | 70
693 | Revision_693/erlang.c | U | 179 | 187 | 8 | 140926 | 1 | 230 | 70
693 | Revision_693/asp.c | U | 201 | 209 | 8 | 140927 | 1 | 18 | 70
693 | Revision_693/python.c | U | 648 | 656 | 8 | 140928 | 1 | 14 | 70
693 | Revision_693/ruby.c | U | 398 | 406 | 8 | 140929 | 1 | 16 | 70
693 | Revision_693/awk.c | U | 71 | 79 | 8 | 140930 | 1 | 10 | 70
693 | Revision_693/pascal.c | U | 257 | 265 | 8 | 140931 | 1 | 13 | 70
693 | Revision_693/basic.c | U | 193 | 201 | 8 | 140932 | 1 | 275 | 70
693 | Revision_693/perl.c | U | 372 | 380 | 8 | 140933 | 1 | 19 | 70
693 | Revision_693/sh.c | U | 103 | 113 | 8 | 140934 | 1 | 24 | 70
693 | Revision_693/sql.c | U | 2065 | 2074 | 8 | 140935 | 1 | 197 | 70
693 | Revision_693/scheme.c | U | 99 | 109 | 8 | 140936 | 1 | 17 | 70
693 | Revision_693/vhdl.c | U | 825 | 834 | 8 | 140937 | 1 | 403 | 70
693 | Revision_693/flex.c | U | 2217 | 2230 | 8 | 140938 | 1 | 438 | 70
693 | Revision_693/make.c | U | 205 | 215 | 8 | 140939 | 1 | 26 | 70
693 | Revision_693/options.c | U | 626 | 632 | 8 | 140940 | 1 | 30 | 70
693 | Revision_693/gnu_regex/regex.c | U | 2828 | 2833 | 8 | 140941 | 1 | 374 | 70
693 | Revision_693/options.c | U | 533 | 538 | 8 | 140942 | 1 | 242 | 70
693 | Revision_693/asm.c | U | 366 | 385 | 8 | 140943 | 1 | 174 | 70
693 | Revision_693/args.c | U | 85 | 92 | 8 | 140944 | 2 | 1 | 100
693 | Revision_693/args.c | U | 160 | 167 | 8 | 140945 | 2 | 2 | 100
693 | Revision_693/args.c | U | 182 | 190 | 9 | 140946 | 3 | 3 | 75
693 | Revision_693/args.c | U | 203 | 211 | 9 | 140947 | 3 | 4 | 75
693 | Revision_693/args.c | U | 193 | 200 | 9 | 140948 | 3 | 5 | 75
693 | Revision_693/args.c | U | 266 | 272 | 7 | 140949 | 4 | 6 | 83
693 | Revision_693/options.c | U | 579 | 584 | 7 | 140950 | 4 | 7 | 83
693 | Revision_693/asm.c | U | 120 | 128 | 8 | 140951 | 5 | 188 | 71
693 | Revision_693/sql.c | U | 385 | 394 | 8 | 140952 | 5 | 196 | 71
693 | Revision_693/tex.c | A | 152 | 161 | 8 | 140953 | 5 | 530 | 71
693 | Revision_693/flex.c | U | 209 | 218 | 8 | 140954 | 5 | 437 | 71
693 | Revision_693/jscript.c | U | 180 | 189 | 8 | 140955 | 5 | 280 | 71
693 | Revision_693/vhdl.c | U | 573 | 583 | 8 | 140956 | 5 | 401 | 71
693 | Revision_693/verilog.c | U | 108 | 118 | 8 | 140957 | 5 | 258 | 71
693 | Revision_693/asm.c | U | 131 | 139 | 8 | 140958 | 6 | 170 | 71
693 | Revision_693/keyword.c | U | 196 | 203 | 8 | 140959 | 6 | 432 | 71
693 | Revision_693/asm.c | U | 243 | 256 | 11 | 140960 | 7 | 191 | 77
693 | Revision_693/asm.c | U | 261 | 271 | 11 | 140961 | 7 | 179 | 77
693 | Revision_693/asm.c | U | 347 | 352 | 6 | 140962 | 8 | 256 | 80
693 | Revision_693/sh.c | U | 89 | 94 | 6 | 140963 | 8 | 257 | 80
693 | Revision_693/asp.c | U | 71 | 90 | 15 | 140964 | 9 | 31 | 100
693 | Revision_693/asp.c | U | 94 | 113 | 15 | 140965 | 9 | 32 | 100
693 | Revision_693/asp.c | U | 117 | 133 | 14 | 140966 | 10 | 33 | 100
693 | Revision_693/asp.c | U | 175 | 190 | 14 | 140967 | 10 | 34 | 100
693 | Revision_693/asp.c | U | 156 | 171 | 14 | 140968 | 10 | 34 | 100
693 | Revision_693/asp.c | U | 137 | 152 | 14 | 140969 | 10 | 34 | 100
693 | Revision_693/basic.c | U | 135 | 140 | 6 | 140970 | 11 | 278 | 80
693 | Revision_693/basic.c | U | 147 | 152 | 6 | 140971 | 11 | 279 | 80
693 | Revision_693/beta.c | U | 71 | 80 | 10 | 140972 | 12 | 43 | 70
693 | Revision_693/sml.c | U | 75 | 81 | 10 | 140973 | 12 | 217 | 70
693 | Revision_693/parse.c | U | 43 | 54 | 10 | 140974 | 12 | 44 | 70
693 | Revision_693/vhdl.c | U | 536 | 548 | 10 | 140975 | 12 | 404 | 70
693 | Revision_693/sql.c | U | 423 | 437 | 10 | 140976 | 12 | 198 | 70
693 | Revision_693/tex.c | A | 192 | 206 | 10 | 140977 | 12 | 531 | 70
693 | Revision_693/flex.c | U | 249 | 263 | 10 | 140978 | 12 | 439 | 70
693 | Revision_693/jscript.c | U | 219 | 233 | 10 | 140979 | 12 | 283 | 70
693 | Revision_693/beta.c | U | 134 | 141 | 6 | 140980 | 13 | 45 | 75
693 | Revision_693/beta.c | U | 204 | 212 | 6 | 140981 | 13 | 46 | 75
693 | Revision_693/beta.c | U | 152 | 156 | 5 | 140982 | 14 | 47 | 75
693 | Revision_693/beta.c | U | 277 | 281 | 5 | 140983 | 14 | 48 | 75
693 | Revision_693/beta.c | U | 271 | 275 | 5 | 140984 | 14 | 50 | 75
693 | Revision_693/beta.c | U | 165 | 169 | 5 | 140985 | 14 | 49 | 75
693 | Revision_693/beta.c | U | 158 | 162 | 5 | 140986 | 14 | 51 | 75
693 | Revision_693/gnu_regex/regex.c | U | 2768 | 2772 | 5 | 140987 | 14 | 375 | 75
693 | Revision_693/erlang.c | U | 58 | 62 | 5 | 140988 | 15 | 231 | 75
693 | Revision_693/python.c | U | 196 | 200 | 5 | 140989 | 15 | 180 | 75
693 | Revision_693/options.c | U | 963 | 968 | 5 | 140990 | 15 | 181 | 75
693 | Revision_693/python.c | U | 218 | 222 | 5 | 140991 | 15 | 368 | 75
693 | Revision_693/sml.c | U | 84 | 88 | 5 | 140992 | 15 | 218 | 75
693 | Revision_693/erlang.c | U | 66 | 75 | 9 | 140993 | 16 | 232 | 75
693 | Revision_693/tcl.c | U | 44 | 54 | 9 | 140994 | 16 | 195 | 75
693 | Revision_693/python.c | U | 226 | 235 | 9 | 140995 | 16 | 194 | 75
693 | Revision_693/erlang.c | U | 97 | 105 | 7 | 140996 | 17 | 237 | 71
693 | Revision_693/perl.c | U | 339 | 346 | 7 | 140997 | 17 | 262 | 71
693 | Revision_693/main.c | U | 260 | 267 | 7 | 140998 | 17 | 254 | 71
693 | Revision_693/main.c | U | 179 | 185 | 7 | 140999 | 17 | 255 | 71
693 | Revision_693/erlang.c | U | 116 | 121 | 7 | 141000 | 17 | 235 | 71
693 | Revision_693/erlang.c | U | 108 | 113 | 7 | 141001 | 17 | 239 | 71
693 | Revision_693/perl.c | U | 353 | 359 | 7 | 141002 | 17 | 19 | 71
693 | Revision_693/flex.c | U | 221 | 235 | 12 | 141003 | 18 | 440 | 75
693 | Revision_693/sql.c | U | 397 | 409 | 12 | 141004 | 18 | 205 | 75
693 | Revision_693/tex.c | A | 164 | 178 | 12 | 141005 | 18 | 532 | 75
693 | Revision_693/jscript.c | U | 192 | 205 | 12 | 141006 | 18 | 282 | 75
693 | Revision_693/vhdl.c | U | 342 | 351 | 12 | 141007 | 18 | 405 | 75
693 | Revision_693/flex.c | U | 238 | 242 | 5 | 141008 | 19 | 441 | 75
693 | Revision_693/tex.c | A | 181 | 185 | 5 | 141009 | 19 | 533 | 75
693 | Revision_693/vstring.c | U | 69 | 73 | 5 | 141010 | 19 | 287 | 75
693 | Revision_693/vhdl.c | U | 354 | 361 | 5 | 141011 | 19 | 406 | 75
693 | Revision_693/sql.c | U | 412 | 416 | 5 | 141012 | 19 | 288 | 75
693 | Revision_693/jscript.c | U | 208 | 212 | 5 | 141013 | 19 | 286 | 75
693 | Revision_693/vstring.c | U | 67 | 74 | 5 | 141014 | 19 | 287 | 75
693 | Revision_693/flex.c | U | 266 | 298 | 16 | 141015 | 20 | 442 | 75
693 | Revision_693/jscript.c | U | 236 | 257 | 16 | 141016 | 20 | 289 | 75
693 | Revision_693/tex.c | A | 209 | 230 | 16 | 141017 | 20 | 534 | 75
693 | Revision_693/sql.c | U | 440 | 461 | 16 | 141018 | 20 | 290 | 75
693 | Revision_693/vhdl.c | U | 551 | 570 | 16 | 141019 | 20 | 407 | 75
693 | Revision_693/flex.c | U | 270 | 297 | 16 | 141020 | 20 | 442 | 75
693 | Revision_693/flex.c | U | 301 | 325 | 19 | 141021 | 21 | 443 | 73
693 | Revision_693/jscript.c | U | 1390 | 1430 | 19 | 141022 | 21 | 434 | 73
693 | Revision_693/flex.c | U | 1800 | 1840 | 19 | 141023 | 21 | 444 | 73
693 | Revision_693/jscript.c | U | 260 | 284 | 19 | 141024 | 21 | 433 | 73
693 | Revision_693/flex.c | U | 328 | 348 | 19 | 141025 | 21 | 445 | 73
693 | Revision_693/jscript.c | U | 287 | 311 | 19 | 141026 | 21 | 398 | 73
693 | Revision_693/flex.c | U | 351 | 375 | 19 | 141027 | 21 | 446 | 73
693 | Revision_693/flex.c | U | 308 | 312 | 5 | 141028 | 22 | 535 | 75
693 | Revision_693/tex.c | A | 515 | 519 | 5 | 141029 | 22 | 536 | 75
693 | Revision_693/jscript.c | U | 1411 | 1415 | 5 | 141030 | 22 | 342 | 75
693 | Revision_693/jscript.c | U | 294 | 298 | 5 | 141031 | 22 | 291 | 75
693 | Revision_693/jscript.c | U | 267 | 271 | 5 | 141032 | 22 | 280 | 75
693 | Revision_693/flex.c | U | 335 | 339 | 5 | 141033 | 22 | 537 | 75
693 | Revision_693/flex.c | U | 358 | 362 | 5 | 141034 | 22 | 538 | 75
693 | Revision_693/flex.c | U | 1821 | 1825 | 5 | 141035 | 22 | 539 | 75
693 | Revision_693/flex.c | U | 382 | 400 | 17 | 141036 | 23 | 447 | 100
693 | Revision_693/vhdl.c | U | 368 | 386 | 17 | 141037 | 23 | 409 | 100
693 | Revision_693/jscript.c | U | 318 | 336 | 17 | 141038 | 23 | 398 | 100
693 | Revision_693/tex.c | A | 237 | 255 | 17 | 141039 | 23 | 540 | 100
693 | Revision_693/sql.c | U | 468 | 486 | 17 | 141040 | 23 | 296 | 100
693 | Revision_693/flex.c | U | 406 | 417 | 12 | 141041 | 24 | 448 | 100
693 | Revision_693/jscript.c | U | 342 | 353 | 12 | 141042 | 24 | 295 | 100
693 | Revision_693/tex.c | A | 262 | 274 | 12 | 141043 | 24 | 541 | 100
693 | Revision_693/vhdl.c | U | 391 | 402 | 12 | 141044 | 24 | 410 | 100
693 | Revision_693/sql.c | U | 491 | 502 | 12 | 141045 | 24 | 296 | 100
693 | Revision_693/flex.c | U | 429 | 433 | 5 | 141046 | 25 | 449 | 71
693 | Revision_693/flex.c | U | 502 | 506 | 5 | 141047 | 25 | 450 | 71
693 | Revision_693/jscript.c | U | 365 | 369 | 5 | 141048 | 25 | 291 | 71
693 | Revision_693/vhdl.c | U | 414 | 418 | 5 | 141049 | 25 | 411 | 71
693 | Revision_693/flex.c | U | 661 | 665 | 5 | 141050 | 25 | 451 | 71
693 | Revision_693/tex.c | A | 286 | 290 | 5 | 141051 | 25 | 542 | 71
693 | Revision_693/sql.c | U | 514 | 527 | 5 | 141052 | 25 | 206 | 71
693 | Revision_693/flex.c | U | 613 | 617 | 5 | 141053 | 25 | 452 | 71
693 | Revision_693/flex.c | U | 659 | 666 | 5 | 141054 | 25 | 450 | 71
693 | Revision_693/flex.c | U | 611 | 618 | 5 | 141055 | 25 | 451 | 71
693 | Revision_693/flex.c | U | 522 | 528 | 5 | 141056 | 25 | 453 | 71
693 | Revision_693/flex.c | U | 475 | 480 | 5 | 141057 | 25 | 454 | 71
693 | Revision_693/flex.c | U | 637 | 643 | 5 | 141058 | 25 | 455 | 71
693 | Revision_693/flex.c | U | 650 | 657 | 5 | 141059 | 25 | 456 | 71
693 | Revision_693/flex.c | U | 589 | 595 | 5 | 141060 | 25 | 457 | 71
693 | Revision_693/flex.c | U | 602 | 609 | 5 | 141061 | 25 | 458 | 71
693 | Revision_693/flex.c | U | 535 | 541 | 5 | 141062 | 25 | 459 | 71
693 | Revision_693/flex.c | U | 626 | 632 | 5 | 141063 | 25 | 460 | 71
693 | Revision_693/flex.c | U | 548 | 555 | 5 | 141064 | 25 | 461 | 71
693 | Revision_693/flex.c | U | 482 | 507 | 25 | 141065 | 26 | 462 | 70
693 | Revision_693/sql.c | U | 597 | 627 | 25 | 141066 | 26 | 464 | 70
693 | Revision_693/jscript.c | U | 405 | 435 | 25 | 141067 | 26 | 463 | 70
693 | Revision_693/flex.c | U | 586 | 621 | 35 | 141068 | 27 | 465 | 74
693 | Revision_693/flex.c | U | 623 | 670 | 35 | 141069 | 27 | 466 | 74
693 | Revision_693/flex.c | U | 691 | 700 | 10 | 141070 | 28 | 467 | 100
693 | Revision_693/vhdl.c | U | 467 | 476 | 10 | 141071 | 28 | 413 | 100
693 | Revision_693/jscript.c | U | 441 | 450 | 10 | 141072 | 28 | 412 | 100
693 | Revision_693/tex.c | A | 328 | 337 | 10 | 141073 | 28 | 543 | 100
693 | Revision_693/flex.c | U | 706 | 715 | 10 | 141074 | 29 | 468 | 88
693 | Revision_693/tex.c | A | 368 | 377 | 10 | 141075 | 29 | 544 | 88
693 | Revision_693/jscript.c | U | 456 | 464 | 10 | 141076 | 29 | 301 | 88
693 | Revision_693/flex.c | U | 722 | 752 | 17 | 141077 | 30 | 469 | 83
693 | Revision_693/flex.c | U | 755 | 784 | 17 | 141078 | 30 | 470 | 83
693 | Revision_693/jscript.c | U | 471 | 501 | 17 | 141079 | 30 | 284 | 83
693 | Revision_693/sql.c | U | 737 | 755 | 17 | 141080 | 30 | 400 | 83
693 | Revision_693/tex.c | A | 414 | 443 | 17 | 141081 | 30 | 545 | 83
693 | Revision_693/tex.c | A | 384 | 411 | 17 | 141082 | 30 | 546 | 83
693 | Revision_693/jscript.c | U | 504 | 533 | 17 | 141083 | 30 | 371 | 83
693 | Revision_693/vhdl.c | U | 514 | 532 | 17 | 141084 | 30 | 414 | 83
693 | Revision_693/flex.c | U | 787 | 794 | 7 | 141085 | 31 | 471 | 80
693 | Revision_693/jscript.c | U | 536 | 543 | 7 | 141086 | 31 | 301 | 80
693 | Revision_693/flex.c | U | 797 | 804 | 7 | 141087 | 31 | 472 | 80
693 | Revision_693/jscript.c | U | 546 | 553 | 7 | 141088 | 31 | 302 | 80
693 | Revision_693/sql.c | U | 670 | 677 | 7 | 141089 | 31 | 304 | 80
693 | Revision_693/tex.c | A | 446 | 453 | 7 | 141090 | 31 | 547 | 80
693 | Revision_693/tex.c | A | 456 | 463 | 7 | 141091 | 31 | 548 | 80
693 | Revision_693/flex.c | U | 811 | 833 | 13 | 141092 | 32 | 473 | 100
693 | Revision_693/jscript.c | U | 560 | 582 | 13 | 141093 | 32 | 316 | 100
693 | Revision_693/flex.c | U | 818 | 832 | 10 | 141094 | 33 | 474 | 70
693 | Revision_693/vhdl.c | U | 656 | 668 | 10 | 141095 | 33 | 415 | 70
693 | Revision_693/flex.c | U | 1176 | 1204 | 10 | 141096 | 33 | 475 | 70
693 | Revision_693/jscript.c | U | 837 | 847 | 10 | 141097 | 33 | 307 | 70
693 | Revision_693/vhdl.c | U | 728 | 741 | 10 | 141098 | 33 | 430 | 70
693 | Revision_693/jscript.c | U | 647 | 673 | 10 | 141099 | 33 | 309 | 70
693 | Revision_693/vhdl.c | U | 747 | 760 | 10 | 141100 | 33 | 427 | 70
693 | Revision_693/flex.c | U | 1734 | 1749 | 10 | 141101 | 33 | 477 | 70
693 | Revision_693/vhdl.c | U | 617 | 625 | 10 | 141102 | 33 | 416 | 70
693 | Revision_693/jscript.c | U | 1324 | 1339 | 10 | 141103 | 33 | 281 | 70
693 | Revision_693/jscript.c | U | 585 | 620 | 10 | 141104 | 33 | 315 | 70
693 | Revision_693/sql.c | U | 1962 | 1990 | 10 | 141105 | 33 | 314 | 70
693 | Revision_693/sql.c | U | 1579 | 1586 | 10 | 141106 | 33 | 311 | 70
693 | Revision_693/jscript.c | U | 567 | 581 | 10 | 141107 | 33 | 306 | 70
693 | Revision_693/sql.c | U | 1073 | 1090 | 10 | 141108 | 33 | 319 | 70
693 | Revision_693/sql.c | U | 1106 | 1129 | 10 | 141109 | 33 | 337 | 70
693 | Revision_693/flex.c | U | 1244 | 1263 | 10 | 141110 | 33 | 478 | 70
693 | Revision_693/jscript.c | U | 986 | 1005 | 10 | 141111 | 33 | 318 | 70
693 | Revision_693/jscript.c | U | 839 | 846 | 10 | 141112 | 33 | 307 | 70
693 | Revision_693/flex.c | U | 2090 | 2109 | 10 | 141113 | 33 | 479 | 70
693 | Revision_693/flex.c | U | 1943 | 1953 | 10 | 141114 | 33 | 481 | 70
693 | Revision_693/flex.c | U | 2111 | 2127 | 10 | 141115 | 33 | 480 | 70
693 | Revision_693/flex.c | U | 894 | 920 | 10 | 141116 | 33 | 476 | 70
693 | Revision_693/vhdl.c | U | 586 | 600 | 10 | 141117 | 33 | 418 | 70
693 | Revision_693/sql.c | U | 1696 | 1722 | 10 | 141118 | 33 | 320 | 70
693 | Revision_693/sql.c | U | 1725 | 1746 | 10 | 141119 | 33 | 324 | 70
693 | Revision_693/sql.c | U | 836 | 850 | 10 | 141120 | 33 | 313 | 70
693 | Revision_693/sql.c | U | 1464 | 1472 | 10 | 141121 | 33 | 396 | 70
693 | Revision_693/jscript.c | U | 1084 | 1090 | 10 | 141122 | 33 | 309 | 70
693 | Revision_693/flex.c | U | 1946 | 1952 | 10 | 141123 | 33 | 481 | 70
693 | Revision_693/vhdl.c | U | 635 | 640 | 10 | 141124 | 33 | 416 | 70
693 | Revision_693/flex.c | U | 2099 | 2108 | 10 | 141125 | 33 | 485 | 70
693 | Revision_693/flex.c | U | 943 | 954 | 10 | 141126 | 33 | 486 | 70
693 | Revision_693/jscript.c | U | 696 | 707 | 10 | 141127 | 33 | 312 | 70
693 | Revision_693/sql.c | U | 929 | 949 | 10 | 141128 | 33 | 310 | 70
693 | Revision_693/sql.c | U | 1395 | 1401 | 10 | 141129 | 33 | 356 | 70
693 | Revision_693/flex.c | U | 836 | 867 | 10 | 141130 | 33 | 476 | 70
693 | Revision_693/sql.c | U | 1475 | 1485 | 10 | 141131 | 33 | 397 | 70
693 | Revision_693/flex.c | U | 1931 | 1956 | 10 | 141132 | 33 | 484 | 70
693 | Revision_693/flex.c | U | 2170 | 2181 | 10 | 141133 | 33 | 483 | 70
693 | Revision_693/sql.c | U | 834 | 851 | 10 | 141134 | 33 | 313 | 70
693 | Revision_693/flex.c | U | 1940 | 1954 | 10 | 141135 | 33 | 481 | 70
693 | Revision_693/vhdl.c | U | 673 | 687 | 10 | 141136 | 33 | 417 | 70
693 | Revision_693/sql.c | U | 1788 | 1809 | 10 | 141137 | 33 | 321 | 70
693 | Revision_693/sql.c | U | 1764 | 1785 | 10 | 141138 | 33 | 322 | 70
693 | Revision_693/sql.c | U | 1665 | 1693 | 10 | 141139 | 33 | 323 | 70
693 | Revision_693/flex.c | U | 2173 | 2180 | 10 | 141140 | 33 | 483 | 70
693 | Revision_693/vhdl.c | U | 705 | 716 | 10 | 141141 | 33 | 417 | 70
693 | Revision_693/flex.c | U | 2120 | 2126 | 10 | 141142 | 33 | 490 | 70
693 | Revision_693/sql.c | U | 759 | 771 | 10 | 141143 | 33 | 313 | 70
693 | Revision_693/ruby.c | U | 214 | 218 | 10 | 141144 | 33 | 265 | 70
693 | Revision_693/flex.c | U | 1995 | 2003 | 10 | 141145 | 33 | 489 | 70
693 | Revision_693/sql.c | U | 1295 | 1303 | 10 | 141146 | 33 | 397 | 70
693 | Revision_693/flex.c | U | 2129 | 2136 | 10 | 141147 | 33 | 488 | 70
693 | Revision_693/vhdl.c | U | 707 | 715 | 10 | 141148 | 33 | 425 | 70
693 | Revision_693/jscript.c | U | 675 | 708 | 10 | 141149 | 33 | 487 | 70
693 | Revision_693/sql.c | U | 1532 | 1542 | 10 | 141150 | 33 | 345 | 70
693 | Revision_693/sql.c | U | 1812 | 1852 | 10 | 141151 | 33 | 327 | 70
693 | Revision_693/vhdl.c | U | 647 | 670 | 10 | 141152 | 33 | 431 | 70
693 | Revision_693/ruby.c | U | 195 | 200 | 10 | 141153 | 33 | 491 | 70
693 | Revision_693/flex.c | U | 2101 | 2107 | 10 | 141154 | 33 | 485 | 70
693 | Revision_693/vim.c | U | 400 | 408 | 10 | 141155 | 33 | 365 | 70
693 | Revision_693/sql.c | U | 1549 | 1588 | 10 | 141156 | 33 | 329 | 70
693 | Revision_693/sql.c | U | 1373 | 1411 | 10 | 141157 | 33 | 328 | 70
693 | Revision_693/flex.c | U | 1241 | 1275 | 10 | 141158 | 33 | 492 | 70
693 | Revision_693/jscript.c | U | 983 | 1017 | 10 | 141159 | 33 | 340 | 70
693 | Revision_693/get.c | U | 594 | 598 | 10 | 141160 | 33 | 364 | 70
693 | Revision_693/readtags.c | U | 363 | 367 | 10 | 141161 | 33 | 391 | 70
693 | Revision_693/flex.c | U | 870 | 956 | 30 | 141162 | 34 | 493 | 90
693 | Revision_693/jscript.c | U | 623 | 709 | 30 | 141163 | 34 | 494 | 90
693 | Revision_693/flex.c | U | 922 | 955 | 17 | 141164 | 35 | 495 | 75
693 | Revision_693/flex.c | U | 1922 | 1957 | 17 | 141165 | 35 | 496 | 75
693 | Revision_693/flex.c | U | 959 | 1066 | 30 | 141166 | 36 | 497 | 100
693 | Revision_693/jscript.c | U | 712 | 819 | 30 | 141167 | 36 | 498 | 100
693 | Revision_693/flex.c | U | 1069 | 1144 | 22 | 141168 | 37 | 499 | 70
693 | Revision_693/sql.c | U | 1448 | 1486 | 22 | 141169 | 37 | 500 | 70
693 | Revision_693/flex.c | U | 1920 | 1963 | 22 | 141170 | 37 | 502 | 70
693 | Revision_693/flex.c | U | 1982 | 2035 | 22 | 141171 | 37 | 501 | 70
693 | Revision_693/flex.c | U | 2160 | 2187 | 22 | 141172 | 37 | 503 | 70
693 | Revision_693/flex.c | U | 1221 | 1282 | 33 | 141173 | 38 | 504 | 100
693 | Revision_693/jscript.c | U | 963 | 1024 | 33 | 141174 | 38 | 505 | 100
693 | Revision_693/flex.c | U | 1252 | 1262 | 5 | 141175 | 39 | 506 | 75
693 | Revision_693/options.c | U | 352 | 357 | 5 | 141176 | 39 | 107 | 75
693 | Revision_693/flex.c | U | 1265 | 1274 | 5 | 141177 | 39 | 507 | 75
693 | Revision_693/jscript.c | U | 994 | 1004 | 5 | 141178 | 39 | 399 | 75
693 | Revision_693/vhdl.c | U | 620 | 624 | 5 | 141179 | 39 | 416 | 75
693 | Revision_693/sql.c | U | 1636 | 1640 | 5 | 141180 | 39 | 335 | 75
693 | Revision_693/sql.c | U | 1897 | 1901 | 5 | 141181 | 39 | 334 | 75
693 | Revision_693/vhdl.c | U | 611 | 615 | 5 | 141182 | 39 | 419 | 75
693 | Revision_693/jscript.c | U | 1007 | 1016 | 5 | 141183 | 39 | 336 | 75
693 | Revision_693/vhdl.c | U | 731 | 736 | 5 | 141184 | 39 | 427 | 75
693 | Revision_693/vhdl.c | U | 750 | 755 | 5 | 141185 | 39 | 429 | 75
693 | Revision_693/options.c | U | 674 | 678 | 5 | 141186 | 39 | 116 | 75
693 | Revision_693/jscript.c | U | 909 | 918 | 5 | 141187 | 39 | 332 | 75
693 | Revision_693/options.c | U | 1221 | 1225 | 5 | 141188 | 39 | 117 | 75
693 | Revision_693/jscript.c | U | 920 | 925 | 5 | 141189 | 39 | 333 | 75
693 | Revision_693/jscript.c | U | 891 | 907 | 5 | 141190 | 39 | 338 | 75
693 | Revision_693/flex.c | U | 1324 | 1334 | 5 | 141191 | 40 | 508 | 75
693 | Revision_693/jscript.c | U | 1423 | 1427 | 5 | 141192 | 40 | 342 | 75
693 | Revision_693/flex.c | U | 1833 | 1837 | 5 | 141193 | 40 | 509 | 75
693 | Revision_693/sql.c | U | 1082 | 1089 | 5 | 141194 | 40 | 343 | 75
693 | Revision_693/sql.c | U | 998 | 1004 | 5 | 141195 | 40 | 344 | 75
693 | Revision_693/sql.c | U | 1713 | 1719 | 5 | 141196 | 40 | 345 | 75
693 | Revision_693/sql.c | U | 1684 | 1690 | 5 | 141197 | 40 | 346 | 75
693 | Revision_693/sql.c | U | 1403 | 1408 | 5 | 141198 | 40 | 347 | 75
693 | Revision_693/flex.c | U | 1399 | 1867 | 198 | 141199 | 41 | 510 | 77
693 | Revision_693/jscript.c | U | 1027 | 1457 | 198 | 141200 | 41 | 511 | 77
693 | Revision_693/flex.c | U | 1464 | 1499 | 34 | 141201 | 42 | 512 | 71
693 | Revision_693/vhdl.c | U | 769 | 802 | 34 | 141202 | 42 | 513 | 71
693 | Revision_693/flex.c | U | 1561 | 1587 | 12 | 141203 | 43 | 514 | 72
693 | Revision_693/flex.c | U | 1589 | 1611 | 12 | 141204 | 43 | 515 | 72
693 | Revision_693/flex.c | U | 1751 | 1768 | 5 | 141205 | 44 | 516 | 75
693 | Revision_693/readtags.c | U | 502 | 506 | 5 | 141206 | 44 | 87 | 75
693 | Revision_693/readtags.c | U | 681 | 685 | 5 | 141207 | 44 | 88 | 75
693 | Revision_693/jscript.c | U | 1341 | 1358 | 5 | 141208 | 44 | 435 | 75
693 | Revision_693/flex.c | U | 1870 | 1917 | 29 | 141209 | 45 | 517 | 92
693 | Revision_693/jscript.c | U | 1460 | 1507 | 29 | 141210 | 45 | 518 | 92
693 | Revision_693/flex.c | U | 1883 | 1906 | 21 | 141211 | 46 | 519 | 70
693 | Revision_693/get.c | U | 406 | 413 | 21 | 141212 | 46 | 520 | 70
693 | Revision_693/flex.c | U | 2142 | 2155 | 16 | 141213 | 47 | 521 | 75
693 | Revision_693/jscript.c | U | 1512 | 1527 | 16 | 141214 | 47 | 281 | 75
693 | Revision_693/flex.c | U | 2146 | 2149 | 8 | 141215 | 48 | 522 | 71
693 | Revision_693/Test/local.c | U | 14 | 20 | 8 | 141216 | 48 | 362 | 71
693 | Revision_693/vhdl.c | U | 499 | 506 | 8 | 141217 | 48 | 420 | 71
693 | Revision_693/jscript.c | U | 1518 | 1521 | 8 | 141218 | 48 | 361 | 71
693 | Revision_693/flex.c | U | 2190 | 2194 | 5 | 141219 | 49 | 523 | 75
693 | Revision_693/sql.c | U | 2047 | 2051 | 5 | 141220 | 49 | 274 | 75
693 | Revision_693/jscript.c | U | 1531 | 1535 | 5 | 141221 | 49 | 348 | 75
693 | Revision_693/tex.c | A | 564 | 568 | 5 | 141222 | 49 | 549 | 75
693 | Revision_693/make.c | U | 191 | 195 | 5 | 141223 | 49 | 273 | 75
693 | Revision_693/flex.c | U | 2197 | 2213 | 14 | 141224 | 50 | 524 | 100
693 | Revision_693/jscript.c | U | 1538 | 1554 | 14 | 141225 | 50 | 525 | 100
693 | Revision_693/get.c | U | 305 | 314 | 10 | 141226 | 51 | 74 | 70
693 | Revision_693/parse.c | U | 586 | 600 | 10 | 141227 | 51 | 76 | 70
693 | Revision_693/read.c | U | 220 | 231 | 10 | 141228 | 51 | 75 | 70
693 | Revision_693/get.c | U | 467 | 478 | 10 | 141229 | 52 | 77 | 87
693 | Revision_693/get.c | U | 484 | 495 | 10 | 141230 | 52 | 79 | 87
693 | Revision_693/get.c | U | 541 | 546 | 6 | 141231 | 53 | 80 | 80
693 | Revision_693/read.c | U | 424 | 428 | 6 | 141232 | 53 | 81 | 80
693 | Revision_693/get.c | U | 649 | 653 | 5 | 141233 | 54 | 394 | 75
693 | Revision_693/python.c | U | 184 | 187 | 5 | 141234 | 54 | 395 | 75
693 | Revision_693/gnu_regex/regex.c | U | 810 | 815 | 5 | 141235 | 55 | 376 | 75
693 | Revision_693/main.c | U | 126 | 139 | 5 | 141236 | 55 | 243 | 75
693 | Revision_693/routines.c | U | 621 | 644 | 5 | 141237 | 55 | 377 | 75
693 | Revision_693/options.c | U | 397 | 402 | 5 | 141238 | 55 | 244 | 75
693 | Revision_693/gnu_regex/regex.c | U | 1182 | 1192 | 6 | 141239 | 56 | 378 | 80
693 | Revision_693/gnu_regex/regex.c | U | 1197 | 1207 | 6 | 141240 | 56 | 379 | 80
693 | Revision_693/gnu_regex/regex.c | U | 1330 | 1339 | 5 | 141241 | 57 | 380 | 100
693 | Revision_693/gnu_regex/regex.c | U | 1816 | 1820 | 5 | 141242 | 57 | 381 | 100
693 | Revision_693/gnu_regex/regex.c | U | 1627 | 1632 | 6 | 141243 | 58 | 392 | 100
693 | Revision_693/gnu_regex/regex.c | U | 1792 | 1797 | 6 | 141244 | 58 | 382 | 100
693 | Revision_693/gnu_regex/regex.c | U | 1757 | 1762 | 6 | 141245 | 58 | 383 | 100
693 | Revision_693/gnu_regex/regex.c | U | 1777 | 1782 | 6 | 141246 | 58 | 384 | 100
693 | Revision_693/gnu_regex/regex.c | U | 1649 | 1654 | 6 | 141247 | 58 | 393 | 100
693 | Revision_693/gnu_regex/regex.c | U | 2100 | 2108 | 7 | 141248 | 59 | 385 | 83
693 | Revision_693/gnu_regex/regex.c | U | 2119 | 2127 | 7 | 141249 | 59 | 386 | 83
693 | Revision_693/gnu_regex/regex.c | U | 3543 | 3551 | 8 | 141250 | 60 | 387 | 83
693 | Revision_693/gnu_regex/regex.c | U | 3553 | 3560 | 8 | 141251 | 60 | 388 | 83
693 | Revision_693/gnu_regex/regex.c | U | 3722 | 3736 | 15 | 141252 | 61 | 389 | 71
693 | Revision_693/gnu_regex/regex.c | U | 4312 | 4329 | 15 | 141253 | 61 | 390 | 71
693 | Revision_693/jscript.c | U | 356 | 453 | 107 | 141254 | 62 | 299 | 76
693 | Revision_693/tex.c | A | 277 | 357 | 107 | 141255 | 62 | 550 | 76
693 | Revision_693/sql.c | U | 505 | 651 | 107 | 141256 | 62 | 300 | 76
693 | Revision_693/jscript.c | U | 1072 | 1081 | 6 | 141257 | 63 | 360 | 75
693 | Revision_693/options.c | U | 1683 | 1687 | 6 | 141258 | 63 | 223 | 75
693 | Revision_693/jscript.c | U | 1152 | 1178 | 12 | 141259 | 64 | 372 | 72
693 | Revision_693/jscript.c | U | 1180 | 1202 | 12 | 141260 | 64 | 373 | 72
693 | Revision_693/keyword.c | U | 185 | 189 | 5 | 141261 | 65 | 85 | 75
693 | Revision_693/readtags.c | U | 452 | 456 | 5 | 141262 | 65 | 87 | 75
693 | Revision_693/options.c | U | 1042 | 1046 | 5 | 141263 | 65 | 86 | 75
693 | Revision_693/lisp.c | U | 91 | 97 | 7 | 141264 | 66 | 89 | 83
693 | Revision_693/lisp.c | U | 112 | 118 | 7 | 141265 | 66 | 90 | 83
693 | Revision_693/make.c | U | 44 | 48 | 5 | 141266 | 67 | 267 | 75
693 | Revision_693/verilog.c | U | 286 | 290 | 5 | 141267 | 67 | 268 | 75
693 | Revision_693/make.c | U | 77 | 87 | 11 | 141268 | 68 | 269 | 77
693 | Revision_693/verilog.c | U | 199 | 212 | 11 | 141269 | 68 | 270 | 77
693 | Revision_693/make.c | U | 97 | 105 | 8 | 141270 | 69 | 271 | 75
693 | Revision_693/verilog.c | U | 187 | 193 | 8 | 141271 | 69 | 272 | 75
693 | Revision_693/options.c | U | 369 | 375 | 6 | 141272 | 70 | 107 | 100
693 | Revision_693/options.c | U | 378 | 384 | 6 | 141273 | 70 | 108 | 100
693 | Revision_693/options.c | U | 543 | 549 | 7 | 141274 | 71 | 112 | 100
693 | Revision_693/options.c | U | 552 | 558 | 7 | 141275 | 71 | 115 | 100
693 | Revision_693/options.c | U | 570 | 576 | 7 | 141276 | 71 | 114 | 100
693 | Revision_693/options.c | U | 561 | 567 | 7 | 141277 | 71 | 113 | 100
693 | Revision_693/options.c | U | 982 | 986 | 5 | 141278 | 72 | 118 | 75
693 | Revision_693/options.c | U | 1008 | 1012 | 5 | 141279 | 72 | 119 | 75
693 | Revision_693/options.c | U | 1102 | 1106 | 5 | 141280 | 73 | 120 | 100
693 | Revision_693/options.c | U | 1108 | 1112 | 5 | 141281 | 73 | 120 | 100
693 | Revision_693/options.c | U | 1154 | 1166 | 12 | 141282 | 74 | 245 | 100
693 | Revision_693/options.c | U | 1171 | 1183 | 12 | 141283 | 74 | 123 | 100
693 | Revision_693/options.c | U | 1425 | 1442 | 15 | 141284 | 75 | 124 | 91
693 | Revision_693/options.c | U | 1463 | 1480 | 15 | 141285 | 75 | 125 | 91
693 | Revision_693/parse.c | U | 96 | 106 | 11 | 141286 | 76 | 126 | 88
693 | Revision_693/parse.c | U | 109 | 120 | 11 | 141287 | 76 | 127 | 88
693 | Revision_693/parse.c | U | 299 | 303 | 5 | 141288 | 77 | 246 | 75
693 | Revision_693/parse.c | U | 575 | 579 | 5 | 141289 | 77 | 247 | 75
693 | Revision_693/parse.c | U | 556 | 560 | 5 | 141290 | 77 | 248 | 75
693 | Revision_693/pascal.c | U | 134 | 138 | 5 | 141291 | 78 | 128 | 75
693 | Revision_693/perl.c | U | 187 | 191 | 5 | 141292 | 78 | 129 | 75
693 | Revision_693/pascal.c | U | 150 | 154 | 5 | 141293 | 79 | 212 | 75
693 | Revision_693/pascal.c | U | 184 | 190 | 5 | 141294 | 79 | 131 | 75
693 | Revision_693/python.c | U | 575 | 579 | 5 | 141295 | 79 | 370 | 75
693 | Revision_693/pascal.c | U | 176 | 182 | 5 | 141296 | 79 | 130 | 75
693 | Revision_693/perl.c | U | 208 | 214 | 7 | 141297 | 80 | 262 | 83
693 | Revision_693/perl.c | U | 254 | 259 | 7 | 141298 | 80 | 367 | 83
693 | Revision_693/python.c | U | 88 | 101 | 11 | 141299 | 81 | 39 | 77
693 | Revision_693/python.c | U | 131 | 142 | 11 | 141300 | 81 | 14 | 77
693 | Revision_693/python.c | U | 475 | 479 | 7 | 141301 | 82 | 370 | 80
693 | Revision_693/python.c | U | 480 | 485 | 7 | 141302 | 82 | 370 | 80
693 | Revision_693/python.c | U | 581 | 590 | 8 | 141303 | 83 | 436 | 83
693 | Revision_693/python.c | U | 592 | 600 | 8 | 141304 | 83 | 14 | 83
693 | Revision_693/readtags.c | U | 106 | 113 | 8 | 141305 | 84 | 149 | 83
693 | Revision_693/routines.c | U | 298 | 305 | 8 | 141306 | 84 | 155 | 83
693 | Revision_693/readtags.c | U | 116 | 123 | 8 | 141307 | 84 | 134 | 83
693 | Revision_693/routines.c | U | 288 | 295 | 8 | 141308 | 84 | 156 | 83
693 | Revision_693/readtags.c | U | 144 | 148 | 5 | 141309 | 85 | 110 | 75
693 | Revision_693/vstring.c | U | 35 | 40 | 5 | 141310 | 85 | 111 | 75
693 | Revision_693/readtags.c | U | 541 | 547 | 6 | 141311 | 86 | 150 | 100
693 | Revision_693/readtags.c | U | 549 | 555 | 6 | 141312 | 86 | 151 | 100
693 | Revision_693/readtags.c | U | 584 | 588 | 6 | 141313 | 87 | 134 | 75
693 | Revision_693/readtags.c | U | 639 | 645 | 6 | 141314 | 87 | 135 | 75
693 | Revision_693/readtags.c | U | 718 | 726 | 8 | 141315 | 88 | 136 | 83
693 | Revision_693/readtags.c | U | 773 | 781 | 8 | 141316 | 88 | 139 | 83
693 | Revision_693/readtags.c | U | 729 | 737 | 8 | 141317 | 88 | 139 | 83
693 | Revision_693/readtags.c | U | 740 | 745 | 6 | 141318 | 89 | 152 | 80
693 | Revision_693/readtags.c | U | 757 | 762 | 6 | 141319 | 89 | 153 | 80
693 | Revision_693/readtags.c | U | 765 | 770 | 6 | 141320 | 89 | 187 | 80
693 | Revision_693/routines.c | U | 237 | 244 | 6 | 141321 | 90 | 157 | 80
693 | Revision_693/routines.c | U | 247 | 254 | 6 | 141322 | 90 | 158 | 80
693 | Revision_693/routines.c | U | 322 | 326 | 5 | 141323 | 91 | 159 | 75
693 | Revision_693/vstring.c | U | 125 | 129 | 5 | 141324 | 91 | 94 | 75
693 | Revision_693/vstring.c | U | 118 | 122 | 5 | 141325 | 91 | 95 | 75
693 | Revision_693/routines.c | U | 329 | 335 | 6 | 141326 | 92 | 160 | 100
693 | Revision_693/routines.c | U | 338 | 344 | 6 | 141327 | 92 | 161 | 100
693 | Revision_693/routines.c | U | 349 | 356 | 8 | 141328 | 93 | 162 | 100
693 | Revision_693/routines.c | U | 361 | 368 | 8 | 141329 | 93 | 163 | 100
693 | Revision_693/routines.c | U | 453 | 459 | 5 | 141330 | 94 | 167 | 75
693 | Revision_693/strlist.c | U | 150 | 154 | 5 | 141331 | 94 | 62 | 75
693 | Revision_693/sql.c | U | 560 | 564 | 5 | 141332 | 94 | 206 | 75
693 | Revision_693/vhdl.c | U | 457 | 461 | 5 | 141333 | 94 | 421 | 75
693 | Revision_693/scheme.c | U | 70 | 78 | 8 | 141334 | 95 | 140 | 71
693 | Revision_693/scheme.c | U | 85 | 93 | 8 | 141335 | 95 | 141 | 71
693 | Revision_693/sort.c | U | 118 | 123 | 5 | 141336 | 96 | 182 | 100
693 | Revision_693/sort.c | U | 126 | 131 | 5 | 141337 | 96 | 183 | 100
693 | Revision_693/sql.c | U | 684 | 689 | 5 | 141338 | 97 | 304 | 100
693 | Revision_693/tex.c | A | 360 | 365 | 5 | 141339 | 97 | 551 | 100
693 | Revision_693/sql.c | U | 707 | 756 | 32 | 141340 | 98 | 422 | 72
693 | Revision_693/vhdl.c | U | 493 | 533 | 32 | 141341 | 98 | 423 | 72
693 | Revision_693/sql.c | U | 869 | 879 | 8 | 141342 | 99 | 359 | 71
693 | Revision_693/sql.c | U | 1647 | 1656 | 8 | 141343 | 99 | 350 | 71
693 | Revision_693/sql.c | U | 963 | 991 | 25 | 141344 | 100 | 552 | 72
693 | Revision_693/tex.c | A | 534 | 560 | 25 | 141345 | 100 | 553 | 72
693 | Revision_693/sql.c | U | 1510 | 1546 | 24 | 141346 | 101 | 351 | 78
693 | Revision_693/sql.c | U | 1916 | 1959 | 24 | 141347 | 101 | 352 | 78
693 | Revision_693/sql.c | U | 1880 | 1905 | 17 | 141348 | 102 | 353 | 84
693 | Revision_693/sql.c | U | 1929 | 1953 | 17 | 141349 | 102 | 354 | 84
693 | Revision_693/sql.c | U | 2054 | 2062 | 7 | 141350 | 103 | 426 | 71
693 | Revision_693/vhdl.c | U | 814 | 822 | 7 | 141351 | 103 | 427 | 71
693 | Revision_693/tex.c | A | 571 | 580 | 7 | 141352 | 103 | 554 | 71
693 | Revision_693/strlist.c | U | 32 | 38 | 8 | 141353 | 104 | 142 | 71
693 | Revision_693/vstring.c | U | 77 | 87 | 8 | 141354 | 104 | 143 | 71
693 | Revision_693/strlist.c | U | 191 | 196 | 7 | 141355 | 105 | 146 | 83
693 | Revision_693/strlist.c | U | 200 | 206 | 7 | 141356 | 105 | 264 | 83
693 | Revision_693/verilog.c | U | 142 | 146 | 5 | 141357 | 106 | 259 | 75
693 | Revision_693/verilog.c | U | 238 | 242 | 5 | 141358 | 106 | 260 | 75
693 | Revision_693/vhdl.c | U | 725 | 742 | 15 | 141359 | 107 | 430 | 100
693 | Revision_693/vhdl.c | U | 744 | 761 | 15 | 141360 | 107 | 427 | 100
693 | Revision_693/vim.c | U | 97 | 101 | 5 | 141361 | 108 | 192 | 100
693 | Revision_693/vim.c | U | 103 | 107 | 5 | 141362 | 108 | 193 | 100
693 | Revision_693/vim.c | U | 244 | 267 | 17 | 141363 | 109 | 224 | 76
693 | Revision_693/vim.c | U | 294 | 312 | 17 | 141364 | 109 | 147 | 76
