Revision | filePath | changeType | StartLine | EndLine | Nlines | cloneId | classId | globalCloneId | Similarity
696 | Revision_696/ant.c | U | 33 | 40 | 8 | 142273 | 1 | 526 | 70
696 | Revision_696/vim.c | U | 626 | 634 | 8 | 142274 | 1 | 20 | 70
696 | Revision_696/jscript.c | U | 1558 | 1571 | 8 | 142275 | 1 | 281 | 70
696 | Revision_696/lua.c | U | 123 | 131 | 8 | 142276 | 1 | 154 | 70
696 | Revision_696/html.c | U | 40 | 47 | 8 | 142277 | 1 | 253 | 70
696 | Revision_696/beta.c | U | 311 | 319 | 8 | 142278 | 1 | 15 | 70
696 | Revision_696/keyword.c | U | 107 | 116 | 8 | 142279 | 1 | 29 | 70
696 | Revision_696/dosbatch.c | U | 33 | 40 | 8 | 142280 | 1 | 529 | 70
696 | Revision_696/tex.c | U | 504 | 517 | 8 | 142281 | 1 | 528 | 70
696 | Revision_696/cobol.c | U | 40 | 48 | 8 | 142282 | 1 | 213 | 70
696 | Revision_696/yacc.c | U | 31 | 38 | 8 | 142283 | 1 | 28 | 70
696 | Revision_696/slang.c | U | 34 | 41 | 8 | 142284 | 1 | 27 | 70
696 | Revision_696/matlab.c | U | 35 | 42 | 8 | 142285 | 1 | 527 | 70
696 | Revision_696/rexx.c | U | 30 | 37 | 8 | 142286 | 1 | 25 | 70
696 | Revision_696/php.c | U | 91 | 98 | 8 | 142287 | 1 | 366 | 70
696 | Revision_696/sml.c | U | 202 | 210 | 8 | 142288 | 1 | 216 | 70
696 | Revision_696/python.c | U | 648 | 656 | 8 | 142289 | 1 | 14 | 70
696 | Revision_696/tcl.c | U | 106 | 114 | 8 | 142290 | 1 | 22 | 70
696 | Revision_696/sh.c | U | 103 | 113 | 8 | 142291 | 1 | 24 | 70
696 | Revision_696/ruby.c | U | 398 | 406 | 8 | 142292 | 1 | 16 | 70
696 | Revision_696/sql.c | U | 2065 | 2074 | 8 | 142293 | 1 | 197 | 70
696 | Revision_696/pascal.c | U | 257 | 265 | 8 | 142294 | 1 | 13 | 70
696 | Revision_696/vhdl.c | U | 825 | 834 | 8 | 142295 | 1 | 403 | 70
696 | Revision_696/awk.c | U | 71 | 79 | 8 | 142296 | 1 | 10 | 70
696 | Revision_696/asp.c | U | 201 | 209 | 8 | 142297 | 1 | 18 | 70
696 | Revision_696/lisp.c | U | 127 | 137 | 8 | 142298 | 1 | 11 | 70
696 | Revision_696/perl.c | U | 372 | 380 | 8 | 142299 | 1 | 19 | 70
696 | Revision_696/erlang.c | U | 179 | 187 | 8 | 142300 | 1 | 230 | 70
696 | Revision_696/scheme.c | U | 99 | 109 | 8 | 142301 | 1 | 17 | 70
696 | Revision_696/verilog.c | U | 329 | 338 | 8 | 142302 | 1 | 184 | 70
696 | Revision_696/basic.c | U | 193 | 201 | 8 | 142303 | 1 | 275 | 70
696 | Revision_696/flex.c | U | 2217 | 2230 | 8 | 142304 | 1 | 438 | 70
696 | Revision_696/make.c | U | 205 | 215 | 8 | 142305 | 1 | 26 | 70
696 | Revision_696/options.c | U | 626 | 632 | 8 | 142306 | 1 | 30 | 70
696 | Revision_696/gnu_regex/regex.c | U | 2828 | 2833 | 8 | 142307 | 1 | 374 | 70
696 | Revision_696/options.c | U | 533 | 538 | 8 | 142308 | 1 | 242 | 70
696 | Revision_696/asm.c | U | 366 | 385 | 8 | 142309 | 1 | 174 | 70
696 | Revision_696/args.c | U | 85 | 92 | 8 | 142310 | 2 | 1 | 100
696 | Revision_696/args.c | U | 160 | 167 | 8 | 142311 | 2 | 2 | 100
696 | Revision_696/args.c | U | 182 | 190 | 9 | 142312 | 3 | 3 | 75
696 | Revision_696/args.c | U | 203 | 211 | 9 | 142313 | 3 | 4 | 75
696 | Revision_696/args.c | U | 193 | 200 | 9 | 142314 | 3 | 5 | 75
696 | Revision_696/args.c | U | 266 | 272 | 7 | 142315 | 4 | 6 | 83
696 | Revision_696/options.c | U | 579 | 584 | 7 | 142316 | 4 | 7 | 83
696 | Revision_696/asm.c | U | 120 | 128 | 8 | 142317 | 5 | 188 | 71
696 | Revision_696/jscript.c | U | 180 | 189 | 8 | 142318 | 5 | 280 | 71
696 | Revision_696/tex.c | U | 149 | 158 | 8 | 142319 | 5 | 530 | 71
696 | Revision_696/sql.c | U | 385 | 394 | 8 | 142320 | 5 | 196 | 71
696 | Revision_696/flex.c | U | 209 | 218 | 8 | 142321 | 5 | 437 | 71
696 | Revision_696/verilog.c | U | 108 | 118 | 8 | 142322 | 5 | 258 | 71
696 | Revision_696/vhdl.c | U | 573 | 583 | 8 | 142323 | 5 | 401 | 71
696 | Revision_696/asm.c | U | 131 | 139 | 8 | 142324 | 6 | 170 | 71
696 | Revision_696/keyword.c | U | 196 | 203 | 8 | 142325 | 6 | 432 | 71
696 | Revision_696/asm.c | U | 243 | 256 | 11 | 142326 | 7 | 191 | 77
696 | Revision_696/asm.c | U | 261 | 271 | 11 | 142327 | 7 | 179 | 77
696 | Revision_696/asm.c | U | 347 | 352 | 6 | 142328 | 8 | 256 | 80
696 | Revision_696/sh.c | U | 89 | 94 | 6 | 142329 | 8 | 257 | 80
696 | Revision_696/asp.c | U | 71 | 90 | 15 | 142330 | 9 | 31 | 100
696 | Revision_696/asp.c | U | 94 | 113 | 15 | 142331 | 9 | 32 | 100
696 | Revision_696/asp.c | U | 117 | 133 | 14 | 142332 | 10 | 33 | 100
696 | Revision_696/asp.c | U | 175 | 190 | 14 | 142333 | 10 | 34 | 100
696 | Revision_696/asp.c | U | 156 | 171 | 14 | 142334 | 10 | 34 | 100
696 | Revision_696/asp.c | U | 137 | 152 | 14 | 142335 | 10 | 34 | 100
696 | Revision_696/basic.c | U | 135 | 140 | 6 | 142336 | 11 | 278 | 80
696 | Revision_696/basic.c | U | 147 | 152 | 6 | 142337 | 11 | 279 | 80
696 | Revision_696/beta.c | U | 71 | 80 | 10 | 142338 | 12 | 43 | 70
696 | Revision_696/sml.c | U | 75 | 81 | 10 | 142339 | 12 | 217 | 70
696 | Revision_696/vhdl.c | U | 536 | 548 | 10 | 142340 | 12 | 404 | 70
696 | Revision_696/parse.c | U | 43 | 54 | 10 | 142341 | 12 | 44 | 70
696 | Revision_696/tex.c | U | 186 | 200 | 10 | 142342 | 12 | 531 | 70
696 | Revision_696/sql.c | U | 423 | 437 | 10 | 142343 | 12 | 198 | 70
696 | Revision_696/jscript.c | U | 219 | 233 | 10 | 142344 | 12 | 283 | 70
696 | Revision_696/flex.c | U | 249 | 263 | 10 | 142345 | 12 | 439 | 70
696 | Revision_696/beta.c | U | 134 | 141 | 6 | 142346 | 13 | 45 | 75
696 | Revision_696/beta.c | U | 204 | 212 | 6 | 142347 | 13 | 46 | 75
696 | Revision_696/beta.c | U | 152 | 156 | 5 | 142348 | 14 | 47 | 75
696 | Revision_696/beta.c | U | 158 | 162 | 5 | 142349 | 14 | 49 | 75
696 | Revision_696/beta.c | U | 165 | 169 | 5 | 142350 | 14 | 51 | 75
696 | Revision_696/beta.c | U | 271 | 275 | 5 | 142351 | 14 | 48 | 75
696 | Revision_696/gnu_regex/regex.c | U | 2768 | 2772 | 5 | 142352 | 14 | 375 | 75
696 | Revision_696/beta.c | U | 277 | 281 | 5 | 142353 | 14 | 50 | 75
696 | Revision_696/erlang.c | U | 58 | 62 | 5 | 142354 | 15 | 231 | 75
696 | Revision_696/python.c | U | 218 | 222 | 5 | 142355 | 15 | 180 | 75
696 | Revision_696/python.c | U | 196 | 200 | 5 | 142356 | 15 | 368 | 75
696 | Revision_696/sml.c | U | 84 | 88 | 5 | 142357 | 15 | 218 | 75
696 | Revision_696/options.c | U | 963 | 968 | 5 | 142358 | 15 | 181 | 75
696 | Revision_696/erlang.c | U | 66 | 75 | 9 | 142359 | 16 | 232 | 75
696 | Revision_696/tcl.c | U | 44 | 54 | 9 | 142360 | 16 | 195 | 75
696 | Revision_696/python.c | U | 226 | 235 | 9 | 142361 | 16 | 194 | 75
696 | Revision_696/erlang.c | U | 97 | 105 | 7 | 142362 | 17 | 237 | 71
696 | Revision_696/perl.c | U | 353 | 359 | 7 | 142363 | 17 | 262 | 71
696 | Revision_696/erlang.c | U | 116 | 121 | 7 | 142364 | 17 | 235 | 71
696 | Revision_696/erlang.c | U | 108 | 113 | 7 | 142365 | 17 | 239 | 71
696 | Revision_696/perl.c | U | 339 | 346 | 7 | 142366 | 17 | 19 | 71
696 | Revision_696/main.c | U | 260 | 267 | 7 | 142367 | 17 | 254 | 71
696 | Revision_696/main.c | U | 179 | 185 | 7 | 142368 | 17 | 255 | 71
696 | Revision_696/flex.c | U | 221 | 235 | 12 | 142369 | 18 | 440 | 75
696 | Revision_696/vhdl.c | U | 342 | 351 | 12 | 142370 | 18 | 405 | 75
696 | Revision_696/sql.c | U | 397 | 409 | 12 | 142371 | 18 | 205 | 75
696 | Revision_696/tex.c | U | 161 | 172 | 12 | 142372 | 18 | 532 | 75
696 | Revision_696/jscript.c | U | 192 | 205 | 12 | 142373 | 18 | 282 | 75
696 | Revision_696/flex.c | U | 238 | 242 | 5 | 142374 | 19 | 441 | 75
696 | Revision_696/vhdl.c | U | 354 | 361 | 5 | 142375 | 19 | 406 | 75
696 | Revision_696/vstring.c | U | 69 | 73 | 5 | 142376 | 19 | 287 | 75
696 | Revision_696/jscript.c | U | 208 | 212 | 5 | 142377 | 19 | 286 | 75
696 | Revision_696/sql.c | U | 412 | 416 | 5 | 142378 | 19 | 288 | 75
696 | Revision_696/tex.c | U | 175 | 179 | 5 | 142379 | 19 | 533 | 75
696 | Revision_696/vstring.c | U | 67 | 74 | 5 | 142380 | 19 | 287 | 75
696 | Revision_696/flex.c | U | 266 | 298 | 16 | 142381 | 20 | 442 | 75
696 | Revision_696/jscript.c | U | 236 | 257 | 16 | 142382 | 20 | 289 | 75
696 | Revision_696/sql.c | U | 440 | 461 | 16 | 142383 | 20 | 290 | 75
696 | Revision_696/tex.c | U | 203 | 224 | 16 | 142384 | 20 | 534 | 75
696 | Revision_696/vhdl.c | U | 551 | 570 | 16 | 142385 | 20 | 407 | 75
696 | Revision_696/flex.c | U | 270 | 297 | 16 | 142386 | 20 | 442 | 75
696 | Revision_696/flex.c | U | 301 | 325 | 19 | 142387 | 21 | 443 | 73
696 | Revision_696/flex.c | U | 328 | 348 | 19 | 142388 | 21 | 445 | 73
696 | Revision_696/jscript.c | U | 260 | 284 | 19 | 142389 | 21 | 433 | 73
696 | Revision_696/jscript.c | U | 287 | 311 | 19 | 142390 | 21 | 398 | 73
696 | Revision_696/jscript.c | U | 1390 | 1430 | 19 | 142391 | 21 | 434 | 73
696 | Revision_696/flex.c | U | 1800 | 1840 | 19 | 142392 | 21 | 444 | 73
696 | Revision_696/flex.c | U | 351 | 375 | 19 | 142393 | 21 | 446 | 73
696 | Revision_696/flex.c | U | 308 | 312 | 5 | 142394 | 22 | 535 | 75
696 | Revision_696/tex.c | M | 431 | 435 | 5 | 142395 | 22 | 555 | 75
696 | Revision_696/tex.c | M | 408 | 412 | 5 | 142396 | 22 | 556 | 75
696 | Revision_696/jscript.c | U | 1411 | 1415 | 5 | 142397 | 22 | 342 | 75
696 | Revision_696/flex.c | U | 358 | 362 | 5 | 142398 | 22 | 537 | 75
696 | Revision_696/flex.c | U | 1821 | 1825 | 5 | 142399 | 22 | 538 | 75
696 | Revision_696/jscript.c | U | 267 | 271 | 5 | 142400 | 22 | 291 | 75
696 | Revision_696/flex.c | U | 335 | 339 | 5 | 142401 | 22 | 539 | 75
696 | Revision_696/jscript.c | U | 294 | 298 | 5 | 142402 | 22 | 280 | 75
696 | Revision_696/flex.c | U | 382 | 400 | 17 | 142403 | 23 | 447 | 100
696 | Revision_696/sql.c | U | 468 | 486 | 17 | 142404 | 23 | 296 | 100
696 | Revision_696/tex.c | U | 231 | 249 | 17 | 142405 | 23 | 540 | 100
696 | Revision_696/jscript.c | U | 318 | 336 | 17 | 142406 | 23 | 398 | 100
696 | Revision_696/vhdl.c | U | 368 | 386 | 17 | 142407 | 23 | 409 | 100
696 | Revision_696/flex.c | U | 406 | 417 | 12 | 142408 | 24 | 448 | 100
696 | Revision_696/sql.c | U | 491 | 502 | 12 | 142409 | 24 | 296 | 100
696 | Revision_696/vhdl.c | U | 391 | 402 | 12 | 142410 | 24 | 410 | 100
696 | Revision_696/jscript.c | U | 342 | 353 | 12 | 142411 | 24 | 295 | 100
696 | Revision_696/tex.c | U | 256 | 268 | 12 | 142412 | 24 | 541 | 100
696 | Revision_696/flex.c | U | 429 | 433 | 5 | 142413 | 25 | 449 | 71
696 | Revision_696/flex.c | U | 502 | 506 | 5 | 142414 | 25 | 450 | 71
696 | Revision_696/flex.c | U | 613 | 617 | 5 | 142415 | 25 | 451 | 71
696 | Revision_696/sql.c | U | 514 | 527 | 5 | 142416 | 25 | 206 | 71
696 | Revision_696/jscript.c | U | 365 | 369 | 5 | 142417 | 25 | 291 | 71
696 | Revision_696/flex.c | U | 661 | 665 | 5 | 142418 | 25 | 452 | 71
696 | Revision_696/vhdl.c | U | 414 | 418 | 5 | 142419 | 25 | 411 | 71
696 | Revision_696/tex.c | U | 280 | 284 | 5 | 142420 | 25 | 542 | 71
696 | Revision_696/flex.c | U | 475 | 480 | 5 | 142421 | 25 | 450 | 71
696 | Revision_696/flex.c | U | 659 | 666 | 5 | 142422 | 25 | 451 | 71
696 | Revision_696/flex.c | U | 522 | 528 | 5 | 142423 | 25 | 453 | 71
696 | Revision_696/flex.c | U | 611 | 618 | 5 | 142424 | 25 | 454 | 71
696 | Revision_696/flex.c | U | 650 | 657 | 5 | 142425 | 25 | 455 | 71
696 | Revision_696/flex.c | U | 548 | 555 | 5 | 142426 | 25 | 456 | 71
696 | Revision_696/flex.c | U | 535 | 541 | 5 | 142427 | 25 | 457 | 71
696 | Revision_696/flex.c | U | 589 | 595 | 5 | 142428 | 25 | 458 | 71
696 | Revision_696/flex.c | U | 602 | 609 | 5 | 142429 | 25 | 459 | 71
696 | Revision_696/flex.c | U | 626 | 632 | 5 | 142430 | 25 | 460 | 71
696 | Revision_696/flex.c | U | 637 | 643 | 5 | 142431 | 25 | 461 | 71
696 | Revision_696/flex.c | U | 482 | 507 | 25 | 142432 | 26 | 462 | 70
696 | Revision_696/sql.c | U | 597 | 627 | 25 | 142433 | 26 | 464 | 70
696 | Revision_696/jscript.c | U | 405 | 435 | 25 | 142434 | 26 | 463 | 70
696 | Revision_696/flex.c | U | 586 | 621 | 35 | 142435 | 27 | 465 | 74
696 | Revision_696/flex.c | U | 623 | 670 | 35 | 142436 | 27 | 466 | 74
696 | Revision_696/flex.c | U | 691 | 700 | 10 | 142437 | 28 | 467 | 100
696 | Revision_696/jscript.c | U | 441 | 450 | 10 | 142438 | 28 | 412 | 100
696 | Revision_696/vhdl.c | U | 467 | 476 | 10 | 142439 | 28 | 413 | 100
696 | Revision_696/tex.c | U | 322 | 331 | 10 | 142440 | 28 | 543 | 100
696 | Revision_696/flex.c | U | 706 | 715 | 9 | 142441 | 29 | 468 | 77
696 | Revision_696/tex.c | U | 362 | 369 | 9 | 142442 | 29 | 544 | 77
696 | Revision_696/jscript.c | U | 456 | 464 | 9 | 142443 | 29 | 301 | 77
696 | Revision_696/flex.c | U | 722 | 752 | 17 | 142444 | 30 | 469 | 83
696 | Revision_696/flex.c | U | 755 | 784 | 17 | 142445 | 30 | 470 | 83
696 | Revision_696/jscript.c | U | 471 | 501 | 17 | 142446 | 30 | 284 | 83
696 | Revision_696/vhdl.c | U | 514 | 532 | 17 | 142447 | 30 | 414 | 83
696 | Revision_696/sql.c | U | 737 | 755 | 17 | 142448 | 30 | 400 | 83
696 | Revision_696/jscript.c | U | 504 | 533 | 17 | 142449 | 30 | 371 | 83
696 | Revision_696/flex.c | U | 787 | 794 | 7 | 142450 | 31 | 471 | 80
696 | Revision_696/jscript.c | U | 536 | 543 | 7 | 142451 | 31 | 301 | 80
696 | Revision_696/sql.c | U | 670 | 677 | 7 | 142452 | 31 | 304 | 80
696 | Revision_696/jscript.c | U | 546 | 553 | 7 | 142453 | 31 | 302 | 80
696 | Revision_696/flex.c | U | 797 | 804 | 7 | 142454 | 31 | 472 | 80
696 | Revision_696/flex.c | U | 811 | 833 | 13 | 142455 | 32 | 473 | 100
696 | Revision_696/jscript.c | U | 560 | 582 | 13 | 142456 | 32 | 316 | 100
696 | Revision_696/flex.c | U | 818 | 832 | 10 | 142457 | 33 | 474 | 70
696 | Revision_696/vhdl.c | U | 656 | 668 | 10 | 142458 | 33 | 415 | 70
696 | Revision_696/flex.c | U | 1176 | 1204 | 10 | 142459 | 33 | 475 | 70
696 | Revision_696/sql.c | U | 1579 | 1586 | 10 | 142460 | 33 | 311 | 70
696 | Revision_696/sql.c | U | 1962 | 1990 | 10 | 142461 | 33 | 314 | 70
696 | Revision_696/jscript.c | U | 837 | 847 | 10 | 142462 | 33 | 307 | 70
696 | Revision_696/jscript.c | U | 647 | 673 | 10 | 142463 | 33 | 309 | 70
696 | Revision_696/jscript.c | U | 1324 | 1339 | 10 | 142464 | 33 | 281 | 70
696 | Revision_696/jscript.c | U | 567 | 581 | 10 | 142465 | 33 | 306 | 70
696 | Revision_696/vhdl.c | U | 747 | 760 | 10 | 142466 | 33 | 430 | 70
696 | Revision_696/vhdl.c | U | 617 | 625 | 10 | 142467 | 33 | 416 | 70
696 | Revision_696/flex.c | U | 1734 | 1749 | 10 | 142468 | 33 | 477 | 70
696 | Revision_696/jscript.c | U | 585 | 620 | 10 | 142469 | 33 | 315 | 70
696 | Revision_696/sql.c | U | 1073 | 1090 | 10 | 142470 | 33 | 319 | 70
696 | Revision_696/sql.c | U | 1106 | 1129 | 10 | 142471 | 33 | 337 | 70
696 | Revision_696/vhdl.c | U | 728 | 741 | 10 | 142472 | 33 | 427 | 70
696 | Revision_696/jscript.c | U | 839 | 846 | 10 | 142473 | 33 | 307 | 70
696 | Revision_696/flex.c | U | 1244 | 1263 | 10 | 142474 | 33 | 478 | 70
696 | Revision_696/jscript.c | U | 986 | 1005 | 10 | 142475 | 33 | 318 | 70
696 | Revision_696/flex.c | U | 2111 | 2127 | 10 | 142476 | 33 | 480 | 70
696 | Revision_696/flex.c | U | 1943 | 1953 | 10 | 142477 | 33 | 481 | 70
696 | Revision_696/flex.c | U | 2090 | 2109 | 10 | 142478 | 33 | 479 | 70
696 | Revision_696/flex.c | U | 894 | 920 | 10 | 142479 | 33 | 476 | 70
696 | Revision_696/vhdl.c | U | 635 | 640 | 10 | 142480 | 33 | 416 | 70
696 | Revision_696/flex.c | U | 2099 | 2108 | 10 | 142481 | 33 | 485 | 70
696 | Revision_696/sql.c | U | 836 | 850 | 10 | 142482 | 33 | 313 | 70
696 | Revision_696/jscript.c | U | 696 | 707 | 10 | 142483 | 33 | 312 | 70
696 | Revision_696/sql.c | U | 1464 | 1472 | 10 | 142484 | 33 | 396 | 70
696 | Revision_696/flex.c | U | 1946 | 1952 | 10 | 142485 | 33 | 481 | 70
696 | Revision_696/jscript.c | U | 1084 | 1090 | 10 | 142486 | 33 | 309 | 70
696 | Revision_696/sql.c | U | 1395 | 1401 | 10 | 142487 | 33 | 356 | 70
696 | Revision_696/sql.c | U | 929 | 949 | 10 | 142488 | 33 | 310 | 70
696 | Revision_696/flex.c | U | 943 | 954 | 10 | 142489 | 33 | 486 | 70
696 | Revision_696/sql.c | U | 1696 | 1722 | 10 | 142490 | 33 | 320 | 70
696 | Revision_696/vhdl.c | U | 586 | 600 | 10 | 142491 | 33 | 418 | 70
696 | Revision_696/sql.c | U | 1725 | 1746 | 10 | 142492 | 33 | 324 | 70
696 | Revision_696/sql.c | U | 834 | 851 | 10 | 142493 | 33 | 313 | 70
696 | Revision_696/sql.c | U | 1475 | 1485 | 10 | 142494 | 33 | 397 | 70
696 | Revision_696/flex.c | U | 1931 | 1956 | 10 | 142495 | 33 | 484 | 70
696 | Revision_696/flex.c | U | 2170 | 2181 | 10 | 142496 | 33 | 483 | 70
696 | Revision_696/flex.c | U | 836 | 867 | 10 | 142497 | 33 | 476 | 70
696 | Revision_696/flex.c | U | 1940 | 1954 | 10 | 142498 | 33 | 481 | 70
696 | Revision_696/vhdl.c | U | 705 | 716 | 10 | 142499 | 33 | 417 | 70
696 | Revision_696/flex.c | U | 2173 | 2180 | 10 | 142500 | 33 | 483 | 70
696 | Revision_696/ruby.c | U | 214 | 218 | 10 | 142501 | 33 | 265 | 70
696 | Revision_696/flex.c | U | 1995 | 2003 | 10 | 142502 | 33 | 489 | 70
696 | Revision_696/flex.c | U | 2120 | 2126 | 10 | 142503 | 33 | 490 | 70
696 | Revision_696/flex.c | U | 2129 | 2136 | 10 | 142504 | 33 | 488 | 70
696 | Revision_696/sql.c | U | 1295 | 1303 | 10 | 142505 | 33 | 397 | 70
696 | Revision_696/vhdl.c | U | 707 | 715 | 10 | 142506 | 33 | 425 | 70
696 | Revision_696/sql.c | U | 759 | 771 | 10 | 142507 | 33 | 313 | 70
696 | Revision_696/sql.c | U | 1665 | 1693 | 10 | 142508 | 33 | 323 | 70
696 | Revision_696/sql.c | U | 1764 | 1785 | 10 | 142509 | 33 | 321 | 70
696 | Revision_696/sql.c | U | 1788 | 1809 | 10 | 142510 | 33 | 322 | 70
696 | Revision_696/vhdl.c | U | 673 | 687 | 10 | 142511 | 33 | 417 | 70
696 | Revision_696/jscript.c | U | 675 | 708 | 10 | 142512 | 33 | 487 | 70
696 | Revision_696/sql.c | U | 1532 | 1542 | 10 | 142513 | 33 | 345 | 70
696 | Revision_696/flex.c | U | 2101 | 2107 | 10 | 142514 | 33 | 485 | 70
696 | Revision_696/vim.c | U | 400 | 408 | 10 | 142515 | 33 | 365 | 70
696 | Revision_696/ruby.c | U | 195 | 200 | 10 | 142516 | 33 | 491 | 70
696 | Revision_696/vhdl.c | U | 647 | 670 | 10 | 142517 | 33 | 431 | 70
696 | Revision_696/sql.c | U | 1812 | 1852 | 10 | 142518 | 33 | 327 | 70
696 | Revision_696/get.c | U | 594 | 598 | 10 | 142519 | 33 | 364 | 70
696 | Revision_696/flex.c | U | 1241 | 1275 | 10 | 142520 | 33 | 492 | 70
696 | Revision_696/jscript.c | U | 983 | 1017 | 10 | 142521 | 33 | 340 | 70
696 | Revision_696/sql.c | U | 1373 | 1411 | 10 | 142522 | 33 | 328 | 70
696 | Revision_696/sql.c | U | 1549 | 1588 | 10 | 142523 | 33 | 329 | 70
696 | Revision_696/readtags.c | U | 363 | 367 | 10 | 142524 | 33 | 391 | 70
696 | Revision_696/flex.c | U | 870 | 956 | 30 | 142525 | 34 | 493 | 90
696 | Revision_696/jscript.c | U | 623 | 709 | 30 | 142526 | 34 | 494 | 90
696 | Revision_696/flex.c | U | 922 | 955 | 17 | 142527 | 35 | 495 | 75
696 | Revision_696/flex.c | U | 1922 | 1957 | 17 | 142528 | 35 | 496 | 75
696 | Revision_696/flex.c | U | 959 | 1066 | 30 | 142529 | 36 | 497 | 100
696 | Revision_696/jscript.c | U | 712 | 819 | 30 | 142530 | 36 | 498 | 100
696 | Revision_696/flex.c | U | 1069 | 1144 | 22 | 142531 | 37 | 499 | 70
696 | Revision_696/sql.c | U | 1448 | 1486 | 22 | 142532 | 37 | 500 | 70
696 | Revision_696/flex.c | U | 1982 | 2035 | 22 | 142533 | 37 | 501 | 70
696 | Revision_696/flex.c | U | 1920 | 1963 | 22 | 142534 | 37 | 502 | 70
696 | Revision_696/flex.c | U | 2160 | 2187 | 22 | 142535 | 37 | 503 | 70
696 | Revision_696/flex.c | U | 1221 | 1282 | 33 | 142536 | 38 | 504 | 100
696 | Revision_696/jscript.c | U | 963 | 1024 | 33 | 142537 | 38 | 505 | 100
696 | Revision_696/flex.c | U | 1252 | 1262 | 5 | 142538 | 39 | 506 | 75
696 | Revision_696/flex.c | U | 1265 | 1274 | 5 | 142539 | 39 | 507 | 75
696 | Revision_696/options.c | U | 352 | 357 | 5 | 142540 | 39 | 107 | 75
696 | Revision_696/sql.c | U | 1636 | 1640 | 5 | 142541 | 39 | 335 | 75
696 | Revision_696/vhdl.c | U | 620 | 624 | 5 | 142542 | 39 | 416 | 75
696 | Revision_696/sql.c | U | 1897 | 1901 | 5 | 142543 | 39 | 334 | 75
696 | Revision_696/vhdl.c | U | 611 | 615 | 5 | 142544 | 39 | 419 | 75
696 | Revision_696/jscript.c | U | 994 | 1004 | 5 | 142545 | 39 | 399 | 75
696 | Revision_696/jscript.c | U | 1007 | 1016 | 5 | 142546 | 39 | 336 | 75
696 | Revision_696/options.c | U | 674 | 678 | 5 | 142547 | 39 | 116 | 75
696 | Revision_696/vhdl.c | U | 750 | 755 | 5 | 142548 | 39 | 427 | 75
696 | Revision_696/vhdl.c | U | 731 | 736 | 5 | 142549 | 39 | 429 | 75
696 | Revision_696/jscript.c | U | 909 | 918 | 5 | 142550 | 39 | 332 | 75
696 | Revision_696/options.c | U | 1221 | 1225 | 5 | 142551 | 39 | 117 | 75
696 | Revision_696/jscript.c | U | 920 | 925 | 5 | 142552 | 39 | 333 | 75
696 | Revision_696/jscript.c | U | 891 | 907 | 5 | 142553 | 39 | 338 | 75
696 | Revision_696/flex.c | U | 1324 | 1334 | 5 | 142554 | 40 | 508 | 75
696 | Revision_696/jscript.c | U | 1423 | 1427 | 5 | 142555 | 40 | 342 | 75
696 | Revision_696/flex.c | U | 1833 | 1837 | 5 | 142556 | 40 | 509 | 75
696 | Revision_696/tex.c | M | 439 | 443 | 5 | 142557 | 40 | 557 | 75
696 | Revision_696/sql.c | U | 1082 | 1089 | 5 | 142558 | 40 | 343 | 75
696 | Revision_696/sql.c | U | 998 | 1004 | 5 | 142559 | 40 | 344 | 75
696 | Revision_696/sql.c | U | 1713 | 1719 | 5 | 142560 | 40 | 345 | 75
696 | Revision_696/sql.c | U | 1684 | 1690 | 5 | 142561 | 40 | 346 | 75
696 | Revision_696/sql.c | U | 1403 | 1408 | 5 | 142562 | 40 | 347 | 75
696 | Revision_696/flex.c | U | 1399 | 1867 | 198 | 142563 | 41 | 510 | 77
696 | Revision_696/jscript.c | U | 1027 | 1457 | 198 | 142564 | 41 | 511 | 77
696 | Revision_696/flex.c | U | 1464 | 1499 | 34 | 142565 | 42 | 512 | 71
696 | Revision_696/vhdl.c | U | 769 | 802 | 34 | 142566 | 42 | 513 | 71
696 | Revision_696/flex.c | U | 1561 | 1587 | 12 | 142567 | 43 | 514 | 72
696 | Revision_696/flex.c | U | 1589 | 1611 | 12 | 142568 | 43 | 515 | 72
696 | Revision_696/flex.c | U | 1751 | 1768 | 5 | 142569 | 44 | 516 | 75
696 | Revision_696/readtags.c | U | 502 | 506 | 5 | 142570 | 44 | 87 | 75
696 | Revision_696/jscript.c | U | 1341 | 1358 | 5 | 142571 | 44 | 435 | 75
696 | Revision_696/readtags.c | U | 681 | 685 | 5 | 142572 | 44 | 88 | 75
696 | Revision_696/flex.c | U | 1870 | 1917 | 29 | 142573 | 45 | 517 | 92
696 | Revision_696/jscript.c | U | 1460 | 1507 | 29 | 142574 | 45 | 518 | 92
696 | Revision_696/flex.c | U | 1883 | 1906 | 21 | 142575 | 46 | 519 | 70
696 | Revision_696/get.c | U | 406 | 413 | 21 | 142576 | 46 | 520 | 70
696 | Revision_696/flex.c | U | 2142 | 2155 | 16 | 142577 | 47 | 521 | 75
696 | Revision_696/jscript.c | U | 1512 | 1527 | 16 | 142578 | 47 | 281 | 75
696 | Revision_696/flex.c | U | 2146 | 2149 | 8 | 142579 | 48 | 522 | 71
696 | Revision_696/Test/local.c | U | 14 | 20 | 8 | 142580 | 48 | 362 | 71
696 | Revision_696/vhdl.c | U | 499 | 506 | 8 | 142581 | 48 | 420 | 71
696 | Revision_696/jscript.c | U | 1518 | 1521 | 8 | 142582 | 48 | 361 | 71
696 | Revision_696/flex.c | U | 2190 | 2194 | 5 | 142583 | 49 | 523 | 75
696 | Revision_696/tex.c | M | 484 | 488 | 5 | 142584 | 49 | 549 | 75
696 | Revision_696/make.c | U | 191 | 195 | 5 | 142585 | 49 | 273 | 75
696 | Revision_696/sql.c | U | 2047 | 2051 | 5 | 142586 | 49 | 274 | 75
696 | Revision_696/jscript.c | U | 1531 | 1535 | 5 | 142587 | 49 | 348 | 75
696 | Revision_696/flex.c | U | 2197 | 2213 | 14 | 142588 | 50 | 524 | 100
696 | Revision_696/jscript.c | U | 1538 | 1554 | 14 | 142589 | 50 | 525 | 100
696 | Revision_696/get.c | U | 305 | 314 | 10 | 142590 | 51 | 74 | 70
696 | Revision_696/parse.c | U | 586 | 600 | 10 | 142591 | 51 | 76 | 70
696 | Revision_696/read.c | U | 220 | 231 | 10 | 142592 | 51 | 75 | 70
696 | Revision_696/get.c | U | 467 | 478 | 10 | 142593 | 52 | 77 | 87
696 | Revision_696/get.c | U | 484 | 495 | 10 | 142594 | 52 | 79 | 87
696 | Revision_696/get.c | U | 541 | 546 | 6 | 142595 | 53 | 80 | 80
696 | Revision_696/read.c | U | 424 | 428 | 6 | 142596 | 53 | 81 | 80
696 | Revision_696/get.c | U | 649 | 653 | 5 | 142597 | 54 | 394 | 75
696 | Revision_696/python.c | U | 184 | 187 | 5 | 142598 | 54 | 395 | 75
696 | Revision_696/gnu_regex/regex.c | U | 810 | 815 | 5 | 142599 | 55 | 376 | 75
696 | Revision_696/main.c | U | 126 | 139 | 5 | 142600 | 55 | 243 | 75
696 | Revision_696/routines.c | U | 621 | 644 | 5 | 142601 | 55 | 377 | 75
696 | Revision_696/options.c | U | 397 | 402 | 5 | 142602 | 55 | 244 | 75
696 | Revision_696/gnu_regex/regex.c | U | 1182 | 1192 | 6 | 142603 | 56 | 378 | 80
696 | Revision_696/gnu_regex/regex.c | U | 1197 | 1207 | 6 | 142604 | 56 | 379 | 80
696 | Revision_696/gnu_regex/regex.c | U | 1330 | 1339 | 5 | 142605 | 57 | 380 | 100
696 | Revision_696/gnu_regex/regex.c | U | 1816 | 1820 | 5 | 142606 | 57 | 381 | 100
696 | Revision_696/gnu_regex/regex.c | U | 1627 | 1632 | 6 | 142607 | 58 | 392 | 100
696 | Revision_696/gnu_regex/regex.c | U | 1649 | 1654 | 6 | 142608 | 58 | 393 | 100
696 | Revision_696/gnu_regex/regex.c | U | 1792 | 1797 | 6 | 142609 | 58 | 382 | 100
696 | Revision_696/gnu_regex/regex.c | U | 1777 | 1782 | 6 | 142610 | 58 | 383 | 100
696 | Revision_696/gnu_regex/regex.c | U | 1757 | 1762 | 6 | 142611 | 58 | 384 | 100
696 | Revision_696/gnu_regex/regex.c | U | 2100 | 2108 | 7 | 142612 | 59 | 385 | 83
696 | Revision_696/gnu_regex/regex.c | U | 2119 | 2127 | 7 | 142613 | 59 | 386 | 83
696 | Revision_696/gnu_regex/regex.c | U | 3543 | 3551 | 8 | 142614 | 60 | 387 | 83
696 | Revision_696/gnu_regex/regex.c | U | 3553 | 3560 | 8 | 142615 | 60 | 388 | 83
696 | Revision_696/gnu_regex/regex.c | U | 3722 | 3736 | 15 | 142616 | 61 | 389 | 71
696 | Revision_696/gnu_regex/regex.c | U | 4312 | 4329 | 15 | 142617 | 61 | 390 | 71
696 | Revision_696/jscript.c | U | 356 | 453 | 115 | 142618 | 62 | 299 | 76
696 | Revision_696/sql.c | U | 505 | 651 | 115 | 142619 | 62 | 300 | 76
696 | Revision_696/tex.c | U | 271 | 351 | 115 | 142620 | 62 | 550 | 76
696 | Revision_696/jscript.c | U | 1072 | 1081 | 6 | 142621 | 63 | 360 | 75
696 | Revision_696/options.c | U | 1683 | 1687 | 6 | 142622 | 63 | 223 | 75
696 | Revision_696/jscript.c | U | 1152 | 1178 | 12 | 142623 | 64 | 372 | 72
696 | Revision_696/jscript.c | U | 1180 | 1202 | 12 | 142624 | 64 | 373 | 72
696 | Revision_696/keyword.c | U | 185 | 189 | 5 | 142625 | 65 | 85 | 75
696 | Revision_696/readtags.c | U | 452 | 456 | 5 | 142626 | 65 | 87 | 75
696 | Revision_696/options.c | U | 1042 | 1046 | 5 | 142627 | 65 | 86 | 75
696 | Revision_696/lisp.c | U | 91 | 97 | 7 | 142628 | 66 | 89 | 83
696 | Revision_696/lisp.c | U | 112 | 118 | 7 | 142629 | 66 | 90 | 83
696 | Revision_696/make.c | U | 44 | 48 | 5 | 142630 | 67 | 267 | 75
696 | Revision_696/verilog.c | U | 286 | 290 | 5 | 142631 | 67 | 268 | 75
696 | Revision_696/make.c | U | 77 | 87 | 11 | 142632 | 68 | 269 | 77
696 | Revision_696/verilog.c | U | 199 | 212 | 11 | 142633 | 68 | 270 | 77
696 | Revision_696/make.c | U | 97 | 105 | 8 | 142634 | 69 | 271 | 75
696 | Revision_696/verilog.c | U | 187 | 193 | 8 | 142635 | 69 | 272 | 75
696 | Revision_696/options.c | U | 369 | 375 | 6 | 142636 | 70 | 107 | 100
696 | Revision_696/options.c | U | 378 | 384 | 6 | 142637 | 70 | 108 | 100
696 | Revision_696/options.c | U | 543 | 549 | 7 | 142638 | 71 | 112 | 100
696 | Revision_696/options.c | U | 570 | 576 | 7 | 142639 | 71 | 115 | 100
696 | Revision_696/options.c | U | 552 | 558 | 7 | 142640 | 71 | 114 | 100
696 | Revision_696/options.c | U | 561 | 567 | 7 | 142641 | 71 | 113 | 100
696 | Revision_696/options.c | U | 982 | 986 | 5 | 142642 | 72 | 118 | 75
696 | Revision_696/options.c | U | 1008 | 1012 | 5 | 142643 | 72 | 119 | 75
696 | Revision_696/options.c | U | 1102 | 1106 | 5 | 142644 | 73 | 120 | 100
696 | Revision_696/options.c | U | 1108 | 1112 | 5 | 142645 | 73 | 120 | 100
696 | Revision_696/options.c | U | 1154 | 1166 | 12 | 142646 | 74 | 245 | 100
696 | Revision_696/options.c | U | 1171 | 1183 | 12 | 142647 | 74 | 123 | 100
696 | Revision_696/options.c | U | 1425 | 1442 | 15 | 142648 | 75 | 124 | 91
696 | Revision_696/options.c | U | 1463 | 1480 | 15 | 142649 | 75 | 125 | 91
696 | Revision_696/parse.c | U | 96 | 106 | 11 | 142650 | 76 | 126 | 88
696 | Revision_696/parse.c | U | 109 | 120 | 11 | 142651 | 76 | 127 | 88
696 | Revision_696/parse.c | U | 299 | 303 | 5 | 142652 | 77 | 246 | 75
696 | Revision_696/parse.c | U | 575 | 579 | 5 | 142653 | 77 | 247 | 75
696 | Revision_696/parse.c | U | 556 | 560 | 5 | 142654 | 77 | 248 | 75
696 | Revision_696/pascal.c | U | 134 | 138 | 5 | 142655 | 78 | 128 | 75
696 | Revision_696/perl.c | U | 187 | 191 | 5 | 142656 | 78 | 129 | 75
696 | Revision_696/pascal.c | U | 150 | 154 | 5 | 142657 | 79 | 212 | 75
696 | Revision_696/pascal.c | U | 176 | 182 | 5 | 142658 | 79 | 130 | 75
696 | Revision_696/python.c | U | 575 | 579 | 5 | 142659 | 79 | 370 | 75
696 | Revision_696/pascal.c | U | 184 | 190 | 5 | 142660 | 79 | 131 | 75
696 | Revision_696/perl.c | U | 208 | 214 | 7 | 142661 | 80 | 262 | 83
696 | Revision_696/perl.c | U | 254 | 259 | 7 | 142662 | 80 | 367 | 83
696 | Revision_696/python.c | U | 88 | 101 | 11 | 142663 | 81 | 39 | 77
696 | Revision_696/python.c | U | 131 | 142 | 11 | 142664 | 81 | 14 | 77
696 | Revision_696/python.c | U | 475 | 479 | 7 | 142665 | 82 | 370 | 80
696 | Revision_696/python.c | U | 480 | 485 | 7 | 142666 | 82 | 370 | 80
696 | Revision_696/python.c | U | 581 | 590 | 8 | 142667 | 83 | 436 | 83
696 | Revision_696/python.c | U | 592 | 600 | 8 | 142668 | 83 | 14 | 83
696 | Revision_696/readtags.c | U | 106 | 113 | 8 | 142669 | 84 | 149 | 83
696 | Revision_696/routines.c | U | 298 | 305 | 8 | 142670 | 84 | 155 | 83
696 | Revision_696/routines.c | U | 288 | 295 | 8 | 142671 | 84 | 156 | 83
696 | Revision_696/readtags.c | U | 116 | 123 | 8 | 142672 | 84 | 134 | 83
696 | Revision_696/readtags.c | U | 144 | 148 | 5 | 142673 | 85 | 110 | 75
696 | Revision_696/vstring.c | U | 35 | 40 | 5 | 142674 | 85 | 111 | 75
696 | Revision_696/readtags.c | U | 541 | 547 | 6 | 142675 | 86 | 150 | 100
696 | Revision_696/readtags.c | U | 549 | 555 | 6 | 142676 | 86 | 151 | 100
696 | Revision_696/readtags.c | U | 584 | 588 | 6 | 142677 | 87 | 134 | 75
696 | Revision_696/readtags.c | U | 639 | 645 | 6 | 142678 | 87 | 135 | 75
696 | Revision_696/readtags.c | U | 718 | 726 | 8 | 142679 | 88 | 136 | 83
696 | Revision_696/readtags.c | U | 773 | 781 | 8 | 142680 | 88 | 139 | 83
696 | Revision_696/readtags.c | U | 729 | 737 | 8 | 142681 | 88 | 139 | 83
696 | Revision_696/readtags.c | U | 740 | 745 | 6 | 142682 | 89 | 152 | 80
696 | Revision_696/readtags.c | U | 757 | 762 | 6 | 142683 | 89 | 153 | 80
696 | Revision_696/readtags.c | U | 765 | 770 | 6 | 142684 | 89 | 187 | 80
696 | Revision_696/routines.c | U | 237 | 244 | 6 | 142685 | 90 | 157 | 80
696 | Revision_696/routines.c | U | 247 | 254 | 6 | 142686 | 90 | 158 | 80
696 | Revision_696/routines.c | U | 322 | 326 | 5 | 142687 | 91 | 159 | 75
696 | Revision_696/vstring.c | U | 125 | 129 | 5 | 142688 | 91 | 94 | 75
696 | Revision_696/vstring.c | U | 118 | 122 | 5 | 142689 | 91 | 95 | 75
696 | Revision_696/routines.c | U | 329 | 335 | 6 | 142690 | 92 | 160 | 100
696 | Revision_696/routines.c | U | 338 | 344 | 6 | 142691 | 92 | 161 | 100
696 | Revision_696/routines.c | U | 349 | 356 | 8 | 142692 | 93 | 162 | 100
696 | Revision_696/routines.c | U | 361 | 368 | 8 | 142693 | 93 | 163 | 100
696 | Revision_696/routines.c | U | 453 | 459 | 5 | 142694 | 94 | 167 | 75
696 | Revision_696/strlist.c | U | 150 | 154 | 5 | 142695 | 94 | 62 | 75
696 | Revision_696/vhdl.c | U | 457 | 461 | 5 | 142696 | 94 | 421 | 75
696 | Revision_696/sql.c | U | 560 | 564 | 5 | 142697 | 94 | 206 | 75
696 | Revision_696/scheme.c | U | 70 | 78 | 8 | 142698 | 95 | 140 | 71
696 | Revision_696/scheme.c | U | 85 | 93 | 8 | 142699 | 95 | 141 | 71
696 | Revision_696/sort.c | U | 118 | 123 | 5 | 142700 | 96 | 182 | 100
696 | Revision_696/sort.c | U | 126 | 131 | 5 | 142701 | 96 | 183 | 100
696 | Revision_696/sql.c | U | 684 | 689 | 5 | 142702 | 97 | 304 | 100
696 | Revision_696/tex.c | U | 354 | 359 | 5 | 142703 | 97 | 551 | 100
696 | Revision_696/sql.c | U | 707 | 756 | 32 | 142704 | 98 | 422 | 72
696 | Revision_696/vhdl.c | U | 493 | 533 | 32 | 142705 | 98 | 423 | 72
696 | Revision_696/sql.c | U | 869 | 879 | 8 | 142706 | 99 | 359 | 71
696 | Revision_696/sql.c | U | 1647 | 1656 | 8 | 142707 | 99 | 350 | 71
696 | Revision_696/sql.c | U | 963 | 991 | 25 | 142708 | 100 | 552 | 72
696 | Revision_696/tex.c | M | 454 | 480 | 25 | 142709 | 100 | 553 | 72
696 | Revision_696/sql.c | U | 1510 | 1546 | 24 | 142710 | 101 | 351 | 78
696 | Revision_696/sql.c | U | 1916 | 1959 | 24 | 142711 | 101 | 352 | 78
696 | Revision_696/sql.c | U | 1880 | 1905 | 17 | 142712 | 102 | 353 | 84
696 | Revision_696/sql.c | U | 1929 | 1953 | 17 | 142713 | 102 | 354 | 84
696 | Revision_696/sql.c | U | 2054 | 2062 | 7 | 142714 | 103 | 426 | 71
696 | Revision_696/vhdl.c | U | 814 | 822 | 7 | 142715 | 103 | 427 | 71
696 | Revision_696/tex.c | M | 491 | 500 | 7 | 142716 | 103 | 554 | 71
696 | Revision_696/strlist.c | U | 32 | 38 | 8 | 142717 | 104 | 142 | 71
696 | Revision_696/vstring.c | U | 77 | 87 | 8 | 142718 | 104 | 143 | 71
696 | Revision_696/strlist.c | U | 191 | 196 | 7 | 142719 | 105 | 146 | 83
696 | Revision_696/strlist.c | U | 200 | 206 | 7 | 142720 | 105 | 264 | 83
696 | Revision_696/tex.c | M | 401 | 418 | 16 | 142721 | 106 | 558 | 83
696 | Revision_696/tex.c | M | 426 | 444 | 16 | 142722 | 106 | 559 | 83
696 | Revision_696/verilog.c | U | 142 | 146 | 5 | 142723 | 107 | 259 | 75
696 | Revision_696/verilog.c | U | 238 | 242 | 5 | 142724 | 107 | 260 | 75
696 | Revision_696/vhdl.c | U | 725 | 742 | 15 | 142725 | 108 | 430 | 100
696 | Revision_696/vhdl.c | U | 744 | 761 | 15 | 142726 | 108 | 427 | 100
696 | Revision_696/vim.c | U | 97 | 101 | 5 | 142727 | 109 | 192 | 100
696 | Revision_696/vim.c | U | 103 | 107 | 5 | 142728 | 109 | 193 | 100
696 | Revision_696/vim.c | U | 244 | 267 | 17 | 142729 | 110 | 224 | 76
696 | Revision_696/vim.c | U | 294 | 312 | 17 | 142730 | 110 | 147 | 76
