Revision | filePath | changeType | StartLine | EndLine | Nlines | cloneId | classId | globalCloneId | Similarity
698 | Revision_698/ant.c | U | 33 | 40 | 8 | 143187 | 1 | 526 | 70
698 | Revision_698/jscript.c | U | 1558 | 1571 | 8 | 143188 | 1 | 281 | 70
698 | Revision_698/matlab.c | U | 35 | 42 | 8 | 143189 | 1 | 527 | 70
698 | Revision_698/tex.c | M | 510 | 523 | 8 | 143190 | 1 | 528 | 70
698 | Revision_698/beta.c | U | 311 | 319 | 8 | 143191 | 1 | 15 | 70
698 | Revision_698/lua.c | U | 123 | 131 | 8 | 143192 | 1 | 154 | 70
698 | Revision_698/vim.c | U | 626 | 634 | 8 | 143193 | 1 | 20 | 70
698 | Revision_698/cobol.c | U | 40 | 48 | 8 | 143194 | 1 | 213 | 70
698 | Revision_698/rexx.c | U | 30 | 37 | 8 | 143195 | 1 | 25 | 70
698 | Revision_698/dosbatch.c | U | 33 | 40 | 8 | 143196 | 1 | 529 | 70
698 | Revision_698/php.c | U | 91 | 98 | 8 | 143197 | 1 | 366 | 70
698 | Revision_698/yacc.c | U | 31 | 38 | 8 | 143198 | 1 | 28 | 70
698 | Revision_698/html.c | U | 40 | 47 | 8 | 143199 | 1 | 253 | 70
698 | Revision_698/keyword.c | U | 107 | 116 | 8 | 143200 | 1 | 29 | 70
698 | Revision_698/slang.c | U | 34 | 41 | 8 | 143201 | 1 | 27 | 70
698 | Revision_698/sql.c | U | 2065 | 2074 | 8 | 143202 | 1 | 197 | 70
698 | Revision_698/verilog.c | U | 329 | 338 | 8 | 143203 | 1 | 184 | 70
698 | Revision_698/flex.c | U | 2217 | 2230 | 8 | 143204 | 1 | 438 | 70
698 | Revision_698/make.c | U | 205 | 215 | 8 | 143205 | 1 | 26 | 70
698 | Revision_698/scheme.c | U | 99 | 109 | 8 | 143206 | 1 | 17 | 70
698 | Revision_698/asp.c | U | 201 | 209 | 8 | 143207 | 1 | 18 | 70
698 | Revision_698/sh.c | U | 103 | 113 | 8 | 143208 | 1 | 24 | 70
698 | Revision_698/vhdl.c | U | 825 | 834 | 8 | 143209 | 1 | 403 | 70
698 | Revision_698/awk.c | U | 71 | 79 | 8 | 143210 | 1 | 10 | 70
698 | Revision_698/basic.c | U | 193 | 201 | 8 | 143211 | 1 | 275 | 70
698 | Revision_698/ruby.c | U | 398 | 406 | 8 | 143212 | 1 | 16 | 70
698 | Revision_698/pascal.c | U | 257 | 265 | 8 | 143213 | 1 | 13 | 70
698 | Revision_698/erlang.c | U | 179 | 187 | 8 | 143214 | 1 | 230 | 70
698 | Revision_698/python.c | U | 648 | 656 | 8 | 143215 | 1 | 14 | 70
698 | Revision_698/tcl.c | U | 106 | 114 | 8 | 143216 | 1 | 22 | 70
698 | Revision_698/perl.c | U | 372 | 380 | 8 | 143217 | 1 | 19 | 70
698 | Revision_698/sml.c | U | 202 | 210 | 8 | 143218 | 1 | 216 | 70
698 | Revision_698/lisp.c | U | 127 | 137 | 8 | 143219 | 1 | 11 | 70
698 | Revision_698/gnu_regex/regex.c | U | 2828 | 2833 | 8 | 143220 | 1 | 374 | 70
698 | Revision_698/options.c | U | 533 | 538 | 8 | 143221 | 1 | 30 | 70
698 | Revision_698/options.c | U | 626 | 632 | 8 | 143222 | 1 | 242 | 70
698 | Revision_698/asm.c | U | 366 | 385 | 8 | 143223 | 1 | 174 | 70
698 | Revision_698/args.c | U | 85 | 92 | 8 | 143224 | 2 | 1 | 100
698 | Revision_698/args.c | U | 160 | 167 | 8 | 143225 | 2 | 2 | 100
698 | Revision_698/args.c | U | 182 | 190 | 9 | 143226 | 3 | 3 | 75
698 | Revision_698/args.c | U | 193 | 200 | 9 | 143227 | 3 | 4 | 75
698 | Revision_698/args.c | U | 203 | 211 | 9 | 143228 | 3 | 5 | 75
698 | Revision_698/args.c | U | 266 | 272 | 7 | 143229 | 4 | 6 | 83
698 | Revision_698/options.c | U | 579 | 584 | 7 | 143230 | 4 | 7 | 83
698 | Revision_698/asm.c | U | 120 | 128 | 8 | 143231 | 5 | 188 | 71
698 | Revision_698/jscript.c | U | 180 | 189 | 8 | 143232 | 5 | 280 | 71
698 | Revision_698/tex.c | U | 157 | 166 | 8 | 143233 | 5 | 530 | 71
698 | Revision_698/flex.c | U | 209 | 218 | 8 | 143234 | 5 | 437 | 71
698 | Revision_698/sql.c | U | 385 | 394 | 8 | 143235 | 5 | 196 | 71
698 | Revision_698/vhdl.c | U | 573 | 583 | 8 | 143236 | 5 | 401 | 71
698 | Revision_698/verilog.c | U | 108 | 118 | 8 | 143237 | 5 | 258 | 71
698 | Revision_698/asm.c | U | 131 | 139 | 8 | 143238 | 6 | 170 | 71
698 | Revision_698/keyword.c | U | 196 | 203 | 8 | 143239 | 6 | 432 | 71
698 | Revision_698/asm.c | U | 243 | 256 | 11 | 143240 | 7 | 191 | 77
698 | Revision_698/asm.c | U | 261 | 271 | 11 | 143241 | 7 | 179 | 77
698 | Revision_698/asm.c | U | 347 | 352 | 6 | 143242 | 8 | 256 | 80
698 | Revision_698/sh.c | U | 89 | 94 | 6 | 143243 | 8 | 257 | 80
698 | Revision_698/asp.c | U | 71 | 90 | 15 | 143244 | 9 | 31 | 100
698 | Revision_698/asp.c | U | 94 | 113 | 15 | 143245 | 9 | 32 | 100
698 | Revision_698/asp.c | U | 117 | 133 | 14 | 143246 | 10 | 33 | 100
698 | Revision_698/asp.c | U | 137 | 152 | 14 | 143247 | 10 | 34 | 100
698 | Revision_698/asp.c | U | 156 | 171 | 14 | 143248 | 10 | 34 | 100
698 | Revision_698/asp.c | U | 175 | 190 | 14 | 143249 | 10 | 34 | 100
698 | Revision_698/basic.c | U | 135 | 140 | 6 | 143250 | 11 | 278 | 80
698 | Revision_698/basic.c | U | 147 | 152 | 6 | 143251 | 11 | 279 | 80
698 | Revision_698/beta.c | U | 71 | 80 | 10 | 143252 | 12 | 43 | 70
698 | Revision_698/vhdl.c | U | 536 | 548 | 10 | 143253 | 12 | 404 | 70
698 | Revision_698/sml.c | U | 75 | 81 | 10 | 143254 | 12 | 217 | 70
698 | Revision_698/parse.c | U | 43 | 54 | 10 | 143255 | 12 | 44 | 70
698 | Revision_698/sql.c | U | 423 | 437 | 10 | 143256 | 12 | 198 | 70
698 | Revision_698/tex.c | U | 194 | 208 | 10 | 143257 | 12 | 531 | 70
698 | Revision_698/flex.c | U | 249 | 263 | 10 | 143258 | 12 | 439 | 70
698 | Revision_698/jscript.c | U | 219 | 233 | 10 | 143259 | 12 | 283 | 70
698 | Revision_698/beta.c | U | 134 | 141 | 6 | 143260 | 13 | 45 | 75
698 | Revision_698/beta.c | U | 204 | 212 | 6 | 143261 | 13 | 46 | 75
698 | Revision_698/beta.c | U | 152 | 156 | 5 | 143262 | 14 | 47 | 75
698 | Revision_698/beta.c | U | 158 | 162 | 5 | 143263 | 14 | 49 | 75
698 | Revision_698/beta.c | U | 271 | 275 | 5 | 143264 | 14 | 48 | 75
698 | Revision_698/beta.c | U | 165 | 169 | 5 | 143265 | 14 | 51 | 75
698 | Revision_698/beta.c | U | 277 | 281 | 5 | 143266 | 14 | 50 | 75
698 | Revision_698/gnu_regex/regex.c | U | 2768 | 2772 | 5 | 143267 | 14 | 375 | 75
698 | Revision_698/erlang.c | U | 58 | 62 | 5 | 143268 | 15 | 231 | 75
698 | Revision_698/python.c | U | 218 | 222 | 5 | 143269 | 15 | 180 | 75
698 | Revision_698/python.c | U | 196 | 200 | 5 | 143270 | 15 | 368 | 75
698 | Revision_698/options.c | U | 963 | 968 | 5 | 143271 | 15 | 181 | 75
698 | Revision_698/sml.c | U | 84 | 88 | 5 | 143272 | 15 | 218 | 75
698 | Revision_698/erlang.c | U | 66 | 75 | 9 | 143273 | 16 | 232 | 75
698 | Revision_698/python.c | U | 226 | 235 | 9 | 143274 | 16 | 194 | 75
698 | Revision_698/tcl.c | U | 44 | 54 | 9 | 143275 | 16 | 195 | 75
698 | Revision_698/erlang.c | U | 97 | 105 | 7 | 143276 | 17 | 237 | 71
698 | Revision_698/perl.c | U | 353 | 359 | 7 | 143277 | 17 | 262 | 71
698 | Revision_698/erlang.c | U | 108 | 113 | 7 | 143278 | 17 | 235 | 71
698 | Revision_698/main.c | U | 260 | 267 | 7 | 143279 | 17 | 254 | 71
698 | Revision_698/erlang.c | U | 116 | 121 | 7 | 143280 | 17 | 239 | 71
698 | Revision_698/main.c | U | 179 | 185 | 7 | 143281 | 17 | 255 | 71
698 | Revision_698/perl.c | U | 339 | 346 | 7 | 143282 | 17 | 19 | 71
698 | Revision_698/flex.c | U | 221 | 235 | 12 | 143283 | 18 | 440 | 75
698 | Revision_698/tex.c | U | 169 | 180 | 12 | 143284 | 18 | 532 | 75
698 | Revision_698/jscript.c | U | 192 | 205 | 12 | 143285 | 18 | 282 | 75
698 | Revision_698/sql.c | U | 397 | 409 | 12 | 143286 | 18 | 205 | 75
698 | Revision_698/vhdl.c | U | 342 | 351 | 12 | 143287 | 18 | 405 | 75
698 | Revision_698/flex.c | U | 238 | 242 | 5 | 143288 | 19 | 441 | 75
698 | Revision_698/sql.c | U | 412 | 416 | 5 | 143289 | 19 | 288 | 75
698 | Revision_698/tex.c | M | 183 | 187 | 5 | 143290 | 19 | 533 | 75
698 | Revision_698/jscript.c | U | 208 | 212 | 5 | 143291 | 19 | 286 | 75
698 | Revision_698/vstring.c | U | 69 | 73 | 5 | 143292 | 19 | 287 | 75
698 | Revision_698/vhdl.c | U | 354 | 361 | 5 | 143293 | 19 | 406 | 75
698 | Revision_698/vstring.c | U | 67 | 74 | 5 | 143294 | 19 | 287 | 75
698 | Revision_698/flex.c | U | 266 | 298 | 16 | 143295 | 20 | 442 | 75
698 | Revision_698/sql.c | U | 440 | 461 | 16 | 143296 | 20 | 290 | 75
698 | Revision_698/jscript.c | U | 236 | 257 | 16 | 143297 | 20 | 289 | 75
698 | Revision_698/tex.c | U | 211 | 232 | 16 | 143298 | 20 | 534 | 75
698 | Revision_698/vhdl.c | U | 551 | 570 | 16 | 143299 | 20 | 407 | 75
698 | Revision_698/flex.c | U | 270 | 297 | 16 | 143300 | 20 | 442 | 75
698 | Revision_698/flex.c | U | 301 | 325 | 19 | 143301 | 21 | 443 | 73
698 | Revision_698/flex.c | U | 351 | 375 | 19 | 143302 | 21 | 445 | 73
698 | Revision_698/jscript.c | U | 287 | 311 | 19 | 143303 | 21 | 433 | 73
698 | Revision_698/flex.c | U | 328 | 348 | 19 | 143304 | 21 | 446 | 73
698 | Revision_698/jscript.c | U | 260 | 284 | 19 | 143305 | 21 | 398 | 73
698 | Revision_698/jscript.c | U | 1390 | 1430 | 19 | 143306 | 21 | 434 | 73
698 | Revision_698/flex.c | U | 1800 | 1840 | 19 | 143307 | 21 | 444 | 73
698 | Revision_698/flex.c | U | 308 | 312 | 5 | 143308 | 22 | 535 | 75
698 | Revision_698/tex.c | M | 408 | 412 | 5 | 143309 | 22 | 555 | 75
698 | Revision_698/tex.c | M | 431 | 435 | 5 | 143310 | 22 | 556 | 75
698 | Revision_698/flex.c | U | 1821 | 1825 | 5 | 143311 | 22 | 537 | 75
698 | Revision_698/flex.c | U | 358 | 362 | 5 | 143312 | 22 | 538 | 75
698 | Revision_698/jscript.c | U | 1411 | 1415 | 5 | 143313 | 22 | 342 | 75
698 | Revision_698/jscript.c | U | 267 | 271 | 5 | 143314 | 22 | 291 | 75
698 | Revision_698/flex.c | U | 335 | 339 | 5 | 143315 | 22 | 539 | 75
698 | Revision_698/jscript.c | U | 294 | 298 | 5 | 143316 | 22 | 280 | 75
698 | Revision_698/flex.c | U | 382 | 400 | 17 | 143317 | 23 | 447 | 100
698 | Revision_698/vhdl.c | U | 368 | 386 | 17 | 143318 | 23 | 409 | 100
698 | Revision_698/sql.c | U | 468 | 486 | 17 | 143319 | 23 | 296 | 100
698 | Revision_698/tex.c | U | 239 | 257 | 17 | 143320 | 23 | 540 | 100
698 | Revision_698/jscript.c | U | 318 | 336 | 17 | 143321 | 23 | 398 | 100
698 | Revision_698/flex.c | U | 406 | 417 | 12 | 143322 | 24 | 448 | 100
698 | Revision_698/tex.c | U | 264 | 276 | 12 | 143323 | 24 | 541 | 100
698 | Revision_698/jscript.c | U | 342 | 353 | 12 | 143324 | 24 | 295 | 100
698 | Revision_698/sql.c | U | 491 | 502 | 12 | 143325 | 24 | 296 | 100
698 | Revision_698/vhdl.c | U | 391 | 402 | 12 | 143326 | 24 | 410 | 100
698 | Revision_698/flex.c | U | 429 | 433 | 5 | 143327 | 25 | 449 | 71
698 | Revision_698/flex.c | U | 613 | 617 | 5 | 143328 | 25 | 450 | 71
698 | Revision_698/jscript.c | U | 365 | 369 | 5 | 143329 | 25 | 291 | 71
698 | Revision_698/sql.c | U | 514 | 527 | 5 | 143330 | 25 | 206 | 71
698 | Revision_698/tex.c | M | 288 | 292 | 5 | 143331 | 25 | 542 | 71
698 | Revision_698/flex.c | U | 661 | 665 | 5 | 143332 | 25 | 451 | 71
698 | Revision_698/flex.c | U | 502 | 506 | 5 | 143333 | 25 | 452 | 71
698 | Revision_698/vhdl.c | U | 414 | 418 | 5 | 143334 | 25 | 411 | 71
698 | Revision_698/flex.c | U | 659 | 666 | 5 | 143335 | 25 | 450 | 71
698 | Revision_698/flex.c | U | 475 | 480 | 5 | 143336 | 25 | 451 | 71
698 | Revision_698/flex.c | U | 522 | 528 | 5 | 143337 | 25 | 453 | 71
698 | Revision_698/flex.c | U | 611 | 618 | 5 | 143338 | 25 | 454 | 71
698 | Revision_698/flex.c | U | 535 | 541 | 5 | 143339 | 25 | 455 | 71
698 | Revision_698/flex.c | U | 650 | 657 | 5 | 143340 | 25 | 456 | 71
698 | Revision_698/flex.c | U | 548 | 555 | 5 | 143341 | 25 | 457 | 71
698 | Revision_698/flex.c | U | 602 | 609 | 5 | 143342 | 25 | 458 | 71
698 | Revision_698/flex.c | U | 626 | 632 | 5 | 143343 | 25 | 459 | 71
698 | Revision_698/flex.c | U | 637 | 643 | 5 | 143344 | 25 | 460 | 71
698 | Revision_698/flex.c | U | 589 | 595 | 5 | 143345 | 25 | 461 | 71
698 | Revision_698/flex.c | U | 482 | 507 | 25 | 143346 | 26 | 462 | 70
698 | Revision_698/sql.c | U | 597 | 627 | 25 | 143347 | 26 | 464 | 70
698 | Revision_698/jscript.c | U | 405 | 435 | 25 | 143348 | 26 | 463 | 70
698 | Revision_698/flex.c | U | 586 | 621 | 35 | 143349 | 27 | 465 | 74
698 | Revision_698/flex.c | U | 623 | 670 | 35 | 143350 | 27 | 466 | 74
698 | Revision_698/flex.c | U | 691 | 700 | 10 | 143351 | 28 | 467 | 100
698 | Revision_698/jscript.c | U | 441 | 450 | 10 | 143352 | 28 | 412 | 100
698 | Revision_698/vhdl.c | U | 467 | 476 | 10 | 143353 | 28 | 413 | 100
698 | Revision_698/tex.c | U | 330 | 339 | 10 | 143354 | 28 | 543 | 100
698 | Revision_698/flex.c | U | 706 | 715 | 9 | 143355 | 29 | 468 | 77
698 | Revision_698/jscript.c | U | 456 | 464 | 9 | 143356 | 29 | 301 | 77
698 | Revision_698/tex.c | M | 362 | 369 | 9 | 143357 | 29 | 544 | 77
698 | Revision_698/flex.c | U | 722 | 752 | 17 | 143358 | 30 | 469 | 83
698 | Revision_698/vhdl.c | U | 514 | 532 | 17 | 143359 | 30 | 414 | 83
698 | Revision_698/jscript.c | U | 504 | 533 | 17 | 143360 | 30 | 371 | 83
698 | Revision_698/flex.c | U | 755 | 784 | 17 | 143361 | 30 | 470 | 83
698 | Revision_698/sql.c | U | 737 | 755 | 17 | 143362 | 30 | 400 | 83
698 | Revision_698/jscript.c | U | 471 | 501 | 17 | 143363 | 30 | 284 | 83
698 | Revision_698/flex.c | U | 787 | 794 | 7 | 143364 | 31 | 471 | 80
698 | Revision_698/jscript.c | U | 546 | 553 | 7 | 143365 | 31 | 302 | 80
698 | Revision_698/sql.c | U | 670 | 677 | 7 | 143366 | 31 | 304 | 80
698 | Revision_698/jscript.c | U | 536 | 543 | 7 | 143367 | 31 | 301 | 80
698 | Revision_698/flex.c | U | 797 | 804 | 7 | 143368 | 31 | 472 | 80
698 | Revision_698/flex.c | U | 811 | 833 | 13 | 143369 | 32 | 473 | 100
698 | Revision_698/jscript.c | U | 560 | 582 | 13 | 143370 | 32 | 316 | 100
698 | Revision_698/flex.c | U | 818 | 832 | 10 | 143371 | 33 | 474 | 70
698 | Revision_698/flex.c | U | 1176 | 1204 | 10 | 143372 | 33 | 475 | 70
698 | Revision_698/vhdl.c | U | 656 | 668 | 10 | 143373 | 33 | 415 | 70
698 | Revision_698/jscript.c | U | 567 | 581 | 10 | 143374 | 33 | 306 | 70
698 | Revision_698/sql.c | U | 1579 | 1586 | 10 | 143375 | 33 | 311 | 70
698 | Revision_698/sql.c | U | 1106 | 1129 | 10 | 143376 | 33 | 337 | 70
698 | Revision_698/jscript.c | U | 1324 | 1339 | 10 | 143377 | 33 | 281 | 70
698 | Revision_698/flex.c | U | 1734 | 1749 | 10 | 143378 | 33 | 477 | 70
698 | Revision_698/jscript.c | U | 647 | 673 | 10 | 143379 | 33 | 309 | 70
698 | Revision_698/sql.c | U | 1073 | 1090 | 10 | 143380 | 33 | 319 | 70
698 | Revision_698/jscript.c | U | 837 | 847 | 10 | 143381 | 33 | 307 | 70
698 | Revision_698/jscript.c | U | 585 | 620 | 10 | 143382 | 33 | 315 | 70
698 | Revision_698/vhdl.c | U | 747 | 760 | 10 | 143383 | 33 | 430 | 70
698 | Revision_698/vhdl.c | U | 728 | 741 | 10 | 143384 | 33 | 427 | 70
698 | Revision_698/vhdl.c | U | 617 | 625 | 10 | 143385 | 33 | 416 | 70
698 | Revision_698/sql.c | U | 1962 | 1990 | 10 | 143386 | 33 | 314 | 70
698 | Revision_698/jscript.c | U | 839 | 846 | 10 | 143387 | 33 | 307 | 70
698 | Revision_698/flex.c | U | 1244 | 1263 | 10 | 143388 | 33 | 478 | 70
698 | Revision_698/jscript.c | U | 986 | 1005 | 10 | 143389 | 33 | 318 | 70
698 | Revision_698/flex.c | U | 1943 | 1953 | 10 | 143390 | 33 | 481 | 70
698 | Revision_698/flex.c | U | 2090 | 2109 | 10 | 143391 | 33 | 479 | 70
698 | Revision_698/flex.c | U | 2111 | 2127 | 10 | 143392 | 33 | 480 | 70
698 | Revision_698/flex.c | U | 894 | 920 | 10 | 143393 | 33 | 476 | 70
698 | Revision_698/vhdl.c | U | 635 | 640 | 10 | 143394 | 33 | 416 | 70
698 | Revision_698/flex.c | U | 2099 | 2108 | 10 | 143395 | 33 | 485 | 70
698 | Revision_698/sql.c | U | 836 | 850 | 10 | 143396 | 33 | 313 | 70
698 | Revision_698/jscript.c | U | 696 | 707 | 10 | 143397 | 33 | 312 | 70
698 | Revision_698/sql.c | U | 1464 | 1472 | 10 | 143398 | 33 | 396 | 70
698 | Revision_698/flex.c | U | 1946 | 1952 | 10 | 143399 | 33 | 481 | 70
698 | Revision_698/jscript.c | U | 1084 | 1090 | 10 | 143400 | 33 | 309 | 70
698 | Revision_698/sql.c | U | 1395 | 1401 | 10 | 143401 | 33 | 356 | 70
698 | Revision_698/sql.c | U | 929 | 949 | 10 | 143402 | 33 | 310 | 70
698 | Revision_698/flex.c | U | 943 | 954 | 10 | 143403 | 33 | 486 | 70
698 | Revision_698/vhdl.c | U | 586 | 600 | 10 | 143404 | 33 | 418 | 70
698 | Revision_698/sql.c | U | 1696 | 1722 | 10 | 143405 | 33 | 320 | 70
698 | Revision_698/sql.c | U | 1725 | 1746 | 10 | 143406 | 33 | 324 | 70
698 | Revision_698/sql.c | U | 834 | 851 | 10 | 143407 | 33 | 313 | 70
698 | Revision_698/sql.c | U | 1475 | 1485 | 10 | 143408 | 33 | 397 | 70
698 | Revision_698/flex.c | U | 2170 | 2181 | 10 | 143409 | 33 | 483 | 70
698 | Revision_698/flex.c | U | 1931 | 1956 | 10 | 143410 | 33 | 484 | 70
698 | Revision_698/flex.c | U | 836 | 867 | 10 | 143411 | 33 | 476 | 70
698 | Revision_698/flex.c | U | 1940 | 1954 | 10 | 143412 | 33 | 481 | 70
698 | Revision_698/vhdl.c | U | 705 | 716 | 10 | 143413 | 33 | 417 | 70
698 | Revision_698/flex.c | U | 2173 | 2180 | 10 | 143414 | 33 | 483 | 70
698 | Revision_698/vhdl.c | U | 707 | 715 | 10 | 143415 | 33 | 425 | 70
698 | Revision_698/flex.c | U | 1995 | 2003 | 10 | 143416 | 33 | 489 | 70
698 | Revision_698/flex.c | U | 2120 | 2126 | 10 | 143417 | 33 | 490 | 70
698 | Revision_698/flex.c | U | 2129 | 2136 | 10 | 143418 | 33 | 488 | 70
698 | Revision_698/ruby.c | U | 214 | 218 | 10 | 143419 | 33 | 265 | 70
698 | Revision_698/sql.c | U | 1295 | 1303 | 10 | 143420 | 33 | 397 | 70
698 | Revision_698/sql.c | U | 759 | 771 | 10 | 143421 | 33 | 313 | 70
698 | Revision_698/sql.c | U | 1764 | 1785 | 10 | 143422 | 33 | 321 | 70
698 | Revision_698/vhdl.c | U | 673 | 687 | 10 | 143423 | 33 | 417 | 70
698 | Revision_698/sql.c | U | 1788 | 1809 | 10 | 143424 | 33 | 322 | 70
698 | Revision_698/sql.c | U | 1665 | 1693 | 10 | 143425 | 33 | 323 | 70
698 | Revision_698/jscript.c | U | 675 | 708 | 10 | 143426 | 33 | 487 | 70
698 | Revision_698/sql.c | U | 1532 | 1542 | 10 | 143427 | 33 | 345 | 70
698 | Revision_698/vim.c | U | 400 | 408 | 10 | 143428 | 33 | 365 | 70
698 | Revision_698/flex.c | U | 2101 | 2107 | 10 | 143429 | 33 | 485 | 70
698 | Revision_698/ruby.c | U | 195 | 200 | 10 | 143430 | 33 | 491 | 70
698 | Revision_698/vhdl.c | U | 647 | 670 | 10 | 143431 | 33 | 431 | 70
698 | Revision_698/sql.c | U | 1812 | 1852 | 10 | 143432 | 33 | 327 | 70
698 | Revision_698/get.c | U | 594 | 598 | 10 | 143433 | 33 | 364 | 70
698 | Revision_698/flex.c | U | 1241 | 1275 | 10 | 143434 | 33 | 492 | 70
698 | Revision_698/jscript.c | U | 983 | 1017 | 10 | 143435 | 33 | 340 | 70
698 | Revision_698/sql.c | U | 1373 | 1411 | 10 | 143436 | 33 | 328 | 70
698 | Revision_698/sql.c | U | 1549 | 1588 | 10 | 143437 | 33 | 329 | 70
698 | Revision_698/readtags.c | U | 363 | 367 | 10 | 143438 | 33 | 391 | 70
698 | Revision_698/flex.c | U | 870 | 956 | 30 | 143439 | 34 | 493 | 90
698 | Revision_698/jscript.c | U | 623 | 709 | 30 | 143440 | 34 | 494 | 90
698 | Revision_698/flex.c | U | 922 | 955 | 17 | 143441 | 35 | 495 | 75
698 | Revision_698/flex.c | U | 1922 | 1957 | 17 | 143442 | 35 | 496 | 75
698 | Revision_698/flex.c | U | 959 | 1066 | 30 | 143443 | 36 | 497 | 100
698 | Revision_698/jscript.c | U | 712 | 819 | 30 | 143444 | 36 | 498 | 100
698 | Revision_698/flex.c | U | 1069 | 1144 | 22 | 143445 | 37 | 499 | 70
698 | Revision_698/sql.c | U | 1448 | 1486 | 22 | 143446 | 37 | 500 | 70
698 | Revision_698/flex.c | U | 1920 | 1963 | 22 | 143447 | 37 | 502 | 70
698 | Revision_698/flex.c | U | 1982 | 2035 | 22 | 143448 | 37 | 501 | 70
698 | Revision_698/flex.c | U | 2160 | 2187 | 22 | 143449 | 37 | 503 | 70
698 | Revision_698/flex.c | U | 1221 | 1282 | 33 | 143450 | 38 | 504 | 100
698 | Revision_698/jscript.c | U | 963 | 1024 | 33 | 143451 | 38 | 505 | 100
698 | Revision_698/flex.c | U | 1252 | 1262 | 5 | 143452 | 39 | 506 | 75
698 | Revision_698/options.c | U | 352 | 357 | 5 | 143453 | 39 | 107 | 75
698 | Revision_698/flex.c | U | 1265 | 1274 | 5 | 143454 | 39 | 507 | 75
698 | Revision_698/jscript.c | U | 994 | 1004 | 5 | 143455 | 39 | 399 | 75
698 | Revision_698/vhdl.c | U | 611 | 615 | 5 | 143456 | 39 | 416 | 75
698 | Revision_698/vhdl.c | U | 620 | 624 | 5 | 143457 | 39 | 419 | 75
698 | Revision_698/sql.c | U | 1636 | 1640 | 5 | 143458 | 39 | 335 | 75
698 | Revision_698/sql.c | U | 1897 | 1901 | 5 | 143459 | 39 | 334 | 75
698 | Revision_698/jscript.c | U | 1007 | 1016 | 5 | 143460 | 39 | 336 | 75
698 | Revision_698/vhdl.c | U | 750 | 755 | 5 | 143461 | 39 | 427 | 75
698 | Revision_698/vhdl.c | U | 731 | 736 | 5 | 143462 | 39 | 429 | 75
698 | Revision_698/options.c | U | 674 | 678 | 5 | 143463 | 39 | 116 | 75
698 | Revision_698/jscript.c | U | 909 | 918 | 5 | 143464 | 39 | 332 | 75
698 | Revision_698/options.c | U | 1221 | 1225 | 5 | 143465 | 39 | 117 | 75
698 | Revision_698/jscript.c | U | 920 | 925 | 5 | 143466 | 39 | 333 | 75
698 | Revision_698/jscript.c | U | 891 | 907 | 5 | 143467 | 39 | 338 | 75
698 | Revision_698/flex.c | U | 1324 | 1334 | 5 | 143468 | 40 | 508 | 75
698 | Revision_698/jscript.c | U | 1423 | 1427 | 5 | 143469 | 40 | 342 | 75
698 | Revision_698/flex.c | U | 1833 | 1837 | 5 | 143470 | 40 | 509 | 75
698 | Revision_698/sql.c | U | 1082 | 1089 | 5 | 143471 | 40 | 343 | 75
698 | Revision_698/tex.c | M | 439 | 443 | 5 | 143472 | 40 | 557 | 75
698 | Revision_698/sql.c | U | 998 | 1004 | 5 | 143473 | 40 | 344 | 75
698 | Revision_698/sql.c | U | 1713 | 1719 | 5 | 143474 | 40 | 345 | 75
698 | Revision_698/sql.c | U | 1684 | 1690 | 5 | 143475 | 40 | 346 | 75
698 | Revision_698/sql.c | U | 1403 | 1408 | 5 | 143476 | 40 | 347 | 75
698 | Revision_698/flex.c | U | 1399 | 1867 | 198 | 143477 | 41 | 510 | 77
698 | Revision_698/jscript.c | U | 1027 | 1457 | 198 | 143478 | 41 | 511 | 77
698 | Revision_698/flex.c | U | 1464 | 1499 | 34 | 143479 | 42 | 512 | 71
698 | Revision_698/vhdl.c | U | 769 | 802 | 34 | 143480 | 42 | 513 | 71
698 | Revision_698/flex.c | U | 1561 | 1587 | 12 | 143481 | 43 | 514 | 72
698 | Revision_698/flex.c | U | 1589 | 1611 | 12 | 143482 | 43 | 515 | 72
698 | Revision_698/flex.c | U | 1751 | 1768 | 5 | 143483 | 44 | 516 | 75
698 | Revision_698/readtags.c | U | 502 | 506 | 5 | 143484 | 44 | 87 | 75
698 | Revision_698/jscript.c | U | 1341 | 1358 | 5 | 143485 | 44 | 435 | 75
698 | Revision_698/readtags.c | U | 681 | 685 | 5 | 143486 | 44 | 88 | 75
698 | Revision_698/flex.c | U | 1870 | 1917 | 29 | 143487 | 45 | 517 | 92
698 | Revision_698/jscript.c | U | 1460 | 1507 | 29 | 143488 | 45 | 518 | 92
698 | Revision_698/flex.c | U | 1883 | 1906 | 21 | 143489 | 46 | 519 | 70
698 | Revision_698/get.c | U | 406 | 413 | 21 | 143490 | 46 | 520 | 70
698 | Revision_698/flex.c | U | 2142 | 2155 | 16 | 143491 | 47 | 521 | 75
698 | Revision_698/jscript.c | U | 1512 | 1527 | 16 | 143492 | 47 | 281 | 75
698 | Revision_698/flex.c | U | 2146 | 2149 | 8 | 143493 | 48 | 522 | 71
698 | Revision_698/Test/local.c | U | 14 | 20 | 8 | 143494 | 48 | 362 | 71
698 | Revision_698/vhdl.c | U | 499 | 506 | 8 | 143495 | 48 | 420 | 71
698 | Revision_698/jscript.c | U | 1518 | 1521 | 8 | 143496 | 48 | 361 | 71
698 | Revision_698/flex.c | U | 2190 | 2194 | 5 | 143497 | 49 | 523 | 75
698 | Revision_698/tex.c | M | 490 | 494 | 5 | 143498 | 49 | 549 | 75
698 | Revision_698/sql.c | U | 2047 | 2051 | 5 | 143499 | 49 | 274 | 75
698 | Revision_698/make.c | U | 191 | 195 | 5 | 143500 | 49 | 273 | 75
698 | Revision_698/jscript.c | U | 1531 | 1535 | 5 | 143501 | 49 | 348 | 75
698 | Revision_698/flex.c | U | 2197 | 2213 | 14 | 143502 | 50 | 524 | 100
698 | Revision_698/jscript.c | U | 1538 | 1554 | 14 | 143503 | 50 | 525 | 100
698 | Revision_698/get.c | U | 305 | 314 | 10 | 143504 | 51 | 74 | 70
698 | Revision_698/parse.c | U | 586 | 600 | 10 | 143505 | 51 | 76 | 70
698 | Revision_698/read.c | U | 220 | 231 | 10 | 143506 | 51 | 75 | 70
698 | Revision_698/get.c | U | 467 | 478 | 10 | 143507 | 52 | 77 | 87
698 | Revision_698/get.c | U | 484 | 495 | 10 | 143508 | 52 | 79 | 87
698 | Revision_698/get.c | U | 541 | 546 | 6 | 143509 | 53 | 80 | 80
698 | Revision_698/read.c | U | 424 | 428 | 6 | 143510 | 53 | 81 | 80
698 | Revision_698/get.c | U | 649 | 653 | 5 | 143511 | 54 | 394 | 75
698 | Revision_698/python.c | U | 184 | 187 | 5 | 143512 | 54 | 395 | 75
698 | Revision_698/gnu_regex/regex.c | U | 810 | 815 | 5 | 143513 | 55 | 376 | 75
698 | Revision_698/main.c | U | 126 | 139 | 5 | 143514 | 55 | 243 | 75
698 | Revision_698/routines.c | U | 621 | 644 | 5 | 143515 | 55 | 377 | 75
698 | Revision_698/options.c | U | 397 | 402 | 5 | 143516 | 55 | 244 | 75
698 | Revision_698/gnu_regex/regex.c | U | 1182 | 1192 | 6 | 143517 | 56 | 378 | 80
698 | Revision_698/gnu_regex/regex.c | U | 1197 | 1207 | 6 | 143518 | 56 | 379 | 80
698 | Revision_698/gnu_regex/regex.c | U | 1330 | 1339 | 5 | 143519 | 57 | 380 | 100
698 | Revision_698/gnu_regex/regex.c | U | 1816 | 1820 | 5 | 143520 | 57 | 381 | 100
698 | Revision_698/gnu_regex/regex.c | U | 1627 | 1632 | 6 | 143521 | 58 | 392 | 100
698 | Revision_698/gnu_regex/regex.c | U | 1649 | 1654 | 6 | 143522 | 58 | 393 | 100
698 | Revision_698/gnu_regex/regex.c | U | 1777 | 1782 | 6 | 143523 | 58 | 382 | 100
698 | Revision_698/gnu_regex/regex.c | U | 1792 | 1797 | 6 | 143524 | 58 | 383 | 100
698 | Revision_698/gnu_regex/regex.c | U | 1757 | 1762 | 6 | 143525 | 58 | 384 | 100
698 | Revision_698/gnu_regex/regex.c | U | 2100 | 2108 | 7 | 143526 | 59 | 385 | 83
698 | Revision_698/gnu_regex/regex.c | U | 2119 | 2127 | 7 | 143527 | 59 | 386 | 83
698 | Revision_698/gnu_regex/regex.c | U | 3543 | 3551 | 8 | 143528 | 60 | 387 | 83
698 | Revision_698/gnu_regex/regex.c | U | 3553 | 3560 | 8 | 143529 | 60 | 388 | 83
698 | Revision_698/gnu_regex/regex.c | U | 3722 | 3736 | 15 | 143530 | 61 | 389 | 71
698 | Revision_698/gnu_regex/regex.c | U | 4312 | 4329 | 15 | 143531 | 61 | 390 | 71
698 | Revision_698/jscript.c | U | 356 | 453 | 115 | 143532 | 62 | 299 | 76
698 | Revision_698/sql.c | U | 505 | 651 | 115 | 143533 | 62 | 300 | 76
698 | Revision_698/tex.c | U | 279 | 359 | 115 | 143534 | 62 | 550 | 76
698 | Revision_698/jscript.c | U | 1072 | 1081 | 6 | 143535 | 63 | 360 | 75
698 | Revision_698/options.c | U | 1683 | 1687 | 6 | 143536 | 63 | 223 | 75
698 | Revision_698/jscript.c | U | 1152 | 1178 | 12 | 143537 | 64 | 372 | 72
698 | Revision_698/jscript.c | U | 1180 | 1202 | 12 | 143538 | 64 | 373 | 72
698 | Revision_698/keyword.c | U | 185 | 189 | 5 | 143539 | 65 | 85 | 75
698 | Revision_698/options.c | U | 1042 | 1046 | 5 | 143540 | 65 | 86 | 75
698 | Revision_698/readtags.c | U | 452 | 456 | 5 | 143541 | 65 | 87 | 75
698 | Revision_698/lisp.c | U | 91 | 97 | 7 | 143542 | 66 | 89 | 83
698 | Revision_698/lisp.c | U | 112 | 118 | 7 | 143543 | 66 | 90 | 83
698 | Revision_698/make.c | U | 44 | 48 | 5 | 143544 | 67 | 267 | 75
698 | Revision_698/verilog.c | U | 286 | 290 | 5 | 143545 | 67 | 268 | 75
698 | Revision_698/make.c | U | 77 | 87 | 11 | 143546 | 68 | 269 | 77
698 | Revision_698/verilog.c | U | 199 | 212 | 11 | 143547 | 68 | 270 | 77
698 | Revision_698/make.c | U | 97 | 105 | 8 | 143548 | 69 | 271 | 75
698 | Revision_698/verilog.c | U | 187 | 193 | 8 | 143549 | 69 | 272 | 75
698 | Revision_698/options.c | U | 369 | 375 | 6 | 143550 | 70 | 107 | 100
698 | Revision_698/options.c | U | 378 | 384 | 6 | 143551 | 70 | 108 | 100
698 | Revision_698/options.c | U | 543 | 549 | 7 | 143552 | 71 | 112 | 100
698 | Revision_698/options.c | U | 570 | 576 | 7 | 143553 | 71 | 115 | 100
698 | Revision_698/options.c | U | 561 | 567 | 7 | 143554 | 71 | 114 | 100
698 | Revision_698/options.c | U | 552 | 558 | 7 | 143555 | 71 | 113 | 100
698 | Revision_698/options.c | U | 982 | 986 | 5 | 143556 | 72 | 118 | 75
698 | Revision_698/options.c | U | 1008 | 1012 | 5 | 143557 | 72 | 119 | 75
698 | Revision_698/options.c | U | 1102 | 1106 | 5 | 143558 | 73 | 120 | 100
698 | Revision_698/options.c | U | 1108 | 1112 | 5 | 143559 | 73 | 120 | 100
698 | Revision_698/options.c | U | 1154 | 1166 | 12 | 143560 | 74 | 245 | 100
698 | Revision_698/options.c | U | 1171 | 1183 | 12 | 143561 | 74 | 123 | 100
698 | Revision_698/options.c | U | 1425 | 1442 | 15 | 143562 | 75 | 124 | 91
698 | Revision_698/options.c | U | 1463 | 1480 | 15 | 143563 | 75 | 125 | 91
698 | Revision_698/parse.c | U | 96 | 106 | 11 | 143564 | 76 | 126 | 88
698 | Revision_698/parse.c | U | 109 | 120 | 11 | 143565 | 76 | 127 | 88
698 | Revision_698/parse.c | U | 299 | 303 | 5 | 143566 | 77 | 246 | 75
698 | Revision_698/parse.c | U | 556 | 560 | 5 | 143567 | 77 | 247 | 75
698 | Revision_698/parse.c | U | 575 | 579 | 5 | 143568 | 77 | 248 | 75
698 | Revision_698/pascal.c | U | 134 | 138 | 5 | 143569 | 78 | 128 | 75
698 | Revision_698/perl.c | U | 187 | 191 | 5 | 143570 | 78 | 129 | 75
698 | Revision_698/pascal.c | U | 150 | 154 | 5 | 143571 | 79 | 212 | 75
698 | Revision_698/pascal.c | U | 176 | 182 | 5 | 143572 | 79 | 130 | 75
698 | Revision_698/pascal.c | U | 184 | 190 | 5 | 143573 | 79 | 131 | 75
698 | Revision_698/python.c | U | 575 | 579 | 5 | 143574 | 79 | 370 | 75
698 | Revision_698/perl.c | U | 208 | 214 | 7 | 143575 | 80 | 262 | 83
698 | Revision_698/perl.c | U | 254 | 259 | 7 | 143576 | 80 | 367 | 83
698 | Revision_698/python.c | U | 88 | 101 | 11 | 143577 | 81 | 39 | 77
698 | Revision_698/python.c | U | 131 | 142 | 11 | 143578 | 81 | 14 | 77
698 | Revision_698/python.c | U | 475 | 479 | 7 | 143579 | 82 | 370 | 80
698 | Revision_698/python.c | U | 480 | 485 | 7 | 143580 | 82 | 370 | 80
698 | Revision_698/python.c | U | 581 | 590 | 8 | 143581 | 83 | 436 | 83
698 | Revision_698/python.c | U | 592 | 600 | 8 | 143582 | 83 | 14 | 83
698 | Revision_698/readtags.c | U | 106 | 113 | 8 | 143583 | 84 | 149 | 83
698 | Revision_698/readtags.c | U | 116 | 123 | 8 | 143584 | 84 | 134 | 83
698 | Revision_698/routines.c | U | 298 | 305 | 8 | 143585 | 84 | 155 | 83
698 | Revision_698/routines.c | U | 288 | 295 | 8 | 143586 | 84 | 156 | 83
698 | Revision_698/readtags.c | U | 144 | 148 | 5 | 143587 | 85 | 110 | 75
698 | Revision_698/vstring.c | U | 35 | 40 | 5 | 143588 | 85 | 111 | 75
698 | Revision_698/readtags.c | U | 541 | 547 | 6 | 143589 | 86 | 150 | 100
698 | Revision_698/readtags.c | U | 549 | 555 | 6 | 143590 | 86 | 151 | 100
698 | Revision_698/readtags.c | U | 584 | 588 | 6 | 143591 | 87 | 134 | 75
698 | Revision_698/readtags.c | U | 639 | 645 | 6 | 143592 | 87 | 135 | 75
698 | Revision_698/readtags.c | U | 718 | 726 | 8 | 143593 | 88 | 136 | 83
698 | Revision_698/readtags.c | U | 773 | 781 | 8 | 143594 | 88 | 139 | 83
698 | Revision_698/readtags.c | U | 729 | 737 | 8 | 143595 | 88 | 139 | 83
698 | Revision_698/readtags.c | U | 740 | 745 | 6 | 143596 | 89 | 152 | 80
698 | Revision_698/readtags.c | U | 757 | 762 | 6 | 143597 | 89 | 153 | 80
698 | Revision_698/readtags.c | U | 765 | 770 | 6 | 143598 | 89 | 187 | 80
698 | Revision_698/routines.c | U | 237 | 244 | 6 | 143599 | 90 | 157 | 80
698 | Revision_698/routines.c | U | 247 | 254 | 6 | 143600 | 90 | 158 | 80
698 | Revision_698/routines.c | U | 322 | 326 | 5 | 143601 | 91 | 159 | 75
698 | Revision_698/vstring.c | U | 125 | 129 | 5 | 143602 | 91 | 94 | 75
698 | Revision_698/vstring.c | U | 118 | 122 | 5 | 143603 | 91 | 95 | 75
698 | Revision_698/routines.c | U | 329 | 335 | 6 | 143604 | 92 | 160 | 100
698 | Revision_698/routines.c | U | 338 | 344 | 6 | 143605 | 92 | 161 | 100
698 | Revision_698/routines.c | U | 349 | 356 | 8 | 143606 | 93 | 162 | 100
698 | Revision_698/routines.c | U | 361 | 368 | 8 | 143607 | 93 | 163 | 100
698 | Revision_698/routines.c | U | 453 | 459 | 5 | 143608 | 94 | 167 | 75
698 | Revision_698/strlist.c | U | 150 | 154 | 5 | 143609 | 94 | 62 | 75
698 | Revision_698/vhdl.c | U | 457 | 461 | 5 | 143610 | 94 | 421 | 75
698 | Revision_698/sql.c | U | 560 | 564 | 5 | 143611 | 94 | 206 | 75
698 | Revision_698/scheme.c | U | 70 | 78 | 8 | 143612 | 95 | 140 | 71
698 | Revision_698/scheme.c | U | 85 | 93 | 8 | 143613 | 95 | 141 | 71
698 | Revision_698/sort.c | U | 118 | 123 | 5 | 143614 | 96 | 182 | 100
698 | Revision_698/sort.c | U | 126 | 131 | 5 | 143615 | 96 | 183 | 100
698 | Revision_698/sql.c | U | 707 | 756 | 32 | 143616 | 97 | 422 | 72
698 | Revision_698/vhdl.c | U | 493 | 533 | 32 | 143617 | 97 | 423 | 72
698 | Revision_698/sql.c | U | 869 | 879 | 8 | 143618 | 98 | 359 | 71
698 | Revision_698/sql.c | U | 1647 | 1656 | 8 | 143619 | 98 | 350 | 71
698 | Revision_698/sql.c | U | 1510 | 1546 | 24 | 143620 | 99 | 351 | 78
698 | Revision_698/sql.c | U | 1916 | 1959 | 24 | 143621 | 99 | 352 | 78
698 | Revision_698/sql.c | U | 1880 | 1905 | 17 | 143622 | 100 | 353 | 84
698 | Revision_698/sql.c | U | 1929 | 1953 | 17 | 143623 | 100 | 354 | 84
698 | Revision_698/sql.c | U | 2054 | 2062 | 7 | 143624 | 101 | 426 | 71
698 | Revision_698/tex.c | M | 497 | 506 | 7 | 143625 | 101 | 554 | 71
698 | Revision_698/vhdl.c | U | 814 | 822 | 7 | 143626 | 101 | 427 | 71
698 | Revision_698/strlist.c | U | 32 | 38 | 8 | 143627 | 102 | 142 | 71
698 | Revision_698/vstring.c | U | 77 | 87 | 8 | 143628 | 102 | 143 | 71
698 | Revision_698/strlist.c | U | 191 | 196 | 7 | 143629 | 103 | 146 | 83
698 | Revision_698/strlist.c | U | 200 | 206 | 7 | 143630 | 103 | 264 | 83
698 | Revision_698/tex.c | U | 401 | 418 | 16 | 143631 | 104 | 558 | 83
698 | Revision_698/tex.c | U | 426 | 444 | 16 | 143632 | 104 | 559 | 83
698 | Revision_698/verilog.c | U | 142 | 146 | 5 | 143633 | 105 | 259 | 75
698 | Revision_698/verilog.c | U | 238 | 242 | 5 | 143634 | 105 | 260 | 75
698 | Revision_698/vhdl.c | U | 725 | 742 | 15 | 143635 | 106 | 430 | 100
698 | Revision_698/vhdl.c | U | 744 | 761 | 15 | 143636 | 106 | 427 | 100
698 | Revision_698/vim.c | U | 97 | 101 | 5 | 143637 | 107 | 192 | 100
698 | Revision_698/vim.c | U | 103 | 107 | 5 | 143638 | 107 | 193 | 100
698 | Revision_698/vim.c | U | 244 | 267 | 17 | 143639 | 108 | 224 | 76
698 | Revision_698/vim.c | U | 294 | 312 | 17 | 143640 | 108 | 147 | 76
