Revision | filePath | changeType | StartLine | EndLine | Nlines | cloneId | classId | globalCloneId | Similarity
701 | Revision_701/lisp.c | U | 91 | 97 | 7 | 233774 | 1 | 1 | 83
701 | Revision_701/lisp.c | U | 112 | 118 | 7 | 233775 | 1 | 2 | 83
701 | Revision_701/lisp.c | U | 127 | 137 | 9 | 233776 | 2 | 3 | 70
701 | Revision_701/cobol.c | U | 40 | 48 | 9 | 233777 | 2 | 320 | 70
701 | Revision_701/php.c | U | 91 | 98 | 9 | 233778 | 2 | 501 | 70
701 | Revision_701/eiffel.c | U | 1236 | 1245 | 9 | 233779 | 2 | 9 | 70
701 | Revision_701/lua.c | U | 123 | 131 | 9 | 233780 | 2 | 243 | 70
701 | Revision_701/perl.c | U | 372 | 380 | 9 | 233781 | 2 | 7 | 70
701 | Revision_701/sh.c | U | 103 | 113 | 9 | 233782 | 2 | 17 | 70
701 | Revision_701/basic.c | U | 193 | 201 | 9 | 233783 | 2 | 408 | 70
701 | Revision_701/c.c | U | 2879 | 2894 | 9 | 233784 | 2 | 8 | 70
701 | Revision_701/sml.c | U | 202 | 210 | 9 | 233785 | 2 | 321 | 70
701 | Revision_701/scheme.c | U | 99 | 109 | 9 | 233786 | 2 | 16 | 70
701 | Revision_701/c.c | U | 2867 | 2876 | 9 | 233787 | 2 | 12 | 70
701 | Revision_701/c.c | U | 2921 | 2930 | 9 | 233788 | 2 | 15 | 70
701 | Revision_701/erlang.c | U | 179 | 187 | 9 | 233789 | 2 | 340 | 70
701 | Revision_701/tcl.c | U | 106 | 114 | 9 | 233790 | 2 | 18 | 70
701 | Revision_701/pascal.c | U | 257 | 265 | 9 | 233791 | 2 | 14 | 70
701 | Revision_701/awk.c | U | 71 | 79 | 9 | 233792 | 2 | 10 | 70
701 | Revision_701/vim.c | U | 626 | 634 | 9 | 233793 | 2 | 20 | 70
701 | Revision_701/ruby.c | U | 398 | 406 | 9 | 233794 | 2 | 19 | 70
701 | Revision_701/beta.c | U | 311 | 319 | 9 | 233795 | 2 | 5 | 70
701 | Revision_701/python.c | U | 648 | 656 | 9 | 233796 | 2 | 13 | 70
701 | Revision_701/c.c | U | 2897 | 2906 | 9 | 233797 | 2 | 315 | 70
701 | Revision_701/verilog.c | U | 329 | 338 | 9 | 233798 | 2 | 283 | 70
701 | Revision_701/asp.c | U | 201 | 209 | 9 | 233799 | 2 | 4 | 70
701 | Revision_701/c.c | U | 2909 | 2918 | 9 | 233800 | 2 | 330 | 70
701 | Revision_701/sql.c | U | 2101 | 2110 | 9 | 233801 | 2 | 296 | 70
701 | Revision_701/fortran.c | U | 2180 | 2195 | 9 | 233802 | 2 | 21 | 70
701 | Revision_701/vhdl.c | U | 825 | 834 | 9 | 233803 | 2 | 539 | 70
701 | Revision_701/ant.c | U | 33 | 40 | 9 | 233804 | 2 | 666 | 70
701 | Revision_701/yacc.c | U | 31 | 38 | 9 | 233805 | 2 | 23 | 70
701 | Revision_701/rexx.c | U | 30 | 37 | 9 | 233806 | 2 | 26 | 70
701 | Revision_701/matlab.c | U | 35 | 42 | 9 | 233807 | 2 | 668 | 70
701 | Revision_701/slang.c | U | 34 | 41 | 9 | 233808 | 2 | 24 | 70
701 | Revision_701/dosbatch.c | U | 33 | 40 | 9 | 233809 | 2 | 667 | 70
701 | Revision_701/html.c | U | 40 | 47 | 9 | 233810 | 2 | 365 | 70
701 | Revision_701/keyword.c | U | 107 | 116 | 9 | 233811 | 2 | 27 | 70
701 | Revision_701/make.c | U | 205 | 215 | 9 | 233812 | 2 | 25 | 70
701 | Revision_701/asm.c | U | 366 | 385 | 9 | 233813 | 2 | 274 | 70
701 | Revision_701/jscript.c | U | 1558 | 1571 | 9 | 233814 | 2 | 413 | 70
701 | Revision_701/tex.c | U | 510 | 523 | 9 | 233815 | 2 | 665 | 70
701 | Revision_701/flex.c | U | 2230 | 2243 | 9 | 233816 | 2 | 575 | 70
701 | Revision_701/options.c | U | 626 | 632 | 9 | 233817 | 2 | 29 | 70
701 | Revision_701/options.c | U | 533 | 538 | 9 | 233818 | 2 | 30 | 70
701 | Revision_701/gnu_regex/regex.c | U | 2828 | 2833 | 9 | 233819 | 2 | 511 | 70
701 | Revision_701/c.c | U | 2251 | 2256 | 9 | 233820 | 2 | 28 | 70
701 | Revision_701/fortran.c | U | 414 | 426 | 9 | 233821 | 2 | 158 | 70
701 | Revision_701/c.c | U | 2280 | 2288 | 9 | 233822 | 2 | 31 | 70
701 | Revision_701/sql.c | U | 404 | 416 | 9 | 233823 | 2 | 309 | 70
701 | Revision_701/eiffel.c | U | 1190 | 1202 | 9 | 233824 | 2 | 157 | 70
701 | Revision_701/vhdl.c | U | 342 | 351 | 9 | 233825 | 2 | 540 | 70
701 | Revision_701/tex.c | U | 169 | 180 | 9 | 233826 | 2 | 669 | 70
701 | Revision_701/flex.c | U | 221 | 235 | 9 | 233827 | 2 | 576 | 70
701 | Revision_701/jscript.c | U | 192 | 205 | 9 | 233828 | 2 | 414 | 70
701 | Revision_701/gnu_regex/regex.c | U | 2826 | 2840 | 9 | 233829 | 2 | 512 | 70
701 | Revision_701/asp.c | U | 71 | 90 | 15 | 233830 | 3 | 33 | 100
701 | Revision_701/asp.c | U | 94 | 113 | 15 | 233831 | 3 | 34 | 100
701 | Revision_701/asp.c | U | 117 | 133 | 14 | 233832 | 4 | 35 | 100
701 | Revision_701/asp.c | U | 175 | 190 | 14 | 233833 | 4 | 36 | 100
701 | Revision_701/asp.c | U | 156 | 171 | 14 | 233834 | 4 | 36 | 100
701 | Revision_701/asp.c | U | 137 | 152 | 14 | 233835 | 4 | 36 | 100
701 | Revision_701/args.c | U | 85 | 92 | 8 | 233836 | 5 | 43 | 100
701 | Revision_701/args.c | U | 160 | 167 | 8 | 233837 | 5 | 44 | 100
701 | Revision_701/args.c | U | 182 | 190 | 9 | 233838 | 6 | 45 | 75
701 | Revision_701/args.c | U | 193 | 200 | 9 | 233839 | 6 | 46 | 75
701 | Revision_701/args.c | U | 203 | 211 | 9 | 233840 | 6 | 47 | 75
701 | Revision_701/args.c | U | 266 | 272 | 7 | 233841 | 7 | 48 | 83
701 | Revision_701/options.c | U | 579 | 584 | 7 | 233842 | 7 | 49 | 83
701 | Revision_701/c.c | U | 536 | 542 | 7 | 233843 | 8 | 51 | 70
701 | Revision_701/vhdl.c | U | 354 | 361 | 7 | 233844 | 8 | 541 | 70
701 | Revision_701/flex.c | U | 238 | 242 | 7 | 233845 | 8 | 577 | 70
701 | Revision_701/sql.c | U | 419 | 423 | 7 | 233846 | 8 | 416 | 70
701 | Revision_701/fortran.c | U | 888 | 892 | 7 | 233847 | 8 | 50 | 70
701 | Revision_701/jscript.c | U | 208 | 212 | 7 | 233848 | 8 | 415 | 70
701 | Revision_701/tex.c | U | 183 | 187 | 7 | 233849 | 8 | 670 | 70
701 | Revision_701/vstring.c | U | 67 | 74 | 7 | 233850 | 8 | 52 | 70
701 | Revision_701/fortran.c | U | 438 | 446 | 7 | 233851 | 8 | 363 | 70
701 | Revision_701/eiffel.c | U | 1205 | 1211 | 7 | 233852 | 8 | 362 | 70
701 | Revision_701/fortran.c | U | 440 | 445 | 7 | 233853 | 8 | 363 | 70
701 | Revision_701/vstring.c | U | 69 | 73 | 7 | 233854 | 8 | 52 | 70
701 | Revision_701/fortran.c | U | 1060 | 1064 | 7 | 233855 | 8 | 312 | 70
701 | Revision_701/jscript.c | U | 1007 | 1016 | 7 | 233856 | 8 | 463 | 70
701 | Revision_701/flex.c | U | 1283 | 1292 | 7 | 233857 | 8 | 578 | 70
701 | Revision_701/vhdl.c | U | 356 | 360 | 7 | 233858 | 8 | 541 | 70
701 | Revision_701/vhdl.c | U | 620 | 624 | 7 | 233859 | 8 | 542 | 70
701 | Revision_701/vhdl.c | U | 611 | 615 | 7 | 233860 | 8 | 543 | 70
701 | Revision_701/sql.c | U | 1933 | 1937 | 7 | 233861 | 8 | 455 | 70
701 | Revision_701/jscript.c | U | 994 | 1004 | 7 | 233862 | 8 | 479 | 70
701 | Revision_701/sql.c | U | 1672 | 1676 | 7 | 233863 | 8 | 454 | 70
701 | Revision_701/flex.c | U | 1270 | 1280 | 7 | 233864 | 8 | 579 | 70
701 | Revision_701/vhdl.c | U | 731 | 736 | 7 | 233865 | 8 | 539 | 70
701 | Revision_701/c.c | U | 2218 | 2222 | 7 | 233866 | 8 | 125 | 70
701 | Revision_701/options.c | U | 674 | 678 | 7 | 233867 | 8 | 127 | 70
701 | Revision_701/vhdl.c | U | 750 | 755 | 7 | 233868 | 8 | 560 | 70
701 | Revision_701/jscript.c | U | 909 | 918 | 7 | 233869 | 8 | 456 | 70
701 | Revision_701/eiffel.c | U | 421 | 426 | 7 | 233870 | 8 | 119 | 70
701 | Revision_701/options.c | U | 352 | 357 | 7 | 233871 | 8 | 224 | 70
701 | Revision_701/fortran.c | U | 813 | 818 | 7 | 233872 | 8 | 116 | 70
701 | Revision_701/c.c | U | 2491 | 2498 | 7 | 233873 | 8 | 94 | 70
701 | Revision_701/sql.c | U | 893 | 902 | 7 | 233874 | 8 | 493 | 70
701 | Revision_701/vhdl.c | U | 457 | 461 | 7 | 233875 | 8 | 544 | 70
701 | Revision_701/strlist.c | U | 150 | 154 | 7 | 233876 | 8 | 126 | 70
701 | Revision_701/eiffel.c | U | 648 | 652 | 7 | 233877 | 8 | 250 | 70
701 | Revision_701/sql.c | U | 569 | 573 | 7 | 233878 | 8 | 300 | 70
701 | Revision_701/options.c | U | 1221 | 1225 | 7 | 233879 | 8 | 129 | 70
701 | Revision_701/jscript.c | U | 920 | 925 | 7 | 233880 | 8 | 457 | 70
701 | Revision_701/jscript.c | U | 891 | 907 | 7 | 233881 | 8 | 480 | 70
701 | Revision_701/eiffel.c | U | 413 | 419 | 7 | 233882 | 8 | 119 | 70
701 | Revision_701/fortran.c | U | 805 | 811 | 7 | 233883 | 8 | 50 | 70
701 | Revision_701/sql.c | U | 905 | 915 | 7 | 233884 | 8 | 698 | 70
701 | Revision_701/eiffel.c | U | 661 | 665 | 7 | 233885 | 8 | 249 | 70
701 | Revision_701/fortran.c | U | 990 | 994 | 7 | 233886 | 8 | 128 | 70
701 | Revision_701/routines.c | U | 453 | 459 | 7 | 233887 | 8 | 266 | 70
701 | Revision_701/sql.c | U | 1683 | 1692 | 7 | 233888 | 8 | 486 | 70
701 | Revision_701/c.c | U | 790 | 794 | 7 | 233889 | 8 | 76 | 70
701 | Revision_701/c.c | U | 2171 | 2175 | 7 | 233890 | 8 | 80 | 70
701 | Revision_701/jscript.c | U | 1423 | 1427 | 7 | 233891 | 8 | 417 | 70
701 | Revision_701/flex.c | U | 1854 | 1858 | 7 | 233892 | 8 | 580 | 70
701 | Revision_701/tex.c | U | 439 | 443 | 7 | 233893 | 8 | 693 | 70
701 | Revision_701/sql.c | U | 1034 | 1040 | 7 | 233894 | 8 | 419 | 70
701 | Revision_701/sql.c | U | 1118 | 1125 | 7 | 233895 | 8 | 418 | 70
701 | Revision_701/fortran.c | U | 1899 | 1903 | 7 | 233896 | 8 | 79 | 70
701 | Revision_701/readtags.c | U | 144 | 148 | 7 | 233897 | 8 | 87 | 70
701 | Revision_701/eiffel.c | U | 1002 | 1006 | 7 | 233898 | 8 | 269 | 70
701 | Revision_701/eiffel.c | U | 951 | 955 | 7 | 233899 | 8 | 269 | 70
701 | Revision_701/eiffel.c | U | 864 | 868 | 7 | 233900 | 8 | 269 | 70
701 | Revision_701/flex.c | U | 1342 | 1352 | 7 | 233901 | 8 | 581 | 70
701 | Revision_701/fortran.c | U | 1326 | 1330 | 7 | 233902 | 8 | 85 | 70
701 | Revision_701/eiffel.c | U | 839 | 844 | 7 | 233903 | 8 | 151 | 70
701 | Revision_701/sql.c | U | 1439 | 1444 | 7 | 233904 | 8 | 422 | 70
701 | Revision_701/sql.c | U | 1720 | 1726 | 7 | 233905 | 8 | 420 | 70
701 | Revision_701/sql.c | U | 1749 | 1755 | 7 | 233906 | 8 | 421 | 70
701 | Revision_701/vstring.c | U | 35 | 40 | 7 | 233907 | 8 | 98 | 70
701 | Revision_701/c.c | U | 1790 | 1794 | 7 | 233908 | 8 | 121 | 70
701 | Revision_701/c.c | U | 2241 | 2248 | 7 | 233909 | 8 | 244 | 70
701 | Revision_701/c.c | U | 1781 | 1785 | 7 | 233910 | 8 | 331 | 70
701 | Revision_701/fortran.c | U | 1707 | 1711 | 7 | 233911 | 8 | 373 | 70
701 | Revision_701/c.c | U | 2785 | 2790 | 7 | 233912 | 8 | 94 | 70
701 | Revision_701/fortran.c | U | 1535 | 1540 | 7 | 233913 | 8 | 79 | 70
701 | Revision_701/fortran.c | U | 1323 | 1331 | 7 | 233914 | 8 | 84 | 70
701 | Revision_701/eiffel.c | U | 1021 | 1025 | 7 | 233915 | 8 | 151 | 70
701 | Revision_701/sql.c | U | 878 | 885 | 7 | 233916 | 8 | 493 | 70
701 | Revision_701/sql.c | U | 1331 | 1339 | 7 | 233917 | 8 | 462 | 70
701 | Revision_701/sql.c | U | 965 | 985 | 7 | 233918 | 8 | 423 | 70
701 | Revision_701/fortran.c | U | 1194 | 1198 | 7 | 233919 | 8 | 85 | 70
701 | Revision_701/flex.c | U | 2114 | 2120 | 7 | 233920 | 8 | 582 | 70
701 | Revision_701/flex.c | U | 2142 | 2149 | 7 | 233921 | 8 | 583 | 70
701 | Revision_701/flex.c | U | 2016 | 2024 | 7 | 233922 | 8 | 584 | 70
701 | Revision_701/jscript.c | U | 696 | 707 | 7 | 233923 | 8 | 426 | 70
701 | Revision_701/ruby.c | U | 214 | 218 | 7 | 233924 | 8 | 392 | 70
701 | Revision_701/sql.c | U | 1431 | 1437 | 7 | 233925 | 8 | 492 | 70
701 | Revision_701/jscript.c | U | 1084 | 1090 | 7 | 233926 | 8 | 417 | 70
701 | Revision_701/vhdl.c | U | 707 | 715 | 7 | 233927 | 8 | 563 | 70
701 | Revision_701/flex.c | U | 1967 | 1973 | 7 | 233928 | 8 | 585 | 70
701 | Revision_701/flex.c | U | 944 | 955 | 7 | 233929 | 8 | 586 | 70
701 | Revision_701/readtags.c | U | 452 | 456 | 7 | 233930 | 8 | 90 | 70
701 | Revision_701/options.c | U | 1042 | 1046 | 7 | 233931 | 8 | 89 | 70
701 | Revision_701/keyword.c | U | 185 | 189 | 7 | 233932 | 8 | 91 | 70
701 | Revision_701/fortran.c | U | 1528 | 1533 | 7 | 233933 | 8 | 79 | 70
701 | Revision_701/sql.c | U | 845 | 859 | 7 | 233934 | 8 | 423 | 70
701 | Revision_701/flex.c | U | 2133 | 2139 | 7 | 233935 | 8 | 588 | 70
701 | Revision_701/jscript.c | U | 839 | 846 | 7 | 233936 | 8 | 427 | 70
701 | Revision_701/sql.c | U | 768 | 780 | 7 | 233937 | 8 | 493 | 70
701 | Revision_701/flex.c | U | 2112 | 2121 | 7 | 233938 | 8 | 585 | 70
701 | Revision_701/sql.c | U | 1500 | 1508 | 7 | 233939 | 8 | 462 | 70
701 | Revision_701/eiffel.c | U | 1057 | 1066 | 7 | 233940 | 8 | 101 | 70
701 | Revision_701/flex.c | U | 2186 | 2193 | 7 | 233941 | 8 | 587 | 70
701 | Revision_701/vim.c | U | 400 | 408 | 7 | 233942 | 8 | 500 | 70
701 | Revision_701/ruby.c | U | 195 | 200 | 7 | 233943 | 8 | 591 | 70
701 | Revision_701/sql.c | U | 1615 | 1622 | 7 | 233944 | 8 | 430 | 70
701 | Revision_701/jscript.c | U | 1324 | 1339 | 7 | 233945 | 8 | 413 | 70
701 | Revision_701/flex.c | U | 1755 | 1770 | 7 | 233946 | 8 | 590 | 70
701 | Revision_701/vhdl.c | U | 635 | 640 | 7 | 233947 | 8 | 542 | 70
701 | Revision_701/vhdl.c | U | 705 | 716 | 7 | 233948 | 8 | 545 | 70
701 | Revision_701/eiffel.c | U | 1054 | 1067 | 7 | 233949 | 8 | 156 | 70
701 | Revision_701/flex.c | U | 2183 | 2194 | 7 | 233950 | 8 | 587 | 70
701 | Revision_701/sql.c | U | 1511 | 1521 | 7 | 233951 | 8 | 462 | 70
701 | Revision_701/flex.c | U | 2103 | 2122 | 7 | 233952 | 8 | 589 | 70
701 | Revision_701/sql.c | U | 876 | 888 | 7 | 233953 | 8 | 308 | 70
701 | Revision_701/get.c | U | 594 | 598 | 7 | 233954 | 8 | 122 | 70
701 | Revision_701/c.c | U | 2069 | 2075 | 7 | 233955 | 8 | 12 | 70
701 | Revision_701/vhdl.c | U | 656 | 668 | 7 | 233956 | 8 | 546 | 70
701 | Revision_701/fortran.c | U | 1401 | 1409 | 7 | 233957 | 8 | 59 | 70
701 | Revision_701/sql.c | U | 1998 | 2026 | 7 | 233958 | 8 | 431 | 70
701 | Revision_701/fortran.c | U | 1473 | 1482 | 7 | 233959 | 8 | 65 | 70
701 | Revision_701/fortran.c | U | 1434 | 1442 | 7 | 233960 | 8 | 314 | 70
701 | Revision_701/c.c | U | 2197 | 2204 | 7 | 233961 | 8 | 28 | 70
701 | Revision_701/flex.c | U | 895 | 921 | 7 | 233962 | 8 | 593 | 70
701 | Revision_701/flex.c | U | 837 | 868 | 7 | 233963 | 8 | 593 | 70
701 | Revision_701/flex.c | U | 1952 | 1977 | 7 | 233964 | 8 | 595 | 70
701 | Revision_701/flex.c | U | 2124 | 2140 | 7 | 233965 | 8 | 592 | 70
701 | Revision_701/jscript.c | U | 585 | 620 | 7 | 233966 | 8 | 429 | 70
701 | Revision_701/sql.c | U | 843 | 860 | 7 | 233967 | 8 | 423 | 70
701 | Revision_701/jscript.c | U | 567 | 581 | 7 | 233968 | 8 | 428 | 70
701 | Revision_701/flex.c | U | 819 | 833 | 7 | 233969 | 8 | 598 | 70
701 | Revision_701/flex.c | U | 1961 | 1975 | 7 | 233970 | 8 | 582 | 70
701 | Revision_701/c.c | U | 1992 | 1996 | 7 | 233971 | 8 | 121 | 70
701 | Revision_701/readtags.c | U | 363 | 367 | 7 | 233972 | 8 | 529 | 70
701 | Revision_701/sql.c | U | 1142 | 1165 | 7 | 233973 | 8 | 437 | 70
701 | Revision_701/vhdl.c | U | 617 | 625 | 7 | 233974 | 8 | 542 | 70
701 | Revision_701/sql.c | U | 1109 | 1126 | 7 | 233975 | 8 | 435 | 70
701 | Revision_701/vhdl.c | U | 747 | 760 | 7 | 233976 | 8 | 539 | 70
701 | Revision_701/jscript.c | U | 837 | 847 | 7 | 233977 | 8 | 427 | 70
701 | Revision_701/jscript.c | U | 647 | 673 | 7 | 233978 | 8 | 432 | 70
701 | Revision_701/vhdl.c | U | 728 | 741 | 7 | 233979 | 8 | 560 | 70
701 | Revision_701/fortran.c | U | 1696 | 1705 | 7 | 233980 | 8 | 221 | 70
701 | Revision_701/jscript.c | U | 986 | 1005 | 7 | 233981 | 8 | 438 | 70
701 | Revision_701/flex.c | U | 1262 | 1281 | 7 | 233982 | 8 | 596 | 70
701 | Revision_701/jscript.c | U | 675 | 708 | 7 | 233983 | 8 | 597 | 70
701 | Revision_701/eiffel.c | U | 1051 | 1068 | 7 | 233984 | 8 | 156 | 70
701 | Revision_701/flex.c | U | 1964 | 1974 | 7 | 233985 | 8 | 582 | 70
701 | Revision_701/flex.c | U | 1193 | 1221 | 7 | 233986 | 8 | 599 | 70
701 | Revision_701/sql.c | U | 1568 | 1578 | 7 | 233987 | 8 | 462 | 70
701 | Revision_701/eiffel.c | U | 857 | 869 | 7 | 233988 | 8 | 156 | 70
701 | Revision_701/fortran.c | U | 620 | 624 | 7 | 233989 | 8 | 112 | 70
701 | Revision_701/fortran.c | U | 729 | 733 | 7 | 233990 | 8 | 144 | 70
701 | Revision_701/fortran.c | U | 1741 | 1747 | 7 | 233991 | 8 | 314 | 70
701 | Revision_701/fortran.c | U | 1067 | 1073 | 7 | 233992 | 8 | 350 | 70
701 | Revision_701/fortran.c | U | 1520 | 1526 | 7 | 233993 | 8 | 65 | 70
701 | Revision_701/sql.c | U | 1732 | 1758 | 7 | 233994 | 8 | 439 | 70
701 | Revision_701/sql.c | U | 1761 | 1782 | 7 | 233995 | 8 | 440 | 70
701 | Revision_701/vhdl.c | U | 586 | 600 | 7 | 233996 | 8 | 547 | 70
701 | Revision_701/perl.c | U | 187 | 191 | 7 | 233997 | 8 | 163 | 70
701 | Revision_701/pascal.c | U | 134 | 138 | 7 | 233998 | 8 | 164 | 70
701 | Revision_701/sql.c | U | 1800 | 1821 | 7 | 233999 | 8 | 442 | 70
701 | Revision_701/sql.c | U | 1824 | 1845 | 7 | 234000 | 8 | 443 | 70
701 | Revision_701/sql.c | U | 1701 | 1729 | 7 | 234001 | 8 | 441 | 70
701 | Revision_701/vhdl.c | U | 673 | 687 | 7 | 234002 | 8 | 545 | 70
701 | Revision_701/sql.c | U | 1848 | 1888 | 7 | 234003 | 8 | 445 | 70
701 | Revision_701/vhdl.c | U | 647 | 670 | 7 | 234004 | 8 | 569 | 70
701 | Revision_701/sql.c | U | 1585 | 1624 | 7 | 234005 | 8 | 448 | 70
701 | Revision_701/sql.c | U | 1409 | 1447 | 7 | 234006 | 8 | 447 | 70
701 | Revision_701/jscript.c | U | 983 | 1017 | 7 | 234007 | 8 | 482 | 70
701 | Revision_701/flex.c | U | 1259 | 1293 | 7 | 234008 | 8 | 600 | 70
701 | Revision_701/c.c | U | 545 | 552 | 6 | 234009 | 9 | 53 | 80
701 | Revision_701/c.c | U | 555 | 562 | 6 | 234010 | 9 | 54 | 80
701 | Revision_701/c.c | U | 664 | 680 | 19 | 234011 | 10 | 55 | 70
701 | Revision_701/fortran.c | U | 1854 | 1870 | 19 | 234012 | 10 | 59 | 70
701 | Revision_701/c.c | U | 683 | 699 | 19 | 234013 | 10 | 60 | 70
701 | Revision_701/c.c | U | 1168 | 1186 | 19 | 234014 | 10 | 57 | 70
701 | Revision_701/fortran.c | U | 1095 | 1115 | 19 | 234015 | 10 | 58 | 70
701 | Revision_701/fortran.c | U | 1118 | 1133 | 19 | 234016 | 10 | 375 | 70
701 | Revision_701/c.c | U | 1245 | 1259 | 19 | 234017 | 10 | 56 | 70
701 | Revision_701/jscript.c | U | 1473 | 1496 | 19 | 234018 | 10 | 463 | 70
701 | Revision_701/fortran.c | U | 1771 | 1799 | 19 | 234019 | 10 | 366 | 70
701 | Revision_701/flex.c | U | 1904 | 1927 | 19 | 234020 | 10 | 601 | 70
701 | Revision_701/Test/local.c | U | 9 | 22 | 19 | 234021 | 10 | 384 | 70
701 | Revision_701/fortran.c | U | 1098 | 1113 | 19 | 234022 | 10 | 58 | 70
701 | Revision_701/c.c | U | 686 | 697 | 19 | 234023 | 10 | 63 | 70
701 | Revision_701/c.c | U | 1171 | 1184 | 19 | 234024 | 10 | 57 | 70
701 | Revision_701/fortran.c | U | 1251 | 1276 | 19 | 234025 | 10 | 369 | 70
701 | Revision_701/eiffel.c | U | 1101 | 1125 | 19 | 234026 | 10 | 307 | 70
701 | Revision_701/fortran.c | U | 1571 | 1608 | 19 | 234027 | 10 | 367 | 70
701 | Revision_701/get.c | U | 406 | 413 | 19 | 234028 | 10 | 602 | 70
701 | Revision_701/fortran.c | U | 1254 | 1275 | 19 | 234029 | 10 | 369 | 70
701 | Revision_701/fortran.c | U | 1857 | 1868 | 19 | 234030 | 10 | 65 | 70
701 | Revision_701/sql.c | U | 1002 | 1026 | 19 | 234031 | 10 | 308 | 70
701 | Revision_701/eiffel.c | U | 1174 | 1186 | 19 | 234032 | 10 | 157 | 70
701 | Revision_701/fortran.c | U | 1774 | 1797 | 19 | 234033 | 10 | 366 | 70
701 | Revision_701/eiffel.c | U | 1180 | 1185 | 19 | 234034 | 10 | 362 | 70
701 | Revision_701/c.c | U | 717 | 739 | 21 | 234035 | 11 | 72 | 70
701 | Revision_701/fortran.c | U | 1285 | 1295 | 21 | 234036 | 11 | 337 | 70
701 | Revision_701/c.c | U | 749 | 755 | 8 | 234037 | 12 | 74 | 71
701 | Revision_701/options.c | U | 472 | 479 | 8 | 234038 | 12 | 75 | 71
701 | Revision_701/c.c | U | 800 | 821 | 43 | 234039 | 13 | 103 | 80
701 | Revision_701/c.c | U | 932 | 951 | 43 | 234040 | 13 | 103 | 80
701 | Revision_701/c.c | U | 824 | 844 | 43 | 234041 | 13 | 332 | 80
701 | Revision_701/c.c | U | 865 | 885 | 43 | 234042 | 13 | 316 | 80
701 | Revision_701/c.c | U | 847 | 863 | 43 | 234043 | 13 | 316 | 80
701 | Revision_701/c.c | U | 888 | 899 | 12 | 234044 | 14 | 317 | 90
701 | Revision_701/c.c | U | 902 | 913 | 12 | 234045 | 14 | 318 | 90
701 | Revision_701/c.c | U | 1053 | 1058 | 6 | 234046 | 15 | 407 | 80
701 | Revision_701/jscript.c | U | 1299 | 1304 | 6 | 234047 | 15 | 417 | 80
701 | Revision_701/flex.c | U | 1733 | 1738 | 6 | 234048 | 15 | 603 | 80
701 | Revision_701/c.c | U | 1308 | 1314 | 7 | 234049 | 16 | 385 | 71
701 | Revision_701/make.c | U | 63 | 69 | 7 | 234050 | 16 | 394 | 71
701 | Revision_701/fortran.c | U | 502 | 510 | 7 | 234051 | 16 | 112 | 71
701 | Revision_701/make.c | U | 53 | 60 | 7 | 234052 | 16 | 395 | 71
701 | Revision_701/c.c | U | 1381 | 1388 | 7 | 234053 | 17 | 108 | 80
701 | Revision_701/c.c | U | 1390 | 1397 | 7 | 234054 | 17 | 109 | 80
701 | Revision_701/c.c | U | 1411 | 1418 | 7 | 234055 | 18 | 110 | 71
701 | Revision_701/fortran.c | U | 626 | 632 | 7 | 234056 | 18 | 112 | 71
701 | Revision_701/c.c | U | 1421 | 1428 | 7 | 234057 | 18 | 111 | 71
701 | Revision_701/c.c | U | 2209 | 2216 | 7 | 234058 | 18 | 405 | 71
701 | Revision_701/jscript.c | U | 418 | 425 | 7 | 234059 | 18 | 450 | 71
701 | Revision_701/flex.c | U | 487 | 494 | 7 | 234060 | 18 | 604 | 71
701 | Revision_701/sql.c | U | 619 | 626 | 7 | 234061 | 18 | 406 | 71
701 | Revision_701/c.c | U | 1459 | 1464 | 6 | 234062 | 19 | 386 | 80
701 | Revision_701/c.c | U | 1802 | 1807 | 6 | 234063 | 19 | 80 | 80
701 | Revision_701/c.c | U | 1485 | 1494 | 9 | 234064 | 20 | 294 | 71
701 | Revision_701/eiffel.c | U | 555 | 563 | 9 | 234065 | 20 | 295 | 71
701 | Revision_701/c.c | U | 1488 | 1492 | 5 | 234066 | 21 | 294 | 75
701 | Revision_701/readtags.c | U | 502 | 506 | 5 | 234067 | 21 | 90 | 75
701 | Revision_701/jscript.c | U | 1341 | 1358 | 5 | 234068 | 21 | 571 | 75
701 | Revision_701/flex.c | U | 1772 | 1789 | 5 | 234069 | 21 | 605 | 75
701 | Revision_701/readtags.c | U | 681 | 685 | 5 | 234070 | 21 | 99 | 75
701 | Revision_701/c.c | U | 1502 | 1515 | 10 | 234071 | 22 | 396 | 75
701 | Revision_701/make.c | U | 77 | 87 | 10 | 234072 | 22 | 397 | 75
701 | Revision_701/fortran.c | U | 854 | 865 | 10 | 234073 | 22 | 116 | 75
701 | Revision_701/verilog.c | U | 199 | 212 | 10 | 234074 | 22 | 398 | 75
701 | Revision_701/eiffel.c | U | 588 | 600 | 10 | 234075 | 22 | 114 | 75
701 | Revision_701/eiffel.c | U | 573 | 585 | 10 | 234076 | 22 | 117 | 75
701 | Revision_701/jscript.c | U | 342 | 353 | 10 | 234077 | 22 | 451 | 75
701 | Revision_701/sql.c | U | 500 | 511 | 10 | 234078 | 22 | 306 | 75
701 | Revision_701/vhdl.c | U | 391 | 402 | 10 | 234079 | 22 | 548 | 75
701 | Revision_701/tex.c | U | 264 | 276 | 10 | 234080 | 22 | 671 | 75
701 | Revision_701/flex.c | U | 407 | 418 | 10 | 234081 | 22 | 606 | 75
701 | Revision_701/c.c | U | 1619 | 1625 | 8 | 234082 | 23 | 452 | 75
701 | Revision_701/tex.c | U | 362 | 369 | 8 | 234083 | 23 | 672 | 75
701 | Revision_701/jscript.c | U | 456 | 464 | 8 | 234084 | 23 | 453 | 75
701 | Revision_701/flex.c | U | 707 | 716 | 8 | 234085 | 23 | 607 | 75
701 | Revision_701/c.c | U | 2504 | 2508 | 5 | 234086 | 24 | 387 | 100
701 | Revision_701/c.c | U | 2511 | 2515 | 5 | 234087 | 24 | 94 | 100
701 | Revision_701/c.c | U | 2734 | 2739 | 6 | 234088 | 25 | 94 | 80
701 | Revision_701/sql.c | U | 1129 | 1134 | 6 | 234089 | 25 | 301 | 80
701 | Revision_701/c.c | U | 2825 | 2834 | 9 | 234090 | 26 | 130 | 71
701 | Revision_701/asm.c | U | 120 | 128 | 9 | 234091 | 26 | 288 | 71
701 | Revision_701/tex.c | U | 157 | 166 | 9 | 234092 | 26 | 673 | 71
701 | Revision_701/jscript.c | U | 180 | 189 | 9 | 234093 | 26 | 458 | 71
701 | Revision_701/eiffel.c | U | 214 | 223 | 9 | 234094 | 26 | 131 | 71
701 | Revision_701/fortran.c | U | 398 | 407 | 9 | 234095 | 26 | 132 | 71
701 | Revision_701/vhdl.c | U | 573 | 583 | 9 | 234096 | 26 | 549 | 71
701 | Revision_701/sql.c | U | 392 | 401 | 9 | 234097 | 26 | 302 | 71
701 | Revision_701/flex.c | U | 209 | 218 | 9 | 234098 | 26 | 608 | 71
701 | Revision_701/verilog.c | U | 108 | 118 | 9 | 234099 | 26 | 381 | 71
701 | Revision_701/eiffel.c | U | 298 | 312 | 10 | 234100 | 27 | 133 | 70
701 | Revision_701/flex.c | U | 249 | 263 | 10 | 234101 | 27 | 609 | 70
701 | Revision_701/tex.c | U | 194 | 208 | 10 | 234102 | 27 | 674 | 70
701 | Revision_701/vhdl.c | U | 536 | 548 | 10 | 234103 | 27 | 550 | 70
701 | Revision_701/beta.c | U | 71 | 80 | 10 | 234104 | 27 | 134 | 70
701 | Revision_701/jscript.c | U | 219 | 233 | 10 | 234105 | 27 | 459 | 70
701 | Revision_701/sql.c | U | 430 | 444 | 10 | 234106 | 27 | 303 | 70
701 | Revision_701/parse.c | U | 43 | 54 | 10 | 234107 | 27 | 135 | 70
701 | Revision_701/sml.c | U | 75 | 81 | 10 | 234108 | 27 | 324 | 70
701 | Revision_701/eiffel.c | U | 300 | 310 | 10 | 234109 | 27 | 136 | 70
701 | Revision_701/eiffel.c | U | 381 | 402 | 20 | 234110 | 28 | 139 | 70
701 | Revision_701/fortran.c | U | 768 | 794 | 20 | 234111 | 28 | 140 | 70
701 | Revision_701/eiffel.c | U | 405 | 433 | 24 | 234112 | 29 | 141 | 95
701 | Revision_701/fortran.c | U | 797 | 825 | 24 | 234113 | 29 | 505 | 95
701 | Revision_701/eiffel.c | U | 546 | 550 | 5 | 234114 | 30 | 143 | 75
701 | Revision_701/verilog.c | U | 142 | 146 | 5 | 234115 | 30 | 383 | 75
701 | Revision_701/fortran.c | U | 786 | 790 | 5 | 234116 | 30 | 145 | 75
701 | Revision_701/verilog.c | U | 238 | 242 | 5 | 234117 | 30 | 382 | 75
701 | Revision_701/fortran.c | U | 969 | 973 | 5 | 234118 | 30 | 144 | 75
701 | Revision_701/eiffel.c | U | 708 | 716 | 9 | 234119 | 31 | 148 | 77
701 | Revision_701/tex.c | U | 330 | 339 | 9 | 234120 | 31 | 675 | 77
701 | Revision_701/flex.c | U | 692 | 701 | 9 | 234121 | 31 | 610 | 77
701 | Revision_701/vhdl.c | U | 467 | 476 | 9 | 234122 | 31 | 553 | 77
701 | Revision_701/jscript.c | U | 441 | 450 | 9 | 234123 | 31 | 461 | 77
701 | Revision_701/eiffel.c | U | 718 | 723 | 6 | 234124 | 32 | 506 | 100
701 | Revision_701/fortran.c | U | 1027 | 1032 | 6 | 234125 | 32 | 312 | 100
701 | Revision_701/eiffel.c | U | 762 | 809 | 13 | 234126 | 33 | 349 | 72
701 | Revision_701/fortran.c | U | 1081 | 1092 | 13 | 234127 | 33 | 350 | 72
701 | Revision_701/eiffel.c | U | 827 | 845 | 13 | 234128 | 34 | 251 | 72
701 | Revision_701/eiffel.c | U | 849 | 870 | 13 | 234129 | 34 | 252 | 72
701 | Revision_701/fortran.c | U | 1363 | 1376 | 13 | 234130 | 34 | 336 | 72
701 | Revision_701/eiffel.c | U | 996 | 1009 | 13 | 234131 | 34 | 253 | 72
701 | Revision_701/fortran.c | U | 1617 | 1625 | 13 | 234132 | 34 | 337 | 72
701 | Revision_701/eiffel.c | U | 986 | 994 | 8 | 234133 | 35 | 496 | 83
701 | Revision_701/sql.c | U | 1249 | 1272 | 8 | 234134 | 35 | 535 | 83
701 | Revision_701/eiffel.c | U | 1220 | 1231 | 8 | 234135 | 36 | 9 | 71
701 | Revision_701/tex.c | U | 497 | 506 | 8 | 234136 | 36 | 676 | 71
701 | Revision_701/sql.c | U | 2090 | 2098 | 8 | 234137 | 36 | 568 | 71
701 | Revision_701/vhdl.c | U | 814 | 822 | 8 | 234138 | 36 | 567 | 71
701 | Revision_701/basic.c | U | 135 | 140 | 6 | 234139 | 37 | 411 | 80
701 | Revision_701/basic.c | U | 147 | 152 | 6 | 234140 | 37 | 412 | 80
701 | Revision_701/verilog.c | U | 187 | 193 | 8 | 234141 | 38 | 399 | 75
701 | Revision_701/make.c | U | 97 | 105 | 8 | 234142 | 38 | 400 | 75
701 | Revision_701/verilog.c | U | 286 | 290 | 5 | 234143 | 39 | 401 | 75
701 | Revision_701/make.c | U | 44 | 48 | 5 | 234144 | 39 | 402 | 75
701 | Revision_701/jscript.c | U | 236 | 257 | 15 | 234145 | 40 | 467 | 75
701 | Revision_701/flex.c | U | 266 | 299 | 15 | 234146 | 40 | 611 | 75
701 | Revision_701/vhdl.c | U | 551 | 570 | 15 | 234147 | 40 | 554 | 75
701 | Revision_701/sql.c | U | 447 | 468 | 15 | 234148 | 40 | 468 | 75
701 | Revision_701/tex.c | U | 211 | 232 | 15 | 234149 | 40 | 677 | 75
701 | Revision_701/jscript.c | U | 260 | 284 | 19 | 234150 | 41 | 572 | 73
701 | Revision_701/flex.c | U | 352 | 376 | 19 | 234151 | 41 | 612 | 73
701 | Revision_701/jscript.c | U | 1390 | 1430 | 19 | 234152 | 41 | 573 | 73
701 | Revision_701/flex.c | U | 329 | 349 | 19 | 234153 | 41 | 613 | 73
701 | Revision_701/jscript.c | U | 287 | 311 | 19 | 234154 | 41 | 534 | 73
701 | Revision_701/flex.c | U | 302 | 326 | 19 | 234155 | 41 | 615 | 73
701 | Revision_701/flex.c | U | 1821 | 1861 | 19 | 234156 | 41 | 614 | 73
701 | Revision_701/jscript.c | U | 267 | 271 | 5 | 234157 | 42 | 458 | 75
701 | Revision_701/tex.c | U | 431 | 435 | 5 | 234158 | 42 | 694 | 75
701 | Revision_701/tex.c | U | 408 | 412 | 5 | 234159 | 42 | 695 | 75
701 | Revision_701/jscript.c | U | 1411 | 1415 | 5 | 234160 | 42 | 460 | 75
701 | Revision_701/jscript.c | U | 294 | 298 | 5 | 234161 | 42 | 417 | 75
701 | Revision_701/flex.c | U | 359 | 363 | 5 | 234162 | 42 | 679 | 75
701 | Revision_701/flex.c | U | 1842 | 1846 | 5 | 234163 | 42 | 680 | 75
701 | Revision_701/flex.c | U | 336 | 340 | 5 | 234164 | 42 | 681 | 75
701 | Revision_701/flex.c | U | 309 | 313 | 5 | 234165 | 42 | 682 | 75
701 | Revision_701/jscript.c | U | 318 | 336 | 16 | 234166 | 43 | 534 | 78
701 | Revision_701/flex.c | U | 383 | 401 | 16 | 234167 | 43 | 616 | 78
701 | Revision_701/sql.c | U | 475 | 495 | 16 | 234168 | 43 | 306 | 78
701 | Revision_701/tex.c | U | 239 | 257 | 16 | 234169 | 43 | 683 | 78
701 | Revision_701/vhdl.c | U | 368 | 386 | 16 | 234170 | 43 | 555 | 78
701 | Revision_701/jscript.c | U | 356 | 453 | 115 | 234171 | 44 | 472 | 75
701 | Revision_701/sql.c | U | 514 | 660 | 115 | 234172 | 44 | 473 | 75
701 | Revision_701/tex.c | U | 279 | 359 | 115 | 234173 | 44 | 684 | 75
701 | Revision_701/jscript.c | U | 365 | 369 | 5 | 234174 | 45 | 471 | 71
701 | Revision_701/flex.c | U | 662 | 666 | 5 | 234175 | 45 | 617 | 71
701 | Revision_701/flex.c | U | 503 | 507 | 5 | 234176 | 45 | 619 | 71
701 | Revision_701/vhdl.c | U | 414 | 418 | 5 | 234177 | 45 | 556 | 71
701 | Revision_701/flex.c | U | 430 | 434 | 5 | 234178 | 45 | 618 | 71
701 | Revision_701/flex.c | U | 614 | 618 | 5 | 234179 | 45 | 620 | 71
701 | Revision_701/tex.c | U | 288 | 292 | 5 | 234180 | 45 | 685 | 71
701 | Revision_701/sql.c | U | 523 | 536 | 5 | 234181 | 45 | 380 | 71
701 | Revision_701/flex.c | U | 523 | 529 | 5 | 234182 | 45 | 621 | 71
701 | Revision_701/flex.c | U | 660 | 667 | 5 | 234183 | 45 | 617 | 71
701 | Revision_701/flex.c | U | 476 | 481 | 5 | 234184 | 45 | 622 | 71
701 | Revision_701/flex.c | U | 612 | 619 | 5 | 234185 | 45 | 619 | 71
701 | Revision_701/flex.c | U | 549 | 556 | 5 | 234186 | 45 | 623 | 71
701 | Revision_701/flex.c | U | 603 | 610 | 5 | 234187 | 45 | 624 | 71
701 | Revision_701/flex.c | U | 627 | 633 | 5 | 234188 | 45 | 625 | 71
701 | Revision_701/flex.c | U | 651 | 658 | 5 | 234189 | 45 | 626 | 71
701 | Revision_701/flex.c | U | 590 | 596 | 5 | 234190 | 45 | 627 | 71
701 | Revision_701/flex.c | U | 536 | 542 | 5 | 234191 | 45 | 628 | 71
701 | Revision_701/flex.c | U | 638 | 644 | 5 | 234192 | 45 | 629 | 71
701 | Revision_701/jscript.c | U | 405 | 435 | 25 | 234193 | 46 | 630 | 70
701 | Revision_701/flex.c | U | 483 | 508 | 25 | 234194 | 46 | 631 | 70
701 | Revision_701/sql.c | U | 606 | 636 | 25 | 234195 | 46 | 632 | 70
701 | Revision_701/jscript.c | U | 471 | 501 | 17 | 234196 | 47 | 465 | 83
701 | Revision_701/flex.c | U | 756 | 785 | 17 | 234197 | 47 | 634 | 83
701 | Revision_701/sql.c | U | 746 | 764 | 17 | 234198 | 47 | 536 | 83
701 | Revision_701/jscript.c | U | 504 | 533 | 17 | 234199 | 47 | 507 | 83
701 | Revision_701/vhdl.c | U | 514 | 532 | 17 | 234200 | 47 | 557 | 83
701 | Revision_701/flex.c | U | 723 | 753 | 17 | 234201 | 47 | 633 | 83
701 | Revision_701/jscript.c | U | 536 | 543 | 7 | 234202 | 48 | 474 | 80
701 | Revision_701/jscript.c | U | 546 | 553 | 7 | 234203 | 48 | 475 | 80
701 | Revision_701/flex.c | U | 788 | 795 | 7 | 234204 | 48 | 636 | 80
701 | Revision_701/sql.c | U | 679 | 686 | 7 | 234205 | 48 | 476 | 80
701 | Revision_701/flex.c | U | 798 | 805 | 7 | 234206 | 48 | 635 | 80
701 | Revision_701/jscript.c | U | 560 | 582 | 13 | 234207 | 49 | 433 | 100
701 | Revision_701/flex.c | U | 812 | 834 | 13 | 234208 | 49 | 637 | 100
701 | Revision_701/jscript.c | U | 623 | 709 | 30 | 234209 | 50 | 638 | 90
701 | Revision_701/flex.c | U | 871 | 957 | 30 | 234210 | 50 | 639 | 90
701 | Revision_701/jscript.c | U | 712 | 819 | 30 | 234211 | 51 | 640 | 100
701 | Revision_701/flex.c | U | 960 | 1067 | 30 | 234212 | 51 | 641 | 100
701 | Revision_701/jscript.c | U | 963 | 1024 | 33 | 234213 | 52 | 642 | 100
701 | Revision_701/flex.c | U | 1239 | 1300 | 33 | 234214 | 52 | 643 | 100
701 | Revision_701/jscript.c | U | 1027 | 1457 | 198 | 234215 | 53 | 644 | 77
701 | Revision_701/flex.c | U | 1419 | 1888 | 198 | 234216 | 53 | 645 | 77
701 | Revision_701/jscript.c | U | 1072 | 1081 | 6 | 234217 | 54 | 497 | 75
701 | Revision_701/options.c | U | 1683 | 1687 | 6 | 234218 | 54 | 333 | 75
701 | Revision_701/jscript.c | U | 1152 | 1178 | 12 | 234219 | 55 | 508 | 72
701 | Revision_701/jscript.c | U | 1180 | 1202 | 12 | 234220 | 55 | 509 | 72
701 | Revision_701/jscript.c | U | 1460 | 1507 | 29 | 234221 | 56 | 646 | 92
701 | Revision_701/flex.c | U | 1891 | 1938 | 29 | 234222 | 56 | 647 | 92
701 | Revision_701/jscript.c | U | 1512 | 1527 | 16 | 234223 | 57 | 413 | 75
701 | Revision_701/flex.c | U | 2155 | 2168 | 16 | 234224 | 57 | 648 | 75
701 | Revision_701/jscript.c | U | 1518 | 1521 | 8 | 234225 | 58 | 498 | 71
701 | Revision_701/Test/local.c | U | 14 | 20 | 8 | 234226 | 58 | 384 | 71
701 | Revision_701/vhdl.c | U | 499 | 506 | 8 | 234227 | 58 | 558 | 71
701 | Revision_701/flex.c | U | 2159 | 2162 | 8 | 234228 | 58 | 649 | 71
701 | Revision_701/jscript.c | U | 1531 | 1535 | 5 | 234229 | 59 | 484 | 75
701 | Revision_701/tex.c | U | 490 | 494 | 5 | 234230 | 59 | 690 | 75
701 | Revision_701/flex.c | U | 2203 | 2207 | 5 | 234231 | 59 | 650 | 75
701 | Revision_701/sql.c | U | 2083 | 2087 | 5 | 234232 | 59 | 404 | 75
701 | Revision_701/make.c | U | 191 | 195 | 5 | 234233 | 59 | 403 | 75
701 | Revision_701/jscript.c | U | 1538 | 1554 | 14 | 234234 | 60 | 651 | 100
701 | Revision_701/flex.c | U | 2210 | 2226 | 14 | 234235 | 60 | 652 | 100
701 | Revision_701/gnu_regex/regex.c | U | 810 | 815 | 5 | 234236 | 61 | 513 | 75
701 | Revision_701/options.c | U | 397 | 402 | 5 | 234237 | 61 | 355 | 75
701 | Revision_701/main.c | U | 126 | 139 | 5 | 234238 | 61 | 354 | 75
701 | Revision_701/routines.c | U | 621 | 644 | 5 | 234239 | 61 | 514 | 75
701 | Revision_701/gnu_regex/regex.c | U | 1182 | 1192 | 6 | 234240 | 62 | 515 | 80
701 | Revision_701/gnu_regex/regex.c | U | 1197 | 1207 | 6 | 234241 | 62 | 516 | 80
701 | Revision_701/gnu_regex/regex.c | U | 1330 | 1339 | 5 | 234242 | 63 | 517 | 100
701 | Revision_701/gnu_regex/regex.c | U | 1816 | 1820 | 5 | 234243 | 63 | 518 | 100
701 | Revision_701/gnu_regex/regex.c | U | 1627 | 1632 | 6 | 234244 | 64 | 530 | 100
701 | Revision_701/gnu_regex/regex.c | U | 1792 | 1797 | 6 | 234245 | 64 | 519 | 100
701 | Revision_701/gnu_regex/regex.c | U | 1649 | 1654 | 6 | 234246 | 64 | 531 | 100
701 | Revision_701/gnu_regex/regex.c | U | 1777 | 1782 | 6 | 234247 | 64 | 520 | 100
701 | Revision_701/gnu_regex/regex.c | U | 1757 | 1762 | 6 | 234248 | 64 | 521 | 100
701 | Revision_701/gnu_regex/regex.c | U | 2100 | 2108 | 7 | 234249 | 65 | 522 | 83
701 | Revision_701/gnu_regex/regex.c | U | 2119 | 2127 | 7 | 234250 | 65 | 523 | 83
701 | Revision_701/gnu_regex/regex.c | U | 2768 | 2772 | 5 | 234251 | 66 | 524 | 75
701 | Revision_701/beta.c | U | 165 | 169 | 5 | 234252 | 66 | 204 | 75
701 | Revision_701/beta.c | U | 277 | 281 | 5 | 234253 | 66 | 205 | 75
701 | Revision_701/beta.c | U | 271 | 275 | 5 | 234254 | 66 | 207 | 75
701 | Revision_701/beta.c | U | 158 | 162 | 5 | 234255 | 66 | 206 | 75
701 | Revision_701/beta.c | U | 152 | 156 | 5 | 234256 | 66 | 203 | 75
701 | Revision_701/gnu_regex/regex.c | U | 3543 | 3551 | 8 | 234257 | 67 | 525 | 83
701 | Revision_701/gnu_regex/regex.c | U | 3553 | 3560 | 8 | 234258 | 67 | 526 | 83
701 | Revision_701/gnu_regex/regex.c | U | 3722 | 3736 | 15 | 234259 | 68 | 527 | 71
701 | Revision_701/gnu_regex/regex.c | U | 4312 | 4329 | 15 | 234260 | 68 | 528 | 71
701 | Revision_701/vim.c | U | 97 | 101 | 5 | 234261 | 69 | 290 | 100
701 | Revision_701/vim.c | U | 103 | 107 | 5 | 234262 | 69 | 291 | 100
701 | Revision_701/vim.c | U | 244 | 267 | 17 | 234263 | 70 | 334 | 76
701 | Revision_701/vim.c | U | 294 | 312 | 17 | 234264 | 70 | 159 | 76
701 | Revision_701/python.c | U | 88 | 101 | 11 | 234265 | 71 | 37 | 77
701 | Revision_701/python.c | U | 131 | 142 | 11 | 234266 | 71 | 13 | 77
701 | Revision_701/python.c | U | 184 | 187 | 5 | 234267 | 72 | 532 | 75
701 | Revision_701/get.c | U | 649 | 653 | 5 | 234268 | 72 | 533 | 75
701 | Revision_701/python.c | U | 196 | 200 | 5 | 234269 | 73 | 278 | 75
701 | Revision_701/python.c | U | 218 | 222 | 5 | 234270 | 73 | 326 | 75
701 | Revision_701/erlang.c | U | 58 | 62 | 5 | 234271 | 73 | 341 | 75
701 | Revision_701/sml.c | U | 84 | 88 | 5 | 234272 | 73 | 325 | 75
701 | Revision_701/options.c | U | 963 | 968 | 5 | 234273 | 73 | 280 | 75
701 | Revision_701/python.c | U | 226 | 235 | 9 | 234274 | 74 | 292 | 75
701 | Revision_701/tcl.c | U | 44 | 54 | 9 | 234275 | 74 | 293 | 75
701 | Revision_701/erlang.c | U | 66 | 75 | 9 | 234276 | 74 | 342 | 75
701 | Revision_701/python.c | U | 475 | 479 | 7 | 234277 | 75 | 504 | 80
701 | Revision_701/python.c | U | 480 | 485 | 7 | 234278 | 75 | 504 | 80
701 | Revision_701/python.c | U | 575 | 579 | 5 | 234279 | 76 | 504 | 75
701 | Revision_701/pascal.c | U | 184 | 190 | 5 | 234280 | 76 | 171 | 75
701 | Revision_701/pascal.c | U | 176 | 182 | 5 | 234281 | 76 | 170 | 75
701 | Revision_701/pascal.c | U | 150 | 154 | 5 | 234282 | 76 | 319 | 75
701 | Revision_701/python.c | U | 581 | 590 | 8 | 234283 | 77 | 574 | 83
701 | Revision_701/python.c | U | 592 | 600 | 8 | 234284 | 77 | 13 | 83
701 | Revision_701/perl.c | U | 208 | 214 | 7 | 234285 | 78 | 389 | 83
701 | Revision_701/perl.c | U | 254 | 259 | 7 | 234286 | 78 | 502 | 83
701 | Revision_701/perl.c | U | 339 | 346 | 7 | 234287 | 79 | 389 | 71
701 | Revision_701/main.c | U | 260 | 267 | 7 | 234288 | 79 | 377 | 71
701 | Revision_701/perl.c | U | 353 | 359 | 7 | 234289 | 79 | 7 | 71
701 | Revision_701/erlang.c | U | 97 | 105 | 7 | 234290 | 79 | 344 | 71
701 | Revision_701/main.c | U | 179 | 185 | 7 | 234291 | 79 | 376 | 71
701 | Revision_701/erlang.c | U | 116 | 121 | 7 | 234292 | 79 | 346 | 71
701 | Revision_701/erlang.c | U | 108 | 113 | 7 | 234293 | 79 | 344 | 71
701 | Revision_701/sort.c | U | 118 | 123 | 5 | 234294 | 80 | 281 | 100
701 | Revision_701/sort.c | U | 126 | 131 | 5 | 234295 | 80 | 282 | 100
701 | Revision_701/strlist.c | U | 32 | 38 | 8 | 234296 | 81 | 165 | 71
701 | Revision_701/vstring.c | U | 77 | 87 | 8 | 234297 | 81 | 166 | 71
701 | Revision_701/strlist.c | U | 191 | 196 | 7 | 234298 | 82 | 168 | 83
701 | Revision_701/strlist.c | U | 200 | 206 | 7 | 234299 | 82 | 390 | 83
701 | Revision_701/get.c | U | 305 | 314 | 10 | 234300 | 83 | 174 | 70
701 | Revision_701/parse.c | U | 586 | 600 | 10 | 234301 | 83 | 175 | 70
701 | Revision_701/read.c | U | 220 | 231 | 10 | 234302 | 83 | 176 | 70
701 | Revision_701/get.c | U | 467 | 478 | 10 | 234303 | 84 | 177 | 87
701 | Revision_701/get.c | U | 484 | 495 | 10 | 234304 | 84 | 178 | 87
701 | Revision_701/get.c | U | 541 | 546 | 6 | 234305 | 85 | 180 | 80
701 | Revision_701/read.c | U | 424 | 428 | 6 | 234306 | 85 | 181 | 80
701 | Revision_701/keyword.c | U | 196 | 203 | 8 | 234307 | 86 | 570 | 71
701 | Revision_701/asm.c | U | 131 | 139 | 8 | 234308 | 86 | 270 | 71
701 | Revision_701/routines.c | U | 237 | 244 | 6 | 234309 | 87 | 254 | 80
701 | Revision_701/routines.c | U | 247 | 254 | 6 | 234310 | 87 | 255 | 80
701 | Revision_701/routines.c | U | 288 | 295 | 8 | 234311 | 88 | 256 | 83
701 | Revision_701/routines.c | U | 298 | 305 | 8 | 234312 | 88 | 257 | 83
701 | Revision_701/readtags.c | U | 106 | 113 | 8 | 234313 | 88 | 123 | 83
701 | Revision_701/readtags.c | U | 116 | 123 | 8 | 234314 | 88 | 238 | 83
701 | Revision_701/routines.c | U | 322 | 326 | 5 | 234315 | 89 | 258 | 75
701 | Revision_701/vstring.c | U | 125 | 129 | 5 | 234316 | 89 | 188 | 75
701 | Revision_701/vstring.c | U | 118 | 122 | 5 | 234317 | 89 | 189 | 75
701 | Revision_701/routines.c | U | 329 | 335 | 6 | 234318 | 90 | 259 | 100
701 | Revision_701/routines.c | U | 338 | 344 | 6 | 234319 | 90 | 260 | 100
701 | Revision_701/routines.c | U | 349 | 356 | 8 | 234320 | 91 | 261 | 100
701 | Revision_701/routines.c | U | 361 | 368 | 8 | 234321 | 91 | 262 | 100
701 | Revision_701/flex.c | U | 288 | 296 | 11 | 234322 | 92 | 699 | 70
701 | Revision_701/vhdl.c | U | 553 | 569 | 11 | 234323 | 92 | 554 | 70
701 | Revision_701/flex.c | U | 587 | 622 | 35 | 234324 | 93 | 653 | 74
701 | Revision_701/flex.c | U | 624 | 671 | 35 | 234325 | 93 | 654 | 74
701 | Revision_701/flex.c | U | 923 | 956 | 17 | 234326 | 94 | 655 | 75
701 | Revision_701/flex.c | U | 1943 | 1978 | 17 | 234327 | 94 | 656 | 75
701 | Revision_701/flex.c | U | 1485 | 1520 | 34 | 234328 | 95 | 662 | 71
701 | Revision_701/vhdl.c | U | 769 | 802 | 34 | 234329 | 95 | 565 | 71
701 | Revision_701/flex.c | U | 1582 | 1608 | 12 | 234330 | 96 | 663 | 72
701 | Revision_701/flex.c | U | 1610 | 1632 | 12 | 234331 | 96 | 664 | 72
701 | Revision_701/flex.c | U | 1941 | 1984 | 23 | 234332 | 97 | 660 | 70
701 | Revision_701/flex.c | U | 2173 | 2200 | 23 | 234333 | 97 | 661 | 70
701 | Revision_701/sql.c | U | 1484 | 1522 | 23 | 234334 | 97 | 658 | 70
701 | Revision_701/flex.c | U | 2003 | 2056 | 23 | 234335 | 97 | 659 | 70
701 | Revision_701/sh.c | U | 89 | 94 | 6 | 234336 | 98 | 378 | 80
701 | Revision_701/asm.c | U | 347 | 352 | 6 | 234337 | 98 | 379 | 80
701 | Revision_701/vhdl.c | U | 493 | 533 | 32 | 234338 | 99 | 561 | 72
701 | Revision_701/sql.c | U | 716 | 765 | 32 | 234339 | 99 | 562 | 72
701 | Revision_701/vhdl.c | U | 725 | 742 | 15 | 234340 | 100 | 560 | 100
701 | Revision_701/vhdl.c | U | 744 | 761 | 15 | 234341 | 100 | 539 | 100
701 | Revision_701/vhdl.c | U | 771 | 801 | 31 | 234342 | 101 | 565 | 70
701 | Revision_701/fortran.c | U | 2118 | 2137 | 31 | 234343 | 101 | 566 | 70
701 | Revision_701/beta.c | U | 134 | 141 | 6 | 234344 | 102 | 201 | 75
701 | Revision_701/beta.c | U | 204 | 212 | 6 | 234345 | 102 | 202 | 75
701 | Revision_701/sql.c | U | 722 | 737 | 17 | 234346 | 103 | 537 | 75
701 | Revision_701/fortran.c | U | 1288 | 1294 | 17 | 234347 | 103 | 85 | 75
701 | Revision_701/sql.c | U | 1546 | 1582 | 24 | 234348 | 104 | 487 | 78
701 | Revision_701/sql.c | U | 1952 | 1995 | 24 | 234349 | 104 | 488 | 78
701 | Revision_701/sql.c | U | 1916 | 1941 | 17 | 234350 | 105 | 489 | 84
701 | Revision_701/sql.c | U | 1965 | 1989 | 17 | 234351 | 105 | 490 | 84
701 | Revision_701/sql.c | U | 2070 | 2080 | 8 | 234352 | 106 | 538 | 75
701 | Revision_701/fortran.c | U | 1308 | 1314 | 8 | 234353 | 106 | 85 | 75
701 | Revision_701/fortran.c | U | 1367 | 1373 | 8 | 234354 | 106 | 84 | 75
701 | Revision_701/sql.c | U | 2072 | 2079 | 8 | 234355 | 106 | 538 | 75
701 | Revision_701/parse.c | U | 96 | 106 | 11 | 234356 | 107 | 208 | 88
701 | Revision_701/parse.c | U | 109 | 120 | 11 | 234357 | 107 | 209 | 88
701 | Revision_701/parse.c | U | 299 | 303 | 5 | 234358 | 108 | 356 | 75
701 | Revision_701/parse.c | U | 556 | 560 | 5 | 234359 | 108 | 357 | 75
701 | Revision_701/parse.c | U | 575 | 579 | 5 | 234360 | 108 | 358 | 75
701 | Revision_701/readtags.c | U | 541 | 547 | 6 | 234361 | 109 | 239 | 100
701 | Revision_701/readtags.c | U | 549 | 555 | 6 | 234362 | 109 | 240 | 100
701 | Revision_701/readtags.c | U | 584 | 588 | 6 | 234363 | 110 | 123 | 75
701 | Revision_701/readtags.c | U | 639 | 645 | 6 | 234364 | 110 | 124 | 75
701 | Revision_701/readtags.c | U | 718 | 726 | 8 | 234365 | 111 | 210 | 83
701 | Revision_701/readtags.c | U | 773 | 781 | 8 | 234366 | 111 | 211 | 83
701 | Revision_701/readtags.c | U | 729 | 737 | 8 | 234367 | 111 | 212 | 83
701 | Revision_701/readtags.c | U | 740 | 745 | 6 | 234368 | 112 | 241 | 80
701 | Revision_701/readtags.c | U | 757 | 762 | 6 | 234369 | 112 | 242 | 80
701 | Revision_701/readtags.c | U | 765 | 770 | 6 | 234370 | 112 | 287 | 80
701 | Revision_701/fortran.c | U | 1714 | 1729 | 20 | 234371 | 113 | 21 | 84
701 | Revision_701/fortran.c | U | 1930 | 1946 | 20 | 234372 | 113 | 374 | 84
701 | Revision_701/fortran.c | U | 1895 | 1913 | 16 | 234373 | 114 | 220 | 73
701 | Revision_701/fortran.c | U | 1965 | 1981 | 16 | 234374 | 114 | 221 | 73
701 | Revision_701/fortran.c | U | 2041 | 2061 | 16 | 234375 | 114 | 372 | 73
701 | Revision_701/tex.c | U | 401 | 418 | 16 | 234376 | 115 | 696 | 83
701 | Revision_701/tex.c | U | 426 | 444 | 16 | 234377 | 115 | 697 | 83
701 | Revision_701/asm.c | U | 243 | 256 | 11 | 234378 | 116 | 289 | 77
701 | Revision_701/asm.c | U | 261 | 271 | 11 | 234379 | 116 | 279 | 77
701 | Revision_701/scheme.c | U | 70 | 78 | 8 | 234380 | 117 | 222 | 71
701 | Revision_701/scheme.c | U | 85 | 93 | 8 | 234381 | 117 | 223 | 71
701 | Revision_701/options.c | U | 369 | 375 | 6 | 234382 | 118 | 224 | 100
701 | Revision_701/options.c | U | 378 | 384 | 6 | 234383 | 118 | 225 | 100
701 | Revision_701/options.c | U | 543 | 549 | 7 | 234384 | 119 | 226 | 100
701 | Revision_701/options.c | U | 552 | 558 | 7 | 234385 | 119 | 227 | 100
701 | Revision_701/options.c | U | 570 | 576 | 7 | 234386 | 119 | 228 | 100
701 | Revision_701/options.c | U | 561 | 567 | 7 | 234387 | 119 | 229 | 100
701 | Revision_701/options.c | U | 982 | 986 | 5 | 234388 | 120 | 230 | 75
701 | Revision_701/options.c | U | 1008 | 1012 | 5 | 234389 | 120 | 231 | 75
701 | Revision_701/options.c | U | 1102 | 1106 | 5 | 234390 | 121 | 232 | 100
701 | Revision_701/options.c | U | 1108 | 1112 | 5 | 234391 | 121 | 233 | 100
701 | Revision_701/options.c | U | 1154 | 1166 | 12 | 234392 | 122 | 360 | 100
701 | Revision_701/options.c | U | 1171 | 1183 | 12 | 234393 | 122 | 235 | 100
701 | Revision_701/options.c | U | 1425 | 1442 | 15 | 234394 | 123 | 236 | 91
701 | Revision_701/options.c | U | 1463 | 1480 | 15 | 234395 | 123 | 237 | 91
