Revision | filePath | changeType | StartLine | EndLine | Nlines | cloneId | classId | globalCloneId | Similarity
703 | Revision_703/lisp.c | U | 91 | 97 | 7 | 235018 | 1 | 1 | 83
703 | Revision_703/lisp.c | U | 112 | 118 | 7 | 235019 | 1 | 2 | 83
703 | Revision_703/lisp.c | U | 127 | 137 | 9 | 235020 | 2 | 3 | 70
703 | Revision_703/cobol.c | U | 40 | 48 | 9 | 235021 | 2 | 320 | 70
703 | Revision_703/php.c | U | 91 | 98 | 9 | 235022 | 2 | 501 | 70
703 | Revision_703/lua.c | U | 123 | 131 | 9 | 235023 | 2 | 243 | 70
703 | Revision_703/perl.c | U | 372 | 380 | 9 | 235024 | 2 | 7 | 70
703 | Revision_703/sh.c | U | 103 | 113 | 9 | 235025 | 2 | 17 | 70
703 | Revision_703/basic.c | U | 193 | 201 | 9 | 235026 | 2 | 408 | 70
703 | Revision_703/c.c | U | 2879 | 2894 | 9 | 235027 | 2 | 8 | 70
703 | Revision_703/sml.c | U | 202 | 210 | 9 | 235028 | 2 | 321 | 70
703 | Revision_703/c.c | U | 2867 | 2876 | 9 | 235029 | 2 | 12 | 70
703 | Revision_703/eiffel.c | U | 1236 | 1245 | 9 | 235030 | 2 | 9 | 70
703 | Revision_703/scheme.c | U | 99 | 109 | 9 | 235031 | 2 | 16 | 70
703 | Revision_703/erlang.c | U | 179 | 187 | 9 | 235032 | 2 | 340 | 70
703 | Revision_703/tcl.c | U | 106 | 114 | 9 | 235033 | 2 | 18 | 70
703 | Revision_703/pascal.c | U | 257 | 265 | 9 | 235034 | 2 | 14 | 70
703 | Revision_703/awk.c | U | 71 | 79 | 9 | 235035 | 2 | 10 | 70
703 | Revision_703/vim.c | U | 626 | 634 | 9 | 235036 | 2 | 20 | 70
703 | Revision_703/ruby.c | U | 398 | 406 | 9 | 235037 | 2 | 19 | 70
703 | Revision_703/beta.c | U | 311 | 319 | 9 | 235038 | 2 | 5 | 70
703 | Revision_703/python.c | U | 648 | 656 | 9 | 235039 | 2 | 13 | 70
703 | Revision_703/c.c | U | 2897 | 2906 | 9 | 235040 | 2 | 15 | 70
703 | Revision_703/verilog.c | U | 329 | 338 | 9 | 235041 | 2 | 283 | 70
703 | Revision_703/asp.c | U | 201 | 209 | 9 | 235042 | 2 | 4 | 70
703 | Revision_703/c.c | U | 2909 | 2918 | 9 | 235043 | 2 | 315 | 70
703 | Revision_703/sql.c | U | 2101 | 2110 | 9 | 235044 | 2 | 296 | 70
703 | Revision_703/fortran.c | U | 2180 | 2195 | 9 | 235045 | 2 | 21 | 70
703 | Revision_703/vhdl.c | U | 825 | 834 | 9 | 235046 | 2 | 539 | 70
703 | Revision_703/c.c | U | 2921 | 2930 | 9 | 235047 | 2 | 330 | 70
703 | Revision_703/keyword.c | U | 107 | 116 | 9 | 235048 | 2 | 27 | 70
703 | Revision_703/dosbatch.c | U | 33 | 40 | 9 | 235049 | 2 | 667 | 70
703 | Revision_703/rexx.c | U | 30 | 37 | 9 | 235050 | 2 | 26 | 70
703 | Revision_703/slang.c | U | 34 | 41 | 9 | 235051 | 2 | 24 | 70
703 | Revision_703/html.c | U | 40 | 47 | 9 | 235052 | 2 | 365 | 70
703 | Revision_703/ant.c | U | 33 | 40 | 9 | 235053 | 2 | 666 | 70
703 | Revision_703/matlab.c | U | 35 | 42 | 9 | 235054 | 2 | 668 | 70
703 | Revision_703/yacc.c | U | 31 | 38 | 9 | 235055 | 2 | 23 | 70
703 | Revision_703/tex.c | U | 510 | 523 | 9 | 235056 | 2 | 665 | 70
703 | Revision_703/jscript.c | U | 1558 | 1571 | 9 | 235057 | 2 | 413 | 70
703 | Revision_703/asm.c | U | 366 | 385 | 9 | 235058 | 2 | 274 | 70
703 | Revision_703/make.c | U | 205 | 215 | 9 | 235059 | 2 | 25 | 70
703 | Revision_703/flex.c | U | 2230 | 2243 | 9 | 235060 | 2 | 575 | 70
703 | Revision_703/options.c | U | 626 | 632 | 9 | 235061 | 2 | 29 | 70
703 | Revision_703/fortran.c | U | 414 | 426 | 9 | 235062 | 2 | 158 | 70
703 | Revision_703/options.c | U | 533 | 538 | 9 | 235063 | 2 | 30 | 70
703 | Revision_703/c.c | U | 2251 | 2256 | 9 | 235064 | 2 | 28 | 70
703 | Revision_703/gnu_regex/regex.c | U | 2828 | 2833 | 9 | 235065 | 2 | 511 | 70
703 | Revision_703/c.c | U | 2280 | 2288 | 9 | 235066 | 2 | 31 | 70
703 | Revision_703/tex.c | U | 169 | 180 | 9 | 235067 | 2 | 669 | 70
703 | Revision_703/eiffel.c | U | 1190 | 1202 | 9 | 235068 | 2 | 157 | 70
703 | Revision_703/jscript.c | U | 192 | 205 | 9 | 235069 | 2 | 414 | 70
703 | Revision_703/flex.c | U | 221 | 235 | 9 | 235070 | 2 | 576 | 70
703 | Revision_703/vhdl.c | U | 342 | 351 | 9 | 235071 | 2 | 540 | 70
703 | Revision_703/sql.c | U | 404 | 416 | 9 | 235072 | 2 | 309 | 70
703 | Revision_703/gnu_regex/regex.c | U | 2826 | 2840 | 9 | 235073 | 2 | 512 | 70
703 | Revision_703/asp.c | U | 71 | 90 | 15 | 235074 | 3 | 33 | 100
703 | Revision_703/asp.c | U | 94 | 113 | 15 | 235075 | 3 | 34 | 100
703 | Revision_703/asp.c | U | 117 | 133 | 14 | 235076 | 4 | 35 | 100
703 | Revision_703/asp.c | U | 137 | 152 | 14 | 235077 | 4 | 36 | 100
703 | Revision_703/asp.c | U | 175 | 190 | 14 | 235078 | 4 | 36 | 100
703 | Revision_703/asp.c | U | 156 | 171 | 14 | 235079 | 4 | 36 | 100
703 | Revision_703/args.c | U | 85 | 92 | 8 | 235080 | 5 | 43 | 100
703 | Revision_703/args.c | U | 160 | 167 | 8 | 235081 | 5 | 44 | 100
703 | Revision_703/args.c | U | 182 | 190 | 9 | 235082 | 6 | 45 | 75
703 | Revision_703/args.c | U | 203 | 211 | 9 | 235083 | 6 | 46 | 75
703 | Revision_703/args.c | U | 193 | 200 | 9 | 235084 | 6 | 47 | 75
703 | Revision_703/args.c | U | 266 | 272 | 7 | 235085 | 7 | 48 | 83
703 | Revision_703/options.c | U | 579 | 584 | 7 | 235086 | 7 | 49 | 83
703 | Revision_703/c.c | U | 536 | 542 | 7 | 235087 | 8 | 51 | 70
703 | Revision_703/tex.c | U | 183 | 187 | 7 | 235088 | 8 | 670 | 70
703 | Revision_703/flex.c | U | 238 | 242 | 7 | 235089 | 8 | 577 | 70
703 | Revision_703/fortran.c | U | 888 | 892 | 7 | 235090 | 8 | 50 | 70
703 | Revision_703/jscript.c | U | 208 | 212 | 7 | 235091 | 8 | 415 | 70
703 | Revision_703/sql.c | U | 419 | 423 | 7 | 235092 | 8 | 416 | 70
703 | Revision_703/vstring.c | U | 67 | 74 | 7 | 235093 | 8 | 52 | 70
703 | Revision_703/vhdl.c | U | 354 | 361 | 7 | 235094 | 8 | 541 | 70
703 | Revision_703/eiffel.c | U | 1205 | 1211 | 7 | 235095 | 8 | 362 | 70
703 | Revision_703/vstring.c | U | 69 | 73 | 7 | 235096 | 8 | 52 | 70
703 | Revision_703/fortran.c | U | 440 | 445 | 7 | 235097 | 8 | 363 | 70
703 | Revision_703/jscript.c | U | 1007 | 1016 | 7 | 235098 | 8 | 463 | 70
703 | Revision_703/flex.c | U | 1283 | 1292 | 7 | 235099 | 8 | 578 | 70
703 | Revision_703/fortran.c | U | 1060 | 1064 | 7 | 235100 | 8 | 312 | 70
703 | Revision_703/vhdl.c | U | 611 | 615 | 7 | 235101 | 8 | 542 | 70
703 | Revision_703/vhdl.c | U | 620 | 624 | 7 | 235102 | 8 | 543 | 70
703 | Revision_703/vhdl.c | U | 356 | 360 | 7 | 235103 | 8 | 541 | 70
703 | Revision_703/fortran.c | U | 438 | 446 | 7 | 235104 | 8 | 363 | 70
703 | Revision_703/sql.c | U | 1933 | 1937 | 7 | 235105 | 8 | 455 | 70
703 | Revision_703/sql.c | U | 1672 | 1676 | 7 | 235106 | 8 | 454 | 70
703 | Revision_703/jscript.c | U | 994 | 1004 | 7 | 235107 | 8 | 479 | 70
703 | Revision_703/flex.c | U | 1270 | 1280 | 7 | 235108 | 8 | 579 | 70
703 | Revision_703/vhdl.c | U | 750 | 755 | 7 | 235109 | 8 | 539 | 70
703 | Revision_703/options.c | U | 674 | 678 | 7 | 235110 | 8 | 127 | 70
703 | Revision_703/vhdl.c | U | 731 | 736 | 7 | 235111 | 8 | 560 | 70
703 | Revision_703/c.c | U | 2218 | 2222 | 7 | 235112 | 8 | 125 | 70
703 | Revision_703/jscript.c | U | 909 | 918 | 7 | 235113 | 8 | 456 | 70
703 | Revision_703/sql.c | U | 893 | 902 | 7 | 235114 | 8 | 493 | 70
703 | Revision_703/c.c | U | 2491 | 2498 | 7 | 235115 | 8 | 94 | 70
703 | Revision_703/eiffel.c | U | 421 | 426 | 7 | 235116 | 8 | 119 | 70
703 | Revision_703/fortran.c | U | 813 | 818 | 7 | 235117 | 8 | 116 | 70
703 | Revision_703/options.c | U | 352 | 357 | 7 | 235118 | 8 | 224 | 70
703 | Revision_703/options.c | U | 1221 | 1225 | 7 | 235119 | 8 | 129 | 70
703 | Revision_703/vhdl.c | U | 457 | 461 | 7 | 235120 | 8 | 544 | 70
703 | Revision_703/strlist.c | U | 150 | 154 | 7 | 235121 | 8 | 126 | 70
703 | Revision_703/eiffel.c | U | 648 | 652 | 7 | 235122 | 8 | 250 | 70
703 | Revision_703/sql.c | U | 569 | 573 | 7 | 235123 | 8 | 300 | 70
703 | Revision_703/jscript.c | U | 920 | 925 | 7 | 235124 | 8 | 457 | 70
703 | Revision_703/jscript.c | U | 891 | 907 | 7 | 235125 | 8 | 480 | 70
703 | Revision_703/sql.c | U | 905 | 915 | 7 | 235126 | 8 | 698 | 70
703 | Revision_703/eiffel.c | U | 413 | 419 | 7 | 235127 | 8 | 119 | 70
703 | Revision_703/fortran.c | U | 805 | 811 | 7 | 235128 | 8 | 50 | 70
703 | Revision_703/eiffel.c | U | 661 | 665 | 7 | 235129 | 8 | 249 | 70
703 | Revision_703/fortran.c | U | 990 | 994 | 7 | 235130 | 8 | 128 | 70
703 | Revision_703/routines.c | U | 453 | 459 | 7 | 235131 | 8 | 266 | 70
703 | Revision_703/sql.c | U | 1683 | 1692 | 7 | 235132 | 8 | 486 | 70
703 | Revision_703/c.c | U | 790 | 794 | 7 | 235133 | 8 | 76 | 70
703 | Revision_703/c.c | U | 2171 | 2175 | 7 | 235134 | 8 | 80 | 70
703 | Revision_703/flex.c | U | 1854 | 1858 | 7 | 235135 | 8 | 580 | 70
703 | Revision_703/jscript.c | U | 1423 | 1427 | 7 | 235136 | 8 | 417 | 70
703 | Revision_703/sql.c | U | 1034 | 1040 | 7 | 235137 | 8 | 419 | 70
703 | Revision_703/sql.c | U | 1118 | 1125 | 7 | 235138 | 8 | 418 | 70
703 | Revision_703/fortran.c | U | 1899 | 1903 | 7 | 235139 | 8 | 79 | 70
703 | Revision_703/tex.c | U | 439 | 443 | 7 | 235140 | 8 | 693 | 70
703 | Revision_703/readtags.c | U | 144 | 148 | 7 | 235141 | 8 | 87 | 70
703 | Revision_703/eiffel.c | U | 1002 | 1006 | 7 | 235142 | 8 | 269 | 70
703 | Revision_703/eiffel.c | U | 951 | 955 | 7 | 235143 | 8 | 269 | 70
703 | Revision_703/eiffel.c | U | 864 | 868 | 7 | 235144 | 8 | 269 | 70
703 | Revision_703/flex.c | U | 1342 | 1352 | 7 | 235145 | 8 | 581 | 70
703 | Revision_703/fortran.c | U | 1326 | 1330 | 7 | 235146 | 8 | 85 | 70
703 | Revision_703/sql.c | U | 1439 | 1444 | 7 | 235147 | 8 | 422 | 70
703 | Revision_703/eiffel.c | U | 839 | 844 | 7 | 235148 | 8 | 151 | 70
703 | Revision_703/sql.c | U | 1749 | 1755 | 7 | 235149 | 8 | 420 | 70
703 | Revision_703/sql.c | U | 1720 | 1726 | 7 | 235150 | 8 | 421 | 70
703 | Revision_703/vstring.c | U | 35 | 40 | 7 | 235151 | 8 | 98 | 70
703 | Revision_703/fortran.c | U | 1707 | 1711 | 7 | 235152 | 8 | 373 | 70
703 | Revision_703/c.c | U | 2241 | 2248 | 7 | 235153 | 8 | 244 | 70
703 | Revision_703/c.c | U | 1790 | 1794 | 7 | 235154 | 8 | 121 | 70
703 | Revision_703/c.c | U | 1781 | 1785 | 7 | 235155 | 8 | 331 | 70
703 | Revision_703/c.c | U | 2785 | 2790 | 7 | 235156 | 8 | 94 | 70
703 | Revision_703/fortran.c | U | 1535 | 1540 | 7 | 235157 | 8 | 79 | 70
703 | Revision_703/fortran.c | U | 1323 | 1331 | 7 | 235158 | 8 | 84 | 70
703 | Revision_703/eiffel.c | U | 1021 | 1025 | 7 | 235159 | 8 | 151 | 70
703 | Revision_703/vhdl.c | U | 707 | 715 | 7 | 235160 | 8 | 563 | 70
703 | Revision_703/sql.c | U | 1331 | 1339 | 7 | 235161 | 8 | 462 | 70
703 | Revision_703/fortran.c | U | 1194 | 1198 | 7 | 235162 | 8 | 85 | 70
703 | Revision_703/sql.c | U | 965 | 985 | 7 | 235163 | 8 | 423 | 70
703 | Revision_703/ruby.c | U | 214 | 218 | 7 | 235164 | 8 | 392 | 70
703 | Revision_703/flex.c | U | 2114 | 2120 | 7 | 235165 | 8 | 582 | 70
703 | Revision_703/flex.c | U | 2142 | 2149 | 7 | 235166 | 8 | 583 | 70
703 | Revision_703/flex.c | U | 2016 | 2024 | 7 | 235167 | 8 | 584 | 70
703 | Revision_703/jscript.c | U | 696 | 707 | 7 | 235168 | 8 | 426 | 70
703 | Revision_703/flex.c | U | 944 | 955 | 7 | 235169 | 8 | 586 | 70
703 | Revision_703/sql.c | U | 1431 | 1437 | 7 | 235170 | 8 | 492 | 70
703 | Revision_703/flex.c | U | 1967 | 1973 | 7 | 235171 | 8 | 585 | 70
703 | Revision_703/sql.c | U | 878 | 885 | 7 | 235172 | 8 | 493 | 70
703 | Revision_703/jscript.c | U | 1084 | 1090 | 7 | 235173 | 8 | 417 | 70
703 | Revision_703/readtags.c | U | 452 | 456 | 7 | 235174 | 8 | 90 | 70
703 | Revision_703/options.c | U | 1042 | 1046 | 7 | 235175 | 8 | 89 | 70
703 | Revision_703/keyword.c | U | 185 | 189 | 7 | 235176 | 8 | 91 | 70
703 | Revision_703/fortran.c | U | 1528 | 1533 | 7 | 235177 | 8 | 79 | 70
703 | Revision_703/flex.c | U | 2186 | 2193 | 7 | 235178 | 8 | 587 | 70
703 | Revision_703/sql.c | U | 1500 | 1508 | 7 | 235179 | 8 | 462 | 70
703 | Revision_703/eiffel.c | U | 1057 | 1066 | 7 | 235180 | 8 | 101 | 70
703 | Revision_703/sql.c | U | 845 | 859 | 7 | 235181 | 8 | 423 | 70
703 | Revision_703/sql.c | U | 768 | 780 | 7 | 235182 | 8 | 493 | 70
703 | Revision_703/flex.c | U | 2112 | 2121 | 7 | 235183 | 8 | 585 | 70
703 | Revision_703/flex.c | U | 2133 | 2139 | 7 | 235184 | 8 | 588 | 70
703 | Revision_703/jscript.c | U | 839 | 846 | 7 | 235185 | 8 | 427 | 70
703 | Revision_703/vim.c | U | 400 | 408 | 7 | 235186 | 8 | 500 | 70
703 | Revision_703/eiffel.c | U | 1054 | 1067 | 7 | 235187 | 8 | 156 | 70
703 | Revision_703/flex.c | U | 2103 | 2122 | 7 | 235188 | 8 | 589 | 70
703 | Revision_703/vhdl.c | U | 705 | 716 | 7 | 235189 | 8 | 545 | 70
703 | Revision_703/sql.c | U | 1511 | 1521 | 7 | 235190 | 8 | 462 | 70
703 | Revision_703/sql.c | U | 876 | 888 | 7 | 235191 | 8 | 308 | 70
703 | Revision_703/flex.c | U | 2183 | 2194 | 7 | 235192 | 8 | 587 | 70
703 | Revision_703/ruby.c | U | 195 | 200 | 7 | 235193 | 8 | 591 | 70
703 | Revision_703/jscript.c | U | 1324 | 1339 | 7 | 235194 | 8 | 413 | 70
703 | Revision_703/sql.c | M | 1615 | 1622 | 7 | 235195 | 8 | 430 | 70
703 | Revision_703/flex.c | U | 1755 | 1770 | 7 | 235196 | 8 | 590 | 70
703 | Revision_703/vhdl.c | U | 635 | 640 | 7 | 235197 | 8 | 542 | 70
703 | Revision_703/get.c | U | 594 | 598 | 7 | 235198 | 8 | 122 | 70
703 | Revision_703/c.c | U | 2069 | 2075 | 7 | 235199 | 8 | 12 | 70
703 | Revision_703/fortran.c | U | 1473 | 1482 | 7 | 235200 | 8 | 65 | 70
703 | Revision_703/c.c | U | 2197 | 2204 | 7 | 235201 | 8 | 28 | 70
703 | Revision_703/fortran.c | U | 1434 | 1442 | 7 | 235202 | 8 | 314 | 70
703 | Revision_703/flex.c | U | 1952 | 1977 | 7 | 235203 | 8 | 595 | 70
703 | Revision_703/sql.c | U | 843 | 860 | 7 | 235204 | 8 | 423 | 70
703 | Revision_703/flex.c | U | 895 | 921 | 7 | 235205 | 8 | 593 | 70
703 | Revision_703/jscript.c | U | 585 | 620 | 7 | 235206 | 8 | 429 | 70
703 | Revision_703/flex.c | U | 2124 | 2140 | 7 | 235207 | 8 | 592 | 70
703 | Revision_703/flex.c | U | 837 | 868 | 7 | 235208 | 8 | 593 | 70
703 | Revision_703/jscript.c | U | 567 | 581 | 7 | 235209 | 8 | 428 | 70
703 | Revision_703/flex.c | U | 819 | 833 | 7 | 235210 | 8 | 598 | 70
703 | Revision_703/vhdl.c | U | 656 | 668 | 7 | 235211 | 8 | 546 | 70
703 | Revision_703/flex.c | U | 1961 | 1975 | 7 | 235212 | 8 | 582 | 70
703 | Revision_703/fortran.c | U | 1401 | 1409 | 7 | 235213 | 8 | 59 | 70
703 | Revision_703/sql.c | U | 1998 | 2026 | 7 | 235214 | 8 | 431 | 70
703 | Revision_703/readtags.c | U | 363 | 367 | 7 | 235215 | 8 | 529 | 70
703 | Revision_703/c.c | U | 1992 | 1996 | 7 | 235216 | 8 | 121 | 70
703 | Revision_703/jscript.c | U | 675 | 708 | 7 | 235217 | 8 | 597 | 70
703 | Revision_703/eiffel.c | U | 1051 | 1068 | 7 | 235218 | 8 | 156 | 70
703 | Revision_703/flex.c | U | 1964 | 1974 | 7 | 235219 | 8 | 582 | 70
703 | Revision_703/jscript.c | U | 986 | 1005 | 7 | 235220 | 8 | 438 | 70
703 | Revision_703/flex.c | U | 1262 | 1281 | 7 | 235221 | 8 | 596 | 70
703 | Revision_703/fortran.c | U | 1696 | 1705 | 7 | 235222 | 8 | 221 | 70
703 | Revision_703/sql.c | U | 1109 | 1126 | 7 | 235223 | 8 | 435 | 70
703 | Revision_703/jscript.c | U | 647 | 673 | 7 | 235224 | 8 | 432 | 70
703 | Revision_703/flex.c | U | 1193 | 1221 | 7 | 235225 | 8 | 599 | 70
703 | Revision_703/vhdl.c | U | 747 | 760 | 7 | 235226 | 8 | 539 | 70
703 | Revision_703/vhdl.c | U | 728 | 741 | 7 | 235227 | 8 | 560 | 70
703 | Revision_703/vhdl.c | U | 617 | 625 | 7 | 235228 | 8 | 542 | 70
703 | Revision_703/sql.c | U | 1142 | 1165 | 7 | 235229 | 8 | 437 | 70
703 | Revision_703/jscript.c | U | 837 | 847 | 7 | 235230 | 8 | 427 | 70
703 | Revision_703/eiffel.c | U | 857 | 869 | 7 | 235231 | 8 | 156 | 70
703 | Revision_703/sql.c | U | 1568 | 1578 | 7 | 235232 | 8 | 462 | 70
703 | Revision_703/fortran.c | U | 620 | 624 | 7 | 235233 | 8 | 112 | 70
703 | Revision_703/fortran.c | U | 729 | 733 | 7 | 235234 | 8 | 144 | 70
703 | Revision_703/vhdl.c | U | 586 | 600 | 7 | 235235 | 8 | 547 | 70
703 | Revision_703/sql.c | U | 1761 | 1782 | 7 | 235236 | 8 | 440 | 70
703 | Revision_703/sql.c | U | 1732 | 1758 | 7 | 235237 | 8 | 439 | 70
703 | Revision_703/fortran.c | U | 1520 | 1526 | 7 | 235238 | 8 | 65 | 70
703 | Revision_703/fortran.c | U | 1741 | 1747 | 7 | 235239 | 8 | 314 | 70
703 | Revision_703/fortran.c | U | 1067 | 1073 | 7 | 235240 | 8 | 350 | 70
703 | Revision_703/pascal.c | U | 134 | 138 | 7 | 235241 | 8 | 164 | 70
703 | Revision_703/perl.c | U | 187 | 191 | 7 | 235242 | 8 | 163 | 70
703 | Revision_703/sql.c | U | 1800 | 1821 | 7 | 235243 | 8 | 442 | 70
703 | Revision_703/sql.c | U | 1824 | 1845 | 7 | 235244 | 8 | 443 | 70
703 | Revision_703/vhdl.c | U | 673 | 687 | 7 | 235245 | 8 | 545 | 70
703 | Revision_703/sql.c | U | 1701 | 1729 | 7 | 235246 | 8 | 441 | 70
703 | Revision_703/sql.c | U | 1848 | 1888 | 7 | 235247 | 8 | 445 | 70
703 | Revision_703/vhdl.c | U | 647 | 670 | 7 | 235248 | 8 | 569 | 70
703 | Revision_703/sql.c | M | 1585 | 1624 | 7 | 235249 | 8 | 448 | 70
703 | Revision_703/sql.c | U | 1409 | 1447 | 7 | 235250 | 8 | 447 | 70
703 | Revision_703/jscript.c | U | 983 | 1017 | 7 | 235251 | 8 | 482 | 70
703 | Revision_703/flex.c | U | 1259 | 1293 | 7 | 235252 | 8 | 600 | 70
703 | Revision_703/c.c | U | 545 | 552 | 6 | 235253 | 9 | 53 | 80
703 | Revision_703/c.c | U | 555 | 562 | 6 | 235254 | 9 | 54 | 80
703 | Revision_703/c.c | U | 664 | 680 | 19 | 235255 | 10 | 55 | 70
703 | Revision_703/c.c | U | 683 | 699 | 19 | 235256 | 10 | 60 | 70
703 | Revision_703/fortran.c | U | 1854 | 1870 | 19 | 235257 | 10 | 59 | 70
703 | Revision_703/c.c | U | 1168 | 1186 | 19 | 235258 | 10 | 57 | 70
703 | Revision_703/fortran.c | U | 1095 | 1115 | 19 | 235259 | 10 | 58 | 70
703 | Revision_703/c.c | U | 1245 | 1259 | 19 | 235260 | 10 | 56 | 70
703 | Revision_703/fortran.c | U | 1118 | 1133 | 19 | 235261 | 10 | 375 | 70
703 | Revision_703/flex.c | U | 1904 | 1927 | 19 | 235262 | 10 | 601 | 70
703 | Revision_703/fortran.c | U | 1771 | 1799 | 19 | 235263 | 10 | 366 | 70
703 | Revision_703/jscript.c | U | 1473 | 1496 | 19 | 235264 | 10 | 463 | 70
703 | Revision_703/fortran.c | U | 1098 | 1113 | 19 | 235265 | 10 | 58 | 70
703 | Revision_703/c.c | U | 686 | 697 | 19 | 235266 | 10 | 63 | 70
703 | Revision_703/c.c | U | 1171 | 1184 | 19 | 235267 | 10 | 57 | 70
703 | Revision_703/Test/local.c | U | 9 | 22 | 19 | 235268 | 10 | 384 | 70
703 | Revision_703/eiffel.c | U | 1101 | 1125 | 19 | 235269 | 10 | 307 | 70
703 | Revision_703/fortran.c | U | 1254 | 1275 | 19 | 235270 | 10 | 369 | 70
703 | Revision_703/get.c | U | 406 | 413 | 19 | 235271 | 10 | 602 | 70
703 | Revision_703/fortran.c | U | 1571 | 1608 | 19 | 235272 | 10 | 367 | 70
703 | Revision_703/fortran.c | U | 1251 | 1276 | 19 | 235273 | 10 | 369 | 70
703 | Revision_703/fortran.c | U | 1857 | 1868 | 19 | 235274 | 10 | 65 | 70
703 | Revision_703/eiffel.c | U | 1174 | 1186 | 19 | 235275 | 10 | 157 | 70
703 | Revision_703/sql.c | U | 1002 | 1026 | 19 | 235276 | 10 | 308 | 70
703 | Revision_703/fortran.c | U | 1774 | 1797 | 19 | 235277 | 10 | 366 | 70
703 | Revision_703/eiffel.c | U | 1180 | 1185 | 19 | 235278 | 10 | 362 | 70
703 | Revision_703/c.c | U | 717 | 739 | 21 | 235279 | 11 | 72 | 70
703 | Revision_703/fortran.c | U | 1285 | 1295 | 21 | 235280 | 11 | 337 | 70
703 | Revision_703/c.c | U | 749 | 755 | 8 | 235281 | 12 | 74 | 71
703 | Revision_703/options.c | U | 472 | 479 | 8 | 235282 | 12 | 75 | 71
703 | Revision_703/c.c | U | 800 | 821 | 44 | 235283 | 13 | 103 | 72
703 | Revision_703/c.c | U | 865 | 885 | 44 | 235284 | 13 | 316 | 72
703 | Revision_703/c.c | U | 932 | 951 | 44 | 235285 | 13 | 103 | 72
703 | Revision_703/c.c | U | 824 | 844 | 44 | 235286 | 13 | 332 | 72
703 | Revision_703/c.c | U | 847 | 863 | 44 | 235287 | 13 | 316 | 72
703 | Revision_703/c.c | U | 888 | 899 | 12 | 235288 | 14 | 317 | 90
703 | Revision_703/c.c | U | 902 | 913 | 12 | 235289 | 14 | 318 | 90
703 | Revision_703/c.c | U | 1053 | 1058 | 6 | 235290 | 15 | 407 | 80
703 | Revision_703/jscript.c | U | 1299 | 1304 | 6 | 235291 | 15 | 417 | 80
703 | Revision_703/flex.c | U | 1733 | 1738 | 6 | 235292 | 15 | 603 | 80
703 | Revision_703/c.c | U | 1308 | 1314 | 7 | 235293 | 16 | 385 | 71
703 | Revision_703/fortran.c | U | 502 | 510 | 7 | 235294 | 16 | 112 | 71
703 | Revision_703/make.c | U | 63 | 69 | 7 | 235295 | 16 | 394 | 71
703 | Revision_703/make.c | U | 53 | 60 | 7 | 235296 | 16 | 395 | 71
703 | Revision_703/c.c | U | 1381 | 1388 | 7 | 235297 | 17 | 108 | 80
703 | Revision_703/c.c | U | 1390 | 1397 | 7 | 235298 | 17 | 109 | 80
703 | Revision_703/c.c | U | 1411 | 1418 | 7 | 235299 | 18 | 110 | 71
703 | Revision_703/c.c | U | 1421 | 1428 | 7 | 235300 | 18 | 111 | 71
703 | Revision_703/c.c | U | 2209 | 2216 | 7 | 235301 | 18 | 405 | 71
703 | Revision_703/fortran.c | U | 626 | 632 | 7 | 235302 | 18 | 112 | 71
703 | Revision_703/flex.c | U | 487 | 494 | 7 | 235303 | 18 | 604 | 71
703 | Revision_703/jscript.c | U | 418 | 425 | 7 | 235304 | 18 | 450 | 71
703 | Revision_703/sql.c | U | 619 | 626 | 7 | 235305 | 18 | 406 | 71
703 | Revision_703/c.c | U | 1459 | 1464 | 6 | 235306 | 19 | 386 | 80
703 | Revision_703/c.c | U | 1802 | 1807 | 6 | 235307 | 19 | 80 | 80
703 | Revision_703/c.c | U | 1485 | 1494 | 9 | 235308 | 20 | 294 | 71
703 | Revision_703/eiffel.c | U | 555 | 563 | 9 | 235309 | 20 | 295 | 71
703 | Revision_703/c.c | U | 1488 | 1492 | 5 | 235310 | 21 | 294 | 75
703 | Revision_703/jscript.c | U | 1341 | 1358 | 5 | 235311 | 21 | 571 | 75
703 | Revision_703/flex.c | U | 1772 | 1789 | 5 | 235312 | 21 | 605 | 75
703 | Revision_703/readtags.c | U | 502 | 506 | 5 | 235313 | 21 | 90 | 75
703 | Revision_703/readtags.c | U | 681 | 685 | 5 | 235314 | 21 | 99 | 75
703 | Revision_703/c.c | U | 1502 | 1515 | 10 | 235315 | 22 | 396 | 75
703 | Revision_703/make.c | U | 77 | 87 | 10 | 235316 | 22 | 397 | 75
703 | Revision_703/verilog.c | U | 199 | 212 | 10 | 235317 | 22 | 398 | 75
703 | Revision_703/fortran.c | U | 854 | 865 | 10 | 235318 | 22 | 116 | 75
703 | Revision_703/eiffel.c | U | 588 | 600 | 10 | 235319 | 22 | 114 | 75
703 | Revision_703/eiffel.c | U | 573 | 585 | 10 | 235320 | 22 | 117 | 75
703 | Revision_703/tex.c | U | 264 | 276 | 10 | 235321 | 22 | 671 | 75
703 | Revision_703/sql.c | U | 500 | 511 | 10 | 235322 | 22 | 306 | 75
703 | Revision_703/flex.c | U | 407 | 418 | 10 | 235323 | 22 | 606 | 75
703 | Revision_703/jscript.c | U | 342 | 353 | 10 | 235324 | 22 | 451 | 75
703 | Revision_703/vhdl.c | U | 391 | 402 | 10 | 235325 | 22 | 548 | 75
703 | Revision_703/c.c | U | 1619 | 1625 | 8 | 235326 | 23 | 452 | 75
703 | Revision_703/tex.c | U | 362 | 369 | 8 | 235327 | 23 | 672 | 75
703 | Revision_703/jscript.c | U | 456 | 464 | 8 | 235328 | 23 | 453 | 75
703 | Revision_703/flex.c | U | 707 | 716 | 8 | 235329 | 23 | 607 | 75
703 | Revision_703/c.c | U | 2504 | 2508 | 5 | 235330 | 24 | 387 | 100
703 | Revision_703/c.c | U | 2511 | 2515 | 5 | 235331 | 24 | 94 | 100
703 | Revision_703/c.c | U | 2734 | 2739 | 6 | 235332 | 25 | 94 | 80
703 | Revision_703/sql.c | U | 1129 | 1134 | 6 | 235333 | 25 | 301 | 80
703 | Revision_703/c.c | U | 2825 | 2834 | 9 | 235334 | 26 | 130 | 71
703 | Revision_703/jscript.c | U | 180 | 189 | 9 | 235335 | 26 | 458 | 71
703 | Revision_703/vhdl.c | U | 573 | 583 | 9 | 235336 | 26 | 549 | 71
703 | Revision_703/asm.c | U | 120 | 128 | 9 | 235337 | 26 | 288 | 71
703 | Revision_703/tex.c | U | 157 | 166 | 9 | 235338 | 26 | 673 | 71
703 | Revision_703/sql.c | U | 392 | 401 | 9 | 235339 | 26 | 302 | 71
703 | Revision_703/fortran.c | U | 398 | 407 | 9 | 235340 | 26 | 132 | 71
703 | Revision_703/verilog.c | U | 108 | 118 | 9 | 235341 | 26 | 381 | 71
703 | Revision_703/flex.c | U | 209 | 218 | 9 | 235342 | 26 | 608 | 71
703 | Revision_703/eiffel.c | U | 214 | 223 | 9 | 235343 | 26 | 131 | 71
703 | Revision_703/eiffel.c | U | 298 | 312 | 10 | 235344 | 27 | 133 | 70
703 | Revision_703/jscript.c | U | 219 | 233 | 10 | 235345 | 27 | 459 | 70
703 | Revision_703/flex.c | U | 249 | 263 | 10 | 235346 | 27 | 609 | 70
703 | Revision_703/vhdl.c | U | 536 | 548 | 10 | 235347 | 27 | 550 | 70
703 | Revision_703/tex.c | U | 194 | 208 | 10 | 235348 | 27 | 674 | 70
703 | Revision_703/sql.c | U | 430 | 444 | 10 | 235349 | 27 | 303 | 70
703 | Revision_703/beta.c | U | 71 | 80 | 10 | 235350 | 27 | 134 | 70
703 | Revision_703/sml.c | U | 75 | 81 | 10 | 235351 | 27 | 324 | 70
703 | Revision_703/parse.c | U | 43 | 54 | 10 | 235352 | 27 | 135 | 70
703 | Revision_703/eiffel.c | U | 300 | 310 | 10 | 235353 | 27 | 136 | 70
703 | Revision_703/eiffel.c | U | 381 | 402 | 20 | 235354 | 28 | 139 | 70
703 | Revision_703/fortran.c | U | 768 | 794 | 20 | 235355 | 28 | 140 | 70
703 | Revision_703/eiffel.c | U | 405 | 433 | 24 | 235356 | 29 | 141 | 95
703 | Revision_703/fortran.c | U | 797 | 825 | 24 | 235357 | 29 | 505 | 95
703 | Revision_703/eiffel.c | U | 546 | 550 | 5 | 235358 | 30 | 143 | 75
703 | Revision_703/fortran.c | U | 969 | 973 | 5 | 235359 | 30 | 145 | 75
703 | Revision_703/verilog.c | U | 238 | 242 | 5 | 235360 | 30 | 382 | 75
703 | Revision_703/fortran.c | U | 786 | 790 | 5 | 235361 | 30 | 144 | 75
703 | Revision_703/verilog.c | U | 142 | 146 | 5 | 235362 | 30 | 383 | 75
703 | Revision_703/eiffel.c | U | 708 | 716 | 9 | 235363 | 31 | 148 | 77
703 | Revision_703/vhdl.c | U | 467 | 476 | 9 | 235364 | 31 | 553 | 77
703 | Revision_703/jscript.c | U | 441 | 450 | 9 | 235365 | 31 | 461 | 77
703 | Revision_703/flex.c | U | 692 | 701 | 9 | 235366 | 31 | 610 | 77
703 | Revision_703/tex.c | U | 330 | 339 | 9 | 235367 | 31 | 675 | 77
703 | Revision_703/eiffel.c | U | 718 | 723 | 6 | 235368 | 32 | 506 | 100
703 | Revision_703/fortran.c | U | 1027 | 1032 | 6 | 235369 | 32 | 312 | 100
703 | Revision_703/eiffel.c | U | 762 | 809 | 13 | 235370 | 33 | 349 | 72
703 | Revision_703/fortran.c | U | 1081 | 1092 | 13 | 235371 | 33 | 350 | 72
703 | Revision_703/eiffel.c | U | 827 | 845 | 12 | 235372 | 34 | 251 | 72
703 | Revision_703/fortran.c | U | 1363 | 1376 | 12 | 235373 | 34 | 336 | 72
703 | Revision_703/eiffel.c | U | 849 | 870 | 12 | 235374 | 34 | 252 | 72
703 | Revision_703/eiffel.c | U | 996 | 1009 | 12 | 235375 | 34 | 253 | 72
703 | Revision_703/fortran.c | U | 1617 | 1625 | 12 | 235376 | 34 | 337 | 72
703 | Revision_703/eiffel.c | U | 986 | 994 | 8 | 235377 | 35 | 496 | 83
703 | Revision_703/sql.c | U | 1249 | 1272 | 8 | 235378 | 35 | 535 | 83
703 | Revision_703/eiffel.c | U | 1220 | 1231 | 8 | 235379 | 36 | 9 | 71
703 | Revision_703/tex.c | U | 497 | 506 | 8 | 235380 | 36 | 676 | 71
703 | Revision_703/sql.c | U | 2090 | 2098 | 8 | 235381 | 36 | 568 | 71
703 | Revision_703/vhdl.c | U | 814 | 822 | 8 | 235382 | 36 | 567 | 71
703 | Revision_703/basic.c | U | 135 | 140 | 6 | 235383 | 37 | 411 | 80
703 | Revision_703/basic.c | U | 147 | 152 | 6 | 235384 | 37 | 412 | 80
703 | Revision_703/verilog.c | U | 187 | 193 | 8 | 235385 | 38 | 399 | 75
703 | Revision_703/make.c | U | 97 | 105 | 8 | 235386 | 38 | 400 | 75
703 | Revision_703/verilog.c | U | 286 | 290 | 5 | 235387 | 39 | 401 | 75
703 | Revision_703/make.c | U | 44 | 48 | 5 | 235388 | 39 | 402 | 75
703 | Revision_703/jscript.c | U | 236 | 257 | 15 | 235389 | 40 | 467 | 75
703 | Revision_703/flex.c | U | 266 | 299 | 15 | 235390 | 40 | 611 | 75
703 | Revision_703/vhdl.c | U | 551 | 570 | 15 | 235391 | 40 | 554 | 75
703 | Revision_703/sql.c | U | 447 | 468 | 15 | 235392 | 40 | 468 | 75
703 | Revision_703/tex.c | U | 211 | 232 | 15 | 235393 | 40 | 677 | 75
703 | Revision_703/jscript.c | U | 260 | 284 | 19 | 235394 | 41 | 572 | 73
703 | Revision_703/jscript.c | U | 1390 | 1430 | 19 | 235395 | 41 | 573 | 73
703 | Revision_703/jscript.c | U | 287 | 311 | 19 | 235396 | 41 | 534 | 73
703 | Revision_703/flex.c | U | 352 | 376 | 19 | 235397 | 41 | 612 | 73
703 | Revision_703/flex.c | U | 329 | 349 | 19 | 235398 | 41 | 613 | 73
703 | Revision_703/flex.c | U | 1821 | 1861 | 19 | 235399 | 41 | 614 | 73
703 | Revision_703/flex.c | U | 302 | 326 | 19 | 235400 | 41 | 615 | 73
703 | Revision_703/jscript.c | U | 267 | 271 | 5 | 235401 | 42 | 458 | 75
703 | Revision_703/tex.c | U | 431 | 435 | 5 | 235402 | 42 | 694 | 75
703 | Revision_703/tex.c | U | 408 | 412 | 5 | 235403 | 42 | 695 | 75
703 | Revision_703/jscript.c | U | 294 | 298 | 5 | 235404 | 42 | 460 | 75
703 | Revision_703/flex.c | U | 309 | 313 | 5 | 235405 | 42 | 679 | 75
703 | Revision_703/jscript.c | U | 1411 | 1415 | 5 | 235406 | 42 | 417 | 75
703 | Revision_703/flex.c | U | 1842 | 1846 | 5 | 235407 | 42 | 680 | 75
703 | Revision_703/flex.c | U | 359 | 363 | 5 | 235408 | 42 | 681 | 75
703 | Revision_703/flex.c | U | 336 | 340 | 5 | 235409 | 42 | 682 | 75
703 | Revision_703/jscript.c | U | 318 | 336 | 16 | 235410 | 43 | 534 | 78
703 | Revision_703/flex.c | U | 383 | 401 | 16 | 235411 | 43 | 616 | 78
703 | Revision_703/vhdl.c | U | 368 | 386 | 16 | 235412 | 43 | 555 | 78
703 | Revision_703/sql.c | U | 475 | 495 | 16 | 235413 | 43 | 306 | 78
703 | Revision_703/tex.c | U | 239 | 257 | 16 | 235414 | 43 | 683 | 78
703 | Revision_703/jscript.c | U | 356 | 453 | 115 | 235415 | 44 | 472 | 75
703 | Revision_703/sql.c | U | 514 | 660 | 115 | 235416 | 44 | 473 | 75
703 | Revision_703/tex.c | U | 279 | 359 | 115 | 235417 | 44 | 684 | 75
703 | Revision_703/jscript.c | U | 365 | 369 | 5 | 235418 | 45 | 471 | 71
703 | Revision_703/flex.c | U | 662 | 666 | 5 | 235419 | 45 | 617 | 71
703 | Revision_703/flex.c | U | 430 | 434 | 5 | 235420 | 45 | 618 | 71
703 | Revision_703/flex.c | U | 614 | 618 | 5 | 235421 | 45 | 619 | 71
703 | Revision_703/vhdl.c | U | 414 | 418 | 5 | 235422 | 45 | 556 | 71
703 | Revision_703/flex.c | U | 503 | 507 | 5 | 235423 | 45 | 620 | 71
703 | Revision_703/sql.c | U | 523 | 536 | 5 | 235424 | 45 | 380 | 71
703 | Revision_703/tex.c | U | 288 | 292 | 5 | 235425 | 45 | 685 | 71
703 | Revision_703/flex.c | U | 476 | 481 | 5 | 235426 | 45 | 621 | 71
703 | Revision_703/flex.c | U | 523 | 529 | 5 | 235427 | 45 | 617 | 71
703 | Revision_703/flex.c | U | 612 | 619 | 5 | 235428 | 45 | 622 | 71
703 | Revision_703/flex.c | U | 660 | 667 | 5 | 235429 | 45 | 619 | 71
703 | Revision_703/flex.c | U | 536 | 542 | 5 | 235430 | 45 | 623 | 71
703 | Revision_703/flex.c | U | 590 | 596 | 5 | 235431 | 45 | 624 | 71
703 | Revision_703/flex.c | U | 549 | 556 | 5 | 235432 | 45 | 625 | 71
703 | Revision_703/flex.c | U | 627 | 633 | 5 | 235433 | 45 | 626 | 71
703 | Revision_703/flex.c | U | 603 | 610 | 5 | 235434 | 45 | 627 | 71
703 | Revision_703/flex.c | U | 638 | 644 | 5 | 235435 | 45 | 628 | 71
703 | Revision_703/flex.c | U | 651 | 658 | 5 | 235436 | 45 | 629 | 71
703 | Revision_703/jscript.c | U | 405 | 435 | 25 | 235437 | 46 | 630 | 70
703 | Revision_703/flex.c | U | 483 | 508 | 25 | 235438 | 46 | 631 | 70
703 | Revision_703/sql.c | U | 606 | 636 | 25 | 235439 | 46 | 632 | 70
703 | Revision_703/jscript.c | U | 471 | 501 | 17 | 235440 | 47 | 465 | 83
703 | Revision_703/jscript.c | U | 504 | 533 | 17 | 235441 | 47 | 507 | 83
703 | Revision_703/flex.c | U | 756 | 785 | 17 | 235442 | 47 | 634 | 83
703 | Revision_703/sql.c | U | 746 | 764 | 17 | 235443 | 47 | 536 | 83
703 | Revision_703/vhdl.c | U | 514 | 532 | 17 | 235444 | 47 | 557 | 83
703 | Revision_703/flex.c | U | 723 | 753 | 17 | 235445 | 47 | 633 | 83
703 | Revision_703/jscript.c | U | 536 | 543 | 7 | 235446 | 48 | 474 | 80
703 | Revision_703/jscript.c | U | 546 | 553 | 7 | 235447 | 48 | 475 | 80
703 | Revision_703/flex.c | U | 798 | 805 | 7 | 235448 | 48 | 635 | 80
703 | Revision_703/sql.c | U | 679 | 686 | 7 | 235449 | 48 | 476 | 80
703 | Revision_703/flex.c | U | 788 | 795 | 7 | 235450 | 48 | 636 | 80
703 | Revision_703/jscript.c | U | 560 | 582 | 13 | 235451 | 49 | 433 | 100
703 | Revision_703/flex.c | U | 812 | 834 | 13 | 235452 | 49 | 637 | 100
703 | Revision_703/jscript.c | U | 623 | 709 | 30 | 235453 | 50 | 638 | 90
703 | Revision_703/flex.c | U | 871 | 957 | 30 | 235454 | 50 | 639 | 90
703 | Revision_703/jscript.c | U | 712 | 819 | 30 | 235455 | 51 | 640 | 100
703 | Revision_703/flex.c | U | 960 | 1067 | 30 | 235456 | 51 | 641 | 100
703 | Revision_703/jscript.c | U | 963 | 1024 | 33 | 235457 | 52 | 642 | 100
703 | Revision_703/flex.c | U | 1239 | 1300 | 33 | 235458 | 52 | 643 | 100
703 | Revision_703/jscript.c | U | 1027 | 1457 | 198 | 235459 | 53 | 644 | 77
703 | Revision_703/flex.c | U | 1419 | 1888 | 198 | 235460 | 53 | 645 | 77
703 | Revision_703/jscript.c | U | 1072 | 1081 | 6 | 235461 | 54 | 497 | 75
703 | Revision_703/options.c | U | 1683 | 1687 | 6 | 235462 | 54 | 333 | 75
703 | Revision_703/jscript.c | U | 1152 | 1178 | 12 | 235463 | 55 | 508 | 72
703 | Revision_703/jscript.c | U | 1180 | 1202 | 12 | 235464 | 55 | 509 | 72
703 | Revision_703/jscript.c | U | 1460 | 1507 | 29 | 235465 | 56 | 646 | 92
703 | Revision_703/flex.c | U | 1891 | 1938 | 29 | 235466 | 56 | 647 | 92
703 | Revision_703/jscript.c | U | 1512 | 1527 | 16 | 235467 | 57 | 413 | 75
703 | Revision_703/flex.c | U | 2155 | 2168 | 16 | 235468 | 57 | 648 | 75
703 | Revision_703/jscript.c | U | 1518 | 1521 | 8 | 235469 | 58 | 498 | 71
703 | Revision_703/Test/local.c | U | 14 | 20 | 8 | 235470 | 58 | 384 | 71
703 | Revision_703/vhdl.c | U | 499 | 506 | 8 | 235471 | 58 | 558 | 71
703 | Revision_703/flex.c | U | 2159 | 2162 | 8 | 235472 | 58 | 649 | 71
703 | Revision_703/jscript.c | U | 1531 | 1535 | 5 | 235473 | 59 | 484 | 75
703 | Revision_703/sql.c | U | 2083 | 2087 | 5 | 235474 | 59 | 404 | 75
703 | Revision_703/tex.c | U | 490 | 494 | 5 | 235475 | 59 | 690 | 75
703 | Revision_703/flex.c | U | 2203 | 2207 | 5 | 235476 | 59 | 650 | 75
703 | Revision_703/make.c | U | 191 | 195 | 5 | 235477 | 59 | 403 | 75
703 | Revision_703/jscript.c | U | 1538 | 1554 | 14 | 235478 | 60 | 651 | 100
703 | Revision_703/flex.c | U | 2210 | 2226 | 14 | 235479 | 60 | 652 | 100
703 | Revision_703/gnu_regex/regex.c | U | 810 | 815 | 5 | 235480 | 61 | 513 | 75
703 | Revision_703/options.c | U | 397 | 402 | 5 | 235481 | 61 | 355 | 75
703 | Revision_703/main.c | U | 126 | 139 | 5 | 235482 | 61 | 354 | 75
703 | Revision_703/routines.c | U | 621 | 644 | 5 | 235483 | 61 | 514 | 75
703 | Revision_703/gnu_regex/regex.c | U | 1182 | 1192 | 6 | 235484 | 62 | 515 | 80
703 | Revision_703/gnu_regex/regex.c | U | 1197 | 1207 | 6 | 235485 | 62 | 516 | 80
703 | Revision_703/gnu_regex/regex.c | U | 1330 | 1339 | 5 | 235486 | 63 | 517 | 100
703 | Revision_703/gnu_regex/regex.c | U | 1816 | 1820 | 5 | 235487 | 63 | 518 | 100
703 | Revision_703/gnu_regex/regex.c | U | 1627 | 1632 | 6 | 235488 | 64 | 530 | 100
703 | Revision_703/gnu_regex/regex.c | U | 1792 | 1797 | 6 | 235489 | 64 | 519 | 100
703 | Revision_703/gnu_regex/regex.c | U | 1649 | 1654 | 6 | 235490 | 64 | 531 | 100
703 | Revision_703/gnu_regex/regex.c | U | 1777 | 1782 | 6 | 235491 | 64 | 520 | 100
703 | Revision_703/gnu_regex/regex.c | U | 1757 | 1762 | 6 | 235492 | 64 | 521 | 100
703 | Revision_703/gnu_regex/regex.c | U | 2100 | 2108 | 7 | 235493 | 65 | 522 | 83
703 | Revision_703/gnu_regex/regex.c | U | 2119 | 2127 | 7 | 235494 | 65 | 523 | 83
703 | Revision_703/gnu_regex/regex.c | U | 2768 | 2772 | 5 | 235495 | 66 | 524 | 75
703 | Revision_703/beta.c | U | 165 | 169 | 5 | 235496 | 66 | 204 | 75
703 | Revision_703/beta.c | U | 158 | 162 | 5 | 235497 | 66 | 206 | 75
703 | Revision_703/beta.c | U | 271 | 275 | 5 | 235498 | 66 | 205 | 75
703 | Revision_703/beta.c | U | 277 | 281 | 5 | 235499 | 66 | 207 | 75
703 | Revision_703/beta.c | U | 152 | 156 | 5 | 235500 | 66 | 203 | 75
703 | Revision_703/gnu_regex/regex.c | U | 3543 | 3551 | 8 | 235501 | 67 | 525 | 83
703 | Revision_703/gnu_regex/regex.c | U | 3553 | 3560 | 8 | 235502 | 67 | 526 | 83
703 | Revision_703/gnu_regex/regex.c | U | 3722 | 3736 | 15 | 235503 | 68 | 527 | 71
703 | Revision_703/gnu_regex/regex.c | U | 4312 | 4329 | 15 | 235504 | 68 | 528 | 71
703 | Revision_703/vim.c | U | 97 | 101 | 5 | 235505 | 69 | 290 | 100
703 | Revision_703/vim.c | U | 103 | 107 | 5 | 235506 | 69 | 291 | 100
703 | Revision_703/vim.c | U | 244 | 267 | 17 | 235507 | 70 | 334 | 76
703 | Revision_703/vim.c | U | 294 | 312 | 17 | 235508 | 70 | 159 | 76
703 | Revision_703/python.c | U | 88 | 101 | 11 | 235509 | 71 | 37 | 77
703 | Revision_703/python.c | U | 131 | 142 | 11 | 235510 | 71 | 13 | 77
703 | Revision_703/python.c | U | 184 | 187 | 5 | 235511 | 72 | 532 | 75
703 | Revision_703/get.c | U | 649 | 653 | 5 | 235512 | 72 | 533 | 75
703 | Revision_703/python.c | U | 196 | 200 | 5 | 235513 | 73 | 278 | 75
703 | Revision_703/python.c | U | 218 | 222 | 5 | 235514 | 73 | 326 | 75
703 | Revision_703/erlang.c | U | 58 | 62 | 5 | 235515 | 73 | 341 | 75
703 | Revision_703/sml.c | U | 84 | 88 | 5 | 235516 | 73 | 325 | 75
703 | Revision_703/options.c | U | 963 | 968 | 5 | 235517 | 73 | 280 | 75
703 | Revision_703/python.c | U | 226 | 235 | 9 | 235518 | 74 | 292 | 75
703 | Revision_703/erlang.c | U | 66 | 75 | 9 | 235519 | 74 | 342 | 75
703 | Revision_703/tcl.c | U | 44 | 54 | 9 | 235520 | 74 | 293 | 75
703 | Revision_703/python.c | U | 475 | 479 | 7 | 235521 | 75 | 504 | 80
703 | Revision_703/python.c | U | 480 | 485 | 7 | 235522 | 75 | 504 | 80
703 | Revision_703/python.c | U | 575 | 579 | 5 | 235523 | 76 | 504 | 75
703 | Revision_703/pascal.c | U | 184 | 190 | 5 | 235524 | 76 | 171 | 75
703 | Revision_703/pascal.c | U | 150 | 154 | 5 | 235525 | 76 | 319 | 75
703 | Revision_703/pascal.c | U | 176 | 182 | 5 | 235526 | 76 | 170 | 75
703 | Revision_703/python.c | U | 581 | 590 | 8 | 235527 | 77 | 574 | 83
703 | Revision_703/python.c | U | 592 | 600 | 8 | 235528 | 77 | 13 | 83
703 | Revision_703/perl.c | U | 208 | 214 | 7 | 235529 | 78 | 389 | 83
703 | Revision_703/perl.c | U | 254 | 259 | 7 | 235530 | 78 | 502 | 83
703 | Revision_703/perl.c | U | 339 | 346 | 7 | 235531 | 79 | 389 | 71
703 | Revision_703/main.c | U | 260 | 267 | 7 | 235532 | 79 | 377 | 71
703 | Revision_703/perl.c | U | 353 | 359 | 7 | 235533 | 79 | 7 | 71
703 | Revision_703/erlang.c | U | 97 | 105 | 7 | 235534 | 79 | 344 | 71
703 | Revision_703/main.c | U | 179 | 185 | 7 | 235535 | 79 | 376 | 71
703 | Revision_703/erlang.c | U | 116 | 121 | 7 | 235536 | 79 | 346 | 71
703 | Revision_703/erlang.c | U | 108 | 113 | 7 | 235537 | 79 | 344 | 71
703 | Revision_703/sort.c | U | 118 | 123 | 5 | 235538 | 80 | 281 | 100
703 | Revision_703/sort.c | U | 126 | 131 | 5 | 235539 | 80 | 282 | 100
703 | Revision_703/strlist.c | U | 32 | 38 | 8 | 235540 | 81 | 165 | 71
703 | Revision_703/vstring.c | U | 77 | 87 | 8 | 235541 | 81 | 166 | 71
703 | Revision_703/strlist.c | U | 191 | 196 | 7 | 235542 | 82 | 168 | 83
703 | Revision_703/strlist.c | U | 200 | 206 | 7 | 235543 | 82 | 390 | 83
703 | Revision_703/get.c | U | 305 | 314 | 10 | 235544 | 83 | 174 | 70
703 | Revision_703/parse.c | U | 586 | 600 | 10 | 235545 | 83 | 175 | 70
703 | Revision_703/read.c | U | 220 | 231 | 10 | 235546 | 83 | 176 | 70
703 | Revision_703/get.c | U | 467 | 478 | 10 | 235547 | 84 | 177 | 87
703 | Revision_703/get.c | U | 484 | 495 | 10 | 235548 | 84 | 178 | 87
703 | Revision_703/get.c | U | 541 | 546 | 6 | 235549 | 85 | 180 | 80
703 | Revision_703/read.c | U | 424 | 428 | 6 | 235550 | 85 | 181 | 80
703 | Revision_703/keyword.c | U | 196 | 203 | 8 | 235551 | 86 | 570 | 71
703 | Revision_703/asm.c | U | 131 | 139 | 8 | 235552 | 86 | 270 | 71
703 | Revision_703/routines.c | U | 237 | 244 | 6 | 235553 | 87 | 254 | 80
703 | Revision_703/routines.c | U | 247 | 254 | 6 | 235554 | 87 | 255 | 80
703 | Revision_703/routines.c | U | 288 | 295 | 8 | 235555 | 88 | 256 | 83
703 | Revision_703/routines.c | U | 298 | 305 | 8 | 235556 | 88 | 257 | 83
703 | Revision_703/readtags.c | U | 106 | 113 | 8 | 235557 | 88 | 123 | 83
703 | Revision_703/readtags.c | U | 116 | 123 | 8 | 235558 | 88 | 238 | 83
703 | Revision_703/routines.c | U | 322 | 326 | 5 | 235559 | 89 | 258 | 75
703 | Revision_703/vstring.c | U | 125 | 129 | 5 | 235560 | 89 | 188 | 75
703 | Revision_703/vstring.c | U | 118 | 122 | 5 | 235561 | 89 | 189 | 75
703 | Revision_703/routines.c | U | 329 | 335 | 6 | 235562 | 90 | 259 | 100
703 | Revision_703/routines.c | U | 338 | 344 | 6 | 235563 | 90 | 260 | 100
703 | Revision_703/routines.c | U | 349 | 356 | 8 | 235564 | 91 | 261 | 100
703 | Revision_703/routines.c | U | 361 | 368 | 8 | 235565 | 91 | 262 | 100
703 | Revision_703/flex.c | U | 288 | 296 | 11 | 235566 | 92 | 699 | 70
703 | Revision_703/vhdl.c | U | 553 | 569 | 11 | 235567 | 92 | 554 | 70
703 | Revision_703/flex.c | U | 587 | 622 | 35 | 235568 | 93 | 653 | 74
703 | Revision_703/flex.c | U | 624 | 671 | 35 | 235569 | 93 | 654 | 74
703 | Revision_703/flex.c | U | 923 | 956 | 17 | 235570 | 94 | 655 | 75
703 | Revision_703/flex.c | U | 1943 | 1978 | 17 | 235571 | 94 | 656 | 75
703 | Revision_703/flex.c | U | 1485 | 1520 | 34 | 235572 | 95 | 662 | 71
703 | Revision_703/vhdl.c | U | 769 | 802 | 34 | 235573 | 95 | 565 | 71
703 | Revision_703/flex.c | U | 1582 | 1608 | 12 | 235574 | 96 | 663 | 72
703 | Revision_703/flex.c | U | 1610 | 1632 | 12 | 235575 | 96 | 664 | 72
703 | Revision_703/flex.c | U | 1941 | 1984 | 23 | 235576 | 97 | 660 | 70
703 | Revision_703/sql.c | U | 1484 | 1522 | 23 | 235577 | 97 | 658 | 70
703 | Revision_703/flex.c | U | 2173 | 2200 | 23 | 235578 | 97 | 661 | 70
703 | Revision_703/flex.c | U | 2003 | 2056 | 23 | 235579 | 97 | 659 | 70
703 | Revision_703/sh.c | U | 89 | 94 | 6 | 235580 | 98 | 378 | 80
703 | Revision_703/asm.c | U | 347 | 352 | 6 | 235581 | 98 | 379 | 80
703 | Revision_703/vhdl.c | U | 493 | 533 | 32 | 235582 | 99 | 561 | 72
703 | Revision_703/sql.c | U | 716 | 765 | 32 | 235583 | 99 | 562 | 72
703 | Revision_703/vhdl.c | U | 725 | 742 | 15 | 235584 | 100 | 560 | 100
703 | Revision_703/vhdl.c | U | 744 | 761 | 15 | 235585 | 100 | 539 | 100
703 | Revision_703/vhdl.c | U | 771 | 801 | 31 | 235586 | 101 | 565 | 70
703 | Revision_703/fortran.c | U | 2118 | 2137 | 31 | 235587 | 101 | 566 | 70
703 | Revision_703/beta.c | U | 134 | 141 | 6 | 235588 | 102 | 201 | 75
703 | Revision_703/beta.c | U | 204 | 212 | 6 | 235589 | 102 | 202 | 75
703 | Revision_703/sql.c | U | 722 | 737 | 17 | 235590 | 103 | 537 | 75
703 | Revision_703/fortran.c | U | 1288 | 1294 | 17 | 235591 | 103 | 85 | 75
703 | Revision_703/sql.c | U | 1546 | 1582 | 24 | 235592 | 104 | 487 | 78
703 | Revision_703/sql.c | U | 1952 | 1995 | 24 | 235593 | 104 | 488 | 78
703 | Revision_703/sql.c | U | 1916 | 1941 | 17 | 235594 | 105 | 489 | 84
703 | Revision_703/sql.c | U | 1965 | 1989 | 17 | 235595 | 105 | 490 | 84
703 | Revision_703/sql.c | U | 2070 | 2080 | 8 | 235596 | 106 | 538 | 75
703 | Revision_703/fortran.c | U | 1308 | 1314 | 8 | 235597 | 106 | 85 | 75
703 | Revision_703/fortran.c | U | 1367 | 1373 | 8 | 235598 | 106 | 84 | 75
703 | Revision_703/sql.c | U | 2072 | 2079 | 8 | 235599 | 106 | 538 | 75
703 | Revision_703/parse.c | U | 96 | 106 | 11 | 235600 | 107 | 208 | 88
703 | Revision_703/parse.c | U | 109 | 120 | 11 | 235601 | 107 | 209 | 88
703 | Revision_703/parse.c | U | 299 | 303 | 5 | 235602 | 108 | 356 | 75
703 | Revision_703/parse.c | U | 575 | 579 | 5 | 235603 | 108 | 357 | 75
703 | Revision_703/parse.c | U | 556 | 560 | 5 | 235604 | 108 | 358 | 75
703 | Revision_703/readtags.c | U | 541 | 547 | 6 | 235605 | 109 | 239 | 100
703 | Revision_703/readtags.c | U | 549 | 555 | 6 | 235606 | 109 | 240 | 100
703 | Revision_703/readtags.c | U | 584 | 588 | 6 | 235607 | 110 | 123 | 75
703 | Revision_703/readtags.c | U | 639 | 645 | 6 | 235608 | 110 | 124 | 75
703 | Revision_703/readtags.c | U | 718 | 726 | 8 | 235609 | 111 | 210 | 83
703 | Revision_703/readtags.c | U | 773 | 781 | 8 | 235610 | 111 | 211 | 83
703 | Revision_703/readtags.c | U | 729 | 737 | 8 | 235611 | 111 | 212 | 83
703 | Revision_703/readtags.c | U | 740 | 745 | 6 | 235612 | 112 | 241 | 80
703 | Revision_703/readtags.c | U | 757 | 762 | 6 | 235613 | 112 | 242 | 80
703 | Revision_703/readtags.c | U | 765 | 770 | 6 | 235614 | 112 | 287 | 80
703 | Revision_703/fortran.c | U | 1714 | 1729 | 20 | 235615 | 113 | 21 | 84
703 | Revision_703/fortran.c | U | 1930 | 1946 | 20 | 235616 | 113 | 374 | 84
703 | Revision_703/fortran.c | U | 1895 | 1913 | 16 | 235617 | 114 | 220 | 73
703 | Revision_703/fortran.c | U | 1965 | 1981 | 16 | 235618 | 114 | 221 | 73
703 | Revision_703/fortran.c | U | 2041 | 2061 | 16 | 235619 | 114 | 372 | 73
703 | Revision_703/tex.c | U | 401 | 418 | 16 | 235620 | 115 | 696 | 83
703 | Revision_703/tex.c | U | 426 | 444 | 16 | 235621 | 115 | 697 | 83
703 | Revision_703/asm.c | U | 243 | 256 | 11 | 235622 | 116 | 289 | 77
703 | Revision_703/asm.c | U | 261 | 271 | 11 | 235623 | 116 | 279 | 77
703 | Revision_703/scheme.c | U | 70 | 78 | 8 | 235624 | 117 | 222 | 71
703 | Revision_703/scheme.c | U | 85 | 93 | 8 | 235625 | 117 | 223 | 71
703 | Revision_703/options.c | U | 369 | 375 | 6 | 235626 | 118 | 224 | 100
703 | Revision_703/options.c | U | 378 | 384 | 6 | 235627 | 118 | 225 | 100
703 | Revision_703/options.c | U | 543 | 549 | 7 | 235628 | 119 | 226 | 100
703 | Revision_703/options.c | U | 552 | 558 | 7 | 235629 | 119 | 227 | 100
703 | Revision_703/options.c | U | 570 | 576 | 7 | 235630 | 119 | 228 | 100
703 | Revision_703/options.c | U | 561 | 567 | 7 | 235631 | 119 | 229 | 100
703 | Revision_703/options.c | U | 982 | 986 | 5 | 235632 | 120 | 230 | 75
703 | Revision_703/options.c | U | 1008 | 1012 | 5 | 235633 | 120 | 231 | 75
703 | Revision_703/options.c | U | 1102 | 1106 | 5 | 235634 | 121 | 232 | 100
703 | Revision_703/options.c | U | 1108 | 1112 | 5 | 235635 | 121 | 233 | 100
703 | Revision_703/options.c | U | 1154 | 1166 | 12 | 235636 | 122 | 360 | 100
703 | Revision_703/options.c | U | 1171 | 1183 | 12 | 235637 | 122 | 235 | 100
703 | Revision_703/options.c | U | 1425 | 1442 | 15 | 235638 | 123 | 236 | 91
703 | Revision_703/options.c | U | 1463 | 1480 | 15 | 235639 | 123 | 237 | 91
