Revision | filePath | changeType | StartLine | EndLine | Nlines | cloneId | classId | globalCloneId | Similarity
709 | Revision_709/ant.c | U | 33 | 40 | 8 | 148169 | 1 | 526 | 70
709 | Revision_709/jscript.c | U | 1558 | 1571 | 8 | 148170 | 1 | 281 | 70
709 | Revision_709/vim.c | U | 626 | 634 | 8 | 148171 | 1 | 20 | 70
709 | Revision_709/matlab.c | U | 35 | 42 | 8 | 148172 | 1 | 527 | 70
709 | Revision_709/lua.c | U | 123 | 131 | 8 | 148173 | 1 | 154 | 70
709 | Revision_709/rexx.c | U | 30 | 37 | 8 | 148174 | 1 | 25 | 70
709 | Revision_709/tex.c | U | 510 | 523 | 8 | 148175 | 1 | 528 | 70
709 | Revision_709/beta.c | U | 311 | 319 | 8 | 148176 | 1 | 15 | 70
709 | Revision_709/dosbatch.c | U | 33 | 40 | 8 | 148177 | 1 | 529 | 70
709 | Revision_709/cobol.c | U | 40 | 48 | 8 | 148178 | 1 | 213 | 70
709 | Revision_709/slang.c | U | 34 | 41 | 8 | 148179 | 1 | 27 | 70
709 | Revision_709/yacc.c | U | 31 | 38 | 8 | 148180 | 1 | 28 | 70
709 | Revision_709/keyword.c | U | 107 | 116 | 8 | 148181 | 1 | 29 | 70
709 | Revision_709/html.c | U | 40 | 47 | 8 | 148182 | 1 | 253 | 70
709 | Revision_709/php.c | U | 91 | 98 | 8 | 148183 | 1 | 366 | 70
709 | Revision_709/sql.c | U | 2101 | 2110 | 8 | 148184 | 1 | 197 | 70
709 | Revision_709/flex.c | U | 2230 | 2243 | 8 | 148185 | 1 | 438 | 70
709 | Revision_709/verilog.c | U | 329 | 338 | 8 | 148186 | 1 | 184 | 70
709 | Revision_709/make.c | U | 205 | 215 | 8 | 148187 | 1 | 26 | 70
709 | Revision_709/awk.c | U | 71 | 79 | 8 | 148188 | 1 | 10 | 70
709 | Revision_709/tcl.c | U | 106 | 114 | 8 | 148189 | 1 | 22 | 70
709 | Revision_709/asp.c | U | 201 | 209 | 8 | 148190 | 1 | 18 | 70
709 | Revision_709/ruby.c | U | 398 | 406 | 8 | 148191 | 1 | 16 | 70
709 | Revision_709/scheme.c | U | 99 | 109 | 8 | 148192 | 1 | 17 | 70
709 | Revision_709/sh.c | U | 103 | 113 | 8 | 148193 | 1 | 24 | 70
709 | Revision_709/vhdl.c | U | 824 | 833 | 8 | 148194 | 1 | 403 | 70
709 | Revision_709/python.c | U | 648 | 656 | 8 | 148195 | 1 | 14 | 70
709 | Revision_709/sml.c | U | 202 | 210 | 8 | 148196 | 1 | 216 | 70
709 | Revision_709/basic.c | U | 193 | 201 | 8 | 148197 | 1 | 275 | 70
709 | Revision_709/lisp.c | U | 127 | 137 | 8 | 148198 | 1 | 11 | 70
709 | Revision_709/erlang.c | U | 179 | 187 | 8 | 148199 | 1 | 230 | 70
709 | Revision_709/pascal.c | U | 257 | 265 | 8 | 148200 | 1 | 13 | 70
709 | Revision_709/perl.c | U | 372 | 380 | 8 | 148201 | 1 | 19 | 70
709 | Revision_709/options.c | U | 626 | 632 | 8 | 148202 | 1 | 30 | 70
709 | Revision_709/options.c | U | 533 | 538 | 8 | 148203 | 1 | 242 | 70
709 | Revision_709/asm.c | U | 366 | 385 | 8 | 148204 | 1 | 174 | 70
709 | Revision_709/args.c | U | 85 | 92 | 8 | 148205 | 2 | 1 | 100
709 | Revision_709/args.c | U | 160 | 167 | 8 | 148206 | 2 | 2 | 100
709 | Revision_709/args.c | U | 182 | 190 | 9 | 148207 | 3 | 3 | 75
709 | Revision_709/args.c | U | 193 | 200 | 9 | 148208 | 3 | 4 | 75
709 | Revision_709/args.c | U | 203 | 211 | 9 | 148209 | 3 | 5 | 75
709 | Revision_709/args.c | U | 266 | 272 | 7 | 148210 | 4 | 6 | 83
709 | Revision_709/options.c | U | 579 | 584 | 7 | 148211 | 4 | 7 | 83
709 | Revision_709/asm.c | U | 120 | 128 | 8 | 148212 | 5 | 188 | 71
709 | Revision_709/jscript.c | U | 180 | 189 | 8 | 148213 | 5 | 280 | 71
709 | Revision_709/sql.c | U | 392 | 401 | 8 | 148214 | 5 | 196 | 71
709 | Revision_709/flex.c | U | 209 | 218 | 8 | 148215 | 5 | 437 | 71
709 | Revision_709/tex.c | U | 157 | 166 | 8 | 148216 | 5 | 530 | 71
709 | Revision_709/vhdl.c | U | 573 | 583 | 8 | 148217 | 5 | 401 | 71
709 | Revision_709/verilog.c | U | 108 | 118 | 8 | 148218 | 5 | 258 | 71
709 | Revision_709/asm.c | U | 131 | 139 | 8 | 148219 | 6 | 170 | 71
709 | Revision_709/keyword.c | U | 196 | 203 | 8 | 148220 | 6 | 432 | 71
709 | Revision_709/asm.c | U | 243 | 256 | 11 | 148221 | 7 | 191 | 77
709 | Revision_709/asm.c | U | 261 | 271 | 11 | 148222 | 7 | 179 | 77
709 | Revision_709/asm.c | U | 347 | 352 | 6 | 148223 | 8 | 256 | 80
709 | Revision_709/sh.c | U | 89 | 94 | 6 | 148224 | 8 | 257 | 80
709 | Revision_709/asp.c | U | 71 | 90 | 15 | 148225 | 9 | 31 | 100
709 | Revision_709/asp.c | U | 94 | 113 | 15 | 148226 | 9 | 32 | 100
709 | Revision_709/asp.c | U | 117 | 133 | 14 | 148227 | 10 | 33 | 100
709 | Revision_709/asp.c | U | 137 | 152 | 14 | 148228 | 10 | 34 | 100
709 | Revision_709/asp.c | U | 175 | 190 | 14 | 148229 | 10 | 34 | 100
709 | Revision_709/asp.c | U | 156 | 171 | 14 | 148230 | 10 | 34 | 100
709 | Revision_709/basic.c | U | 135 | 140 | 6 | 148231 | 11 | 278 | 80
709 | Revision_709/basic.c | U | 147 | 152 | 6 | 148232 | 11 | 279 | 80
709 | Revision_709/beta.c | U | 71 | 80 | 10 | 148233 | 12 | 43 | 70
709 | Revision_709/tex.c | U | 194 | 208 | 10 | 148234 | 12 | 531 | 70
709 | Revision_709/sql.c | U | 430 | 444 | 10 | 148235 | 12 | 198 | 70
709 | Revision_709/parse.c | U | 43 | 54 | 10 | 148236 | 12 | 44 | 70
709 | Revision_709/sml.c | U | 75 | 81 | 10 | 148237 | 12 | 217 | 70
709 | Revision_709/vhdl.c | U | 536 | 548 | 10 | 148238 | 12 | 404 | 70
709 | Revision_709/flex.c | U | 249 | 263 | 10 | 148239 | 12 | 439 | 70
709 | Revision_709/jscript.c | U | 219 | 233 | 10 | 148240 | 12 | 283 | 70
709 | Revision_709/beta.c | U | 134 | 141 | 6 | 148241 | 13 | 45 | 75
709 | Revision_709/beta.c | U | 204 | 212 | 6 | 148242 | 13 | 46 | 75
709 | Revision_709/beta.c | U | 152 | 156 | 5 | 148243 | 14 | 47 | 75
709 | Revision_709/beta.c | U | 158 | 162 | 5 | 148244 | 14 | 49 | 75
709 | Revision_709/beta.c | U | 165 | 169 | 5 | 148245 | 14 | 51 | 75
709 | Revision_709/beta.c | U | 271 | 275 | 5 | 148246 | 14 | 48 | 75
709 | Revision_709/beta.c | U | 277 | 281 | 5 | 148247 | 14 | 50 | 75
709 | Revision_709/erlang.c | U | 58 | 62 | 5 | 148248 | 15 | 231 | 75
709 | Revision_709/sml.c | U | 84 | 88 | 5 | 148249 | 15 | 218 | 75
709 | Revision_709/python.c | U | 218 | 222 | 5 | 148250 | 15 | 180 | 75
709 | Revision_709/options.c | U | 963 | 968 | 5 | 148251 | 15 | 181 | 75
709 | Revision_709/python.c | U | 196 | 200 | 5 | 148252 | 15 | 368 | 75
709 | Revision_709/erlang.c | U | 66 | 75 | 9 | 148253 | 16 | 232 | 75
709 | Revision_709/tcl.c | U | 44 | 54 | 9 | 148254 | 16 | 195 | 75
709 | Revision_709/python.c | U | 226 | 235 | 9 | 148255 | 16 | 194 | 75
709 | Revision_709/erlang.c | U | 97 | 105 | 7 | 148256 | 17 | 237 | 71
709 | Revision_709/perl.c | U | 339 | 346 | 7 | 148257 | 17 | 262 | 71
709 | Revision_709/main.c | U | 260 | 267 | 7 | 148258 | 17 | 254 | 71
709 | Revision_709/erlang.c | U | 116 | 121 | 7 | 148259 | 17 | 235 | 71
709 | Revision_709/main.c | U | 179 | 185 | 7 | 148260 | 17 | 255 | 71
709 | Revision_709/erlang.c | U | 108 | 113 | 7 | 148261 | 17 | 239 | 71
709 | Revision_709/perl.c | U | 353 | 359 | 7 | 148262 | 17 | 19 | 71
709 | Revision_709/flex.c | U | 221 | 235 | 12 | 148263 | 18 | 440 | 75
709 | Revision_709/jscript.c | U | 192 | 205 | 12 | 148264 | 18 | 282 | 75
709 | Revision_709/sql.c | U | 404 | 416 | 12 | 148265 | 18 | 205 | 75
709 | Revision_709/vhdl.c | U | 342 | 351 | 12 | 148266 | 18 | 405 | 75
709 | Revision_709/tex.c | U | 169 | 180 | 12 | 148267 | 18 | 532 | 75
709 | Revision_709/flex.c | U | 238 | 242 | 5 | 148268 | 19 | 441 | 75
709 | Revision_709/vstring.c | U | 69 | 73 | 5 | 148269 | 19 | 287 | 75
709 | Revision_709/vhdl.c | U | 354 | 361 | 5 | 148270 | 19 | 406 | 75
709 | Revision_709/sql.c | U | 419 | 423 | 5 | 148271 | 19 | 288 | 75
709 | Revision_709/jscript.c | U | 208 | 212 | 5 | 148272 | 19 | 286 | 75
709 | Revision_709/tex.c | U | 183 | 187 | 5 | 148273 | 19 | 533 | 75
709 | Revision_709/vstring.c | U | 67 | 74 | 5 | 148274 | 19 | 287 | 75
709 | Revision_709/flex.c | U | 266 | 299 | 16 | 148275 | 20 | 442 | 73
709 | Revision_709/sql.c | U | 447 | 468 | 16 | 148276 | 20 | 290 | 73
709 | Revision_709/jscript.c | U | 236 | 257 | 16 | 148277 | 20 | 289 | 73
709 | Revision_709/tex.c | U | 211 | 232 | 16 | 148278 | 20 | 534 | 73
709 | Revision_709/vhdl.c | U | 551 | 570 | 16 | 148279 | 20 | 407 | 73
709 | Revision_709/flex.c | U | 288 | 296 | 11 | 148280 | 21 | 561 | 70
709 | Revision_709/vhdl.c | U | 553 | 569 | 11 | 148281 | 21 | 407 | 70
709 | Revision_709/flex.c | U | 302 | 326 | 19 | 148282 | 22 | 443 | 73
709 | Revision_709/jscript.c | U | 1390 | 1430 | 19 | 148283 | 22 | 434 | 73
709 | Revision_709/jscript.c | U | 287 | 311 | 19 | 148284 | 22 | 433 | 73
709 | Revision_709/jscript.c | U | 260 | 284 | 19 | 148285 | 22 | 398 | 73
709 | Revision_709/flex.c | U | 352 | 376 | 19 | 148286 | 22 | 445 | 73
709 | Revision_709/flex.c | U | 1821 | 1861 | 19 | 148287 | 22 | 444 | 73
709 | Revision_709/flex.c | U | 329 | 349 | 19 | 148288 | 22 | 446 | 73
709 | Revision_709/flex.c | U | 309 | 313 | 5 | 148289 | 23 | 535 | 75
709 | Revision_709/tex.c | U | 431 | 435 | 5 | 148290 | 23 | 555 | 75
709 | Revision_709/tex.c | U | 408 | 412 | 5 | 148291 | 23 | 556 | 75
709 | Revision_709/jscript.c | U | 267 | 271 | 5 | 148292 | 23 | 342 | 75
709 | Revision_709/jscript.c | U | 294 | 298 | 5 | 148293 | 23 | 291 | 75
709 | Revision_709/flex.c | U | 1842 | 1846 | 5 | 148294 | 23 | 537 | 75
709 | Revision_709/flex.c | U | 336 | 340 | 5 | 148295 | 23 | 538 | 75
709 | Revision_709/flex.c | U | 359 | 363 | 5 | 148296 | 23 | 539 | 75
709 | Revision_709/jscript.c | U | 1411 | 1415 | 5 | 148297 | 23 | 280 | 75
709 | Revision_709/flex.c | U | 383 | 401 | 16 | 148298 | 24 | 447 | 78
709 | Revision_709/vhdl.c | U | 368 | 386 | 16 | 148299 | 24 | 409 | 78
709 | Revision_709/sql.c | U | 475 | 495 | 16 | 148300 | 24 | 296 | 78
709 | Revision_709/jscript.c | U | 318 | 336 | 16 | 148301 | 24 | 398 | 78
709 | Revision_709/tex.c | U | 239 | 257 | 16 | 148302 | 24 | 540 | 78
709 | Revision_709/flex.c | U | 407 | 418 | 12 | 148303 | 25 | 448 | 100
709 | Revision_709/vhdl.c | U | 391 | 402 | 12 | 148304 | 25 | 410 | 100
709 | Revision_709/jscript.c | U | 342 | 353 | 12 | 148305 | 25 | 295 | 100
709 | Revision_709/tex.c | U | 264 | 276 | 12 | 148306 | 25 | 541 | 100
709 | Revision_709/sql.c | U | 500 | 511 | 12 | 148307 | 25 | 296 | 100
709 | Revision_709/flex.c | U | 430 | 434 | 5 | 148308 | 26 | 449 | 71
709 | Revision_709/flex.c | U | 614 | 618 | 5 | 148309 | 26 | 450 | 71
709 | Revision_709/flex.c | U | 662 | 666 | 5 | 148310 | 26 | 451 | 71
709 | Revision_709/flex.c | U | 503 | 507 | 5 | 148311 | 26 | 452 | 71
709 | Revision_709/sql.c | U | 523 | 536 | 5 | 148312 | 26 | 206 | 71
709 | Revision_709/vhdl.c | U | 414 | 418 | 5 | 148313 | 26 | 411 | 71
709 | Revision_709/tex.c | U | 288 | 292 | 5 | 148314 | 26 | 542 | 71
709 | Revision_709/jscript.c | U | 365 | 369 | 5 | 148315 | 26 | 291 | 71
709 | Revision_709/flex.c | U | 523 | 529 | 5 | 148316 | 26 | 450 | 71
709 | Revision_709/flex.c | U | 612 | 619 | 5 | 148317 | 26 | 451 | 71
709 | Revision_709/flex.c | U | 476 | 481 | 5 | 148318 | 26 | 453 | 71
709 | Revision_709/flex.c | U | 660 | 667 | 5 | 148319 | 26 | 454 | 71
709 | Revision_709/flex.c | U | 549 | 556 | 5 | 148320 | 26 | 455 | 71
709 | Revision_709/flex.c | U | 536 | 542 | 5 | 148321 | 26 | 456 | 71
709 | Revision_709/flex.c | U | 651 | 658 | 5 | 148322 | 26 | 457 | 71
709 | Revision_709/flex.c | U | 603 | 610 | 5 | 148323 | 26 | 458 | 71
709 | Revision_709/flex.c | U | 638 | 644 | 5 | 148324 | 26 | 459 | 71
709 | Revision_709/flex.c | U | 590 | 596 | 5 | 148325 | 26 | 460 | 71
709 | Revision_709/flex.c | U | 627 | 633 | 5 | 148326 | 26 | 461 | 71
709 | Revision_709/flex.c | U | 483 | 508 | 25 | 148327 | 27 | 462 | 70
709 | Revision_709/jscript.c | U | 405 | 435 | 25 | 148328 | 27 | 463 | 70
709 | Revision_709/sql.c | U | 606 | 636 | 25 | 148329 | 27 | 464 | 70
709 | Revision_709/flex.c | U | 587 | 622 | 35 | 148330 | 28 | 465 | 74
709 | Revision_709/flex.c | U | 624 | 671 | 35 | 148331 | 28 | 466 | 74
709 | Revision_709/flex.c | U | 692 | 701 | 10 | 148332 | 29 | 467 | 100
709 | Revision_709/vhdl.c | U | 467 | 476 | 10 | 148333 | 29 | 413 | 100
709 | Revision_709/jscript.c | U | 441 | 450 | 10 | 148334 | 29 | 412 | 100
709 | Revision_709/tex.c | U | 330 | 339 | 10 | 148335 | 29 | 543 | 100
709 | Revision_709/flex.c | U | 707 | 716 | 9 | 148336 | 30 | 468 | 77
709 | Revision_709/jscript.c | U | 456 | 464 | 9 | 148337 | 30 | 301 | 77
709 | Revision_709/tex.c | U | 362 | 369 | 9 | 148338 | 30 | 544 | 77
709 | Revision_709/flex.c | U | 723 | 753 | 17 | 148339 | 31 | 469 | 83
709 | Revision_709/flex.c | U | 756 | 785 | 17 | 148340 | 31 | 470 | 83
709 | Revision_709/jscript.c | U | 471 | 501 | 17 | 148341 | 31 | 284 | 83
709 | Revision_709/sql.c | U | 746 | 764 | 17 | 148342 | 31 | 400 | 83
709 | Revision_709/jscript.c | U | 504 | 533 | 17 | 148343 | 31 | 371 | 83
709 | Revision_709/vhdl.c | U | 514 | 532 | 17 | 148344 | 31 | 414 | 83
709 | Revision_709/flex.c | U | 788 | 795 | 7 | 148345 | 32 | 471 | 80
709 | Revision_709/flex.c | U | 798 | 805 | 7 | 148346 | 32 | 472 | 80
709 | Revision_709/jscript.c | U | 546 | 553 | 7 | 148347 | 32 | 302 | 80
709 | Revision_709/sql.c | U | 679 | 686 | 7 | 148348 | 32 | 304 | 80
709 | Revision_709/jscript.c | U | 536 | 543 | 7 | 148349 | 32 | 301 | 80
709 | Revision_709/flex.c | U | 812 | 834 | 13 | 148350 | 33 | 473 | 100
709 | Revision_709/jscript.c | U | 560 | 582 | 13 | 148351 | 33 | 316 | 100
709 | Revision_709/flex.c | U | 819 | 833 | 10 | 148352 | 34 | 474 | 70
709 | Revision_709/vhdl.c | U | 656 | 668 | 10 | 148353 | 34 | 415 | 70
709 | Revision_709/sql.c | U | 876 | 888 | 10 | 148354 | 34 | 358 | 70
709 | Revision_709/flex.c | U | 1193 | 1221 | 10 | 148355 | 34 | 475 | 70
709 | Revision_709/sql.c | U | 1142 | 1165 | 10 | 148356 | 34 | 337 | 70
709 | Revision_709/sql.c | U | 1998 | 2026 | 10 | 148357 | 34 | 314 | 70
709 | Revision_709/sql.c | U | 1109 | 1126 | 10 | 148358 | 34 | 319 | 70
709 | Revision_709/vhdl.c | U | 746 | 759 | 10 | 148359 | 34 | 430 | 70
709 | Revision_709/jscript.c | U | 647 | 673 | 10 | 148360 | 34 | 309 | 70
709 | Revision_709/vhdl.c | U | 727 | 740 | 10 | 148361 | 34 | 427 | 70
709 | Revision_709/flex.c | U | 1755 | 1770 | 10 | 148362 | 34 | 477 | 70
709 | Revision_709/sql.c | U | 1615 | 1622 | 10 | 148363 | 34 | 311 | 70
709 | Revision_709/jscript.c | U | 837 | 847 | 10 | 148364 | 34 | 307 | 70
709 | Revision_709/vhdl.c | U | 617 | 625 | 10 | 148365 | 34 | 416 | 70
709 | Revision_709/jscript.c | U | 585 | 620 | 10 | 148366 | 34 | 315 | 70
709 | Revision_709/jscript.c | U | 1324 | 1339 | 10 | 148367 | 34 | 281 | 70
709 | Revision_709/jscript.c | U | 567 | 581 | 10 | 148368 | 34 | 306 | 70
709 | Revision_709/sql.c | U | 1500 | 1508 | 10 | 148369 | 34 | 396 | 70
709 | Revision_709/flex.c | U | 2183 | 2194 | 10 | 148370 | 34 | 483 | 70
709 | Revision_709/sql.c | U | 1511 | 1521 | 10 | 148371 | 34 | 397 | 70
709 | Revision_709/flex.c | U | 1961 | 1975 | 10 | 148372 | 34 | 481 | 70
709 | Revision_709/flex.c | U | 2103 | 2122 | 10 | 148373 | 34 | 479 | 70
709 | Revision_709/flex.c | U | 895 | 921 | 10 | 148374 | 34 | 476 | 70
709 | Revision_709/jscript.c | U | 986 | 1005 | 10 | 148375 | 34 | 318 | 70
709 | Revision_709/flex.c | U | 1262 | 1281 | 10 | 148376 | 34 | 478 | 70
709 | Revision_709/jscript.c | U | 839 | 846 | 10 | 148377 | 34 | 307 | 70
709 | Revision_709/flex.c | U | 1964 | 1974 | 10 | 148378 | 34 | 481 | 70
709 | Revision_709/flex.c | U | 2124 | 2140 | 10 | 148379 | 34 | 480 | 70
709 | Revision_709/sql.c | U | 845 | 859 | 10 | 148380 | 34 | 313 | 70
709 | Revision_709/sql.c | U | 1431 | 1437 | 10 | 148381 | 34 | 356 | 70
709 | Revision_709/jscript.c | U | 696 | 707 | 10 | 148382 | 34 | 312 | 70
709 | Revision_709/vhdl.c | U | 704 | 715 | 10 | 148383 | 34 | 417 | 70
709 | Revision_709/sql.c | U | 965 | 985 | 10 | 148384 | 34 | 310 | 70
709 | Revision_709/flex.c | U | 944 | 955 | 10 | 148385 | 34 | 486 | 70
709 | Revision_709/jscript.c | U | 1084 | 1090 | 10 | 148386 | 34 | 309 | 70
709 | Revision_709/sql.c | U | 1568 | 1578 | 10 | 148387 | 34 | 345 | 70
709 | Revision_709/flex.c | U | 837 | 868 | 10 | 148388 | 34 | 476 | 70
709 | Revision_709/sql.c | U | 843 | 860 | 10 | 148389 | 34 | 313 | 70
709 | Revision_709/flex.c | U | 1952 | 1977 | 10 | 148390 | 34 | 484 | 70
709 | Revision_709/vhdl.c | U | 586 | 600 | 10 | 148391 | 34 | 418 | 70
709 | Revision_709/sql.c | U | 1732 | 1758 | 10 | 148392 | 34 | 320 | 70
709 | Revision_709/sql.c | U | 1761 | 1782 | 10 | 148393 | 34 | 324 | 70
709 | Revision_709/vhdl.c | U | 635 | 640 | 10 | 148394 | 34 | 416 | 70
709 | Revision_709/sql.c | U | 878 | 885 | 10 | 148395 | 34 | 358 | 70
709 | Revision_709/flex.c | U | 1967 | 1973 | 10 | 148396 | 34 | 481 | 70
709 | Revision_709/flex.c | U | 2112 | 2121 | 10 | 148397 | 34 | 485 | 70
709 | Revision_709/flex.c | U | 2186 | 2193 | 10 | 148398 | 34 | 483 | 70
709 | Revision_709/flex.c | U | 2016 | 2024 | 10 | 148399 | 34 | 489 | 70
709 | Revision_709/sql.c | U | 1331 | 1339 | 10 | 148400 | 34 | 397 | 70
709 | Revision_709/vhdl.c | U | 706 | 714 | 10 | 148401 | 34 | 425 | 70
709 | Revision_709/flex.c | U | 2133 | 2139 | 10 | 148402 | 34 | 490 | 70
709 | Revision_709/flex.c | U | 2142 | 2149 | 10 | 148403 | 34 | 488 | 70
709 | Revision_709/sql.c | U | 768 | 780 | 10 | 148404 | 34 | 313 | 70
709 | Revision_709/ruby.c | U | 214 | 218 | 10 | 148405 | 34 | 265 | 70
709 | Revision_709/jscript.c | U | 675 | 708 | 10 | 148406 | 34 | 487 | 70
709 | Revision_709/sql.c | U | 1824 | 1845 | 10 | 148407 | 34 | 321 | 70
709 | Revision_709/sql.c | U | 1800 | 1821 | 10 | 148408 | 34 | 322 | 70
709 | Revision_709/sql.c | U | 1701 | 1729 | 10 | 148409 | 34 | 323 | 70
709 | Revision_709/vim.c | U | 400 | 408 | 10 | 148410 | 34 | 365 | 70
709 | Revision_709/flex.c | U | 2114 | 2120 | 10 | 148411 | 34 | 485 | 70
709 | Revision_709/ruby.c | U | 195 | 200 | 10 | 148412 | 34 | 491 | 70
709 | Revision_709/sql.c | U | 1848 | 1888 | 10 | 148413 | 34 | 327 | 70
709 | Revision_709/vhdl.c | U | 647 | 670 | 10 | 148414 | 34 | 431 | 70
709 | Revision_709/get.c | U | 594 | 598 | 10 | 148415 | 34 | 364 | 70
709 | Revision_709/sql.c | U | 1585 | 1624 | 10 | 148416 | 34 | 329 | 70
709 | Revision_709/sql.c | U | 1409 | 1447 | 10 | 148417 | 34 | 328 | 70
709 | Revision_709/flex.c | U | 1259 | 1293 | 10 | 148418 | 34 | 492 | 70
709 | Revision_709/jscript.c | U | 983 | 1017 | 10 | 148419 | 34 | 340 | 70
709 | Revision_709/readtags.c | U | 363 | 367 | 10 | 148420 | 34 | 391 | 70
709 | Revision_709/flex.c | U | 871 | 957 | 30 | 148421 | 35 | 493 | 90
709 | Revision_709/jscript.c | U | 623 | 709 | 30 | 148422 | 35 | 494 | 90
709 | Revision_709/flex.c | U | 923 | 956 | 17 | 148423 | 36 | 495 | 75
709 | Revision_709/flex.c | U | 1943 | 1978 | 17 | 148424 | 36 | 496 | 75
709 | Revision_709/flex.c | U | 960 | 1067 | 30 | 148425 | 37 | 497 | 100
709 | Revision_709/jscript.c | U | 712 | 819 | 30 | 148426 | 37 | 498 | 100
709 | Revision_709/flex.c | U | 1239 | 1300 | 33 | 148427 | 38 | 504 | 100
709 | Revision_709/jscript.c | U | 963 | 1024 | 33 | 148428 | 38 | 505 | 100
709 | Revision_709/flex.c | U | 1270 | 1280 | 5 | 148429 | 39 | 506 | 71
709 | Revision_709/flex.c | U | 1283 | 1292 | 5 | 148430 | 39 | 507 | 71
709 | Revision_709/options.c | U | 352 | 357 | 5 | 148431 | 39 | 107 | 71
709 | Revision_709/vhdl.c | U | 620 | 624 | 5 | 148432 | 39 | 416 | 71
709 | Revision_709/vhdl.c | U | 611 | 615 | 5 | 148433 | 39 | 419 | 71
709 | Revision_709/sql.c | U | 1672 | 1676 | 5 | 148434 | 39 | 335 | 71
709 | Revision_709/sql.c | U | 1933 | 1937 | 5 | 148435 | 39 | 334 | 71
709 | Revision_709/jscript.c | U | 994 | 1004 | 5 | 148436 | 39 | 399 | 71
709 | Revision_709/jscript.c | U | 1007 | 1016 | 5 | 148437 | 39 | 336 | 71
709 | Revision_709/vhdl.c | U | 749 | 754 | 5 | 148438 | 39 | 427 | 71
709 | Revision_709/options.c | U | 674 | 678 | 5 | 148439 | 39 | 116 | 71
709 | Revision_709/vhdl.c | U | 730 | 735 | 5 | 148440 | 39 | 429 | 71
709 | Revision_709/sql.c | U | 893 | 902 | 5 | 148441 | 39 | 359 | 71
709 | Revision_709/jscript.c | U | 909 | 918 | 5 | 148442 | 39 | 332 | 71
709 | Revision_709/options.c | U | 1221 | 1225 | 5 | 148443 | 39 | 117 | 71
709 | Revision_709/sql.c | U | 905 | 915 | 5 | 148444 | 39 | 560 | 71
709 | Revision_709/jscript.c | U | 920 | 925 | 5 | 148445 | 39 | 333 | 71
709 | Revision_709/jscript.c | U | 891 | 907 | 5 | 148446 | 39 | 338 | 71
709 | Revision_709/sql.c | U | 1683 | 1692 | 5 | 148447 | 39 | 350 | 71
709 | Revision_709/flex.c | U | 1342 | 1352 | 5 | 148448 | 40 | 508 | 75
709 | Revision_709/jscript.c | U | 1423 | 1427 | 5 | 148449 | 40 | 342 | 75
709 | Revision_709/flex.c | U | 1854 | 1858 | 5 | 148450 | 40 | 509 | 75
709 | Revision_709/sql.c | U | 1034 | 1040 | 5 | 148451 | 40 | 344 | 75
709 | Revision_709/sql.c | U | 1118 | 1125 | 5 | 148452 | 40 | 343 | 75
709 | Revision_709/tex.c | U | 439 | 443 | 5 | 148453 | 40 | 557 | 75
709 | Revision_709/sql.c | U | 1439 | 1444 | 5 | 148454 | 40 | 347 | 75
709 | Revision_709/sql.c | U | 1720 | 1726 | 5 | 148455 | 40 | 345 | 75
709 | Revision_709/sql.c | U | 1749 | 1755 | 5 | 148456 | 40 | 346 | 75
709 | Revision_709/flex.c | U | 1419 | 1888 | 198 | 148457 | 41 | 510 | 77
709 | Revision_709/jscript.c | U | 1027 | 1457 | 198 | 148458 | 41 | 511 | 77
709 | Revision_709/flex.c | U | 1485 | 1520 | 34 | 148459 | 42 | 512 | 71
709 | Revision_709/vhdl.c | U | 768 | 801 | 34 | 148460 | 42 | 513 | 71
709 | Revision_709/flex.c | U | 1582 | 1608 | 12 | 148461 | 43 | 514 | 72
709 | Revision_709/flex.c | U | 1610 | 1632 | 12 | 148462 | 43 | 515 | 72
709 | Revision_709/flex.c | U | 1772 | 1789 | 5 | 148463 | 44 | 516 | 75
709 | Revision_709/readtags.c | U | 502 | 506 | 5 | 148464 | 44 | 87 | 75
709 | Revision_709/jscript.c | U | 1341 | 1358 | 5 | 148465 | 44 | 435 | 75
709 | Revision_709/readtags.c | U | 681 | 685 | 5 | 148466 | 44 | 88 | 75
709 | Revision_709/flex.c | U | 1891 | 1938 | 29 | 148467 | 45 | 517 | 92
709 | Revision_709/jscript.c | U | 1460 | 1507 | 29 | 148468 | 45 | 518 | 92
709 | Revision_709/flex.c | U | 1904 | 1927 | 21 | 148469 | 46 | 519 | 70
709 | Revision_709/get.c | U | 406 | 413 | 21 | 148470 | 46 | 520 | 70
709 | Revision_709/flex.c | U | 1941 | 1984 | 23 | 148471 | 47 | 502 | 70
709 | Revision_709/sql.c | U | 1484 | 1522 | 23 | 148472 | 47 | 500 | 70
709 | Revision_709/flex.c | U | 2173 | 2200 | 23 | 148473 | 47 | 503 | 70
709 | Revision_709/flex.c | U | 2003 | 2056 | 23 | 148474 | 47 | 501 | 70
709 | Revision_709/flex.c | U | 2155 | 2168 | 16 | 148475 | 48 | 521 | 75
709 | Revision_709/jscript.c | U | 1512 | 1527 | 16 | 148476 | 48 | 281 | 75
709 | Revision_709/flex.c | U | 2159 | 2162 | 8 | 148477 | 49 | 522 | 71
709 | Revision_709/Test/local.c | U | 14 | 20 | 8 | 148478 | 49 | 362 | 71
709 | Revision_709/vhdl.c | U | 499 | 506 | 8 | 148479 | 49 | 420 | 71
709 | Revision_709/jscript.c | U | 1518 | 1521 | 8 | 148480 | 49 | 361 | 71
709 | Revision_709/flex.c | U | 2203 | 2207 | 5 | 148481 | 50 | 523 | 75
709 | Revision_709/sql.c | U | 2083 | 2087 | 5 | 148482 | 50 | 274 | 75
709 | Revision_709/make.c | U | 191 | 195 | 5 | 148483 | 50 | 273 | 75
709 | Revision_709/tex.c | U | 490 | 494 | 5 | 148484 | 50 | 549 | 75
709 | Revision_709/jscript.c | U | 1531 | 1535 | 5 | 148485 | 50 | 348 | 75
709 | Revision_709/flex.c | U | 2210 | 2226 | 14 | 148486 | 51 | 524 | 100
709 | Revision_709/jscript.c | U | 1538 | 1554 | 14 | 148487 | 51 | 525 | 100
709 | Revision_709/get.c | U | 305 | 314 | 10 | 148488 | 52 | 74 | 70
709 | Revision_709/read.c | U | 220 | 231 | 10 | 148489 | 52 | 75 | 70
709 | Revision_709/parse.c | U | 586 | 600 | 10 | 148490 | 52 | 76 | 70
709 | Revision_709/get.c | U | 467 | 478 | 10 | 148491 | 53 | 77 | 87
709 | Revision_709/get.c | U | 484 | 495 | 10 | 148492 | 53 | 79 | 87
709 | Revision_709/get.c | U | 541 | 546 | 6 | 148493 | 54 | 80 | 80
709 | Revision_709/read.c | U | 424 | 428 | 6 | 148494 | 54 | 81 | 80
709 | Revision_709/get.c | U | 649 | 653 | 5 | 148495 | 55 | 394 | 75
709 | Revision_709/python.c | U | 184 | 187 | 5 | 148496 | 55 | 395 | 75
709 | Revision_709/jscript.c | U | 356 | 453 | 115 | 148497 | 56 | 299 | 75
709 | Revision_709/sql.c | U | 514 | 660 | 115 | 148498 | 56 | 300 | 75
709 | Revision_709/tex.c | U | 279 | 359 | 115 | 148499 | 56 | 550 | 75
709 | Revision_709/jscript.c | U | 1072 | 1081 | 6 | 148500 | 57 | 360 | 75
709 | Revision_709/options.c | U | 1683 | 1687 | 6 | 148501 | 57 | 223 | 75
709 | Revision_709/jscript.c | U | 1152 | 1178 | 12 | 148502 | 58 | 372 | 72
709 | Revision_709/jscript.c | U | 1180 | 1202 | 12 | 148503 | 58 | 373 | 72
709 | Revision_709/keyword.c | U | 185 | 189 | 5 | 148504 | 59 | 85 | 75
709 | Revision_709/options.c | U | 1042 | 1046 | 5 | 148505 | 59 | 86 | 75
709 | Revision_709/readtags.c | U | 452 | 456 | 5 | 148506 | 59 | 87 | 75
709 | Revision_709/lisp.c | U | 91 | 97 | 7 | 148507 | 60 | 89 | 83
709 | Revision_709/lisp.c | U | 112 | 118 | 7 | 148508 | 60 | 90 | 83
709 | Revision_709/main.c | U | 126 | 139 | 6 | 148509 | 61 | 243 | 80
709 | Revision_709/options.c | U | 397 | 402 | 6 | 148510 | 61 | 244 | 80
709 | Revision_709/make.c | U | 44 | 48 | 5 | 148511 | 62 | 267 | 75
709 | Revision_709/verilog.c | U | 286 | 290 | 5 | 148512 | 62 | 268 | 75
709 | Revision_709/make.c | U | 77 | 87 | 11 | 148513 | 63 | 269 | 77
709 | Revision_709/verilog.c | U | 199 | 212 | 11 | 148514 | 63 | 270 | 77
709 | Revision_709/make.c | U | 97 | 105 | 8 | 148515 | 64 | 271 | 75
709 | Revision_709/verilog.c | U | 187 | 193 | 8 | 148516 | 64 | 272 | 75
709 | Revision_709/options.c | U | 369 | 375 | 6 | 148517 | 65 | 107 | 100
709 | Revision_709/options.c | U | 378 | 384 | 6 | 148518 | 65 | 108 | 100
709 | Revision_709/options.c | U | 543 | 549 | 7 | 148519 | 66 | 112 | 100
709 | Revision_709/options.c | U | 552 | 558 | 7 | 148520 | 66 | 115 | 100
709 | Revision_709/options.c | U | 561 | 567 | 7 | 148521 | 66 | 114 | 100
709 | Revision_709/options.c | U | 570 | 576 | 7 | 148522 | 66 | 113 | 100
709 | Revision_709/options.c | U | 982 | 986 | 5 | 148523 | 67 | 118 | 75
709 | Revision_709/options.c | U | 1008 | 1012 | 5 | 148524 | 67 | 119 | 75
709 | Revision_709/options.c | U | 1102 | 1106 | 5 | 148525 | 68 | 120 | 100
709 | Revision_709/options.c | U | 1108 | 1112 | 5 | 148526 | 68 | 120 | 100
709 | Revision_709/options.c | U | 1154 | 1166 | 12 | 148527 | 69 | 245 | 100
709 | Revision_709/options.c | U | 1171 | 1183 | 12 | 148528 | 69 | 123 | 100
709 | Revision_709/options.c | U | 1425 | 1442 | 15 | 148529 | 70 | 124 | 91
709 | Revision_709/options.c | U | 1463 | 1480 | 15 | 148530 | 70 | 125 | 91
709 | Revision_709/parse.c | U | 96 | 106 | 11 | 148531 | 71 | 126 | 88
709 | Revision_709/parse.c | U | 109 | 120 | 11 | 148532 | 71 | 127 | 88
709 | Revision_709/parse.c | U | 299 | 303 | 5 | 148533 | 72 | 246 | 75
709 | Revision_709/parse.c | U | 556 | 560 | 5 | 148534 | 72 | 247 | 75
709 | Revision_709/parse.c | U | 575 | 579 | 5 | 148535 | 72 | 248 | 75
709 | Revision_709/pascal.c | U | 134 | 138 | 5 | 148536 | 73 | 128 | 75
709 | Revision_709/perl.c | U | 187 | 191 | 5 | 148537 | 73 | 129 | 75
709 | Revision_709/pascal.c | U | 150 | 154 | 5 | 148538 | 74 | 212 | 75
709 | Revision_709/pascal.c | U | 184 | 190 | 5 | 148539 | 74 | 131 | 75
709 | Revision_709/pascal.c | U | 176 | 182 | 5 | 148540 | 74 | 130 | 75
709 | Revision_709/python.c | U | 575 | 579 | 5 | 148541 | 74 | 370 | 75
709 | Revision_709/perl.c | U | 208 | 214 | 7 | 148542 | 75 | 262 | 83
709 | Revision_709/perl.c | U | 254 | 259 | 7 | 148543 | 75 | 367 | 83
709 | Revision_709/python.c | U | 88 | 101 | 11 | 148544 | 76 | 39 | 77
709 | Revision_709/python.c | U | 131 | 142 | 11 | 148545 | 76 | 14 | 77
709 | Revision_709/python.c | U | 475 | 479 | 7 | 148546 | 77 | 370 | 80
709 | Revision_709/python.c | U | 480 | 485 | 7 | 148547 | 77 | 370 | 80
709 | Revision_709/python.c | U | 581 | 590 | 8 | 148548 | 78 | 436 | 83
709 | Revision_709/python.c | U | 592 | 600 | 8 | 148549 | 78 | 14 | 83
709 | Revision_709/readtags.c | U | 106 | 113 | 8 | 148550 | 79 | 149 | 83
709 | Revision_709/routines.c | U | 288 | 295 | 8 | 148551 | 79 | 155 | 83
709 | Revision_709/routines.c | U | 298 | 305 | 8 | 148552 | 79 | 156 | 83
709 | Revision_709/readtags.c | U | 116 | 123 | 8 | 148553 | 79 | 134 | 83
709 | Revision_709/readtags.c | U | 144 | 148 | 5 | 148554 | 80 | 110 | 75
709 | Revision_709/vstring.c | U | 35 | 40 | 5 | 148555 | 80 | 111 | 75
709 | Revision_709/readtags.c | U | 541 | 547 | 6 | 148556 | 81 | 150 | 100
709 | Revision_709/readtags.c | U | 549 | 555 | 6 | 148557 | 81 | 151 | 100
709 | Revision_709/readtags.c | U | 584 | 588 | 6 | 148558 | 82 | 134 | 75
709 | Revision_709/readtags.c | U | 639 | 645 | 6 | 148559 | 82 | 135 | 75
709 | Revision_709/readtags.c | U | 718 | 726 | 8 | 148560 | 83 | 136 | 83
709 | Revision_709/readtags.c | U | 773 | 781 | 8 | 148561 | 83 | 139 | 83
709 | Revision_709/readtags.c | U | 729 | 737 | 8 | 148562 | 83 | 139 | 83
709 | Revision_709/readtags.c | U | 740 | 745 | 6 | 148563 | 84 | 152 | 80
709 | Revision_709/readtags.c | U | 765 | 770 | 6 | 148564 | 84 | 153 | 80
709 | Revision_709/readtags.c | U | 757 | 762 | 6 | 148565 | 84 | 187 | 80
709 | Revision_709/routines.c | U | 237 | 244 | 6 | 148566 | 85 | 157 | 80
709 | Revision_709/routines.c | U | 247 | 254 | 6 | 148567 | 85 | 158 | 80
709 | Revision_709/routines.c | U | 322 | 326 | 5 | 148568 | 86 | 159 | 75
709 | Revision_709/vstring.c | U | 125 | 129 | 5 | 148569 | 86 | 94 | 75
709 | Revision_709/vstring.c | U | 118 | 122 | 5 | 148570 | 86 | 95 | 75
709 | Revision_709/routines.c | U | 329 | 335 | 6 | 148571 | 87 | 160 | 100
709 | Revision_709/routines.c | U | 338 | 344 | 6 | 148572 | 87 | 161 | 100
709 | Revision_709/routines.c | U | 349 | 356 | 8 | 148573 | 88 | 162 | 100
709 | Revision_709/routines.c | U | 361 | 368 | 8 | 148574 | 88 | 163 | 100
709 | Revision_709/routines.c | U | 453 | 459 | 5 | 148575 | 89 | 167 | 75
709 | Revision_709/strlist.c | U | 150 | 154 | 5 | 148576 | 89 | 62 | 75
709 | Revision_709/sql.c | U | 569 | 573 | 5 | 148577 | 89 | 206 | 75
709 | Revision_709/vhdl.c | U | 457 | 461 | 5 | 148578 | 89 | 421 | 75
709 | Revision_709/scheme.c | U | 70 | 78 | 8 | 148579 | 90 | 140 | 71
709 | Revision_709/scheme.c | U | 85 | 93 | 8 | 148580 | 90 | 141 | 71
709 | Revision_709/sort.c | U | 118 | 123 | 5 | 148581 | 91 | 182 | 100
709 | Revision_709/sort.c | U | 126 | 131 | 5 | 148582 | 91 | 183 | 100
709 | Revision_709/sql.c | U | 716 | 765 | 32 | 148583 | 92 | 422 | 72
709 | Revision_709/vhdl.c | U | 493 | 533 | 32 | 148584 | 92 | 423 | 72
709 | Revision_709/sql.c | U | 1546 | 1582 | 24 | 148585 | 93 | 351 | 78
709 | Revision_709/sql.c | U | 1952 | 1995 | 24 | 148586 | 93 | 352 | 78
709 | Revision_709/sql.c | U | 1916 | 1941 | 17 | 148587 | 94 | 353 | 84
709 | Revision_709/sql.c | U | 1965 | 1989 | 17 | 148588 | 94 | 354 | 84
709 | Revision_709/sql.c | U | 2090 | 2098 | 7 | 148589 | 95 | 426 | 71
709 | Revision_709/vhdl.c | U | 813 | 821 | 7 | 148590 | 95 | 427 | 71
709 | Revision_709/tex.c | U | 497 | 506 | 7 | 148591 | 95 | 554 | 71
709 | Revision_709/strlist.c | U | 32 | 38 | 8 | 148592 | 96 | 142 | 71
709 | Revision_709/vstring.c | U | 77 | 87 | 8 | 148593 | 96 | 143 | 71
709 | Revision_709/strlist.c | U | 191 | 196 | 7 | 148594 | 97 | 146 | 83
709 | Revision_709/strlist.c | U | 200 | 206 | 7 | 148595 | 97 | 264 | 83
709 | Revision_709/tex.c | U | 401 | 418 | 16 | 148596 | 98 | 558 | 83
709 | Revision_709/tex.c | U | 426 | 444 | 16 | 148597 | 98 | 559 | 83
709 | Revision_709/verilog.c | U | 142 | 146 | 5 | 148598 | 99 | 259 | 75
709 | Revision_709/verilog.c | U | 238 | 242 | 5 | 148599 | 99 | 260 | 75
709 | Revision_709/vhdl.c | U | 724 | 741 | 15 | 148600 | 100 | 430 | 100
709 | Revision_709/vhdl.c | U | 743 | 760 | 15 | 148601 | 100 | 427 | 100
709 | Revision_709/vim.c | U | 97 | 101 | 5 | 148602 | 101 | 192 | 100
709 | Revision_709/vim.c | U | 103 | 107 | 5 | 148603 | 101 | 193 | 100
709 | Revision_709/vim.c | U | 244 | 267 | 17 | 148604 | 102 | 224 | 76
709 | Revision_709/vim.c | U | 294 | 312 | 17 | 148605 | 102 | 147 | 76
