Revision | filePath | changeType | StartLine | EndLine | Nlines | cloneId | classId | globalCloneId | Similarity
718 | Revision_718/lisp.c | U | 91 | 97 | 7 | 244510 | 1 | 1 | 83
718 | Revision_718/lisp.c | U | 112 | 118 | 7 | 244511 | 1 | 2 | 83
718 | Revision_718/lisp.c | U | 127 | 137 | 9 | 244512 | 2 | 3 | 70
718 | Revision_718/c.c | U | 2867 | 2876 | 9 | 244513 | 2 | 12 | 70
718 | Revision_718/fortran.c | U | 2180 | 2195 | 9 | 244514 | 2 | 21 | 70
718 | Revision_718/sql.c | U | 2101 | 2110 | 9 | 244515 | 2 | 296 | 70
718 | Revision_718/vhdl.c | U | 824 | 833 | 9 | 244516 | 2 | 539 | 70
718 | Revision_718/c.c | U | 2879 | 2894 | 9 | 244517 | 2 | 8 | 70
718 | Revision_718/ocaml.c | U | 1832 | 1842 | 9 | 244518 | 2 | 745 | 70
718 | Revision_718/vim.c | U | 626 | 634 | 9 | 244519 | 2 | 20 | 70
718 | Revision_718/c.c | U | 2897 | 2906 | 9 | 244520 | 2 | 15 | 70
718 | Revision_718/sh.c | U | 103 | 113 | 9 | 244521 | 2 | 17 | 70
718 | Revision_718/beta.c | U | 311 | 319 | 9 | 244522 | 2 | 5 | 70
718 | Revision_718/erlang.c | U | 179 | 187 | 9 | 244523 | 2 | 340 | 70
718 | Revision_718/python.c | U | 687 | 695 | 9 | 244524 | 2 | 13 | 70
718 | Revision_718/basic.c | U | 193 | 201 | 9 | 244525 | 2 | 408 | 70
718 | Revision_718/lua.c | U | 123 | 131 | 9 | 244526 | 2 | 243 | 70
718 | Revision_718/pascal.c | U | 257 | 265 | 9 | 244527 | 2 | 14 | 70
718 | Revision_718/asp.c | U | 317 | 325 | 9 | 244528 | 2 | 4 | 70
718 | Revision_718/ruby.c | U | 398 | 406 | 9 | 244529 | 2 | 19 | 70
718 | Revision_718/tcl.c | U | 106 | 114 | 9 | 244530 | 2 | 18 | 70
718 | Revision_718/awk.c | U | 71 | 79 | 9 | 244531 | 2 | 10 | 70
718 | Revision_718/perl.c | U | 372 | 380 | 9 | 244532 | 2 | 7 | 70
718 | Revision_718/c.c | U | 2909 | 2918 | 9 | 244533 | 2 | 315 | 70
718 | Revision_718/scheme.c | U | 99 | 109 | 9 | 244534 | 2 | 16 | 70
718 | Revision_718/sml.c | U | 202 | 210 | 9 | 244535 | 2 | 321 | 70
718 | Revision_718/cobol.c | U | 40 | 48 | 9 | 244536 | 2 | 320 | 70
718 | Revision_718/php.c | U | 91 | 98 | 9 | 244537 | 2 | 501 | 70
718 | Revision_718/c.c | U | 2921 | 2930 | 9 | 244538 | 2 | 330 | 70
718 | Revision_718/eiffel.c | U | 1253 | 1262 | 9 | 244539 | 2 | 9 | 70
718 | Revision_718/verilog.c | U | 329 | 338 | 9 | 244540 | 2 | 283 | 70
718 | Revision_718/jscript.c | U | 1558 | 1571 | 9 | 244541 | 2 | 413 | 70
718 | Revision_718/tex.c | U | 510 | 523 | 9 | 244542 | 2 | 665 | 70
718 | Revision_718/make.c | U | 205 | 215 | 9 | 244543 | 2 | 25 | 70
718 | Revision_718/asm.c | U | 366 | 385 | 9 | 244544 | 2 | 274 | 70
718 | Revision_718/flex.c | U | 2230 | 2243 | 9 | 244545 | 2 | 575 | 70
718 | Revision_718/ant.c | U | 33 | 40 | 9 | 244546 | 2 | 666 | 70
718 | Revision_718/slang.c | U | 34 | 41 | 9 | 244547 | 2 | 24 | 70
718 | Revision_718/yacc.c | U | 31 | 38 | 9 | 244548 | 2 | 23 | 70
718 | Revision_718/matlab.c | U | 35 | 42 | 9 | 244549 | 2 | 668 | 70
718 | Revision_718/dosbatch.c | U | 33 | 40 | 9 | 244550 | 2 | 667 | 70
718 | Revision_718/html.c | U | 40 | 47 | 9 | 244551 | 2 | 365 | 70
718 | Revision_718/rexx.c | U | 30 | 37 | 9 | 244552 | 2 | 26 | 70
718 | Revision_718/keyword.c | U | 107 | 116 | 9 | 244553 | 2 | 27 | 70
718 | Revision_718/c.c | U | 2251 | 2256 | 9 | 244554 | 2 | 28 | 70
718 | Revision_718/options.c | U | 533 | 538 | 9 | 244555 | 2 | 29 | 70
718 | Revision_718/options.c | U | 626 | 632 | 9 | 244556 | 2 | 30 | 70
718 | Revision_718/fortran.c | U | 414 | 426 | 9 | 244557 | 2 | 158 | 70
718 | Revision_718/c.c | U | 2280 | 2288 | 9 | 244558 | 2 | 31 | 70
718 | Revision_718/sql.c | U | 404 | 416 | 9 | 244559 | 2 | 309 | 70
718 | Revision_718/flex.c | U | 221 | 235 | 9 | 244560 | 2 | 576 | 70
718 | Revision_718/eiffel.c | U | 618 | 630 | 9 | 244561 | 2 | 157 | 70
718 | Revision_718/tex.c | U | 169 | 180 | 9 | 244562 | 2 | 669 | 70
718 | Revision_718/vhdl.c | U | 342 | 351 | 9 | 244563 | 2 | 540 | 70
718 | Revision_718/jscript.c | U | 192 | 205 | 9 | 244564 | 2 | 414 | 70
718 | Revision_718/asp.c | U | 72 | 91 | 15 | 244565 | 3 | 33 | 100
718 | Revision_718/asp.c | U | 95 | 114 | 15 | 244566 | 3 | 34 | 100
718 | Revision_718/asp.c | U | 118 | 163 | 40 | 244567 | 4 | 736 | 100
718 | Revision_718/asp.c | U | 165 | 210 | 40 | 244568 | 4 | 737 | 100
718 | Revision_718/asp.c | U | 125 | 137 | 11 | 244569 | 5 | 35 | 70
718 | Revision_718/asp.c | U | 234 | 249 | 11 | 244570 | 5 | 36 | 70
718 | Revision_718/asp.c | U | 291 | 306 | 11 | 244571 | 5 | 36 | 70
718 | Revision_718/asp.c | U | 272 | 287 | 11 | 244572 | 5 | 36 | 70
718 | Revision_718/asp.c | U | 253 | 268 | 11 | 244573 | 5 | 739 | 70
718 | Revision_718/asp.c | U | 152 | 161 | 11 | 244574 | 5 | 738 | 70
718 | Revision_718/asp.c | U | 214 | 230 | 11 | 244575 | 5 | 740 | 70
718 | Revision_718/asp.c | U | 139 | 151 | 11 | 244576 | 5 | 36 | 70
718 | Revision_718/asp.c | U | 172 | 184 | 11 | 244577 | 5 | 741 | 70
718 | Revision_718/asp.c | U | 186 | 198 | 11 | 244578 | 5 | 742 | 70
718 | Revision_718/asp.c | U | 275 | 286 | 11 | 244579 | 5 | 36 | 70
718 | Revision_718/asp.c | U | 294 | 305 | 11 | 244580 | 5 | 36 | 70
718 | Revision_718/vim.c | U | 301 | 310 | 11 | 244581 | 5 | 743 | 70
718 | Revision_718/vim.c | U | 256 | 265 | 11 | 244582 | 5 | 744 | 70
718 | Revision_718/asp.c | U | 218 | 229 | 11 | 244583 | 5 | 739 | 70
718 | Revision_718/asp.c | U | 237 | 248 | 11 | 244584 | 5 | 36 | 70
718 | Revision_718/lua.c | U | 81 | 88 | 11 | 244585 | 5 | 285 | 70
718 | Revision_718/asp.c | U | 256 | 267 | 11 | 244586 | 5 | 740 | 70
718 | Revision_718/asp.c | U | 199 | 208 | 11 | 244587 | 5 | 4 | 70
718 | Revision_718/args.c | U | 85 | 92 | 8 | 244588 | 6 | 43 | 100
718 | Revision_718/args.c | U | 160 | 167 | 8 | 244589 | 6 | 44 | 100
718 | Revision_718/args.c | U | 182 | 190 | 9 | 244590 | 7 | 45 | 75
718 | Revision_718/args.c | U | 203 | 211 | 9 | 244591 | 7 | 46 | 75
718 | Revision_718/args.c | U | 193 | 200 | 9 | 244592 | 7 | 47 | 75
718 | Revision_718/args.c | U | 266 | 272 | 7 | 244593 | 8 | 48 | 83
718 | Revision_718/options.c | U | 579 | 584 | 7 | 244594 | 8 | 49 | 83
718 | Revision_718/c.c | U | 536 | 542 | 5 | 244595 | 9 | 51 | 71
718 | Revision_718/tex.c | U | 183 | 187 | 5 | 244596 | 9 | 670 | 71
718 | Revision_718/jscript.c | U | 208 | 212 | 5 | 244597 | 9 | 415 | 71
718 | Revision_718/fortran.c | U | 888 | 892 | 5 | 244598 | 9 | 50 | 71
718 | Revision_718/flex.c | U | 238 | 242 | 5 | 244599 | 9 | 577 | 71
718 | Revision_718/vstring.c | U | 67 | 74 | 5 | 244600 | 9 | 52 | 71
718 | Revision_718/sql.c | U | 419 | 423 | 5 | 244601 | 9 | 416 | 71
718 | Revision_718/vhdl.c | U | 354 | 361 | 5 | 244602 | 9 | 541 | 71
718 | Revision_718/vstring.c | U | 69 | 73 | 5 | 244603 | 9 | 52 | 71
718 | Revision_718/fortran.c | U | 440 | 445 | 5 | 244604 | 9 | 363 | 71
718 | Revision_718/eiffel.c | U | 633 | 639 | 5 | 244605 | 9 | 362 | 71
718 | Revision_718/vhdl.c | U | 611 | 615 | 5 | 244606 | 9 | 542 | 71
718 | Revision_718/jscript.c | U | 1007 | 1016 | 5 | 244607 | 9 | 463 | 71
718 | Revision_718/flex.c | U | 1283 | 1292 | 5 | 244608 | 9 | 578 | 71
718 | Revision_718/vhdl.c | U | 620 | 624 | 5 | 244609 | 9 | 543 | 71
718 | Revision_718/vhdl.c | U | 356 | 360 | 5 | 244610 | 9 | 541 | 71
718 | Revision_718/fortran.c | U | 1060 | 1064 | 5 | 244611 | 9 | 312 | 71
718 | Revision_718/fortran.c | U | 438 | 446 | 5 | 244612 | 9 | 363 | 71
718 | Revision_718/vhdl.c | U | 749 | 754 | 5 | 244613 | 9 | 539 | 71
718 | Revision_718/vhdl.c | U | 730 | 735 | 5 | 244614 | 9 | 560 | 71
718 | Revision_718/c.c | U | 2218 | 2222 | 5 | 244615 | 9 | 125 | 71
718 | Revision_718/options.c | U | 674 | 678 | 5 | 244616 | 9 | 127 | 71
718 | Revision_718/sql.c | U | 1672 | 1676 | 5 | 244617 | 9 | 454 | 71
718 | Revision_718/jscript.c | U | 994 | 1004 | 5 | 244618 | 9 | 479 | 71
718 | Revision_718/sql.c | U | 1933 | 1937 | 5 | 244619 | 9 | 455 | 71
718 | Revision_718/flex.c | U | 1270 | 1280 | 5 | 244620 | 9 | 579 | 71
718 | Revision_718/vhdl.c | U | 457 | 461 | 5 | 244621 | 9 | 544 | 71
718 | Revision_718/sql.c | U | 569 | 573 | 5 | 244622 | 9 | 300 | 71
718 | Revision_718/gnu_regex/regcomp.c | U | 817 | 821 | 5 | 244623 | 9 | 707 | 71
718 | Revision_718/eiffel.c | U | 687 | 691 | 5 | 244624 | 9 | 250 | 71
718 | Revision_718/strlist.c | U | 150 | 154 | 5 | 244625 | 9 | 126 | 71
718 | Revision_718/options.c | U | 1221 | 1225 | 5 | 244626 | 9 | 129 | 71
718 | Revision_718/c.c | U | 2491 | 2498 | 5 | 244627 | 9 | 94 | 71
718 | Revision_718/sql.c | U | 893 | 902 | 5 | 244628 | 9 | 493 | 71
718 | Revision_718/options.c | U | 352 | 357 | 5 | 244629 | 9 | 224 | 71
718 | Revision_718/fortran.c | U | 813 | 818 | 5 | 244630 | 9 | 116 | 71
718 | Revision_718/eiffel.c | U | 425 | 430 | 5 | 244631 | 9 | 119 | 71
718 | Revision_718/jscript.c | U | 909 | 918 | 5 | 244632 | 9 | 456 | 71
718 | Revision_718/gnu_regex/regcomp.c | U | 765 | 770 | 5 | 244633 | 9 | 708 | 71
718 | Revision_718/routines.c | U | 453 | 459 | 5 | 244634 | 9 | 266 | 71
718 | Revision_718/fortran.c | U | 990 | 994 | 5 | 244635 | 9 | 128 | 71
718 | Revision_718/sql.c | U | 905 | 915 | 5 | 244636 | 9 | 698 | 71
718 | Revision_718/fortran.c | U | 805 | 811 | 5 | 244637 | 9 | 50 | 71
718 | Revision_718/eiffel.c | U | 417 | 423 | 5 | 244638 | 9 | 119 | 71
718 | Revision_718/jscript.c | U | 920 | 925 | 5 | 244639 | 9 | 457 | 71
718 | Revision_718/jscript.c | U | 891 | 907 | 5 | 244640 | 9 | 480 | 71
718 | Revision_718/sql.c | U | 1683 | 1692 | 5 | 244641 | 9 | 486 | 71
718 | Revision_718/c.c | U | 545 | 552 | 6 | 244642 | 10 | 53 | 80
718 | Revision_718/c.c | U | 555 | 562 | 6 | 244643 | 10 | 54 | 80
718 | Revision_718/c.c | U | 664 | 680 | 18 | 244644 | 11 | 55 | 70
718 | Revision_718/c.c | U | 1245 | 1259 | 18 | 244645 | 11 | 56 | 70
718 | Revision_718/c.c | U | 683 | 699 | 18 | 244646 | 11 | 60 | 70
718 | Revision_718/fortran.c | U | 1095 | 1115 | 18 | 244647 | 11 | 58 | 70
718 | Revision_718/c.c | U | 1168 | 1186 | 18 | 244648 | 11 | 57 | 70
718 | Revision_718/fortran.c | U | 1118 | 1133 | 18 | 244649 | 11 | 375 | 70
718 | Revision_718/fortran.c | U | 1854 | 1870 | 18 | 244650 | 11 | 59 | 70
718 | Revision_718/fortran.c | U | 1098 | 1113 | 18 | 244651 | 11 | 58 | 70
718 | Revision_718/c.c | U | 1171 | 1184 | 18 | 244652 | 11 | 63 | 70
718 | Revision_718/c.c | U | 686 | 697 | 18 | 244653 | 11 | 57 | 70
718 | Revision_718/flex.c | U | 1904 | 1927 | 18 | 244654 | 11 | 601 | 70
718 | Revision_718/fortran.c | U | 1771 | 1799 | 18 | 244655 | 11 | 366 | 70
718 | Revision_718/jscript.c | U | 1473 | 1496 | 18 | 244656 | 11 | 463 | 70
718 | Revision_718/Test/local.c | U | 9 | 22 | 18 | 244657 | 11 | 384 | 70
718 | Revision_718/eiffel.c | U | 1145 | 1164 | 18 | 244658 | 11 | 307 | 70
718 | Revision_718/fortran.c | U | 1857 | 1868 | 18 | 244659 | 11 | 65 | 70
718 | Revision_718/fortran.c | U | 1254 | 1275 | 18 | 244660 | 11 | 369 | 70
718 | Revision_718/eiffel.c | U | 1142 | 1167 | 18 | 244661 | 11 | 307 | 70
718 | Revision_718/get.c | U | 406 | 413 | 18 | 244662 | 11 | 602 | 70
718 | Revision_718/fortran.c | U | 1571 | 1608 | 18 | 244663 | 11 | 367 | 70
718 | Revision_718/fortran.c | U | 1251 | 1276 | 18 | 244664 | 11 | 369 | 70
718 | Revision_718/eiffel.c | U | 1221 | 1226 | 18 | 244665 | 11 | 362 | 70
718 | Revision_718/fortran.c | U | 1774 | 1797 | 18 | 244666 | 11 | 366 | 70
718 | Revision_718/eiffel.c | U | 941 | 981 | 18 | 244667 | 11 | 700 | 70
718 | Revision_718/eiffel.c | U | 1147 | 1163 | 18 | 244668 | 11 | 307 | 70
718 | Revision_718/c.c | U | 717 | 739 | 21 | 244669 | 12 | 72 | 70
718 | Revision_718/fortran.c | U | 1285 | 1295 | 21 | 244670 | 12 | 337 | 70
718 | Revision_718/c.c | U | 749 | 755 | 8 | 244671 | 13 | 74 | 71
718 | Revision_718/options.c | U | 472 | 479 | 8 | 244672 | 13 | 75 | 71
718 | Revision_718/c.c | U | 790 | 794 | 8 | 244673 | 14 | 76 | 70
718 | Revision_718/jscript.c | U | 1423 | 1427 | 8 | 244674 | 14 | 417 | 70
718 | Revision_718/sql.c | U | 1034 | 1040 | 8 | 244675 | 14 | 419 | 70
718 | Revision_718/tex.c | U | 439 | 443 | 8 | 244676 | 14 | 693 | 70
718 | Revision_718/sql.c | U | 1118 | 1125 | 8 | 244677 | 14 | 418 | 70
718 | Revision_718/fortran.c | U | 1899 | 1903 | 8 | 244678 | 14 | 79 | 70
718 | Revision_718/c.c | U | 2171 | 2175 | 8 | 244679 | 14 | 80 | 70
718 | Revision_718/flex.c | U | 1854 | 1858 | 8 | 244680 | 14 | 580 | 70
718 | Revision_718/fortran.c | U | 1326 | 1330 | 8 | 244681 | 14 | 85 | 70
718 | Revision_718/flex.c | U | 1342 | 1352 | 8 | 244682 | 14 | 581 | 70
718 | Revision_718/eiffel.c | U | 1008 | 1012 | 8 | 244683 | 14 | 269 | 70
718 | Revision_718/eiffel.c | U | 1068 | 1072 | 8 | 244684 | 14 | 269 | 70
718 | Revision_718/sql.c | U | 1439 | 1444 | 8 | 244685 | 14 | 422 | 70
718 | Revision_718/sql.c | U | 1720 | 1726 | 8 | 244686 | 14 | 420 | 70
718 | Revision_718/sql.c | U | 1749 | 1755 | 8 | 244687 | 14 | 421 | 70
718 | Revision_718/readtags.c | U | 144 | 148 | 8 | 244688 | 14 | 87 | 70
718 | Revision_718/jscript.c | U | 696 | 707 | 8 | 244689 | 14 | 426 | 70
718 | Revision_718/jscript.c | U | 1084 | 1090 | 8 | 244690 | 14 | 417 | 70
718 | Revision_718/flex.c | U | 1967 | 1973 | 8 | 244691 | 14 | 582 | 70
718 | Revision_718/flex.c | U | 944 | 955 | 8 | 244692 | 14 | 586 | 70
718 | Revision_718/flex.c | U | 2016 | 2024 | 8 | 244693 | 14 | 584 | 70
718 | Revision_718/ruby.c | U | 214 | 218 | 8 | 244694 | 14 | 392 | 70
718 | Revision_718/sql.c | U | 1331 | 1339 | 8 | 244695 | 14 | 462 | 70
718 | Revision_718/vhdl.c | U | 706 | 714 | 8 | 244696 | 14 | 563 | 70
718 | Revision_718/flex.c | U | 2142 | 2149 | 8 | 244697 | 14 | 583 | 70
718 | Revision_718/eiffel.c | U | 1086 | 1090 | 8 | 244698 | 14 | 151 | 70
718 | Revision_718/sql.c | U | 1431 | 1437 | 8 | 244699 | 14 | 492 | 70
718 | Revision_718/eiffel.c | U | 987 | 991 | 8 | 244700 | 14 | 496 | 70
718 | Revision_718/sql.c | U | 965 | 985 | 8 | 244701 | 14 | 423 | 70
718 | Revision_718/fortran.c | U | 1194 | 1198 | 8 | 244702 | 14 | 85 | 70
718 | Revision_718/sql.c | U | 878 | 885 | 8 | 244703 | 14 | 493 | 70
718 | Revision_718/flex.c | U | 2114 | 2120 | 8 | 244704 | 14 | 585 | 70
718 | Revision_718/keyword.c | U | 184 | 188 | 8 | 244705 | 14 | 91 | 70
718 | Revision_718/options.c | U | 1042 | 1046 | 8 | 244706 | 14 | 89 | 70
718 | Revision_718/readtags.c | U | 452 | 456 | 8 | 244707 | 14 | 90 | 70
718 | Revision_718/eiffel.c | U | 1050 | 1057 | 8 | 244708 | 14 | 701 | 70
718 | Revision_718/fortran.c | U | 1323 | 1331 | 8 | 244709 | 14 | 84 | 70
718 | Revision_718/fortran.c | U | 1535 | 1540 | 8 | 244710 | 14 | 79 | 70
718 | Revision_718/c.c | U | 2785 | 2790 | 8 | 244711 | 14 | 94 | 70
718 | Revision_718/c.c | U | 2241 | 2248 | 8 | 244712 | 14 | 244 | 70
718 | Revision_718/fortran.c | U | 1707 | 1711 | 8 | 244713 | 14 | 373 | 70
718 | Revision_718/c.c | U | 1790 | 1794 | 8 | 244714 | 14 | 121 | 70
718 | Revision_718/vstring.c | U | 35 | 40 | 8 | 244715 | 14 | 98 | 70
718 | Revision_718/c.c | U | 1781 | 1785 | 8 | 244716 | 14 | 331 | 70
718 | Revision_718/sql.c | U | 768 | 780 | 8 | 244717 | 14 | 493 | 70
718 | Revision_718/flex.c | U | 2133 | 2139 | 8 | 244718 | 14 | 588 | 70
718 | Revision_718/jscript.c | U | 839 | 846 | 8 | 244719 | 14 | 427 | 70
718 | Revision_718/sql.c | U | 1500 | 1508 | 8 | 244720 | 14 | 462 | 70
718 | Revision_718/flex.c | U | 2112 | 2121 | 8 | 244721 | 14 | 585 | 70
718 | Revision_718/sql.c | U | 845 | 859 | 8 | 244722 | 14 | 423 | 70
718 | Revision_718/vim.c | U | 400 | 408 | 8 | 244723 | 14 | 500 | 70
718 | Revision_718/gnu_regex/regcomp.c | U | 3586 | 3593 | 8 | 244724 | 14 | 709 | 70
718 | Revision_718/flex.c | U | 2186 | 2193 | 8 | 244725 | 14 | 587 | 70
718 | Revision_718/eiffel.c | U | 1123 | 1132 | 8 | 244726 | 14 | 101 | 70
718 | Revision_718/fortran.c | U | 1308 | 1314 | 8 | 244727 | 14 | 85 | 70
718 | Revision_718/sql.c | U | 2072 | 2079 | 8 | 244728 | 14 | 538 | 70
718 | Revision_718/fortran.c | U | 1367 | 1373 | 8 | 244729 | 14 | 337 | 70
718 | Revision_718/fortran.c | U | 1528 | 1533 | 8 | 244730 | 14 | 79 | 70
718 | Revision_718/ruby.c | U | 195 | 200 | 8 | 244731 | 14 | 591 | 70
718 | Revision_718/jscript.c | U | 1324 | 1339 | 8 | 244732 | 14 | 413 | 70
718 | Revision_718/sql.c | U | 1615 | 1622 | 8 | 244733 | 14 | 430 | 70
718 | Revision_718/flex.c | U | 1755 | 1770 | 8 | 244734 | 14 | 590 | 70
718 | Revision_718/vhdl.c | U | 635 | 640 | 8 | 244735 | 14 | 542 | 70
718 | Revision_718/sql.c | U | 876 | 888 | 8 | 244736 | 14 | 308 | 70
718 | Revision_718/sql.c | U | 1511 | 1521 | 8 | 244737 | 14 | 462 | 70
718 | Revision_718/flex.c | U | 2103 | 2122 | 8 | 244738 | 14 | 589 | 70
718 | Revision_718/eiffel.c | U | 1120 | 1133 | 8 | 244739 | 14 | 156 | 70
718 | Revision_718/flex.c | U | 2183 | 2194 | 8 | 244740 | 14 | 587 | 70
718 | Revision_718/vhdl.c | U | 704 | 715 | 8 | 244741 | 14 | 545 | 70
718 | Revision_718/get.c | U | 594 | 598 | 8 | 244742 | 14 | 122 | 70
718 | Revision_718/c.c | U | 2069 | 2075 | 8 | 244743 | 14 | 12 | 70
718 | Revision_718/sql.c | U | 2070 | 2080 | 8 | 244744 | 14 | 538 | 70
718 | Revision_718/eiffel.c | U | 912 | 920 | 8 | 244745 | 14 | 702 | 70
718 | Revision_718/sql.c | U | 1998 | 2026 | 8 | 244746 | 14 | 431 | 70
718 | Revision_718/fortran.c | U | 1401 | 1409 | 8 | 244747 | 14 | 59 | 70
718 | Revision_718/vhdl.c | U | 656 | 668 | 8 | 244748 | 14 | 546 | 70
718 | Revision_718/flex.c | U | 1961 | 1975 | 8 | 244749 | 14 | 582 | 70
718 | Revision_718/flex.c | U | 895 | 921 | 8 | 244750 | 14 | 593 | 70
718 | Revision_718/jscript.c | U | 567 | 581 | 8 | 244751 | 14 | 428 | 70
718 | Revision_718/flex.c | U | 819 | 833 | 8 | 244752 | 14 | 598 | 70
718 | Revision_718/fortran.c | U | 1473 | 1482 | 8 | 244753 | 14 | 65 | 70
718 | Revision_718/c.c | U | 2197 | 2204 | 8 | 244754 | 14 | 28 | 70
718 | Revision_718/fortran.c | U | 1434 | 1442 | 8 | 244755 | 14 | 314 | 70
718 | Revision_718/flex.c | U | 837 | 868 | 8 | 244756 | 14 | 593 | 70
718 | Revision_718/sql.c | U | 843 | 860 | 8 | 244757 | 14 | 423 | 70
718 | Revision_718/flex.c | U | 1952 | 1977 | 8 | 244758 | 14 | 595 | 70
718 | Revision_718/jscript.c | U | 585 | 620 | 8 | 244759 | 14 | 429 | 70
718 | Revision_718/flex.c | U | 2124 | 2140 | 8 | 244760 | 14 | 592 | 70
718 | Revision_718/c.c | U | 1992 | 1996 | 8 | 244761 | 14 | 121 | 70
718 | Revision_718/readtags.c | U | 363 | 367 | 8 | 244762 | 14 | 529 | 70
718 | Revision_718/eiffel.c | U | 1039 | 1047 | 8 | 244763 | 14 | 496 | 70
718 | Revision_718/sql.c | U | 1249 | 1272 | 8 | 244764 | 14 | 535 | 70
718 | Revision_718/fortran.c | U | 1696 | 1705 | 8 | 244765 | 14 | 221 | 70
718 | Revision_718/jscript.c | U | 647 | 673 | 8 | 244766 | 14 | 432 | 70
718 | Revision_718/vhdl.c | U | 617 | 625 | 8 | 244767 | 14 | 542 | 70
718 | Revision_718/sql.c | U | 1142 | 1165 | 8 | 244768 | 14 | 437 | 70
718 | Revision_718/sql.c | U | 1109 | 1126 | 8 | 244769 | 14 | 435 | 70
718 | Revision_718/jscript.c | U | 837 | 847 | 8 | 244770 | 14 | 427 | 70
718 | Revision_718/vhdl.c | U | 746 | 759 | 8 | 244771 | 14 | 539 | 70
718 | Revision_718/vhdl.c | U | 727 | 740 | 8 | 244772 | 14 | 560 | 70
718 | Revision_718/sql.c | U | 1568 | 1578 | 8 | 244773 | 14 | 462 | 70
718 | Revision_718/flex.c | U | 1262 | 1281 | 8 | 244774 | 14 | 596 | 70
718 | Revision_718/jscript.c | U | 986 | 1005 | 8 | 244775 | 14 | 438 | 70
718 | Revision_718/flex.c | U | 1193 | 1221 | 8 | 244776 | 14 | 599 | 70
718 | Revision_718/eiffel.c | U | 894 | 901 | 8 | 244777 | 14 | 703 | 70
718 | Revision_718/flex.c | U | 1964 | 1974 | 8 | 244778 | 14 | 582 | 70
718 | Revision_718/jscript.c | U | 675 | 708 | 8 | 244779 | 14 | 597 | 70
718 | Revision_718/eiffel.c | U | 1117 | 1134 | 8 | 244780 | 14 | 156 | 70
718 | Revision_718/fortran.c | U | 620 | 624 | 8 | 244781 | 14 | 112 | 70
718 | Revision_718/fortran.c | U | 729 | 733 | 8 | 244782 | 14 | 144 | 70
718 | Revision_718/fortran.c | U | 1520 | 1526 | 8 | 244783 | 14 | 65 | 70
718 | Revision_718/fortran.c | U | 1741 | 1747 | 8 | 244784 | 14 | 314 | 70
718 | Revision_718/fortran.c | U | 1067 | 1073 | 8 | 244785 | 14 | 350 | 70
718 | Revision_718/vhdl.c | U | 586 | 600 | 8 | 244786 | 14 | 547 | 70
718 | Revision_718/sql.c | U | 1732 | 1758 | 8 | 244787 | 14 | 439 | 70
718 | Revision_718/sql.c | U | 1761 | 1782 | 8 | 244788 | 14 | 440 | 70
718 | Revision_718/pascal.c | U | 134 | 138 | 8 | 244789 | 14 | 164 | 70
718 | Revision_718/perl.c | U | 187 | 191 | 8 | 244790 | 14 | 163 | 70
718 | Revision_718/sql.c | U | 1800 | 1821 | 8 | 244791 | 14 | 442 | 70
718 | Revision_718/sql.c | U | 1824 | 1845 | 8 | 244792 | 14 | 443 | 70
718 | Revision_718/sql.c | U | 1701 | 1729 | 8 | 244793 | 14 | 441 | 70
718 | Revision_718/sql.c | U | 1848 | 1888 | 8 | 244794 | 14 | 445 | 70
718 | Revision_718/vhdl.c | U | 647 | 670 | 8 | 244795 | 14 | 569 | 70
718 | Revision_718/sql.c | U | 1409 | 1447 | 8 | 244796 | 14 | 447 | 70
718 | Revision_718/sql.c | U | 1585 | 1624 | 8 | 244797 | 14 | 448 | 70
718 | Revision_718/flex.c | U | 1259 | 1293 | 8 | 244798 | 14 | 600 | 70
718 | Revision_718/jscript.c | U | 983 | 1017 | 8 | 244799 | 14 | 482 | 70
718 | Revision_718/c.c | U | 800 | 821 | 44 | 244800 | 15 | 103 | 72
718 | Revision_718/c.c | U | 824 | 844 | 44 | 244801 | 15 | 332 | 72
718 | Revision_718/c.c | U | 932 | 951 | 44 | 244802 | 15 | 103 | 72
718 | Revision_718/c.c | U | 865 | 885 | 44 | 244803 | 15 | 316 | 72
718 | Revision_718/c.c | U | 847 | 863 | 44 | 244804 | 15 | 316 | 72
718 | Revision_718/c.c | U | 888 | 899 | 12 | 244805 | 16 | 317 | 90
718 | Revision_718/c.c | U | 902 | 913 | 12 | 244806 | 16 | 318 | 90
718 | Revision_718/c.c | U | 1053 | 1058 | 6 | 244807 | 17 | 407 | 80
718 | Revision_718/jscript.c | U | 1299 | 1304 | 6 | 244808 | 17 | 417 | 80
718 | Revision_718/flex.c | U | 1733 | 1738 | 6 | 244809 | 17 | 603 | 80
718 | Revision_718/c.c | U | 1308 | 1314 | 7 | 244810 | 18 | 385 | 71
718 | Revision_718/make.c | U | 63 | 69 | 7 | 244811 | 18 | 394 | 71
718 | Revision_718/fortran.c | U | 502 | 510 | 7 | 244812 | 18 | 112 | 71
718 | Revision_718/make.c | U | 53 | 60 | 7 | 244813 | 18 | 395 | 71
718 | Revision_718/c.c | U | 1381 | 1388 | 7 | 244814 | 19 | 108 | 80
718 | Revision_718/c.c | U | 1390 | 1397 | 7 | 244815 | 19 | 109 | 80
718 | Revision_718/c.c | U | 1411 | 1418 | 7 | 244816 | 20 | 110 | 71
718 | Revision_718/c.c | U | 1421 | 1428 | 7 | 244817 | 20 | 111 | 71
718 | Revision_718/fortran.c | U | 626 | 632 | 7 | 244818 | 20 | 112 | 71
718 | Revision_718/c.c | U | 2209 | 2216 | 7 | 244819 | 20 | 405 | 71
718 | Revision_718/flex.c | U | 487 | 494 | 7 | 244820 | 20 | 604 | 71
718 | Revision_718/jscript.c | U | 418 | 425 | 7 | 244821 | 20 | 450 | 71
718 | Revision_718/sql.c | U | 619 | 626 | 7 | 244822 | 20 | 406 | 71
718 | Revision_718/c.c | U | 1459 | 1464 | 6 | 244823 | 21 | 386 | 80
718 | Revision_718/c.c | U | 1802 | 1807 | 6 | 244824 | 21 | 80 | 80
718 | Revision_718/c.c | U | 1485 | 1494 | 9 | 244825 | 22 | 294 | 71
718 | Revision_718/eiffel.c | U | 559 | 567 | 9 | 244826 | 22 | 295 | 71
718 | Revision_718/c.c | U | 1488 | 1492 | 5 | 244827 | 23 | 294 | 75
718 | Revision_718/flex.c | U | 1772 | 1789 | 5 | 244828 | 23 | 605 | 75
718 | Revision_718/jscript.c | U | 1341 | 1358 | 5 | 244829 | 23 | 571 | 75
718 | Revision_718/ocaml.c | U | 1103 | 1109 | 5 | 244830 | 23 | 746 | 75
718 | Revision_718/readtags.c | U | 502 | 506 | 5 | 244831 | 23 | 90 | 75
718 | Revision_718/readtags.c | U | 681 | 685 | 5 | 244832 | 23 | 99 | 75
718 | Revision_718/c.c | U | 1502 | 1515 | 10 | 244833 | 24 | 396 | 75
718 | Revision_718/make.c | U | 77 | 87 | 10 | 244834 | 24 | 397 | 75
718 | Revision_718/fortran.c | U | 854 | 865 | 10 | 244835 | 24 | 116 | 75
718 | Revision_718/verilog.c | U | 199 | 212 | 10 | 244836 | 24 | 398 | 75
718 | Revision_718/tex.c | U | 264 | 276 | 10 | 244837 | 24 | 671 | 75
718 | Revision_718/eiffel.c | U | 577 | 589 | 10 | 244838 | 24 | 114 | 75
718 | Revision_718/jscript.c | U | 342 | 353 | 10 | 244839 | 24 | 451 | 75
718 | Revision_718/flex.c | U | 407 | 418 | 10 | 244840 | 24 | 606 | 75
718 | Revision_718/eiffel.c | U | 592 | 604 | 10 | 244841 | 24 | 117 | 75
718 | Revision_718/sql.c | U | 500 | 511 | 10 | 244842 | 24 | 306 | 75
718 | Revision_718/vhdl.c | U | 391 | 402 | 10 | 244843 | 24 | 548 | 75
718 | Revision_718/c.c | U | 1619 | 1625 | 8 | 244844 | 25 | 452 | 71
718 | Revision_718/tex.c | U | 362 | 369 | 8 | 244845 | 25 | 672 | 71
718 | Revision_718/eiffel.c | U | 607 | 615 | 8 | 244846 | 25 | 146 | 71
718 | Revision_718/jscript.c | U | 456 | 464 | 8 | 244847 | 25 | 453 | 71
718 | Revision_718/flex.c | U | 707 | 716 | 8 | 244848 | 25 | 607 | 71
718 | Revision_718/c.c | U | 2504 | 2508 | 5 | 244849 | 26 | 387 | 100
718 | Revision_718/c.c | U | 2511 | 2515 | 5 | 244850 | 26 | 94 | 100
718 | Revision_718/c.c | U | 2734 | 2739 | 6 | 244851 | 27 | 94 | 80
718 | Revision_718/sql.c | U | 1129 | 1134 | 6 | 244852 | 27 | 301 | 80
718 | Revision_718/c.c | U | 2825 | 2834 | 9 | 244853 | 28 | 130 | 71
718 | Revision_718/tex.c | U | 157 | 166 | 9 | 244854 | 28 | 673 | 71
718 | Revision_718/eiffel.c | U | 218 | 227 | 9 | 244855 | 28 | 131 | 71
718 | Revision_718/fortran.c | U | 398 | 407 | 9 | 244856 | 28 | 132 | 71
718 | Revision_718/jscript.c | U | 180 | 189 | 9 | 244857 | 28 | 458 | 71
718 | Revision_718/sql.c | U | 392 | 401 | 9 | 244858 | 28 | 302 | 71
718 | Revision_718/verilog.c | U | 108 | 118 | 9 | 244859 | 28 | 381 | 71
718 | Revision_718/flex.c | U | 209 | 218 | 9 | 244860 | 28 | 608 | 71
718 | Revision_718/asm.c | U | 120 | 128 | 9 | 244861 | 28 | 288 | 71
718 | Revision_718/vhdl.c | U | 573 | 583 | 9 | 244862 | 28 | 549 | 71
718 | Revision_718/eiffel.c | U | 290 | 304 | 10 | 244863 | 29 | 133 | 70
718 | Revision_718/vhdl.c | U | 536 | 548 | 10 | 244864 | 29 | 550 | 70
718 | Revision_718/jscript.c | U | 219 | 233 | 10 | 244865 | 29 | 459 | 70
718 | Revision_718/tex.c | U | 194 | 208 | 10 | 244866 | 29 | 674 | 70
718 | Revision_718/sql.c | U | 430 | 444 | 10 | 244867 | 29 | 303 | 70
718 | Revision_718/beta.c | U | 71 | 80 | 10 | 244868 | 29 | 134 | 70
718 | Revision_718/flex.c | U | 249 | 263 | 10 | 244869 | 29 | 609 | 70
718 | Revision_718/sml.c | U | 75 | 81 | 10 | 244870 | 29 | 324 | 70
718 | Revision_718/parse.c | U | 43 | 54 | 10 | 244871 | 29 | 135 | 70
718 | Revision_718/eiffel.c | U | 292 | 302 | 10 | 244872 | 29 | 136 | 70
718 | Revision_718/eiffel.c | U | 370 | 379 | 8 | 244873 | 30 | 304 | 100
718 | Revision_718/read.c | U | 453 | 460 | 8 | 244874 | 30 | 704 | 100
718 | Revision_718/eiffel.c | U | 385 | 406 | 20 | 244875 | 31 | 139 | 70
718 | Revision_718/fortran.c | U | 768 | 794 | 20 | 244876 | 31 | 140 | 70
718 | Revision_718/eiffel.c | U | 409 | 437 | 24 | 244877 | 32 | 141 | 95
718 | Revision_718/fortran.c | U | 797 | 825 | 24 | 244878 | 32 | 505 | 95
718 | Revision_718/eiffel.c | U | 550 | 554 | 5 | 244879 | 33 | 143 | 75
718 | Revision_718/verilog.c | U | 238 | 242 | 5 | 244880 | 33 | 382 | 75
718 | Revision_718/fortran.c | U | 786 | 790 | 5 | 244881 | 33 | 145 | 75
718 | Revision_718/verilog.c | U | 142 | 146 | 5 | 244882 | 33 | 383 | 75
718 | Revision_718/fortran.c | U | 969 | 973 | 5 | 244883 | 33 | 144 | 75
718 | Revision_718/eiffel.c | U | 701 | 708 | 7 | 244884 | 34 | 705 | 71
718 | Revision_718/sql.c | U | 582 | 587 | 7 | 244885 | 34 | 300 | 71
718 | Revision_718/eiffel.c | U | 752 | 759 | 9 | 244886 | 35 | 148 | 77
718 | Revision_718/vhdl.c | U | 467 | 476 | 9 | 244887 | 35 | 553 | 77
718 | Revision_718/flex.c | U | 692 | 701 | 9 | 244888 | 35 | 610 | 77
718 | Revision_718/jscript.c | U | 441 | 450 | 9 | 244889 | 35 | 461 | 77
718 | Revision_718/tex.c | U | 330 | 339 | 9 | 244890 | 35 | 675 | 77
718 | Revision_718/eiffel.c | U | 761 | 766 | 6 | 244891 | 36 | 506 | 100
718 | Revision_718/fortran.c | U | 1027 | 1032 | 6 | 244892 | 36 | 312 | 100
718 | Revision_718/eiffel.c | U | 1049 | 1074 | 23 | 244893 | 37 | 706 | 70
718 | Revision_718/sql.c | U | 1484 | 1522 | 23 | 244894 | 37 | 658 | 70
718 | Revision_718/flex.c | U | 1941 | 1984 | 23 | 244895 | 37 | 656 | 70
718 | Revision_718/flex.c | U | 2003 | 2056 | 23 | 244896 | 37 | 659 | 70
718 | Revision_718/flex.c | U | 2173 | 2200 | 23 | 244897 | 37 | 661 | 70
718 | Revision_718/eiffel.c | U | 1237 | 1248 | 8 | 244898 | 38 | 9 | 71
718 | Revision_718/tex.c | U | 497 | 506 | 8 | 244899 | 38 | 676 | 71
718 | Revision_718/vhdl.c | U | 813 | 821 | 8 | 244900 | 38 | 567 | 71
718 | Revision_718/sql.c | U | 2090 | 2098 | 8 | 244901 | 38 | 568 | 71
718 | Revision_718/basic.c | U | 135 | 140 | 6 | 244902 | 39 | 411 | 80
718 | Revision_718/basic.c | U | 147 | 152 | 6 | 244903 | 39 | 412 | 80
718 | Revision_718/verilog.c | U | 187 | 193 | 8 | 244904 | 40 | 399 | 75
718 | Revision_718/make.c | U | 97 | 105 | 8 | 244905 | 40 | 400 | 75
718 | Revision_718/verilog.c | U | 286 | 290 | 5 | 244906 | 41 | 401 | 75
718 | Revision_718/make.c | U | 44 | 48 | 5 | 244907 | 41 | 402 | 75
718 | Revision_718/jscript.c | U | 236 | 257 | 15 | 244908 | 42 | 467 | 75
718 | Revision_718/flex.c | U | 266 | 299 | 15 | 244909 | 42 | 611 | 75
718 | Revision_718/vhdl.c | U | 551 | 570 | 15 | 244910 | 42 | 554 | 75
718 | Revision_718/sql.c | U | 447 | 468 | 15 | 244911 | 42 | 468 | 75
718 | Revision_718/tex.c | U | 211 | 232 | 15 | 244912 | 42 | 677 | 75
718 | Revision_718/jscript.c | U | 260 | 284 | 19 | 244913 | 43 | 572 | 73
718 | Revision_718/flex.c | U | 352 | 376 | 19 | 244914 | 43 | 612 | 73
718 | Revision_718/jscript.c | U | 287 | 311 | 19 | 244915 | 43 | 534 | 73
718 | Revision_718/flex.c | U | 1821 | 1861 | 19 | 244916 | 43 | 614 | 73
718 | Revision_718/jscript.c | U | 1390 | 1430 | 19 | 244917 | 43 | 573 | 73
718 | Revision_718/flex.c | U | 329 | 349 | 19 | 244918 | 43 | 613 | 73
718 | Revision_718/flex.c | U | 302 | 326 | 19 | 244919 | 43 | 615 | 73
718 | Revision_718/jscript.c | U | 267 | 271 | 5 | 244920 | 44 | 458 | 75
718 | Revision_718/tex.c | U | 408 | 412 | 5 | 244921 | 44 | 694 | 75
718 | Revision_718/tex.c | U | 431 | 435 | 5 | 244922 | 44 | 695 | 75
718 | Revision_718/jscript.c | U | 294 | 298 | 5 | 244923 | 44 | 460 | 75
718 | Revision_718/jscript.c | U | 1411 | 1415 | 5 | 244924 | 44 | 417 | 75
718 | Revision_718/flex.c | U | 309 | 313 | 5 | 244925 | 44 | 679 | 75
718 | Revision_718/flex.c | U | 1842 | 1846 | 5 | 244926 | 44 | 680 | 75
718 | Revision_718/flex.c | U | 359 | 363 | 5 | 244927 | 44 | 681 | 75
718 | Revision_718/flex.c | U | 336 | 340 | 5 | 244928 | 44 | 682 | 75
718 | Revision_718/jscript.c | U | 318 | 336 | 16 | 244929 | 45 | 534 | 78
718 | Revision_718/tex.c | U | 239 | 257 | 16 | 244930 | 45 | 683 | 78
718 | Revision_718/flex.c | U | 383 | 401 | 16 | 244931 | 45 | 616 | 78
718 | Revision_718/sql.c | U | 475 | 495 | 16 | 244932 | 45 | 306 | 78
718 | Revision_718/vhdl.c | U | 368 | 386 | 16 | 244933 | 45 | 555 | 78
718 | Revision_718/jscript.c | U | 356 | 453 | 107 | 244934 | 46 | 472 | 75
718 | Revision_718/tex.c | U | 279 | 359 | 107 | 244935 | 46 | 684 | 75
718 | Revision_718/sql.c | U | 514 | 660 | 107 | 244936 | 46 | 473 | 75
718 | Revision_718/jscript.c | U | 365 | 369 | 5 | 244937 | 47 | 471 | 71
718 | Revision_718/flex.c | U | 614 | 618 | 5 | 244938 | 47 | 617 | 71
718 | Revision_718/flex.c | U | 503 | 507 | 5 | 244939 | 47 | 619 | 71
718 | Revision_718/flex.c | U | 662 | 666 | 5 | 244940 | 47 | 620 | 71
718 | Revision_718/flex.c | U | 430 | 434 | 5 | 244941 | 47 | 618 | 71
718 | Revision_718/vhdl.c | U | 414 | 418 | 5 | 244942 | 47 | 556 | 71
718 | Revision_718/sql.c | U | 523 | 536 | 5 | 244943 | 47 | 380 | 71
718 | Revision_718/tex.c | U | 288 | 292 | 5 | 244944 | 47 | 685 | 71
718 | Revision_718/flex.c | U | 660 | 667 | 5 | 244945 | 47 | 621 | 71
718 | Revision_718/flex.c | U | 476 | 481 | 5 | 244946 | 47 | 617 | 71
718 | Revision_718/flex.c | U | 612 | 619 | 5 | 244947 | 47 | 622 | 71
718 | Revision_718/flex.c | U | 523 | 529 | 5 | 244948 | 47 | 619 | 71
718 | Revision_718/flex.c | U | 627 | 633 | 5 | 244949 | 47 | 623 | 71
718 | Revision_718/flex.c | U | 603 | 610 | 5 | 244950 | 47 | 624 | 71
718 | Revision_718/flex.c | U | 651 | 658 | 5 | 244951 | 47 | 625 | 71
718 | Revision_718/flex.c | U | 638 | 644 | 5 | 244952 | 47 | 626 | 71
718 | Revision_718/flex.c | U | 536 | 542 | 5 | 244953 | 47 | 627 | 71
718 | Revision_718/flex.c | U | 590 | 596 | 5 | 244954 | 47 | 628 | 71
718 | Revision_718/flex.c | U | 549 | 556 | 5 | 244955 | 47 | 629 | 71
718 | Revision_718/jscript.c | U | 405 | 435 | 25 | 244956 | 48 | 630 | 70
718 | Revision_718/flex.c | U | 483 | 508 | 25 | 244957 | 48 | 631 | 70
718 | Revision_718/sql.c | U | 606 | 636 | 25 | 244958 | 48 | 632 | 70
718 | Revision_718/jscript.c | U | 471 | 501 | 17 | 244959 | 49 | 465 | 83
718 | Revision_718/flex.c | U | 756 | 785 | 17 | 244960 | 49 | 634 | 83
718 | Revision_718/jscript.c | U | 504 | 533 | 17 | 244961 | 49 | 507 | 83
718 | Revision_718/flex.c | U | 723 | 753 | 17 | 244962 | 49 | 633 | 83
718 | Revision_718/sql.c | U | 746 | 764 | 17 | 244963 | 49 | 536 | 83
718 | Revision_718/vhdl.c | U | 514 | 532 | 17 | 244964 | 49 | 557 | 83
718 | Revision_718/jscript.c | U | 536 | 543 | 7 | 244965 | 50 | 474 | 80
718 | Revision_718/flex.c | U | 788 | 795 | 7 | 244966 | 50 | 636 | 80
718 | Revision_718/flex.c | U | 798 | 805 | 7 | 244967 | 50 | 635 | 80
718 | Revision_718/sql.c | U | 679 | 686 | 7 | 244968 | 50 | 476 | 80
718 | Revision_718/jscript.c | U | 546 | 553 | 7 | 244969 | 50 | 475 | 80
718 | Revision_718/jscript.c | U | 560 | 582 | 13 | 244970 | 51 | 433 | 100
718 | Revision_718/flex.c | U | 812 | 834 | 13 | 244971 | 51 | 637 | 100
718 | Revision_718/jscript.c | U | 623 | 709 | 30 | 244972 | 52 | 638 | 90
718 | Revision_718/flex.c | U | 871 | 957 | 30 | 244973 | 52 | 639 | 90
718 | Revision_718/jscript.c | U | 712 | 819 | 30 | 244974 | 53 | 640 | 100
718 | Revision_718/flex.c | U | 960 | 1067 | 30 | 244975 | 53 | 641 | 100
718 | Revision_718/jscript.c | U | 963 | 1024 | 33 | 244976 | 54 | 642 | 100
718 | Revision_718/flex.c | U | 1239 | 1300 | 33 | 244977 | 54 | 643 | 100
718 | Revision_718/jscript.c | U | 1027 | 1457 | 198 | 244978 | 55 | 644 | 77
718 | Revision_718/flex.c | U | 1419 | 1888 | 198 | 244979 | 55 | 645 | 77
718 | Revision_718/jscript.c | U | 1072 | 1081 | 6 | 244980 | 56 | 497 | 75
718 | Revision_718/options.c | U | 1683 | 1687 | 6 | 244981 | 56 | 333 | 75
718 | Revision_718/jscript.c | U | 1152 | 1178 | 12 | 244982 | 57 | 508 | 72
718 | Revision_718/jscript.c | U | 1180 | 1202 | 12 | 244983 | 57 | 509 | 72
718 | Revision_718/jscript.c | U | 1460 | 1507 | 29 | 244984 | 58 | 646 | 92
718 | Revision_718/flex.c | U | 1891 | 1938 | 29 | 244985 | 58 | 647 | 92
718 | Revision_718/jscript.c | U | 1512 | 1527 | 16 | 244986 | 59 | 413 | 75
718 | Revision_718/flex.c | U | 2155 | 2168 | 16 | 244987 | 59 | 648 | 75
718 | Revision_718/jscript.c | U | 1518 | 1521 | 8 | 244988 | 60 | 498 | 71
718 | Revision_718/Test/local.c | U | 14 | 20 | 8 | 244989 | 60 | 384 | 71
718 | Revision_718/vhdl.c | U | 499 | 506 | 8 | 244990 | 60 | 558 | 71
718 | Revision_718/flex.c | U | 2159 | 2162 | 8 | 244991 | 60 | 649 | 71
718 | Revision_718/jscript.c | U | 1531 | 1535 | 5 | 244992 | 61 | 484 | 75
718 | Revision_718/sql.c | U | 2083 | 2087 | 5 | 244993 | 61 | 404 | 75
718 | Revision_718/ocaml.c | U | 1824 | 1829 | 5 | 244994 | 61 | 748 | 75
718 | Revision_718/make.c | U | 191 | 195 | 5 | 244995 | 61 | 403 | 75
718 | Revision_718/ocaml.c | U | 895 | 901 | 5 | 244996 | 61 | 747 | 75
718 | Revision_718/tex.c | U | 490 | 494 | 5 | 244997 | 61 | 690 | 75
718 | Revision_718/flex.c | U | 2203 | 2207 | 5 | 244998 | 61 | 650 | 75
718 | Revision_718/options.c | U | 1773 | 1779 | 5 | 244999 | 61 | 749 | 75
718 | Revision_718/jscript.c | U | 1538 | 1554 | 14 | 245000 | 62 | 651 | 100
718 | Revision_718/flex.c | U | 2210 | 2226 | 14 | 245001 | 62 | 652 | 100
718 | Revision_718/gnu_regex/regcomp.c | U | 258 | 263 | 5 | 245002 | 63 | 710 | 75
718 | Revision_718/routines.c | U | 621 | 644 | 5 | 245003 | 63 | 514 | 75
718 | Revision_718/options.c | U | 397 | 402 | 5 | 245004 | 63 | 355 | 75
718 | Revision_718/main.c | U | 126 | 139 | 5 | 245005 | 63 | 354 | 75
718 | Revision_718/gnu_regex/regcomp.c | U | 1222 | 1232 | 11 | 245006 | 64 | 711 | 70
718 | Revision_718/gnu_regex/regcomp.c | U | 3804 | 3816 | 11 | 245007 | 64 | 712 | 70
718 | Revision_718/gnu_regex/regcomp.c | U | 1277 | 1281 | 5 | 245008 | 65 | 713 | 100
718 | Revision_718/gnu_regex/regcomp.c | U | 1283 | 1287 | 5 | 245009 | 65 | 714 | 100
718 | Revision_718/gnu_regex/regcomp.c | U | 1477 | 1482 | 6 | 245010 | 66 | 715 | 80
718 | Revision_718/gnu_regex/regcomp.c | U | 1516 | 1522 | 6 | 245011 | 66 | 716 | 80
718 | Revision_718/gnu_regex/regcomp.c | U | 1662 | 1667 | 5 | 245012 | 67 | 717 | 75
718 | Revision_718/gnu_regex/regex_internal.c | U | 76 | 80 | 5 | 245013 | 67 | 719 | 75
718 | Revision_718/gnu_regex/regcomp.c | U | 1685 | 1689 | 5 | 245014 | 67 | 718 | 75
718 | Revision_718/gnu_regex/regcomp.c | U | 2011 | 2030 | 16 | 245015 | 68 | 720 | 75
718 | Revision_718/gnu_regex/regcomp.c | U | 2034 | 2046 | 16 | 245016 | 68 | 721 | 75
718 | Revision_718/gnu_regex/regcomp.c | U | 2158 | 2165 | 7 | 245017 | 69 | 722 | 80
718 | Revision_718/gnu_regex/regcomp.c | U | 2312 | 2319 | 7 | 245018 | 69 | 723 | 80
718 | Revision_718/gnu_regex/regcomp.c | U | 2292 | 2296 | 5 | 245019 | 70 | 724 | 75
718 | Revision_718/readtags.c | U | 242 | 246 | 5 | 245020 | 70 | 726 | 75
718 | Revision_718/gnu_regex/regcomp.c | U | 2298 | 2302 | 5 | 245021 | 70 | 725 | 75
718 | Revision_718/gnu_regex/regex_internal.c | U | 1048 | 1055 | 8 | 245022 | 71 | 727 | 71
718 | Revision_718/gnu_regex/regex_internal.c | U | 1562 | 1570 | 8 | 245023 | 71 | 728 | 71
718 | Revision_718/gnu_regex/regex_internal.c | U | 1188 | 1195 | 8 | 245024 | 71 | 729 | 71
718 | Revision_718/gnu_regex/regex_internal.c | U | 1101 | 1116 | 13 | 245025 | 72 | 730 | 80
718 | Revision_718/gnu_regex/regex_internal.c | U | 1234 | 1254 | 13 | 245026 | 72 | 731 | 80
718 | Revision_718/gnu_regex/regex_internal.c | U | 1287 | 1294 | 8 | 245027 | 73 | 732 | 85
718 | Revision_718/gnu_regex/regex_internal.c | U | 1326 | 1333 | 8 | 245028 | 73 | 733 | 85
718 | Revision_718/gnu_regex/regex_internal.c | U | 1464 | 1492 | 22 | 245029 | 74 | 734 | 70
718 | Revision_718/gnu_regex/regex_internal.c | U | 1508 | 1535 | 22 | 245030 | 74 | 735 | 70
718 | Revision_718/vim.c | U | 97 | 101 | 5 | 245031 | 75 | 290 | 100
718 | Revision_718/vim.c | U | 103 | 107 | 5 | 245032 | 75 | 291 | 100
718 | Revision_718/vim.c | U | 244 | 267 | 17 | 245033 | 76 | 334 | 76
718 | Revision_718/vim.c | U | 294 | 312 | 17 | 245034 | 76 | 159 | 76
718 | Revision_718/python.c | U | 74 | 87 | 11 | 245035 | 77 | 37 | 77
718 | Revision_718/python.c | U | 117 | 128 | 11 | 245036 | 77 | 13 | 77
718 | Revision_718/python.c | U | 170 | 173 | 5 | 245037 | 78 | 532 | 75
718 | Revision_718/get.c | U | 649 | 653 | 5 | 245038 | 78 | 533 | 75
718 | Revision_718/python.c | U | 182 | 186 | 5 | 245039 | 79 | 278 | 75
718 | Revision_718/sml.c | U | 84 | 88 | 5 | 245040 | 79 | 325 | 75
718 | Revision_718/python.c | U | 204 | 208 | 5 | 245041 | 79 | 326 | 75
718 | Revision_718/erlang.c | U | 58 | 62 | 5 | 245042 | 79 | 341 | 75
718 | Revision_718/options.c | U | 963 | 968 | 5 | 245043 | 79 | 280 | 75
718 | Revision_718/python.c | U | 212 | 221 | 9 | 245044 | 80 | 292 | 75
718 | Revision_718/tcl.c | U | 44 | 54 | 9 | 245045 | 80 | 293 | 75
718 | Revision_718/erlang.c | U | 66 | 75 | 9 | 245046 | 80 | 342 | 75
718 | Revision_718/python.c | U | 512 | 516 | 7 | 245047 | 81 | 504 | 80
718 | Revision_718/python.c | U | 517 | 522 | 7 | 245048 | 81 | 504 | 80
718 | Revision_718/python.c | U | 612 | 616 | 5 | 245049 | 82 | 504 | 75
718 | Revision_718/pascal.c | U | 184 | 190 | 5 | 245050 | 82 | 171 | 75
718 | Revision_718/pascal.c | U | 176 | 182 | 5 | 245051 | 82 | 170 | 75
718 | Revision_718/pascal.c | U | 150 | 154 | 5 | 245052 | 82 | 319 | 75
718 | Revision_718/python.c | U | 618 | 627 | 8 | 245053 | 83 | 574 | 83
718 | Revision_718/python.c | U | 629 | 637 | 8 | 245054 | 83 | 13 | 83
718 | Revision_718/perl.c | U | 208 | 214 | 7 | 245055 | 84 | 389 | 83
718 | Revision_718/perl.c | U | 254 | 259 | 7 | 245056 | 84 | 502 | 83
718 | Revision_718/perl.c | U | 339 | 346 | 7 | 245057 | 85 | 389 | 71
718 | Revision_718/perl.c | U | 353 | 359 | 7 | 245058 | 85 | 7 | 71
718 | Revision_718/main.c | U | 260 | 267 | 7 | 245059 | 85 | 377 | 71
718 | Revision_718/erlang.c | U | 97 | 105 | 7 | 245060 | 85 | 344 | 71
718 | Revision_718/erlang.c | U | 116 | 121 | 7 | 245061 | 85 | 346 | 71
718 | Revision_718/erlang.c | U | 108 | 113 | 7 | 245062 | 85 | 344 | 71
718 | Revision_718/main.c | U | 179 | 185 | 7 | 245063 | 85 | 376 | 71
718 | Revision_718/sort.c | U | 118 | 123 | 5 | 245064 | 86 | 281 | 100
718 | Revision_718/sort.c | U | 126 | 131 | 5 | 245065 | 86 | 282 | 100
718 | Revision_718/strlist.c | U | 32 | 38 | 8 | 245066 | 87 | 165 | 71
718 | Revision_718/vstring.c | U | 77 | 87 | 8 | 245067 | 87 | 166 | 71
718 | Revision_718/strlist.c | U | 191 | 196 | 7 | 245068 | 88 | 168 | 83
718 | Revision_718/strlist.c | U | 200 | 206 | 7 | 245069 | 88 | 390 | 83
718 | Revision_718/get.c | U | 305 | 314 | 10 | 245070 | 89 | 174 | 70
718 | Revision_718/parse.c | U | 586 | 600 | 10 | 245071 | 89 | 175 | 70
718 | Revision_718/read.c | U | 220 | 231 | 10 | 245072 | 89 | 176 | 70
718 | Revision_718/get.c | U | 467 | 478 | 10 | 245073 | 90 | 177 | 87
718 | Revision_718/get.c | U | 484 | 495 | 10 | 245074 | 90 | 178 | 87
718 | Revision_718/get.c | U | 541 | 546 | 6 | 245075 | 91 | 180 | 80
718 | Revision_718/read.c | U | 424 | 428 | 6 | 245076 | 91 | 181 | 80
718 | Revision_718/keyword.c | U | 195 | 202 | 8 | 245077 | 92 | 570 | 71
718 | Revision_718/asm.c | U | 131 | 139 | 8 | 245078 | 92 | 270 | 71
718 | Revision_718/ocaml.c | U | 676 | 680 | 5 | 245079 | 93 | 750 | 75
718 | Revision_718/ocaml.c | U | 699 | 703 | 5 | 245080 | 93 | 751 | 75
718 | Revision_718/ocaml.c | U | 720 | 725 | 5 | 245081 | 93 | 752 | 75
718 | Revision_718/ocaml.c | U | 756 | 778 | 22 | 245082 | 94 | 753 | 71
718 | Revision_718/ocaml.c | U | 832 | 856 | 22 | 245083 | 94 | 754 | 71
718 | Revision_718/ocaml.c | U | 793 | 798 | 7 | 245084 | 95 | 755 | 71
718 | Revision_718/ocaml.c | U | 805 | 812 | 7 | 245085 | 95 | 756 | 71
718 | Revision_718/sql.c | U | 478 | 493 | 7 | 245086 | 95 | 306 | 71
718 | Revision_718/ocaml.c | U | 826 | 857 | 25 | 245087 | 96 | 757 | 70
718 | Revision_718/tex.c | U | 460 | 484 | 25 | 245088 | 96 | 758 | 70
718 | Revision_718/ocaml.c | U | 1523 | 1560 | 25 | 245089 | 96 | 759 | 70
718 | Revision_718/ocaml.c | U | 919 | 942 | 19 | 245090 | 97 | 760 | 70
718 | Revision_718/ocaml.c | U | 1494 | 1514 | 19 | 245091 | 97 | 761 | 70
718 | Revision_718/ocaml.c | U | 947 | 955 | 6 | 245092 | 98 | 762 | 75
718 | Revision_718/ocaml.c | U | 1054 | 1062 | 6 | 245093 | 98 | 763 | 75
718 | Revision_718/ocaml.c | U | 1187 | 1235 | 28 | 245094 | 99 | 764 | 70
718 | Revision_718/ocaml.c | U | 1521 | 1561 | 28 | 245095 | 99 | 759 | 70
718 | Revision_718/ocaml.c | U | 1390 | 1422 | 28 | 245096 | 99 | 765 | 70
718 | Revision_718/ocaml.c | U | 1778 | 1782 | 5 | 245097 | 100 | 766 | 75
718 | Revision_718/ocaml.c | U | 1785 | 1789 | 5 | 245098 | 100 | 767 | 75
718 | Revision_718/routines.c | U | 237 | 244 | 6 | 245099 | 101 | 254 | 80
718 | Revision_718/routines.c | U | 247 | 254 | 6 | 245100 | 101 | 255 | 80
718 | Revision_718/routines.c | U | 288 | 295 | 8 | 245101 | 102 | 256 | 83
718 | Revision_718/readtags.c | U | 106 | 113 | 8 | 245102 | 102 | 123 | 83
718 | Revision_718/routines.c | U | 298 | 305 | 8 | 245103 | 102 | 257 | 83
718 | Revision_718/readtags.c | U | 116 | 123 | 8 | 245104 | 102 | 238 | 83
718 | Revision_718/routines.c | U | 322 | 326 | 5 | 245105 | 103 | 258 | 75
718 | Revision_718/vstring.c | U | 125 | 129 | 5 | 245106 | 103 | 188 | 75
718 | Revision_718/vstring.c | U | 118 | 122 | 5 | 245107 | 103 | 189 | 75
718 | Revision_718/routines.c | U | 329 | 335 | 6 | 245108 | 104 | 259 | 100
718 | Revision_718/routines.c | U | 338 | 344 | 6 | 245109 | 104 | 260 | 100
718 | Revision_718/routines.c | U | 349 | 356 | 8 | 245110 | 105 | 261 | 100
718 | Revision_718/routines.c | U | 361 | 368 | 8 | 245111 | 105 | 262 | 100
718 | Revision_718/flex.c | U | 288 | 296 | 11 | 245112 | 106 | 699 | 70
718 | Revision_718/vhdl.c | U | 553 | 569 | 11 | 245113 | 106 | 554 | 70
718 | Revision_718/flex.c | U | 587 | 622 | 35 | 245114 | 107 | 653 | 74
718 | Revision_718/flex.c | U | 624 | 671 | 35 | 245115 | 107 | 654 | 74
718 | Revision_718/flex.c | U | 923 | 956 | 17 | 245116 | 108 | 655 | 75
718 | Revision_718/flex.c | U | 1943 | 1978 | 17 | 245117 | 108 | 660 | 75
718 | Revision_718/flex.c | U | 1485 | 1520 | 34 | 245118 | 109 | 662 | 71
718 | Revision_718/vhdl.c | U | 768 | 801 | 34 | 245119 | 109 | 565 | 71
718 | Revision_718/fortran.c | U | 2114 | 2138 | 34 | 245120 | 109 | 566 | 71
718 | Revision_718/flex.c | U | 1582 | 1608 | 12 | 245121 | 110 | 663 | 72
718 | Revision_718/flex.c | U | 1610 | 1632 | 12 | 245122 | 110 | 664 | 72
718 | Revision_718/sh.c | U | 89 | 94 | 6 | 245123 | 111 | 378 | 80
718 | Revision_718/asm.c | U | 347 | 352 | 6 | 245124 | 111 | 379 | 80
718 | Revision_718/vhdl.c | U | 493 | 533 | 32 | 245125 | 112 | 561 | 72
718 | Revision_718/sql.c | U | 716 | 765 | 32 | 245126 | 112 | 562 | 72
718 | Revision_718/vhdl.c | U | 724 | 741 | 15 | 245127 | 113 | 560 | 100
718 | Revision_718/vhdl.c | U | 743 | 760 | 15 | 245128 | 113 | 539 | 100
718 | Revision_718/beta.c | U | 134 | 141 | 6 | 245129 | 114 | 201 | 75
718 | Revision_718/beta.c | U | 204 | 212 | 6 | 245130 | 114 | 202 | 75
718 | Revision_718/beta.c | U | 152 | 156 | 5 | 245131 | 115 | 203 | 75
718 | Revision_718/beta.c | U | 158 | 162 | 5 | 245132 | 115 | 204 | 75
718 | Revision_718/beta.c | U | 277 | 281 | 5 | 245133 | 115 | 205 | 75
718 | Revision_718/beta.c | U | 165 | 169 | 5 | 245134 | 115 | 206 | 75
718 | Revision_718/beta.c | U | 271 | 275 | 5 | 245135 | 115 | 207 | 75
718 | Revision_718/sql.c | U | 722 | 737 | 17 | 245136 | 116 | 537 | 75
718 | Revision_718/fortran.c | U | 1288 | 1294 | 17 | 245137 | 116 | 85 | 75
718 | Revision_718/sql.c | U | 1546 | 1582 | 24 | 245138 | 117 | 487 | 78
718 | Revision_718/sql.c | U | 1952 | 1995 | 24 | 245139 | 117 | 488 | 78
718 | Revision_718/sql.c | U | 1916 | 1941 | 17 | 245140 | 118 | 489 | 84
718 | Revision_718/sql.c | U | 1965 | 1989 | 17 | 245141 | 118 | 490 | 84
718 | Revision_718/parse.c | U | 96 | 106 | 11 | 245142 | 119 | 208 | 88
718 | Revision_718/parse.c | U | 109 | 120 | 11 | 245143 | 119 | 209 | 88
718 | Revision_718/parse.c | U | 299 | 303 | 5 | 245144 | 120 | 356 | 75
718 | Revision_718/parse.c | U | 575 | 579 | 5 | 245145 | 120 | 357 | 75
718 | Revision_718/parse.c | U | 556 | 560 | 5 | 245146 | 120 | 358 | 75
718 | Revision_718/readtags.c | U | 541 | 547 | 6 | 245147 | 121 | 239 | 100
718 | Revision_718/readtags.c | U | 549 | 555 | 6 | 245148 | 121 | 240 | 100
718 | Revision_718/readtags.c | U | 584 | 588 | 6 | 245149 | 122 | 123 | 75
718 | Revision_718/readtags.c | U | 639 | 645 | 6 | 245150 | 122 | 124 | 75
718 | Revision_718/readtags.c | U | 718 | 726 | 8 | 245151 | 123 | 210 | 83
718 | Revision_718/readtags.c | U | 773 | 781 | 8 | 245152 | 123 | 211 | 83
718 | Revision_718/readtags.c | U | 729 | 737 | 8 | 245153 | 123 | 212 | 83
718 | Revision_718/readtags.c | U | 740 | 745 | 6 | 245154 | 124 | 241 | 80
718 | Revision_718/readtags.c | U | 765 | 770 | 6 | 245155 | 124 | 242 | 80
718 | Revision_718/readtags.c | U | 757 | 762 | 6 | 245156 | 124 | 287 | 80
718 | Revision_718/fortran.c | U | 1363 | 1376 | 11 | 245157 | 125 | 336 | 72
718 | Revision_718/fortran.c | U | 1617 | 1625 | 11 | 245158 | 125 | 84 | 72
718 | Revision_718/fortran.c | U | 1714 | 1729 | 20 | 245159 | 126 | 21 | 84
718 | Revision_718/fortran.c | U | 1930 | 1946 | 20 | 245160 | 126 | 374 | 84
718 | Revision_718/fortran.c | U | 1895 | 1913 | 16 | 245161 | 127 | 220 | 73
718 | Revision_718/fortran.c | U | 1965 | 1981 | 16 | 245162 | 127 | 221 | 73
718 | Revision_718/fortran.c | U | 2041 | 2061 | 16 | 245163 | 127 | 372 | 73
718 | Revision_718/tex.c | U | 401 | 418 | 16 | 245164 | 128 | 696 | 83
718 | Revision_718/tex.c | U | 426 | 444 | 16 | 245165 | 128 | 697 | 83
718 | Revision_718/asm.c | U | 243 | 256 | 11 | 245166 | 129 | 289 | 77
718 | Revision_718/asm.c | U | 261 | 271 | 11 | 245167 | 129 | 279 | 77
718 | Revision_718/scheme.c | U | 70 | 78 | 8 | 245168 | 130 | 222 | 71
718 | Revision_718/scheme.c | U | 85 | 93 | 8 | 245169 | 130 | 223 | 71
718 | Revision_718/options.c | U | 369 | 375 | 6 | 245170 | 131 | 224 | 100
718 | Revision_718/options.c | U | 378 | 384 | 6 | 245171 | 131 | 225 | 100
718 | Revision_718/options.c | U | 543 | 549 | 7 | 245172 | 132 | 226 | 100
718 | Revision_718/options.c | U | 552 | 558 | 7 | 245173 | 132 | 227 | 100
718 | Revision_718/options.c | U | 561 | 567 | 7 | 245174 | 132 | 228 | 100
718 | Revision_718/options.c | U | 570 | 576 | 7 | 245175 | 132 | 229 | 100
718 | Revision_718/options.c | U | 982 | 986 | 5 | 245176 | 133 | 230 | 75
718 | Revision_718/options.c | U | 1008 | 1012 | 5 | 245177 | 133 | 231 | 75
718 | Revision_718/options.c | U | 1102 | 1106 | 5 | 245178 | 134 | 232 | 100
718 | Revision_718/options.c | U | 1108 | 1112 | 5 | 245179 | 134 | 233 | 100
718 | Revision_718/options.c | U | 1154 | 1166 | 12 | 245180 | 135 | 360 | 100
718 | Revision_718/options.c | U | 1171 | 1183 | 12 | 245181 | 135 | 235 | 100
718 | Revision_718/options.c | U | 1425 | 1442 | 15 | 245182 | 136 | 236 | 91
718 | Revision_718/options.c | U | 1463 | 1480 | 15 | 245183 | 136 | 237 | 91
