Revision | filePath | changeType | StartLine | EndLine | Nlines | cloneId | classId | globalCloneId | Similarity
734 | Revision_734/ant.c | U | 33 | 40 | 8 | 160630 | 1 | 526 | 70
734 | Revision_734/html.c | U | 40 | 47 | 8 | 160631 | 1 | 253 | 70
734 | Revision_734/tex.c | U | 510 | 523 | 8 | 160632 | 1 | 528 | 70
734 | Revision_734/vim.c | U | 626 | 634 | 8 | 160633 | 1 | 20 | 70
734 | Revision_734/jscript.c | U | 1558 | 1571 | 8 | 160634 | 1 | 281 | 70
734 | Revision_734/dosbatch.c | U | 33 | 40 | 8 | 160635 | 1 | 529 | 70
734 | Revision_734/keyword.c | U | 107 | 116 | 8 | 160636 | 1 | 29 | 70
734 | Revision_734/lua.c | U | 123 | 131 | 8 | 160637 | 1 | 154 | 70
734 | Revision_734/slang.c | U | 34 | 41 | 8 | 160638 | 1 | 27 | 70
734 | Revision_734/matlab.c | U | 35 | 42 | 8 | 160639 | 1 | 527 | 70
734 | Revision_734/beta.c | U | 311 | 319 | 8 | 160640 | 1 | 15 | 70
734 | Revision_734/cobol.c | U | 40 | 48 | 8 | 160641 | 1 | 213 | 70
734 | Revision_734/rexx.c | U | 30 | 37 | 8 | 160642 | 1 | 25 | 70
734 | Revision_734/yacc.c | U | 31 | 38 | 8 | 160643 | 1 | 28 | 70
734 | Revision_734/php.c | U | 91 | 98 | 8 | 160644 | 1 | 366 | 70
734 | Revision_734/flex.c | U | 2274 | 2287 | 8 | 160645 | 1 | 438 | 70
734 | Revision_734/sml.c | U | 202 | 210 | 8 | 160646 | 1 | 216 | 70
734 | Revision_734/make.c | U | 205 | 215 | 8 | 160647 | 1 | 26 | 70
734 | Revision_734/asp.c | U | 317 | 325 | 8 | 160648 | 1 | 18 | 70
734 | Revision_734/ruby.c | U | 398 | 406 | 8 | 160649 | 1 | 16 | 70
734 | Revision_734/pascal.c | U | 257 | 265 | 8 | 160650 | 1 | 13 | 70
734 | Revision_734/verilog.c | U | 329 | 338 | 8 | 160651 | 1 | 184 | 70
734 | Revision_734/sql.c | U | 2101 | 2110 | 8 | 160652 | 1 | 197 | 70
734 | Revision_734/lisp.c | U | 127 | 137 | 8 | 160653 | 1 | 11 | 70
734 | Revision_734/ocaml.c | U | 1832 | 1842 | 8 | 160654 | 1 | 601 | 70
734 | Revision_734/basic.c | U | 193 | 201 | 8 | 160655 | 1 | 275 | 70
734 | Revision_734/perl.c | U | 372 | 380 | 8 | 160656 | 1 | 19 | 70
734 | Revision_734/erlang.c | U | 179 | 187 | 8 | 160657 | 1 | 230 | 70
734 | Revision_734/scheme.c | U | 99 | 109 | 8 | 160658 | 1 | 17 | 70
734 | Revision_734/sh.c | U | 103 | 113 | 8 | 160659 | 1 | 24 | 70
734 | Revision_734/python.c | U | 761 | 769 | 8 | 160660 | 1 | 14 | 70
734 | Revision_734/tcl.c | U | 106 | 114 | 8 | 160661 | 1 | 22 | 70
734 | Revision_734/vhdl.c | U | 824 | 833 | 8 | 160662 | 1 | 403 | 70
734 | Revision_734/awk.c | U | 71 | 79 | 8 | 160663 | 1 | 10 | 70
734 | Revision_734/options.c | U | 533 | 538 | 8 | 160664 | 1 | 30 | 70
734 | Revision_734/options.c | U | 626 | 632 | 8 | 160665 | 1 | 242 | 70
734 | Revision_734/asm.c | U | 366 | 385 | 8 | 160666 | 1 | 174 | 70
734 | Revision_734/args.c | U | 85 | 92 | 8 | 160667 | 2 | 1 | 100
734 | Revision_734/args.c | U | 160 | 167 | 8 | 160668 | 2 | 2 | 100
734 | Revision_734/args.c | U | 182 | 190 | 9 | 160669 | 3 | 3 | 75
734 | Revision_734/args.c | U | 193 | 200 | 9 | 160670 | 3 | 4 | 75
734 | Revision_734/args.c | U | 203 | 211 | 9 | 160671 | 3 | 5 | 75
734 | Revision_734/args.c | U | 266 | 272 | 7 | 160672 | 4 | 6 | 83
734 | Revision_734/options.c | U | 579 | 584 | 7 | 160673 | 4 | 7 | 83
734 | Revision_734/asm.c | U | 120 | 128 | 8 | 160674 | 5 | 188 | 71
734 | Revision_734/sql.c | U | 392 | 401 | 8 | 160675 | 5 | 196 | 71
734 | Revision_734/jscript.c | U | 180 | 189 | 8 | 160676 | 5 | 280 | 71
734 | Revision_734/tex.c | U | 157 | 166 | 8 | 160677 | 5 | 530 | 71
734 | Revision_734/flex.c | U | 210 | 219 | 8 | 160678 | 5 | 437 | 71
734 | Revision_734/vhdl.c | U | 573 | 583 | 8 | 160679 | 5 | 401 | 71
734 | Revision_734/verilog.c | U | 108 | 118 | 8 | 160680 | 5 | 258 | 71
734 | Revision_734/asm.c | U | 131 | 139 | 8 | 160681 | 6 | 170 | 71
734 | Revision_734/keyword.c | U | 195 | 202 | 8 | 160682 | 6 | 432 | 71
734 | Revision_734/asm.c | U | 243 | 256 | 11 | 160683 | 7 | 191 | 77
734 | Revision_734/asm.c | U | 261 | 271 | 11 | 160684 | 7 | 179 | 77
734 | Revision_734/asm.c | U | 347 | 352 | 6 | 160685 | 8 | 256 | 80
734 | Revision_734/sh.c | U | 89 | 94 | 6 | 160686 | 8 | 257 | 80
734 | Revision_734/asp.c | U | 72 | 91 | 15 | 160687 | 9 | 31 | 100
734 | Revision_734/asp.c | U | 95 | 114 | 15 | 160688 | 9 | 32 | 100
734 | Revision_734/asp.c | U | 118 | 163 | 40 | 160689 | 10 | 591 | 100
734 | Revision_734/asp.c | U | 165 | 210 | 40 | 160690 | 10 | 592 | 100
734 | Revision_734/asp.c | U | 125 | 137 | 11 | 160691 | 11 | 33 | 70
734 | Revision_734/asp.c | U | 139 | 151 | 11 | 160692 | 11 | 34 | 70
734 | Revision_734/asp.c | U | 152 | 161 | 11 | 160693 | 11 | 594 | 70
734 | Revision_734/asp.c | U | 214 | 230 | 11 | 160694 | 11 | 34 | 70
734 | Revision_734/asp.c | U | 291 | 306 | 11 | 160695 | 11 | 34 | 70
734 | Revision_734/asp.c | U | 234 | 249 | 11 | 160696 | 11 | 593 | 70
734 | Revision_734/asp.c | U | 272 | 287 | 11 | 160697 | 11 | 595 | 70
734 | Revision_734/asp.c | U | 253 | 268 | 11 | 160698 | 11 | 596 | 70
734 | Revision_734/vim.c | U | 301 | 310 | 11 | 160699 | 11 | 599 | 70
734 | Revision_734/vim.c | U | 256 | 265 | 11 | 160700 | 11 | 600 | 70
734 | Revision_734/lua.c | U | 81 | 88 | 11 | 160701 | 11 | 185 | 70
734 | Revision_734/asp.c | U | 218 | 229 | 11 | 160702 | 11 | 597 | 70
734 | Revision_734/asp.c | U | 256 | 267 | 11 | 160703 | 11 | 598 | 70
734 | Revision_734/asp.c | U | 275 | 286 | 11 | 160704 | 11 | 596 | 70
734 | Revision_734/asp.c | U | 237 | 248 | 11 | 160705 | 11 | 595 | 70
734 | Revision_734/asp.c | U | 294 | 305 | 11 | 160706 | 11 | 593 | 70
734 | Revision_734/asp.c | U | 186 | 198 | 11 | 160707 | 11 | 34 | 70
734 | Revision_734/asp.c | U | 172 | 184 | 11 | 160708 | 11 | 34 | 70
734 | Revision_734/asp.c | U | 199 | 208 | 11 | 160709 | 11 | 18 | 70
734 | Revision_734/basic.c | U | 135 | 140 | 6 | 160710 | 12 | 278 | 80
734 | Revision_734/basic.c | U | 147 | 152 | 6 | 160711 | 12 | 279 | 80
734 | Revision_734/beta.c | U | 71 | 80 | 10 | 160712 | 13 | 43 | 70
734 | Revision_734/sml.c | U | 75 | 81 | 10 | 160713 | 13 | 217 | 70
734 | Revision_734/parse.c | U | 43 | 54 | 10 | 160714 | 13 | 44 | 70
734 | Revision_734/tex.c | U | 194 | 208 | 10 | 160715 | 13 | 531 | 70
734 | Revision_734/sql.c | U | 430 | 444 | 10 | 160716 | 13 | 198 | 70
734 | Revision_734/vhdl.c | U | 536 | 548 | 10 | 160717 | 13 | 404 | 70
734 | Revision_734/flex.c | U | 250 | 264 | 10 | 160718 | 13 | 439 | 70
734 | Revision_734/jscript.c | U | 219 | 233 | 10 | 160719 | 13 | 283 | 70
734 | Revision_734/beta.c | U | 134 | 141 | 6 | 160720 | 14 | 45 | 75
734 | Revision_734/beta.c | U | 204 | 212 | 6 | 160721 | 14 | 46 | 75
734 | Revision_734/beta.c | U | 152 | 156 | 5 | 160722 | 15 | 47 | 75
734 | Revision_734/beta.c | U | 271 | 275 | 5 | 160723 | 15 | 48 | 75
734 | Revision_734/beta.c | U | 165 | 169 | 5 | 160724 | 15 | 49 | 75
734 | Revision_734/beta.c | U | 277 | 281 | 5 | 160725 | 15 | 50 | 75
734 | Revision_734/beta.c | U | 158 | 162 | 5 | 160726 | 15 | 51 | 75
734 | Revision_734/erlang.c | U | 58 | 62 | 5 | 160727 | 16 | 231 | 75
734 | Revision_734/sml.c | U | 84 | 88 | 5 | 160728 | 16 | 218 | 75
734 | Revision_734/python.c | U | 256 | 260 | 5 | 160729 | 16 | 180 | 75
734 | Revision_734/python.c | U | 278 | 282 | 5 | 160730 | 16 | 368 | 75
734 | Revision_734/options.c | U | 963 | 968 | 5 | 160731 | 16 | 181 | 75
734 | Revision_734/erlang.c | U | 66 | 75 | 9 | 160732 | 17 | 232 | 75
734 | Revision_734/python.c | U | 286 | 295 | 9 | 160733 | 17 | 194 | 75
734 | Revision_734/tcl.c | U | 44 | 54 | 9 | 160734 | 17 | 195 | 75
734 | Revision_734/erlang.c | U | 97 | 105 | 7 | 160735 | 18 | 237 | 71
734 | Revision_734/main.c | U | 179 | 185 | 7 | 160736 | 18 | 255 | 71
734 | Revision_734/perl.c | U | 353 | 359 | 7 | 160737 | 18 | 262 | 71
734 | Revision_734/erlang.c | U | 116 | 121 | 7 | 160738 | 18 | 235 | 71
734 | Revision_734/main.c | U | 260 | 267 | 7 | 160739 | 18 | 254 | 71
734 | Revision_734/erlang.c | U | 108 | 113 | 7 | 160740 | 18 | 239 | 71
734 | Revision_734/perl.c | U | 339 | 346 | 7 | 160741 | 18 | 19 | 71
734 | Revision_734/flex.c | U | 222 | 236 | 12 | 160742 | 19 | 440 | 75
734 | Revision_734/sql.c | U | 404 | 416 | 12 | 160743 | 19 | 205 | 75
734 | Revision_734/tex.c | U | 169 | 180 | 12 | 160744 | 19 | 532 | 75
734 | Revision_734/vhdl.c | U | 342 | 351 | 12 | 160745 | 19 | 405 | 75
734 | Revision_734/jscript.c | U | 192 | 205 | 12 | 160746 | 19 | 282 | 75
734 | Revision_734/flex.c | U | 239 | 243 | 5 | 160747 | 20 | 441 | 75
734 | Revision_734/vstring.c | U | 69 | 73 | 5 | 160748 | 20 | 287 | 75
734 | Revision_734/jscript.c | U | 208 | 212 | 5 | 160749 | 20 | 286 | 75
734 | Revision_734/sql.c | U | 419 | 423 | 5 | 160750 | 20 | 288 | 75
734 | Revision_734/tex.c | U | 183 | 187 | 5 | 160751 | 20 | 533 | 75
734 | Revision_734/vhdl.c | U | 354 | 361 | 5 | 160752 | 20 | 406 | 75
734 | Revision_734/vstring.c | U | 67 | 74 | 5 | 160753 | 20 | 287 | 75
734 | Revision_734/flex.c | U | 267 | 300 | 16 | 160754 | 21 | 442 | 73
734 | Revision_734/sql.c | U | 447 | 468 | 16 | 160755 | 21 | 290 | 73
734 | Revision_734/jscript.c | U | 236 | 257 | 16 | 160756 | 21 | 289 | 73
734 | Revision_734/tex.c | U | 211 | 232 | 16 | 160757 | 21 | 534 | 73
734 | Revision_734/vhdl.c | U | 551 | 570 | 16 | 160758 | 21 | 407 | 73
734 | Revision_734/flex.c | U | 289 | 297 | 11 | 160759 | 22 | 561 | 70
734 | Revision_734/vhdl.c | U | 553 | 569 | 11 | 160760 | 22 | 407 | 70
734 | Revision_734/flex.c | U | 303 | 327 | 19 | 160761 | 23 | 443 | 73
734 | Revision_734/flex.c | U | 1822 | 1862 | 19 | 160762 | 23 | 444 | 73
734 | Revision_734/jscript.c | U | 1390 | 1430 | 19 | 160763 | 23 | 434 | 73
734 | Revision_734/jscript.c | U | 287 | 311 | 19 | 160764 | 23 | 433 | 73
734 | Revision_734/jscript.c | U | 260 | 284 | 19 | 160765 | 23 | 398 | 73
734 | Revision_734/flex.c | U | 353 | 377 | 19 | 160766 | 23 | 445 | 73
734 | Revision_734/flex.c | U | 330 | 350 | 19 | 160767 | 23 | 446 | 73
734 | Revision_734/flex.c | U | 310 | 314 | 5 | 160768 | 24 | 535 | 75
734 | Revision_734/tex.c | U | 431 | 435 | 5 | 160769 | 24 | 555 | 75
734 | Revision_734/tex.c | U | 408 | 412 | 5 | 160770 | 24 | 556 | 75
734 | Revision_734/flex.c | U | 1843 | 1847 | 5 | 160771 | 24 | 537 | 75
734 | Revision_734/jscript.c | U | 1411 | 1415 | 5 | 160772 | 24 | 342 | 75
734 | Revision_734/flex.c | U | 360 | 364 | 5 | 160773 | 24 | 538 | 75
734 | Revision_734/jscript.c | U | 294 | 298 | 5 | 160774 | 24 | 291 | 75
734 | Revision_734/flex.c | U | 337 | 341 | 5 | 160775 | 24 | 539 | 75
734 | Revision_734/jscript.c | U | 267 | 271 | 5 | 160776 | 24 | 280 | 75
734 | Revision_734/flex.c | U | 384 | 402 | 16 | 160777 | 25 | 447 | 78
734 | Revision_734/sql.c | U | 475 | 495 | 16 | 160778 | 25 | 296 | 78
734 | Revision_734/jscript.c | U | 318 | 336 | 16 | 160779 | 25 | 398 | 78
734 | Revision_734/tex.c | U | 239 | 257 | 16 | 160780 | 25 | 540 | 78
734 | Revision_734/vhdl.c | U | 368 | 386 | 16 | 160781 | 25 | 409 | 78
734 | Revision_734/flex.c | U | 408 | 419 | 12 | 160782 | 26 | 448 | 100
734 | Revision_734/sql.c | U | 500 | 511 | 12 | 160783 | 26 | 296 | 100
734 | Revision_734/jscript.c | U | 342 | 353 | 12 | 160784 | 26 | 295 | 100
734 | Revision_734/vhdl.c | U | 391 | 402 | 12 | 160785 | 26 | 410 | 100
734 | Revision_734/tex.c | U | 264 | 276 | 12 | 160786 | 26 | 541 | 100
734 | Revision_734/flex.c | U | 431 | 435 | 5 | 160787 | 27 | 449 | 71
734 | Revision_734/tex.c | U | 288 | 292 | 5 | 160788 | 27 | 542 | 71
734 | Revision_734/flex.c | U | 504 | 508 | 5 | 160789 | 27 | 450 | 71
734 | Revision_734/vhdl.c | U | 414 | 418 | 5 | 160790 | 27 | 411 | 71
734 | Revision_734/flex.c | U | 615 | 619 | 5 | 160791 | 27 | 451 | 71
734 | Revision_734/jscript.c | U | 365 | 369 | 5 | 160792 | 27 | 291 | 71
734 | Revision_734/sql.c | U | 523 | 536 | 5 | 160793 | 27 | 206 | 71
734 | Revision_734/flex.c | U | 663 | 667 | 5 | 160794 | 27 | 452 | 71
734 | Revision_734/flex.c | U | 661 | 668 | 5 | 160795 | 27 | 450 | 71
734 | Revision_734/flex.c | U | 477 | 482 | 5 | 160796 | 27 | 451 | 71
734 | Revision_734/flex.c | U | 524 | 530 | 5 | 160797 | 27 | 453 | 71
734 | Revision_734/flex.c | U | 613 | 620 | 5 | 160798 | 27 | 454 | 71
734 | Revision_734/flex.c | U | 652 | 659 | 5 | 160799 | 27 | 455 | 71
734 | Revision_734/flex.c | U | 591 | 597 | 5 | 160800 | 27 | 456 | 71
734 | Revision_734/flex.c | U | 604 | 611 | 5 | 160801 | 27 | 457 | 71
734 | Revision_734/flex.c | U | 550 | 557 | 5 | 160802 | 27 | 458 | 71
734 | Revision_734/flex.c | U | 537 | 543 | 5 | 160803 | 27 | 459 | 71
734 | Revision_734/flex.c | U | 639 | 645 | 5 | 160804 | 27 | 460 | 71
734 | Revision_734/flex.c | U | 628 | 634 | 5 | 160805 | 27 | 461 | 71
734 | Revision_734/flex.c | U | 484 | 509 | 25 | 160806 | 28 | 462 | 70
734 | Revision_734/sql.c | U | 606 | 636 | 25 | 160807 | 28 | 464 | 70
734 | Revision_734/jscript.c | U | 405 | 435 | 25 | 160808 | 28 | 463 | 70
734 | Revision_734/flex.c | U | 588 | 623 | 35 | 160809 | 29 | 465 | 74
734 | Revision_734/flex.c | U | 625 | 672 | 35 | 160810 | 29 | 466 | 74
734 | Revision_734/flex.c | U | 693 | 702 | 10 | 160811 | 30 | 467 | 100
734 | Revision_734/jscript.c | U | 441 | 450 | 10 | 160812 | 30 | 412 | 100
734 | Revision_734/vhdl.c | U | 467 | 476 | 10 | 160813 | 30 | 413 | 100
734 | Revision_734/tex.c | U | 330 | 339 | 10 | 160814 | 30 | 543 | 100
734 | Revision_734/flex.c | U | 708 | 717 | 9 | 160815 | 31 | 468 | 77
734 | Revision_734/tex.c | U | 362 | 369 | 9 | 160816 | 31 | 544 | 77
734 | Revision_734/jscript.c | U | 456 | 464 | 9 | 160817 | 31 | 301 | 77
734 | Revision_734/flex.c | U | 724 | 754 | 17 | 160818 | 32 | 469 | 83
734 | Revision_734/flex.c | U | 757 | 786 | 17 | 160819 | 32 | 470 | 83
734 | Revision_734/jscript.c | U | 471 | 501 | 17 | 160820 | 32 | 284 | 83
734 | Revision_734/sql.c | U | 746 | 764 | 17 | 160821 | 32 | 400 | 83
734 | Revision_734/vhdl.c | U | 514 | 532 | 17 | 160822 | 32 | 414 | 83
734 | Revision_734/jscript.c | U | 504 | 533 | 17 | 160823 | 32 | 371 | 83
734 | Revision_734/flex.c | U | 789 | 796 | 7 | 160824 | 33 | 471 | 80
734 | Revision_734/flex.c | U | 799 | 806 | 7 | 160825 | 33 | 472 | 80
734 | Revision_734/sql.c | U | 679 | 686 | 7 | 160826 | 33 | 304 | 80
734 | Revision_734/jscript.c | U | 536 | 543 | 7 | 160827 | 33 | 301 | 80
734 | Revision_734/jscript.c | U | 546 | 553 | 7 | 160828 | 33 | 302 | 80
734 | Revision_734/flex.c | U | 813 | 835 | 13 | 160829 | 34 | 473 | 100
734 | Revision_734/jscript.c | U | 560 | 582 | 13 | 160830 | 34 | 316 | 100
734 | Revision_734/flex.c | U | 820 | 834 | 9 | 160831 | 35 | 474 | 70
734 | Revision_734/sql.c | U | 876 | 888 | 9 | 160832 | 35 | 358 | 70
734 | Revision_734/vhdl.c | U | 656 | 668 | 9 | 160833 | 35 | 415 | 70
734 | Revision_734/flex.c | U | 1194 | 1222 | 9 | 160834 | 35 | 475 | 70
734 | Revision_734/jscript.c | U | 567 | 581 | 9 | 160835 | 35 | 306 | 70
734 | Revision_734/flex.c | U | 896 | 922 | 9 | 160836 | 35 | 476 | 70
734 | Revision_734/sql.c | U | 1511 | 1521 | 9 | 160837 | 35 | 397 | 70
734 | Revision_734/sql.c | U | 1500 | 1508 | 9 | 160838 | 35 | 396 | 70
734 | Revision_734/flex.c | U | 1962 | 1976 | 9 | 160839 | 35 | 481 | 70
734 | Revision_734/flex.c | U | 2104 | 2123 | 9 | 160840 | 35 | 479 | 70
734 | Revision_734/sql.c | U | 1142 | 1165 | 9 | 160841 | 35 | 337 | 70
734 | Revision_734/sql.c | U | 1109 | 1126 | 9 | 160842 | 35 | 319 | 70
734 | Revision_734/jscript.c | U | 1324 | 1339 | 9 | 160843 | 35 | 281 | 70
734 | Revision_734/flex.c | U | 1756 | 1771 | 9 | 160844 | 35 | 477 | 70
734 | Revision_734/sql.c | U | 1615 | 1622 | 9 | 160845 | 35 | 311 | 70
734 | Revision_734/jscript.c | U | 585 | 620 | 9 | 160846 | 35 | 309 | 70
734 | Revision_734/vhdl.c | U | 617 | 625 | 9 | 160847 | 35 | 416 | 70
734 | Revision_734/jscript.c | U | 837 | 847 | 9 | 160848 | 35 | 307 | 70
734 | Revision_734/vhdl.c | U | 727 | 740 | 9 | 160849 | 35 | 430 | 70
734 | Revision_734/sql.c | U | 1998 | 2026 | 9 | 160850 | 35 | 314 | 70
734 | Revision_734/vhdl.c | U | 746 | 759 | 9 | 160851 | 35 | 427 | 70
734 | Revision_734/jscript.c | U | 647 | 673 | 9 | 160852 | 35 | 315 | 70
734 | Revision_734/flex.c | U | 1263 | 1282 | 9 | 160853 | 35 | 478 | 70
734 | Revision_734/jscript.c | U | 986 | 1005 | 9 | 160854 | 35 | 318 | 70
734 | Revision_734/flex.c | U | 838 | 869 | 9 | 160855 | 35 | 476 | 70
734 | Revision_734/sql.c | U | 965 | 985 | 9 | 160856 | 35 | 310 | 70
734 | Revision_734/sql.c | U | 1431 | 1437 | 9 | 160857 | 35 | 356 | 70
734 | Revision_734/flex.c | U | 945 | 956 | 9 | 160858 | 35 | 486 | 70
734 | Revision_734/jscript.c | U | 1084 | 1090 | 9 | 160859 | 35 | 309 | 70
734 | Revision_734/jscript.c | U | 839 | 846 | 9 | 160860 | 35 | 307 | 70
734 | Revision_734/vhdl.c | U | 704 | 715 | 9 | 160861 | 35 | 417 | 70
734 | Revision_734/jscript.c | U | 696 | 707 | 9 | 160862 | 35 | 312 | 70
734 | Revision_734/sql.c | U | 845 | 859 | 9 | 160863 | 35 | 313 | 70
734 | Revision_734/sql.c | U | 1568 | 1578 | 9 | 160864 | 35 | 345 | 70
734 | Revision_734/sql.c | U | 843 | 860 | 9 | 160865 | 35 | 313 | 70
734 | Revision_734/flex.c | U | 2125 | 2141 | 9 | 160866 | 35 | 480 | 70
734 | Revision_734/flex.c | U | 1953 | 1978 | 9 | 160867 | 35 | 484 | 70
734 | Revision_734/flex.c | U | 1965 | 1975 | 9 | 160868 | 35 | 481 | 70
734 | Revision_734/sql.c | U | 1732 | 1758 | 9 | 160869 | 35 | 320 | 70
734 | Revision_734/vhdl.c | U | 586 | 600 | 9 | 160870 | 35 | 418 | 70
734 | Revision_734/sql.c | U | 1761 | 1782 | 9 | 160871 | 35 | 324 | 70
734 | Revision_734/sql.c | U | 768 | 780 | 9 | 160872 | 35 | 313 | 70
734 | Revision_734/flex.c | U | 2226 | 2237 | 9 | 160873 | 35 | 438 | 70
734 | Revision_734/flex.c | U | 2143 | 2150 | 9 | 160874 | 35 | 488 | 70
734 | Revision_734/flex.c | U | 2134 | 2140 | 9 | 160875 | 35 | 490 | 70
734 | Revision_734/flex.c | U | 2017 | 2025 | 9 | 160876 | 35 | 489 | 70
734 | Revision_734/flex.c | U | 1968 | 1974 | 9 | 160877 | 35 | 481 | 70
734 | Revision_734/sql.c | U | 1331 | 1339 | 9 | 160878 | 35 | 397 | 70
734 | Revision_734/sql.c | U | 878 | 885 | 9 | 160879 | 35 | 358 | 70
734 | Revision_734/vhdl.c | U | 706 | 714 | 9 | 160880 | 35 | 425 | 70
734 | Revision_734/ruby.c | U | 214 | 218 | 9 | 160881 | 35 | 265 | 70
734 | Revision_734/flex.c | U | 2113 | 2122 | 9 | 160882 | 35 | 485 | 70
734 | Revision_734/vhdl.c | U | 635 | 640 | 9 | 160883 | 35 | 416 | 70
734 | Revision_734/flex.c | U | 2214 | 2224 | 9 | 160884 | 35 | 524 | 70
734 | Revision_734/jscript.c | U | 675 | 708 | 9 | 160885 | 35 | 487 | 70
734 | Revision_734/sql.c | U | 1800 | 1821 | 9 | 160886 | 35 | 321 | 70
734 | Revision_734/sql.c | U | 1824 | 1845 | 9 | 160887 | 35 | 322 | 70
734 | Revision_734/sql.c | U | 1701 | 1729 | 9 | 160888 | 35 | 323 | 70
734 | Revision_734/flex.c | U | 2115 | 2121 | 9 | 160889 | 35 | 485 | 70
734 | Revision_734/sql.c | U | 693 | 698 | 9 | 160890 | 35 | 304 | 70
734 | Revision_734/gnu_regex/regcomp.c | U | 3586 | 3593 | 9 | 160891 | 35 | 562 | 70
734 | Revision_734/ruby.c | U | 195 | 200 | 9 | 160892 | 35 | 491 | 70
734 | Revision_734/vim.c | U | 400 | 408 | 9 | 160893 | 35 | 365 | 70
734 | Revision_734/vhdl.c | U | 647 | 670 | 9 | 160894 | 35 | 431 | 70
734 | Revision_734/sql.c | U | 1848 | 1888 | 9 | 160895 | 35 | 327 | 70
734 | Revision_734/get.c | U | 594 | 598 | 9 | 160896 | 35 | 364 | 70
734 | Revision_734/flex.c | U | 1260 | 1294 | 9 | 160897 | 35 | 492 | 70
734 | Revision_734/jscript.c | U | 983 | 1017 | 9 | 160898 | 35 | 340 | 70
734 | Revision_734/sql.c | U | 1585 | 1624 | 9 | 160899 | 35 | 329 | 70
734 | Revision_734/sql.c | U | 1409 | 1447 | 9 | 160900 | 35 | 328 | 70
734 | Revision_734/readtags.c | U | 363 | 367 | 9 | 160901 | 35 | 391 | 70
734 | Revision_734/flex.c | U | 872 | 958 | 30 | 160902 | 36 | 493 | 90
734 | Revision_734/jscript.c | U | 623 | 709 | 30 | 160903 | 36 | 494 | 90
734 | Revision_734/flex.c | U | 924 | 957 | 17 | 160904 | 37 | 495 | 75
734 | Revision_734/flex.c | U | 1944 | 1979 | 17 | 160905 | 37 | 496 | 75
734 | Revision_734/flex.c | U | 961 | 1068 | 30 | 160906 | 38 | 497 | 100
734 | Revision_734/jscript.c | U | 712 | 819 | 30 | 160907 | 38 | 498 | 100
734 | Revision_734/flex.c | U | 1240 | 1301 | 33 | 160908 | 39 | 504 | 100
734 | Revision_734/jscript.c | U | 963 | 1024 | 33 | 160909 | 39 | 505 | 100
734 | Revision_734/flex.c | U | 1271 | 1281 | 5 | 160910 | 40 | 506 | 71
734 | Revision_734/flex.c | U | 1284 | 1293 | 5 | 160911 | 40 | 507 | 71
734 | Revision_734/options.c | U | 352 | 357 | 5 | 160912 | 40 | 107 | 71
734 | Revision_734/vhdl.c | U | 620 | 624 | 5 | 160913 | 40 | 416 | 71
734 | Revision_734/vhdl.c | U | 611 | 615 | 5 | 160914 | 40 | 419 | 71
734 | Revision_734/sql.c | U | 1933 | 1937 | 5 | 160915 | 40 | 334 | 71
734 | Revision_734/sql.c | U | 1672 | 1676 | 5 | 160916 | 40 | 335 | 71
734 | Revision_734/jscript.c | U | 994 | 1004 | 5 | 160917 | 40 | 399 | 71
734 | Revision_734/options.c | U | 674 | 678 | 5 | 160918 | 40 | 116 | 71
734 | Revision_734/vhdl.c | U | 749 | 754 | 5 | 160919 | 40 | 427 | 71
734 | Revision_734/jscript.c | U | 1007 | 1016 | 5 | 160920 | 40 | 336 | 71
734 | Revision_734/vhdl.c | U | 730 | 735 | 5 | 160921 | 40 | 429 | 71
734 | Revision_734/jscript.c | U | 909 | 918 | 5 | 160922 | 40 | 332 | 71
734 | Revision_734/sql.c | U | 893 | 902 | 5 | 160923 | 40 | 359 | 71
734 | Revision_734/options.c | U | 1221 | 1225 | 5 | 160924 | 40 | 117 | 71
734 | Revision_734/jscript.c | U | 920 | 925 | 5 | 160925 | 40 | 333 | 71
734 | Revision_734/jscript.c | U | 891 | 907 | 5 | 160926 | 40 | 338 | 71
734 | Revision_734/sql.c | U | 905 | 915 | 5 | 160927 | 40 | 560 | 71
734 | Revision_734/sql.c | U | 1683 | 1692 | 5 | 160928 | 40 | 350 | 71
734 | Revision_734/flex.c | U | 1343 | 1353 | 5 | 160929 | 41 | 508 | 75
734 | Revision_734/jscript.c | U | 1423 | 1427 | 5 | 160930 | 41 | 342 | 75
734 | Revision_734/flex.c | U | 1855 | 1859 | 5 | 160931 | 41 | 509 | 75
734 | Revision_734/sql.c | U | 1118 | 1125 | 5 | 160932 | 41 | 343 | 75
734 | Revision_734/tex.c | U | 439 | 443 | 5 | 160933 | 41 | 557 | 75
734 | Revision_734/sql.c | U | 1034 | 1040 | 5 | 160934 | 41 | 344 | 75
734 | Revision_734/sql.c | U | 1749 | 1755 | 5 | 160935 | 41 | 345 | 75
734 | Revision_734/sql.c | U | 1720 | 1726 | 5 | 160936 | 41 | 346 | 75
734 | Revision_734/sql.c | U | 1439 | 1444 | 5 | 160937 | 41 | 347 | 75
734 | Revision_734/flex.c | U | 1420 | 1889 | 198 | 160938 | 42 | 510 | 77
734 | Revision_734/jscript.c | U | 1027 | 1457 | 198 | 160939 | 42 | 511 | 77
734 | Revision_734/flex.c | U | 1486 | 1521 | 34 | 160940 | 43 | 512 | 71
734 | Revision_734/vhdl.c | U | 768 | 801 | 34 | 160941 | 43 | 513 | 71
734 | Revision_734/flex.c | U | 1583 | 1609 | 12 | 160942 | 44 | 514 | 72
734 | Revision_734/flex.c | U | 1611 | 1633 | 12 | 160943 | 44 | 515 | 72
734 | Revision_734/flex.c | U | 1773 | 1790 | 5 | 160944 | 45 | 516 | 75
734 | Revision_734/readtags.c | U | 502 | 506 | 5 | 160945 | 45 | 87 | 75
734 | Revision_734/ocaml.c | U | 1103 | 1109 | 5 | 160946 | 45 | 602 | 75
734 | Revision_734/jscript.c | U | 1341 | 1358 | 5 | 160947 | 45 | 435 | 75
734 | Revision_734/readtags.c | U | 681 | 685 | 5 | 160948 | 45 | 88 | 75
734 | Revision_734/flex.c | U | 1892 | 1939 | 29 | 160949 | 46 | 517 | 92
734 | Revision_734/jscript.c | U | 1460 | 1507 | 29 | 160950 | 46 | 518 | 92
734 | Revision_734/flex.c | U | 1905 | 1928 | 21 | 160951 | 47 | 519 | 70
734 | Revision_734/get.c | U | 406 | 413 | 21 | 160952 | 47 | 520 | 70
734 | Revision_734/flex.c | U | 1942 | 1985 | 23 | 160953 | 48 | 502 | 70
734 | Revision_734/sql.c | U | 1484 | 1522 | 23 | 160954 | 48 | 500 | 70
734 | Revision_734/flex.c | U | 2004 | 2057 | 23 | 160955 | 48 | 501 | 70
734 | Revision_734/flex.c | U | 2203 | 2243 | 23 | 160956 | 48 | 624 | 70
734 | Revision_734/flex.c | U | 2187 | 2190 | 8 | 160957 | 49 | 522 | 71
734 | Revision_734/jscript.c | U | 1516 | 1522 | 8 | 160958 | 49 | 361 | 71
734 | Revision_734/Test/local.c | U | 14 | 20 | 8 | 160959 | 49 | 362 | 71
734 | Revision_734/vhdl.c | U | 499 | 506 | 8 | 160960 | 49 | 420 | 71
734 | Revision_734/jscript.c | U | 1518 | 1521 | 8 | 160961 | 49 | 361 | 71
734 | Revision_734/flex.c | U | 2247 | 2251 | 5 | 160962 | 50 | 523 | 75
734 | Revision_734/ocaml.c | U | 1824 | 1829 | 5 | 160963 | 50 | 603 | 75
734 | Revision_734/jscript.c | U | 1531 | 1535 | 5 | 160964 | 50 | 348 | 75
734 | Revision_734/ocaml.c | U | 895 | 901 | 5 | 160965 | 50 | 604 | 75
734 | Revision_734/make.c | U | 191 | 195 | 5 | 160966 | 50 | 273 | 75
734 | Revision_734/tex.c | U | 490 | 494 | 5 | 160967 | 50 | 549 | 75
734 | Revision_734/sql.c | U | 2083 | 2087 | 5 | 160968 | 50 | 274 | 75
734 | Revision_734/options.c | U | 1773 | 1779 | 5 | 160969 | 50 | 605 | 75
734 | Revision_734/flex.c | U | 2254 | 2270 | 14 | 160970 | 51 | 524 | 100
734 | Revision_734/jscript.c | U | 1538 | 1554 | 14 | 160971 | 51 | 525 | 100
734 | Revision_734/get.c | U | 305 | 314 | 10 | 160972 | 52 | 74 | 70
734 | Revision_734/parse.c | U | 586 | 600 | 10 | 160973 | 52 | 76 | 70
734 | Revision_734/read.c | U | 220 | 231 | 10 | 160974 | 52 | 75 | 70
734 | Revision_734/get.c | U | 467 | 478 | 10 | 160975 | 53 | 77 | 87
734 | Revision_734/get.c | U | 484 | 495 | 10 | 160976 | 53 | 79 | 87
734 | Revision_734/get.c | U | 541 | 546 | 6 | 160977 | 54 | 80 | 80
734 | Revision_734/read.c | U | 424 | 428 | 6 | 160978 | 54 | 81 | 80
734 | Revision_734/get.c | U | 649 | 653 | 5 | 160979 | 55 | 394 | 75
734 | Revision_734/python.c | U | 244 | 247 | 5 | 160980 | 55 | 395 | 75
734 | Revision_734/gnu_regex/regcomp.c | U | 258 | 263 | 5 | 160981 | 56 | 563 | 75
734 | Revision_734/routines.c | U | 621 | 644 | 5 | 160982 | 56 | 377 | 75
734 | Revision_734/main.c | U | 126 | 139 | 5 | 160983 | 56 | 243 | 75
734 | Revision_734/options.c | U | 397 | 402 | 5 | 160984 | 56 | 244 | 75
734 | Revision_734/gnu_regex/regcomp.c | U | 765 | 770 | 5 | 160985 | 57 | 564 | 75
734 | Revision_734/gnu_regex/regcomp.c | U | 817 | 821 | 5 | 160986 | 57 | 565 | 75
734 | Revision_734/vhdl.c | U | 457 | 461 | 5 | 160987 | 57 | 421 | 75
734 | Revision_734/strlist.c | U | 150 | 154 | 5 | 160988 | 57 | 62 | 75
734 | Revision_734/sql.c | U | 569 | 573 | 5 | 160989 | 57 | 206 | 75
734 | Revision_734/routines.c | U | 453 | 459 | 5 | 160990 | 57 | 167 | 75
734 | Revision_734/gnu_regex/regcomp.c | U | 1222 | 1232 | 11 | 160991 | 58 | 566 | 70
734 | Revision_734/gnu_regex/regcomp.c | U | 3804 | 3816 | 11 | 160992 | 58 | 567 | 70
734 | Revision_734/gnu_regex/regcomp.c | U | 1277 | 1281 | 5 | 160993 | 59 | 568 | 100
734 | Revision_734/gnu_regex/regcomp.c | U | 1283 | 1287 | 5 | 160994 | 59 | 569 | 100
734 | Revision_734/gnu_regex/regcomp.c | U | 1477 | 1482 | 6 | 160995 | 60 | 570 | 80
734 | Revision_734/gnu_regex/regcomp.c | U | 1516 | 1522 | 6 | 160996 | 60 | 571 | 80
734 | Revision_734/gnu_regex/regcomp.c | U | 1662 | 1667 | 5 | 160997 | 61 | 572 | 75
734 | Revision_734/gnu_regex/regcomp.c | U | 1685 | 1689 | 5 | 160998 | 61 | 573 | 75
734 | Revision_734/gnu_regex/regex_internal.c | U | 76 | 80 | 5 | 160999 | 61 | 574 | 75
734 | Revision_734/gnu_regex/regcomp.c | U | 2011 | 2030 | 16 | 161000 | 62 | 575 | 75
734 | Revision_734/gnu_regex/regcomp.c | U | 2034 | 2046 | 16 | 161001 | 62 | 576 | 75
734 | Revision_734/gnu_regex/regcomp.c | U | 2158 | 2165 | 7 | 161002 | 63 | 577 | 80
734 | Revision_734/gnu_regex/regcomp.c | U | 2312 | 2319 | 7 | 161003 | 63 | 578 | 80
734 | Revision_734/gnu_regex/regcomp.c | U | 2292 | 2296 | 5 | 161004 | 64 | 579 | 75
734 | Revision_734/readtags.c | U | 242 | 246 | 5 | 161005 | 64 | 581 | 75
734 | Revision_734/gnu_regex/regcomp.c | U | 2298 | 2302 | 5 | 161006 | 64 | 580 | 75
734 | Revision_734/gnu_regex/regex_internal.c | U | 1048 | 1055 | 8 | 161007 | 65 | 582 | 71
734 | Revision_734/gnu_regex/regex_internal.c | U | 1188 | 1195 | 8 | 161008 | 65 | 584 | 71
734 | Revision_734/gnu_regex/regex_internal.c | U | 1562 | 1570 | 8 | 161009 | 65 | 583 | 71
734 | Revision_734/gnu_regex/regex_internal.c | U | 1101 | 1116 | 13 | 161010 | 66 | 585 | 80
734 | Revision_734/gnu_regex/regex_internal.c | U | 1234 | 1254 | 13 | 161011 | 66 | 586 | 80
734 | Revision_734/gnu_regex/regex_internal.c | U | 1287 | 1294 | 8 | 161012 | 67 | 587 | 85
734 | Revision_734/gnu_regex/regex_internal.c | U | 1326 | 1333 | 8 | 161013 | 67 | 588 | 85
734 | Revision_734/gnu_regex/regex_internal.c | U | 1464 | 1492 | 22 | 161014 | 68 | 589 | 70
734 | Revision_734/gnu_regex/regex_internal.c | U | 1508 | 1535 | 22 | 161015 | 68 | 590 | 70
734 | Revision_734/jscript.c | U | 356 | 453 | 115 | 161016 | 69 | 299 | 75
734 | Revision_734/sql.c | U | 514 | 660 | 115 | 161017 | 69 | 300 | 75
734 | Revision_734/tex.c | U | 279 | 359 | 115 | 161018 | 69 | 550 | 75
734 | Revision_734/jscript.c | U | 1072 | 1081 | 6 | 161019 | 70 | 360 | 75
734 | Revision_734/options.c | U | 1683 | 1687 | 6 | 161020 | 70 | 223 | 75
734 | Revision_734/jscript.c | U | 1152 | 1178 | 12 | 161021 | 71 | 372 | 72
734 | Revision_734/jscript.c | U | 1180 | 1202 | 12 | 161022 | 71 | 373 | 72
734 | Revision_734/keyword.c | U | 184 | 188 | 5 | 161023 | 72 | 85 | 75
734 | Revision_734/options.c | U | 1042 | 1046 | 5 | 161024 | 72 | 86 | 75
734 | Revision_734/readtags.c | U | 452 | 456 | 5 | 161025 | 72 | 87 | 75
734 | Revision_734/lisp.c | U | 91 | 97 | 7 | 161026 | 73 | 89 | 83
734 | Revision_734/lisp.c | U | 112 | 118 | 7 | 161027 | 73 | 90 | 83
734 | Revision_734/make.c | U | 44 | 48 | 5 | 161028 | 74 | 267 | 75
734 | Revision_734/verilog.c | U | 286 | 290 | 5 | 161029 | 74 | 268 | 75
734 | Revision_734/make.c | U | 77 | 87 | 11 | 161030 | 75 | 269 | 77
734 | Revision_734/verilog.c | U | 199 | 212 | 11 | 161031 | 75 | 270 | 77
734 | Revision_734/make.c | U | 97 | 105 | 8 | 161032 | 76 | 271 | 75
734 | Revision_734/verilog.c | U | 187 | 193 | 8 | 161033 | 76 | 272 | 75
734 | Revision_734/ocaml.c | U | 676 | 680 | 5 | 161034 | 77 | 606 | 75
734 | Revision_734/ocaml.c | U | 699 | 703 | 5 | 161035 | 77 | 607 | 75
734 | Revision_734/ocaml.c | U | 720 | 725 | 5 | 161036 | 77 | 608 | 75
734 | Revision_734/ocaml.c | U | 756 | 778 | 22 | 161037 | 78 | 609 | 71
734 | Revision_734/ocaml.c | U | 832 | 856 | 22 | 161038 | 78 | 610 | 71
734 | Revision_734/ocaml.c | U | 793 | 798 | 7 | 161039 | 79 | 611 | 71
734 | Revision_734/ocaml.c | U | 805 | 812 | 7 | 161040 | 79 | 612 | 71
734 | Revision_734/sql.c | U | 478 | 493 | 7 | 161041 | 79 | 296 | 71
734 | Revision_734/ocaml.c | U | 826 | 857 | 25 | 161042 | 80 | 613 | 70
734 | Revision_734/tex.c | U | 460 | 484 | 25 | 161043 | 80 | 614 | 70
734 | Revision_734/ocaml.c | U | 1523 | 1560 | 25 | 161044 | 80 | 615 | 70
734 | Revision_734/ocaml.c | U | 919 | 942 | 19 | 161045 | 81 | 616 | 70
734 | Revision_734/ocaml.c | U | 1494 | 1514 | 19 | 161046 | 81 | 617 | 70
734 | Revision_734/ocaml.c | U | 947 | 955 | 6 | 161047 | 82 | 618 | 75
734 | Revision_734/ocaml.c | U | 1054 | 1062 | 6 | 161048 | 82 | 619 | 75
734 | Revision_734/ocaml.c | U | 1187 | 1235 | 28 | 161049 | 83 | 620 | 70
734 | Revision_734/ocaml.c | U | 1521 | 1561 | 28 | 161050 | 83 | 615 | 70
734 | Revision_734/ocaml.c | U | 1390 | 1422 | 28 | 161051 | 83 | 621 | 70
734 | Revision_734/ocaml.c | U | 1778 | 1782 | 5 | 161052 | 84 | 622 | 75
734 | Revision_734/ocaml.c | U | 1785 | 1789 | 5 | 161053 | 84 | 623 | 75
734 | Revision_734/options.c | U | 369 | 375 | 6 | 161054 | 85 | 107 | 100
734 | Revision_734/options.c | U | 378 | 384 | 6 | 161055 | 85 | 108 | 100
734 | Revision_734/options.c | U | 543 | 549 | 7 | 161056 | 86 | 112 | 100
734 | Revision_734/options.c | U | 552 | 558 | 7 | 161057 | 86 | 115 | 100
734 | Revision_734/options.c | U | 570 | 576 | 7 | 161058 | 86 | 114 | 100
734 | Revision_734/options.c | U | 561 | 567 | 7 | 161059 | 86 | 113 | 100
734 | Revision_734/options.c | U | 982 | 986 | 5 | 161060 | 87 | 118 | 75
734 | Revision_734/options.c | U | 1008 | 1012 | 5 | 161061 | 87 | 119 | 75
734 | Revision_734/options.c | U | 1102 | 1106 | 5 | 161062 | 88 | 120 | 100
734 | Revision_734/options.c | U | 1108 | 1112 | 5 | 161063 | 88 | 120 | 100
734 | Revision_734/options.c | U | 1154 | 1166 | 12 | 161064 | 89 | 245 | 100
734 | Revision_734/options.c | U | 1171 | 1183 | 12 | 161065 | 89 | 123 | 100
734 | Revision_734/options.c | U | 1425 | 1442 | 15 | 161066 | 90 | 124 | 91
734 | Revision_734/options.c | U | 1463 | 1480 | 15 | 161067 | 90 | 125 | 91
734 | Revision_734/parse.c | U | 96 | 106 | 11 | 161068 | 91 | 126 | 88
734 | Revision_734/parse.c | U | 109 | 120 | 11 | 161069 | 91 | 127 | 88
734 | Revision_734/parse.c | U | 299 | 303 | 5 | 161070 | 92 | 246 | 75
734 | Revision_734/parse.c | U | 556 | 560 | 5 | 161071 | 92 | 247 | 75
734 | Revision_734/parse.c | U | 575 | 579 | 5 | 161072 | 92 | 248 | 75
734 | Revision_734/pascal.c | U | 134 | 138 | 5 | 161073 | 93 | 128 | 75
734 | Revision_734/perl.c | U | 187 | 191 | 5 | 161074 | 93 | 129 | 75
734 | Revision_734/pascal.c | U | 150 | 154 | 5 | 161075 | 94 | 212 | 75
734 | Revision_734/pascal.c | U | 184 | 190 | 5 | 161076 | 94 | 131 | 75
734 | Revision_734/python.c | U | 686 | 690 | 5 | 161077 | 94 | 370 | 75
734 | Revision_734/pascal.c | U | 176 | 182 | 5 | 161078 | 94 | 130 | 75
734 | Revision_734/perl.c | U | 208 | 214 | 7 | 161079 | 95 | 262 | 83
734 | Revision_734/perl.c | U | 254 | 259 | 7 | 161080 | 95 | 367 | 83
734 | Revision_734/python.c | U | 148 | 161 | 11 | 161081 | 96 | 39 | 77
734 | Revision_734/python.c | U | 191 | 202 | 11 | 161082 | 96 | 14 | 77
734 | Revision_734/python.c | U | 586 | 590 | 7 | 161083 | 97 | 370 | 80
734 | Revision_734/python.c | U | 591 | 596 | 7 | 161084 | 97 | 370 | 80
734 | Revision_734/python.c | U | 692 | 701 | 8 | 161085 | 98 | 436 | 83
734 | Revision_734/python.c | U | 703 | 711 | 8 | 161086 | 98 | 14 | 83
734 | Revision_734/readtags.c | U | 106 | 113 | 8 | 161087 | 99 | 149 | 83
734 | Revision_734/routines.c | U | 298 | 305 | 8 | 161088 | 99 | 155 | 83
734 | Revision_734/routines.c | U | 288 | 295 | 8 | 161089 | 99 | 156 | 83
734 | Revision_734/readtags.c | U | 116 | 123 | 8 | 161090 | 99 | 134 | 83
734 | Revision_734/readtags.c | U | 144 | 148 | 5 | 161091 | 100 | 110 | 75
734 | Revision_734/vstring.c | U | 35 | 40 | 5 | 161092 | 100 | 111 | 75
734 | Revision_734/readtags.c | U | 541 | 547 | 6 | 161093 | 101 | 150 | 100
734 | Revision_734/readtags.c | U | 549 | 555 | 6 | 161094 | 101 | 151 | 100
734 | Revision_734/readtags.c | U | 584 | 588 | 6 | 161095 | 102 | 134 | 75
734 | Revision_734/readtags.c | U | 639 | 645 | 6 | 161096 | 102 | 135 | 75
734 | Revision_734/readtags.c | U | 718 | 726 | 8 | 161097 | 103 | 136 | 83
734 | Revision_734/readtags.c | U | 773 | 781 | 8 | 161098 | 103 | 139 | 83
734 | Revision_734/readtags.c | U | 729 | 737 | 8 | 161099 | 103 | 139 | 83
734 | Revision_734/readtags.c | U | 740 | 745 | 6 | 161100 | 104 | 152 | 80
734 | Revision_734/readtags.c | U | 757 | 762 | 6 | 161101 | 104 | 153 | 80
734 | Revision_734/readtags.c | U | 765 | 770 | 6 | 161102 | 104 | 187 | 80
734 | Revision_734/routines.c | U | 237 | 244 | 6 | 161103 | 105 | 157 | 80
734 | Revision_734/routines.c | U | 247 | 254 | 6 | 161104 | 105 | 158 | 80
734 | Revision_734/routines.c | U | 322 | 326 | 5 | 161105 | 106 | 159 | 75
734 | Revision_734/vstring.c | U | 125 | 129 | 5 | 161106 | 106 | 94 | 75
734 | Revision_734/vstring.c | U | 118 | 122 | 5 | 161107 | 106 | 95 | 75
734 | Revision_734/routines.c | U | 329 | 335 | 6 | 161108 | 107 | 160 | 100
734 | Revision_734/routines.c | U | 338 | 344 | 6 | 161109 | 107 | 161 | 100
734 | Revision_734/routines.c | U | 349 | 356 | 8 | 161110 | 108 | 162 | 100
734 | Revision_734/routines.c | U | 361 | 368 | 8 | 161111 | 108 | 163 | 100
734 | Revision_734/scheme.c | U | 70 | 78 | 8 | 161112 | 109 | 140 | 71
734 | Revision_734/scheme.c | U | 85 | 93 | 8 | 161113 | 109 | 141 | 71
734 | Revision_734/sort.c | U | 118 | 123 | 5 | 161114 | 110 | 182 | 100
734 | Revision_734/sort.c | U | 126 | 131 | 5 | 161115 | 110 | 183 | 100
734 | Revision_734/sql.c | U | 716 | 765 | 32 | 161116 | 111 | 422 | 72
734 | Revision_734/vhdl.c | U | 493 | 533 | 32 | 161117 | 111 | 423 | 72
734 | Revision_734/sql.c | U | 1546 | 1582 | 24 | 161118 | 112 | 351 | 78
734 | Revision_734/sql.c | U | 1952 | 1995 | 24 | 161119 | 112 | 352 | 78
734 | Revision_734/sql.c | U | 1916 | 1941 | 17 | 161120 | 113 | 353 | 84
734 | Revision_734/sql.c | U | 1965 | 1989 | 17 | 161121 | 113 | 354 | 84
734 | Revision_734/sql.c | U | 2090 | 2098 | 7 | 161122 | 114 | 426 | 71
734 | Revision_734/vhdl.c | U | 813 | 821 | 7 | 161123 | 114 | 427 | 71
734 | Revision_734/tex.c | U | 497 | 506 | 7 | 161124 | 114 | 554 | 71
734 | Revision_734/strlist.c | U | 32 | 38 | 8 | 161125 | 115 | 142 | 71
734 | Revision_734/vstring.c | U | 77 | 87 | 8 | 161126 | 115 | 143 | 71
734 | Revision_734/strlist.c | U | 191 | 196 | 7 | 161127 | 116 | 146 | 83
734 | Revision_734/strlist.c | U | 200 | 206 | 7 | 161128 | 116 | 264 | 83
734 | Revision_734/tex.c | U | 401 | 418 | 16 | 161129 | 117 | 558 | 83
734 | Revision_734/tex.c | U | 426 | 444 | 16 | 161130 | 117 | 559 | 83
734 | Revision_734/verilog.c | U | 142 | 146 | 5 | 161131 | 118 | 259 | 75
734 | Revision_734/verilog.c | U | 238 | 242 | 5 | 161132 | 118 | 260 | 75
734 | Revision_734/vhdl.c | U | 724 | 741 | 15 | 161133 | 119 | 430 | 100
734 | Revision_734/vhdl.c | U | 743 | 760 | 15 | 161134 | 119 | 427 | 100
734 | Revision_734/vim.c | U | 97 | 101 | 5 | 161135 | 120 | 192 | 100
734 | Revision_734/vim.c | U | 103 | 107 | 5 | 161136 | 120 | 193 | 100
734 | Revision_734/vim.c | U | 244 | 267 | 17 | 161137 | 121 | 224 | 76
734 | Revision_734/vim.c | U | 294 | 312 | 17 | 161138 | 121 | 147 | 76
