Revision | filePath | changeType | StartLine | EndLine | Nlines | cloneId | classId | globalCloneId | Similarity
735 | Revision_735/ant.c | U | 33 | 40 | 8 | 161139 | 1 | 526 | 70
735 | Revision_735/yacc.c | U | 31 | 38 | 8 | 161140 | 1 | 28 | 70
735 | Revision_735/php.c | U | 91 | 98 | 8 | 161141 | 1 | 366 | 70
735 | Revision_735/matlab.c | U | 35 | 42 | 8 | 161142 | 1 | 527 | 70
735 | Revision_735/jscript.c | U | 1558 | 1571 | 8 | 161143 | 1 | 281 | 70
735 | Revision_735/tex.c | U | 501 | 514 | 8 | 161144 | 1 | 528 | 70
735 | Revision_735/beta.c | U | 311 | 319 | 8 | 161145 | 1 | 15 | 70
735 | Revision_735/dosbatch.c | U | 33 | 40 | 8 | 161146 | 1 | 529 | 70
735 | Revision_735/vim.c | U | 626 | 634 | 8 | 161147 | 1 | 20 | 70
735 | Revision_735/lua.c | U | 123 | 131 | 8 | 161148 | 1 | 154 | 70
735 | Revision_735/slang.c | U | 34 | 41 | 8 | 161149 | 1 | 27 | 70
735 | Revision_735/cobol.c | U | 40 | 48 | 8 | 161150 | 1 | 213 | 70
735 | Revision_735/rexx.c | U | 30 | 37 | 8 | 161151 | 1 | 25 | 70
735 | Revision_735/keyword.c | U | 107 | 116 | 8 | 161152 | 1 | 29 | 70
735 | Revision_735/html.c | U | 40 | 47 | 8 | 161153 | 1 | 253 | 70
735 | Revision_735/erlang.c | U | 179 | 187 | 8 | 161154 | 1 | 230 | 70
735 | Revision_735/ruby.c | U | 398 | 406 | 8 | 161155 | 1 | 16 | 70
735 | Revision_735/awk.c | U | 71 | 79 | 8 | 161156 | 1 | 10 | 70
735 | Revision_735/scheme.c | U | 99 | 109 | 8 | 161157 | 1 | 17 | 70
735 | Revision_735/basic.c | U | 193 | 201 | 8 | 161158 | 1 | 275 | 70
735 | Revision_735/sh.c | U | 103 | 113 | 8 | 161159 | 1 | 24 | 70
735 | Revision_735/asp.c | U | 317 | 325 | 8 | 161160 | 1 | 18 | 70
735 | Revision_735/python.c | U | 761 | 769 | 8 | 161161 | 1 | 14 | 70
735 | Revision_735/sml.c | U | 202 | 210 | 8 | 161162 | 1 | 216 | 70
735 | Revision_735/lisp.c | U | 127 | 137 | 8 | 161163 | 1 | 11 | 70
735 | Revision_735/pascal.c | U | 257 | 265 | 8 | 161164 | 1 | 13 | 70
735 | Revision_735/tcl.c | U | 106 | 114 | 8 | 161165 | 1 | 22 | 70
735 | Revision_735/perl.c | U | 372 | 380 | 8 | 161166 | 1 | 19 | 70
735 | Revision_735/make.c | U | 205 | 215 | 8 | 161167 | 1 | 26 | 70
735 | Revision_735/sql.c | U | 2101 | 2110 | 8 | 161168 | 1 | 197 | 70
735 | Revision_735/verilog.c | U | 329 | 338 | 8 | 161169 | 1 | 184 | 70
735 | Revision_735/flex.c | U | 2274 | 2287 | 8 | 161170 | 1 | 438 | 70
735 | Revision_735/vhdl.c | U | 824 | 833 | 8 | 161171 | 1 | 403 | 70
735 | Revision_735/ocaml.c | U | 1832 | 1842 | 8 | 161172 | 1 | 601 | 70
735 | Revision_735/options.c | U | 533 | 538 | 8 | 161173 | 1 | 30 | 70
735 | Revision_735/options.c | U | 626 | 632 | 8 | 161174 | 1 | 242 | 70
735 | Revision_735/asm.c | U | 366 | 385 | 8 | 161175 | 1 | 174 | 70
735 | Revision_735/args.c | U | 85 | 92 | 8 | 161176 | 2 | 1 | 100
735 | Revision_735/args.c | U | 160 | 167 | 8 | 161177 | 2 | 2 | 100
735 | Revision_735/args.c | U | 182 | 190 | 9 | 161178 | 3 | 3 | 75
735 | Revision_735/args.c | U | 193 | 200 | 9 | 161179 | 3 | 4 | 75
735 | Revision_735/args.c | U | 203 | 211 | 9 | 161180 | 3 | 5 | 75
735 | Revision_735/args.c | U | 266 | 272 | 7 | 161181 | 4 | 6 | 83
735 | Revision_735/options.c | U | 579 | 584 | 7 | 161182 | 4 | 7 | 83
735 | Revision_735/asm.c | U | 120 | 128 | 8 | 161183 | 5 | 188 | 71
735 | Revision_735/sql.c | U | 392 | 401 | 8 | 161184 | 5 | 196 | 71
735 | Revision_735/tex.c | U | 149 | 158 | 8 | 161185 | 5 | 530 | 71
735 | Revision_735/flex.c | U | 210 | 219 | 8 | 161186 | 5 | 437 | 71
735 | Revision_735/jscript.c | U | 180 | 189 | 8 | 161187 | 5 | 280 | 71
735 | Revision_735/vhdl.c | U | 573 | 583 | 8 | 161188 | 5 | 401 | 71
735 | Revision_735/verilog.c | U | 108 | 118 | 8 | 161189 | 5 | 258 | 71
735 | Revision_735/asm.c | U | 131 | 139 | 8 | 161190 | 6 | 170 | 71
735 | Revision_735/keyword.c | U | 195 | 202 | 8 | 161191 | 6 | 432 | 71
735 | Revision_735/asm.c | U | 243 | 256 | 11 | 161192 | 7 | 191 | 77
735 | Revision_735/asm.c | U | 261 | 271 | 11 | 161193 | 7 | 179 | 77
735 | Revision_735/asm.c | U | 347 | 352 | 6 | 161194 | 8 | 256 | 80
735 | Revision_735/sh.c | U | 89 | 94 | 6 | 161195 | 8 | 257 | 80
735 | Revision_735/asp.c | U | 72 | 91 | 15 | 161196 | 9 | 31 | 100
735 | Revision_735/asp.c | U | 95 | 114 | 15 | 161197 | 9 | 32 | 100
735 | Revision_735/asp.c | U | 118 | 163 | 40 | 161198 | 10 | 591 | 100
735 | Revision_735/asp.c | U | 165 | 210 | 40 | 161199 | 10 | 592 | 100
735 | Revision_735/asp.c | U | 125 | 137 | 11 | 161200 | 11 | 33 | 70
735 | Revision_735/asp.c | U | 139 | 151 | 11 | 161201 | 11 | 34 | 70
735 | Revision_735/asp.c | U | 214 | 230 | 11 | 161202 | 11 | 34 | 70
735 | Revision_735/asp.c | U | 234 | 249 | 11 | 161203 | 11 | 34 | 70
735 | Revision_735/asp.c | U | 253 | 268 | 11 | 161204 | 11 | 593 | 70
735 | Revision_735/asp.c | U | 291 | 306 | 11 | 161205 | 11 | 595 | 70
735 | Revision_735/asp.c | U | 272 | 287 | 11 | 161206 | 11 | 596 | 70
735 | Revision_735/asp.c | U | 152 | 161 | 11 | 161207 | 11 | 594 | 70
735 | Revision_735/asp.c | U | 186 | 198 | 11 | 161208 | 11 | 597 | 70
735 | Revision_735/asp.c | U | 172 | 184 | 11 | 161209 | 11 | 598 | 70
735 | Revision_735/asp.c | U | 294 | 305 | 11 | 161210 | 11 | 596 | 70
735 | Revision_735/vim.c | U | 256 | 265 | 11 | 161211 | 11 | 599 | 70
735 | Revision_735/asp.c | U | 275 | 286 | 11 | 161212 | 11 | 595 | 70
735 | Revision_735/lua.c | U | 81 | 88 | 11 | 161213 | 11 | 185 | 70
735 | Revision_735/asp.c | U | 218 | 229 | 11 | 161214 | 11 | 593 | 70
735 | Revision_735/asp.c | U | 237 | 248 | 11 | 161215 | 11 | 34 | 70
735 | Revision_735/asp.c | U | 256 | 267 | 11 | 161216 | 11 | 34 | 70
735 | Revision_735/vim.c | U | 301 | 310 | 11 | 161217 | 11 | 600 | 70
735 | Revision_735/asp.c | U | 199 | 208 | 11 | 161218 | 11 | 18 | 70
735 | Revision_735/basic.c | U | 135 | 140 | 6 | 161219 | 12 | 278 | 80
735 | Revision_735/basic.c | U | 147 | 152 | 6 | 161220 | 12 | 279 | 80
735 | Revision_735/beta.c | U | 71 | 80 | 10 | 161221 | 13 | 43 | 70
735 | Revision_735/parse.c | U | 43 | 54 | 10 | 161222 | 13 | 44 | 70
735 | Revision_735/vhdl.c | U | 536 | 548 | 10 | 161223 | 13 | 404 | 70
735 | Revision_735/tex.c | U | 186 | 200 | 10 | 161224 | 13 | 531 | 70
735 | Revision_735/sql.c | U | 430 | 444 | 10 | 161225 | 13 | 198 | 70
735 | Revision_735/sml.c | U | 75 | 81 | 10 | 161226 | 13 | 217 | 70
735 | Revision_735/flex.c | U | 250 | 264 | 10 | 161227 | 13 | 439 | 70
735 | Revision_735/jscript.c | U | 219 | 233 | 10 | 161228 | 13 | 283 | 70
735 | Revision_735/beta.c | U | 134 | 141 | 6 | 161229 | 14 | 45 | 75
735 | Revision_735/beta.c | U | 204 | 212 | 6 | 161230 | 14 | 46 | 75
735 | Revision_735/beta.c | U | 152 | 156 | 5 | 161231 | 15 | 47 | 75
735 | Revision_735/beta.c | U | 277 | 281 | 5 | 161232 | 15 | 48 | 75
735 | Revision_735/beta.c | U | 165 | 169 | 5 | 161233 | 15 | 49 | 75
735 | Revision_735/beta.c | U | 158 | 162 | 5 | 161234 | 15 | 51 | 75
735 | Revision_735/beta.c | U | 271 | 275 | 5 | 161235 | 15 | 50 | 75
735 | Revision_735/erlang.c | U | 58 | 62 | 5 | 161236 | 16 | 231 | 75
735 | Revision_735/python.c | U | 256 | 260 | 5 | 161237 | 16 | 180 | 75
735 | Revision_735/options.c | U | 963 | 968 | 5 | 161238 | 16 | 181 | 75
735 | Revision_735/python.c | U | 278 | 282 | 5 | 161239 | 16 | 368 | 75
735 | Revision_735/sml.c | U | 84 | 88 | 5 | 161240 | 16 | 218 | 75
735 | Revision_735/erlang.c | U | 66 | 75 | 9 | 161241 | 17 | 232 | 75
735 | Revision_735/python.c | U | 286 | 295 | 9 | 161242 | 17 | 194 | 75
735 | Revision_735/tcl.c | U | 44 | 54 | 9 | 161243 | 17 | 195 | 75
735 | Revision_735/erlang.c | U | 97 | 105 | 7 | 161244 | 18 | 237 | 71
735 | Revision_735/perl.c | U | 353 | 359 | 7 | 161245 | 18 | 262 | 71
735 | Revision_735/erlang.c | U | 116 | 121 | 7 | 161246 | 18 | 235 | 71
735 | Revision_735/erlang.c | U | 108 | 113 | 7 | 161247 | 18 | 239 | 71
735 | Revision_735/main.c | U | 179 | 185 | 7 | 161248 | 18 | 255 | 71
735 | Revision_735/main.c | U | 260 | 267 | 7 | 161249 | 18 | 254 | 71
735 | Revision_735/perl.c | U | 339 | 346 | 7 | 161250 | 18 | 19 | 71
735 | Revision_735/flex.c | U | 222 | 236 | 12 | 161251 | 19 | 440 | 75
735 | Revision_735/tex.c | U | 161 | 172 | 12 | 161252 | 19 | 532 | 75
735 | Revision_735/sql.c | U | 404 | 416 | 12 | 161253 | 19 | 205 | 75
735 | Revision_735/vhdl.c | U | 342 | 351 | 12 | 161254 | 19 | 405 | 75
735 | Revision_735/jscript.c | U | 192 | 205 | 12 | 161255 | 19 | 282 | 75
735 | Revision_735/flex.c | U | 239 | 243 | 5 | 161256 | 20 | 441 | 75
735 | Revision_735/jscript.c | U | 208 | 212 | 5 | 161257 | 20 | 286 | 75
735 | Revision_735/tex.c | M | 175 | 179 | 5 | 161258 | 20 | 533 | 75
735 | Revision_735/vstring.c | U | 69 | 73 | 5 | 161259 | 20 | 287 | 75
735 | Revision_735/sql.c | U | 419 | 423 | 5 | 161260 | 20 | 288 | 75
735 | Revision_735/vhdl.c | U | 354 | 361 | 5 | 161261 | 20 | 406 | 75
735 | Revision_735/vstring.c | U | 67 | 74 | 5 | 161262 | 20 | 287 | 75
735 | Revision_735/flex.c | U | 267 | 300 | 16 | 161263 | 21 | 442 | 73
735 | Revision_735/sql.c | U | 447 | 468 | 16 | 161264 | 21 | 290 | 73
735 | Revision_735/tex.c | U | 203 | 224 | 16 | 161265 | 21 | 534 | 73
735 | Revision_735/jscript.c | U | 236 | 257 | 16 | 161266 | 21 | 289 | 73
735 | Revision_735/vhdl.c | U | 551 | 570 | 16 | 161267 | 21 | 407 | 73
735 | Revision_735/flex.c | U | 289 | 297 | 11 | 161268 | 22 | 561 | 70
735 | Revision_735/vhdl.c | U | 553 | 569 | 11 | 161269 | 22 | 407 | 70
735 | Revision_735/flex.c | U | 303 | 327 | 19 | 161270 | 23 | 443 | 73
735 | Revision_735/flex.c | U | 353 | 377 | 19 | 161271 | 23 | 445 | 73
735 | Revision_735/jscript.c | U | 287 | 311 | 19 | 161272 | 23 | 433 | 73
735 | Revision_735/jscript.c | U | 260 | 284 | 19 | 161273 | 23 | 398 | 73
735 | Revision_735/flex.c | U | 330 | 350 | 19 | 161274 | 23 | 446 | 73
735 | Revision_735/flex.c | U | 1822 | 1862 | 19 | 161275 | 23 | 444 | 73
735 | Revision_735/jscript.c | U | 1390 | 1430 | 19 | 161276 | 23 | 434 | 73
735 | Revision_735/flex.c | U | 310 | 314 | 5 | 161277 | 24 | 535 | 75
735 | Revision_735/tex.c | M | 419 | 423 | 5 | 161278 | 24 | 555 | 75
735 | Revision_735/tex.c | M | 395 | 399 | 5 | 161279 | 24 | 556 | 75
735 | Revision_735/jscript.c | U | 267 | 271 | 5 | 161280 | 24 | 342 | 75
735 | Revision_735/jscript.c | U | 294 | 298 | 5 | 161281 | 24 | 291 | 75
735 | Revision_735/flex.c | U | 360 | 364 | 5 | 161282 | 24 | 537 | 75
735 | Revision_735/jscript.c | U | 1411 | 1415 | 5 | 161283 | 24 | 280 | 75
735 | Revision_735/flex.c | U | 1843 | 1847 | 5 | 161284 | 24 | 538 | 75
735 | Revision_735/flex.c | U | 337 | 341 | 5 | 161285 | 24 | 539 | 75
735 | Revision_735/flex.c | U | 384 | 402 | 16 | 161286 | 25 | 447 | 78
735 | Revision_735/jscript.c | U | 318 | 336 | 16 | 161287 | 25 | 398 | 78
735 | Revision_735/sql.c | U | 475 | 495 | 16 | 161288 | 25 | 296 | 78
735 | Revision_735/tex.c | U | 231 | 249 | 16 | 161289 | 25 | 540 | 78
735 | Revision_735/vhdl.c | U | 368 | 386 | 16 | 161290 | 25 | 409 | 78
735 | Revision_735/flex.c | U | 408 | 419 | 12 | 161291 | 26 | 448 | 100
735 | Revision_735/sql.c | U | 500 | 511 | 12 | 161292 | 26 | 296 | 100
735 | Revision_735/jscript.c | U | 342 | 353 | 12 | 161293 | 26 | 295 | 100
735 | Revision_735/tex.c | U | 256 | 268 | 12 | 161294 | 26 | 541 | 100
735 | Revision_735/vhdl.c | U | 391 | 402 | 12 | 161295 | 26 | 410 | 100
735 | Revision_735/flex.c | U | 431 | 435 | 5 | 161296 | 27 | 449 | 71
735 | Revision_735/sql.c | U | 523 | 536 | 5 | 161297 | 27 | 206 | 71
735 | Revision_735/flex.c | U | 663 | 667 | 5 | 161298 | 27 | 450 | 71
735 | Revision_735/tex.c | M | 280 | 284 | 5 | 161299 | 27 | 542 | 71
735 | Revision_735/jscript.c | U | 365 | 369 | 5 | 161300 | 27 | 291 | 71
735 | Revision_735/vhdl.c | U | 414 | 418 | 5 | 161301 | 27 | 411 | 71
735 | Revision_735/flex.c | U | 504 | 508 | 5 | 161302 | 27 | 451 | 71
735 | Revision_735/flex.c | U | 615 | 619 | 5 | 161303 | 27 | 452 | 71
735 | Revision_735/flex.c | U | 524 | 530 | 5 | 161304 | 27 | 450 | 71
735 | Revision_735/flex.c | U | 661 | 668 | 5 | 161305 | 27 | 451 | 71
735 | Revision_735/flex.c | U | 613 | 620 | 5 | 161306 | 27 | 453 | 71
735 | Revision_735/flex.c | U | 477 | 482 | 5 | 161307 | 27 | 454 | 71
735 | Revision_735/flex.c | U | 652 | 659 | 5 | 161308 | 27 | 455 | 71
735 | Revision_735/flex.c | U | 537 | 543 | 5 | 161309 | 27 | 456 | 71
735 | Revision_735/flex.c | U | 604 | 611 | 5 | 161310 | 27 | 457 | 71
735 | Revision_735/flex.c | U | 591 | 597 | 5 | 161311 | 27 | 458 | 71
735 | Revision_735/flex.c | U | 550 | 557 | 5 | 161312 | 27 | 459 | 71
735 | Revision_735/flex.c | U | 639 | 645 | 5 | 161313 | 27 | 460 | 71
735 | Revision_735/flex.c | U | 628 | 634 | 5 | 161314 | 27 | 461 | 71
735 | Revision_735/flex.c | U | 484 | 509 | 25 | 161315 | 28 | 462 | 70
735 | Revision_735/sql.c | U | 606 | 636 | 25 | 161316 | 28 | 464 | 70
735 | Revision_735/jscript.c | U | 405 | 435 | 25 | 161317 | 28 | 463 | 70
735 | Revision_735/flex.c | U | 588 | 623 | 35 | 161318 | 29 | 465 | 74
735 | Revision_735/flex.c | U | 625 | 672 | 35 | 161319 | 29 | 466 | 74
735 | Revision_735/flex.c | U | 693 | 702 | 10 | 161320 | 30 | 467 | 100
735 | Revision_735/vhdl.c | U | 467 | 476 | 10 | 161321 | 30 | 413 | 100
735 | Revision_735/jscript.c | U | 441 | 450 | 10 | 161322 | 30 | 412 | 100
735 | Revision_735/tex.c | M | 317 | 326 | 10 | 161323 | 30 | 543 | 100
735 | Revision_735/flex.c | U | 708 | 717 | 9 | 161324 | 31 | 468 | 77
735 | Revision_735/tex.c | M | 349 | 356 | 9 | 161325 | 31 | 544 | 77
735 | Revision_735/jscript.c | U | 456 | 464 | 9 | 161326 | 31 | 301 | 77
735 | Revision_735/flex.c | U | 724 | 754 | 17 | 161327 | 32 | 469 | 83
735 | Revision_735/sql.c | U | 746 | 764 | 17 | 161328 | 32 | 400 | 83
735 | Revision_735/vhdl.c | U | 514 | 532 | 17 | 161329 | 32 | 414 | 83
735 | Revision_735/jscript.c | U | 471 | 501 | 17 | 161330 | 32 | 284 | 83
735 | Revision_735/jscript.c | U | 504 | 533 | 17 | 161331 | 32 | 371 | 83
735 | Revision_735/flex.c | U | 757 | 786 | 17 | 161332 | 32 | 470 | 83
735 | Revision_735/flex.c | U | 789 | 796 | 7 | 161333 | 33 | 471 | 80
735 | Revision_735/flex.c | U | 799 | 806 | 7 | 161334 | 33 | 472 | 80
735 | Revision_735/jscript.c | U | 546 | 553 | 7 | 161335 | 33 | 302 | 80
735 | Revision_735/jscript.c | U | 536 | 543 | 7 | 161336 | 33 | 301 | 80
735 | Revision_735/sql.c | U | 679 | 686 | 7 | 161337 | 33 | 304 | 80
735 | Revision_735/flex.c | U | 813 | 835 | 13 | 161338 | 34 | 473 | 100
735 | Revision_735/jscript.c | U | 560 | 582 | 13 | 161339 | 34 | 316 | 100
735 | Revision_735/flex.c | U | 820 | 834 | 9 | 161340 | 35 | 474 | 70
735 | Revision_735/vhdl.c | U | 656 | 668 | 9 | 161341 | 35 | 415 | 70
735 | Revision_735/flex.c | U | 1194 | 1222 | 9 | 161342 | 35 | 475 | 70
735 | Revision_735/sql.c | U | 876 | 888 | 9 | 161343 | 35 | 358 | 70
735 | Revision_735/jscript.c | U | 647 | 673 | 9 | 161344 | 35 | 309 | 70
735 | Revision_735/jscript.c | U | 837 | 847 | 9 | 161345 | 35 | 307 | 70
735 | Revision_735/sql.c | U | 1998 | 2026 | 9 | 161346 | 35 | 314 | 70
735 | Revision_735/jscript.c | U | 567 | 581 | 9 | 161347 | 35 | 306 | 70
735 | Revision_735/sql.c | U | 1615 | 1622 | 9 | 161348 | 35 | 311 | 70
735 | Revision_735/flex.c | U | 1756 | 1771 | 9 | 161349 | 35 | 477 | 70
735 | Revision_735/jscript.c | U | 1324 | 1339 | 9 | 161350 | 35 | 281 | 70
735 | Revision_735/sql.c | U | 1109 | 1126 | 9 | 161351 | 35 | 319 | 70
735 | Revision_735/sql.c | U | 1142 | 1165 | 9 | 161352 | 35 | 337 | 70
735 | Revision_735/jscript.c | U | 585 | 620 | 9 | 161353 | 35 | 315 | 70
735 | Revision_735/vhdl.c | U | 617 | 625 | 9 | 161354 | 35 | 416 | 70
735 | Revision_735/vhdl.c | U | 746 | 759 | 9 | 161355 | 35 | 430 | 70
735 | Revision_735/vhdl.c | U | 727 | 740 | 9 | 161356 | 35 | 427 | 70
735 | Revision_735/flex.c | U | 1962 | 1976 | 9 | 161357 | 35 | 481 | 70
735 | Revision_735/sql.c | U | 1511 | 1521 | 9 | 161358 | 35 | 397 | 70
735 | Revision_735/sql.c | U | 1500 | 1508 | 9 | 161359 | 35 | 396 | 70
735 | Revision_735/flex.c | U | 896 | 922 | 9 | 161360 | 35 | 476 | 70
735 | Revision_735/flex.c | U | 2104 | 2123 | 9 | 161361 | 35 | 479 | 70
735 | Revision_735/flex.c | U | 1263 | 1282 | 9 | 161362 | 35 | 478 | 70
735 | Revision_735/jscript.c | U | 986 | 1005 | 9 | 161363 | 35 | 318 | 70
735 | Revision_735/jscript.c | U | 839 | 846 | 9 | 161364 | 35 | 307 | 70
735 | Revision_735/flex.c | U | 2125 | 2141 | 9 | 161365 | 35 | 480 | 70
735 | Revision_735/flex.c | U | 1965 | 1975 | 9 | 161366 | 35 | 481 | 70
735 | Revision_735/sql.c | U | 1568 | 1578 | 9 | 161367 | 35 | 345 | 70
735 | Revision_735/flex.c | U | 838 | 869 | 9 | 161368 | 35 | 476 | 70
735 | Revision_735/sql.c | U | 845 | 859 | 9 | 161369 | 35 | 313 | 70
735 | Revision_735/sql.c | U | 965 | 985 | 9 | 161370 | 35 | 310 | 70
735 | Revision_735/sql.c | U | 1431 | 1437 | 9 | 161371 | 35 | 356 | 70
735 | Revision_735/jscript.c | U | 696 | 707 | 9 | 161372 | 35 | 312 | 70
735 | Revision_735/jscript.c | U | 1084 | 1090 | 9 | 161373 | 35 | 309 | 70
735 | Revision_735/flex.c | U | 945 | 956 | 9 | 161374 | 35 | 486 | 70
735 | Revision_735/vhdl.c | U | 704 | 715 | 9 | 161375 | 35 | 417 | 70
735 | Revision_735/sql.c | U | 843 | 860 | 9 | 161376 | 35 | 313 | 70
735 | Revision_735/flex.c | U | 1953 | 1978 | 9 | 161377 | 35 | 484 | 70
735 | Revision_735/vhdl.c | U | 586 | 600 | 9 | 161378 | 35 | 418 | 70
735 | Revision_735/sql.c | U | 1732 | 1758 | 9 | 161379 | 35 | 320 | 70
735 | Revision_735/sql.c | U | 1761 | 1782 | 9 | 161380 | 35 | 324 | 70
735 | Revision_735/flex.c | U | 1968 | 1974 | 9 | 161381 | 35 | 481 | 70
735 | Revision_735/sql.c | U | 878 | 885 | 9 | 161382 | 35 | 358 | 70
735 | Revision_735/vhdl.c | U | 635 | 640 | 9 | 161383 | 35 | 416 | 70
735 | Revision_735/flex.c | U | 2113 | 2122 | 9 | 161384 | 35 | 485 | 70
735 | Revision_735/flex.c | U | 2214 | 2224 | 9 | 161385 | 35 | 524 | 70
735 | Revision_735/flex.c | U | 2226 | 2237 | 9 | 161386 | 35 | 438 | 70
735 | Revision_735/ruby.c | U | 214 | 218 | 9 | 161387 | 35 | 265 | 70
735 | Revision_735/flex.c | U | 2143 | 2150 | 9 | 161388 | 35 | 488 | 70
735 | Revision_735/vhdl.c | U | 706 | 714 | 9 | 161389 | 35 | 425 | 70
735 | Revision_735/sql.c | U | 1331 | 1339 | 9 | 161390 | 35 | 397 | 70
735 | Revision_735/sql.c | U | 768 | 780 | 9 | 161391 | 35 | 313 | 70
735 | Revision_735/flex.c | U | 2134 | 2140 | 9 | 161392 | 35 | 490 | 70
735 | Revision_735/flex.c | U | 2017 | 2025 | 9 | 161393 | 35 | 489 | 70
735 | Revision_735/jscript.c | U | 675 | 708 | 9 | 161394 | 35 | 487 | 70
735 | Revision_735/sql.c | U | 1824 | 1845 | 9 | 161395 | 35 | 321 | 70
735 | Revision_735/sql.c | U | 1800 | 1821 | 9 | 161396 | 35 | 322 | 70
735 | Revision_735/sql.c | U | 1701 | 1729 | 9 | 161397 | 35 | 323 | 70
735 | Revision_735/flex.c | U | 2115 | 2121 | 9 | 161398 | 35 | 485 | 70
735 | Revision_735/sql.c | U | 693 | 698 | 9 | 161399 | 35 | 304 | 70
735 | Revision_735/gnu_regex/regcomp.c | U | 3586 | 3593 | 9 | 161400 | 35 | 562 | 70
735 | Revision_735/ruby.c | U | 195 | 200 | 9 | 161401 | 35 | 491 | 70
735 | Revision_735/vim.c | U | 400 | 408 | 9 | 161402 | 35 | 365 | 70
735 | Revision_735/vhdl.c | U | 647 | 670 | 9 | 161403 | 35 | 431 | 70
735 | Revision_735/sql.c | U | 1848 | 1888 | 9 | 161404 | 35 | 327 | 70
735 | Revision_735/get.c | U | 594 | 598 | 9 | 161405 | 35 | 364 | 70
735 | Revision_735/jscript.c | U | 983 | 1017 | 9 | 161406 | 35 | 340 | 70
735 | Revision_735/flex.c | U | 1260 | 1294 | 9 | 161407 | 35 | 492 | 70
735 | Revision_735/sql.c | U | 1409 | 1447 | 9 | 161408 | 35 | 328 | 70
735 | Revision_735/sql.c | U | 1585 | 1624 | 9 | 161409 | 35 | 329 | 70
735 | Revision_735/readtags.c | U | 363 | 367 | 9 | 161410 | 35 | 391 | 70
735 | Revision_735/flex.c | U | 872 | 958 | 30 | 161411 | 36 | 493 | 90
735 | Revision_735/jscript.c | U | 623 | 709 | 30 | 161412 | 36 | 494 | 90
735 | Revision_735/flex.c | U | 924 | 957 | 17 | 161413 | 37 | 495 | 75
735 | Revision_735/flex.c | U | 1944 | 1979 | 17 | 161414 | 37 | 496 | 75
735 | Revision_735/flex.c | U | 961 | 1068 | 30 | 161415 | 38 | 497 | 100
735 | Revision_735/jscript.c | U | 712 | 819 | 30 | 161416 | 38 | 498 | 100
735 | Revision_735/flex.c | U | 1240 | 1301 | 33 | 161417 | 39 | 504 | 100
735 | Revision_735/jscript.c | U | 963 | 1024 | 33 | 161418 | 39 | 505 | 100
735 | Revision_735/flex.c | U | 1271 | 1281 | 5 | 161419 | 40 | 506 | 71
735 | Revision_735/flex.c | U | 1284 | 1293 | 5 | 161420 | 40 | 507 | 71
735 | Revision_735/options.c | U | 352 | 357 | 5 | 161421 | 40 | 107 | 71
735 | Revision_735/vhdl.c | U | 620 | 624 | 5 | 161422 | 40 | 416 | 71
735 | Revision_735/vhdl.c | U | 611 | 615 | 5 | 161423 | 40 | 419 | 71
735 | Revision_735/sql.c | U | 1672 | 1676 | 5 | 161424 | 40 | 335 | 71
735 | Revision_735/sql.c | U | 1933 | 1937 | 5 | 161425 | 40 | 334 | 71
735 | Revision_735/jscript.c | U | 994 | 1004 | 5 | 161426 | 40 | 399 | 71
735 | Revision_735/jscript.c | U | 1007 | 1016 | 5 | 161427 | 40 | 336 | 71
735 | Revision_735/vhdl.c | U | 749 | 754 | 5 | 161428 | 40 | 427 | 71
735 | Revision_735/vhdl.c | U | 730 | 735 | 5 | 161429 | 40 | 429 | 71
735 | Revision_735/options.c | U | 674 | 678 | 5 | 161430 | 40 | 116 | 71
735 | Revision_735/sql.c | U | 893 | 902 | 5 | 161431 | 40 | 359 | 71
735 | Revision_735/jscript.c | U | 909 | 918 | 5 | 161432 | 40 | 332 | 71
735 | Revision_735/options.c | U | 1221 | 1225 | 5 | 161433 | 40 | 117 | 71
735 | Revision_735/sql.c | U | 905 | 915 | 5 | 161434 | 40 | 560 | 71
735 | Revision_735/jscript.c | U | 891 | 907 | 5 | 161435 | 40 | 338 | 71
735 | Revision_735/jscript.c | U | 920 | 925 | 5 | 161436 | 40 | 333 | 71
735 | Revision_735/sql.c | U | 1683 | 1692 | 5 | 161437 | 40 | 350 | 71
735 | Revision_735/flex.c | U | 1343 | 1353 | 5 | 161438 | 41 | 508 | 75
735 | Revision_735/flex.c | U | 1855 | 1859 | 5 | 161439 | 41 | 509 | 75
735 | Revision_735/jscript.c | U | 1423 | 1427 | 5 | 161440 | 41 | 342 | 75
735 | Revision_735/sql.c | U | 1034 | 1040 | 5 | 161441 | 41 | 344 | 75
735 | Revision_735/tex.c | M | 427 | 431 | 5 | 161442 | 41 | 557 | 75
735 | Revision_735/sql.c | U | 1118 | 1125 | 5 | 161443 | 41 | 343 | 75
735 | Revision_735/sql.c | U | 1439 | 1444 | 5 | 161444 | 41 | 347 | 75
735 | Revision_735/sql.c | U | 1720 | 1726 | 5 | 161445 | 41 | 345 | 75
735 | Revision_735/sql.c | U | 1749 | 1755 | 5 | 161446 | 41 | 346 | 75
735 | Revision_735/flex.c | U | 1420 | 1889 | 198 | 161447 | 42 | 510 | 77
735 | Revision_735/jscript.c | U | 1027 | 1457 | 198 | 161448 | 42 | 511 | 77
735 | Revision_735/flex.c | U | 1486 | 1521 | 34 | 161449 | 43 | 512 | 71
735 | Revision_735/vhdl.c | U | 768 | 801 | 34 | 161450 | 43 | 513 | 71
735 | Revision_735/flex.c | U | 1583 | 1609 | 12 | 161451 | 44 | 514 | 72
735 | Revision_735/flex.c | U | 1611 | 1633 | 12 | 161452 | 44 | 515 | 72
735 | Revision_735/flex.c | U | 1773 | 1790 | 5 | 161453 | 45 | 516 | 75
735 | Revision_735/ocaml.c | U | 1103 | 1109 | 5 | 161454 | 45 | 602 | 75
735 | Revision_735/readtags.c | U | 502 | 506 | 5 | 161455 | 45 | 87 | 75
735 | Revision_735/jscript.c | U | 1341 | 1358 | 5 | 161456 | 45 | 435 | 75
735 | Revision_735/readtags.c | U | 681 | 685 | 5 | 161457 | 45 | 88 | 75
735 | Revision_735/flex.c | U | 1892 | 1939 | 29 | 161458 | 46 | 517 | 92
735 | Revision_735/jscript.c | U | 1460 | 1507 | 29 | 161459 | 46 | 518 | 92
735 | Revision_735/flex.c | U | 1905 | 1928 | 21 | 161460 | 47 | 519 | 70
735 | Revision_735/get.c | U | 406 | 413 | 21 | 161461 | 47 | 520 | 70
735 | Revision_735/flex.c | U | 1942 | 1985 | 23 | 161462 | 48 | 502 | 70
735 | Revision_735/sql.c | U | 1484 | 1522 | 23 | 161463 | 48 | 500 | 70
735 | Revision_735/flex.c | U | 2203 | 2243 | 23 | 161464 | 48 | 624 | 70
735 | Revision_735/flex.c | U | 2004 | 2057 | 23 | 161465 | 48 | 501 | 70
735 | Revision_735/flex.c | U | 2187 | 2190 | 8 | 161466 | 49 | 522 | 71
735 | Revision_735/Test/local.c | U | 14 | 20 | 8 | 161467 | 49 | 362 | 71
735 | Revision_735/jscript.c | U | 1516 | 1522 | 8 | 161468 | 49 | 361 | 71
735 | Revision_735/vhdl.c | U | 499 | 506 | 8 | 161469 | 49 | 420 | 71
735 | Revision_735/jscript.c | U | 1518 | 1521 | 8 | 161470 | 49 | 361 | 71
735 | Revision_735/flex.c | U | 2247 | 2251 | 5 | 161471 | 50 | 523 | 75
735 | Revision_735/sql.c | U | 2083 | 2087 | 5 | 161472 | 50 | 274 | 75
735 | Revision_735/tex.c | M | 481 | 485 | 5 | 161473 | 50 | 549 | 75
735 | Revision_735/ocaml.c | U | 1824 | 1829 | 5 | 161474 | 50 | 603 | 75
735 | Revision_735/make.c | U | 191 | 195 | 5 | 161475 | 50 | 273 | 75
735 | Revision_735/jscript.c | U | 1531 | 1535 | 5 | 161476 | 50 | 348 | 75
735 | Revision_735/ocaml.c | U | 895 | 901 | 5 | 161477 | 50 | 604 | 75
735 | Revision_735/options.c | U | 1773 | 1779 | 5 | 161478 | 50 | 605 | 75
735 | Revision_735/flex.c | U | 2254 | 2270 | 14 | 161479 | 51 | 524 | 100
735 | Revision_735/jscript.c | U | 1538 | 1554 | 14 | 161480 | 51 | 525 | 100
735 | Revision_735/get.c | U | 305 | 314 | 10 | 161481 | 52 | 74 | 70
735 | Revision_735/parse.c | U | 586 | 600 | 10 | 161482 | 52 | 76 | 70
735 | Revision_735/read.c | U | 220 | 231 | 10 | 161483 | 52 | 75 | 70
735 | Revision_735/get.c | U | 467 | 478 | 10 | 161484 | 53 | 77 | 87
735 | Revision_735/get.c | U | 484 | 495 | 10 | 161485 | 53 | 79 | 87
735 | Revision_735/get.c | U | 541 | 546 | 6 | 161486 | 54 | 80 | 80
735 | Revision_735/read.c | U | 424 | 428 | 6 | 161487 | 54 | 81 | 80
735 | Revision_735/get.c | U | 649 | 653 | 5 | 161488 | 55 | 394 | 75
735 | Revision_735/python.c | U | 244 | 247 | 5 | 161489 | 55 | 395 | 75
735 | Revision_735/gnu_regex/regcomp.c | U | 258 | 263 | 5 | 161490 | 56 | 563 | 75
735 | Revision_735/options.c | U | 397 | 402 | 5 | 161491 | 56 | 244 | 75
735 | Revision_735/main.c | U | 126 | 139 | 5 | 161492 | 56 | 243 | 75
735 | Revision_735/routines.c | U | 621 | 644 | 5 | 161493 | 56 | 377 | 75
735 | Revision_735/gnu_regex/regcomp.c | U | 765 | 770 | 5 | 161494 | 57 | 564 | 75
735 | Revision_735/gnu_regex/regcomp.c | U | 817 | 821 | 5 | 161495 | 57 | 565 | 75
735 | Revision_735/strlist.c | U | 150 | 154 | 5 | 161496 | 57 | 62 | 75
735 | Revision_735/sql.c | U | 569 | 573 | 5 | 161497 | 57 | 206 | 75
735 | Revision_735/vhdl.c | U | 457 | 461 | 5 | 161498 | 57 | 421 | 75
735 | Revision_735/routines.c | U | 453 | 459 | 5 | 161499 | 57 | 167 | 75
735 | Revision_735/gnu_regex/regcomp.c | U | 1222 | 1232 | 11 | 161500 | 58 | 566 | 70
735 | Revision_735/gnu_regex/regcomp.c | U | 3804 | 3816 | 11 | 161501 | 58 | 567 | 70
735 | Revision_735/gnu_regex/regcomp.c | U | 1277 | 1281 | 5 | 161502 | 59 | 568 | 100
735 | Revision_735/gnu_regex/regcomp.c | U | 1283 | 1287 | 5 | 161503 | 59 | 569 | 100
735 | Revision_735/gnu_regex/regcomp.c | U | 1477 | 1482 | 6 | 161504 | 60 | 570 | 80
735 | Revision_735/gnu_regex/regcomp.c | U | 1516 | 1522 | 6 | 161505 | 60 | 571 | 80
735 | Revision_735/gnu_regex/regcomp.c | U | 1662 | 1667 | 5 | 161506 | 61 | 572 | 75
735 | Revision_735/gnu_regex/regex_internal.c | U | 76 | 80 | 5 | 161507 | 61 | 574 | 75
735 | Revision_735/gnu_regex/regcomp.c | U | 1685 | 1689 | 5 | 161508 | 61 | 573 | 75
735 | Revision_735/gnu_regex/regcomp.c | U | 2011 | 2030 | 16 | 161509 | 62 | 575 | 75
735 | Revision_735/gnu_regex/regcomp.c | U | 2034 | 2046 | 16 | 161510 | 62 | 576 | 75
735 | Revision_735/gnu_regex/regcomp.c | U | 2158 | 2165 | 7 | 161511 | 63 | 577 | 80
735 | Revision_735/gnu_regex/regcomp.c | U | 2312 | 2319 | 7 | 161512 | 63 | 578 | 80
735 | Revision_735/gnu_regex/regcomp.c | U | 2292 | 2296 | 5 | 161513 | 64 | 579 | 75
735 | Revision_735/readtags.c | U | 242 | 246 | 5 | 161514 | 64 | 581 | 75
735 | Revision_735/gnu_regex/regcomp.c | U | 2298 | 2302 | 5 | 161515 | 64 | 580 | 75
735 | Revision_735/gnu_regex/regex_internal.c | U | 1048 | 1055 | 8 | 161516 | 65 | 582 | 71
735 | Revision_735/gnu_regex/regex_internal.c | U | 1188 | 1195 | 8 | 161517 | 65 | 584 | 71
735 | Revision_735/gnu_regex/regex_internal.c | U | 1562 | 1570 | 8 | 161518 | 65 | 583 | 71
735 | Revision_735/gnu_regex/regex_internal.c | U | 1101 | 1116 | 13 | 161519 | 66 | 585 | 80
735 | Revision_735/gnu_regex/regex_internal.c | U | 1234 | 1254 | 13 | 161520 | 66 | 586 | 80
735 | Revision_735/gnu_regex/regex_internal.c | U | 1287 | 1294 | 8 | 161521 | 67 | 587 | 85
735 | Revision_735/gnu_regex/regex_internal.c | U | 1326 | 1333 | 8 | 161522 | 67 | 588 | 85
735 | Revision_735/gnu_regex/regex_internal.c | U | 1464 | 1492 | 22 | 161523 | 68 | 589 | 70
735 | Revision_735/gnu_regex/regex_internal.c | U | 1508 | 1535 | 22 | 161524 | 68 | 590 | 70
735 | Revision_735/jscript.c | U | 356 | 453 | 123 | 161525 | 69 | 299 | 75
735 | Revision_735/sql.c | U | 514 | 660 | 123 | 161526 | 69 | 300 | 75
735 | Revision_735/jscript.c | U | 1072 | 1081 | 6 | 161527 | 70 | 360 | 75
735 | Revision_735/options.c | U | 1683 | 1687 | 6 | 161528 | 70 | 223 | 75
735 | Revision_735/jscript.c | U | 1152 | 1178 | 12 | 161529 | 71 | 372 | 72
735 | Revision_735/jscript.c | U | 1180 | 1202 | 12 | 161530 | 71 | 373 | 72
735 | Revision_735/keyword.c | U | 184 | 188 | 5 | 161531 | 72 | 85 | 75
735 | Revision_735/options.c | U | 1042 | 1046 | 5 | 161532 | 72 | 86 | 75
735 | Revision_735/readtags.c | U | 452 | 456 | 5 | 161533 | 72 | 87 | 75
735 | Revision_735/lisp.c | U | 91 | 97 | 7 | 161534 | 73 | 89 | 83
735 | Revision_735/lisp.c | U | 112 | 118 | 7 | 161535 | 73 | 90 | 83
735 | Revision_735/make.c | U | 44 | 48 | 5 | 161536 | 74 | 267 | 75
735 | Revision_735/verilog.c | U | 286 | 290 | 5 | 161537 | 74 | 268 | 75
735 | Revision_735/make.c | U | 77 | 87 | 11 | 161538 | 75 | 269 | 77
735 | Revision_735/verilog.c | U | 199 | 212 | 11 | 161539 | 75 | 270 | 77
735 | Revision_735/make.c | U | 97 | 105 | 8 | 161540 | 76 | 271 | 75
735 | Revision_735/verilog.c | U | 187 | 193 | 8 | 161541 | 76 | 272 | 75
735 | Revision_735/ocaml.c | U | 676 | 680 | 5 | 161542 | 77 | 606 | 75
735 | Revision_735/ocaml.c | U | 699 | 703 | 5 | 161543 | 77 | 607 | 75
735 | Revision_735/ocaml.c | U | 720 | 725 | 5 | 161544 | 77 | 608 | 75
735 | Revision_735/ocaml.c | U | 756 | 778 | 22 | 161545 | 78 | 609 | 71
735 | Revision_735/ocaml.c | U | 832 | 856 | 22 | 161546 | 78 | 610 | 71
735 | Revision_735/ocaml.c | U | 793 | 798 | 7 | 161547 | 79 | 611 | 71
735 | Revision_735/ocaml.c | U | 805 | 812 | 7 | 161548 | 79 | 612 | 71
735 | Revision_735/sql.c | U | 478 | 493 | 7 | 161549 | 79 | 296 | 71
735 | Revision_735/ocaml.c | U | 919 | 942 | 19 | 161550 | 80 | 616 | 70
735 | Revision_735/ocaml.c | U | 1494 | 1514 | 19 | 161551 | 80 | 617 | 70
735 | Revision_735/ocaml.c | U | 947 | 955 | 6 | 161552 | 81 | 618 | 75
735 | Revision_735/ocaml.c | U | 1054 | 1062 | 6 | 161553 | 81 | 619 | 75
735 | Revision_735/ocaml.c | U | 1187 | 1235 | 28 | 161554 | 82 | 620 | 70
735 | Revision_735/ocaml.c | U | 1521 | 1561 | 28 | 161555 | 82 | 615 | 70
735 | Revision_735/ocaml.c | U | 1390 | 1422 | 28 | 161556 | 82 | 621 | 70
735 | Revision_735/ocaml.c | U | 1778 | 1782 | 5 | 161557 | 83 | 622 | 75
735 | Revision_735/ocaml.c | U | 1785 | 1789 | 5 | 161558 | 83 | 623 | 75
735 | Revision_735/options.c | U | 369 | 375 | 6 | 161559 | 84 | 107 | 100
735 | Revision_735/options.c | U | 378 | 384 | 6 | 161560 | 84 | 108 | 100
735 | Revision_735/options.c | U | 543 | 549 | 7 | 161561 | 85 | 112 | 100
735 | Revision_735/options.c | U | 552 | 558 | 7 | 161562 | 85 | 115 | 100
735 | Revision_735/options.c | U | 570 | 576 | 7 | 161563 | 85 | 114 | 100
735 | Revision_735/options.c | U | 561 | 567 | 7 | 161564 | 85 | 113 | 100
735 | Revision_735/options.c | U | 982 | 986 | 5 | 161565 | 86 | 118 | 75
735 | Revision_735/options.c | U | 1008 | 1012 | 5 | 161566 | 86 | 119 | 75
735 | Revision_735/options.c | U | 1102 | 1106 | 5 | 161567 | 87 | 120 | 100
735 | Revision_735/options.c | U | 1108 | 1112 | 5 | 161568 | 87 | 120 | 100
735 | Revision_735/options.c | U | 1154 | 1166 | 12 | 161569 | 88 | 245 | 100
735 | Revision_735/options.c | U | 1171 | 1183 | 12 | 161570 | 88 | 123 | 100
735 | Revision_735/options.c | U | 1425 | 1442 | 15 | 161571 | 89 | 124 | 91
735 | Revision_735/options.c | U | 1463 | 1480 | 15 | 161572 | 89 | 125 | 91
735 | Revision_735/parse.c | U | 96 | 106 | 11 | 161573 | 90 | 126 | 88
735 | Revision_735/parse.c | U | 109 | 120 | 11 | 161574 | 90 | 127 | 88
735 | Revision_735/parse.c | U | 299 | 303 | 5 | 161575 | 91 | 246 | 75
735 | Revision_735/parse.c | U | 575 | 579 | 5 | 161576 | 91 | 247 | 75
735 | Revision_735/parse.c | U | 556 | 560 | 5 | 161577 | 91 | 248 | 75
735 | Revision_735/pascal.c | U | 134 | 138 | 5 | 161578 | 92 | 128 | 75
735 | Revision_735/perl.c | U | 187 | 191 | 5 | 161579 | 92 | 129 | 75
735 | Revision_735/pascal.c | U | 150 | 154 | 5 | 161580 | 93 | 212 | 75
735 | Revision_735/pascal.c | U | 176 | 182 | 5 | 161581 | 93 | 130 | 75
735 | Revision_735/pascal.c | U | 184 | 190 | 5 | 161582 | 93 | 131 | 75
735 | Revision_735/python.c | U | 686 | 690 | 5 | 161583 | 93 | 370 | 75
735 | Revision_735/perl.c | U | 208 | 214 | 7 | 161584 | 94 | 262 | 83
735 | Revision_735/perl.c | U | 254 | 259 | 7 | 161585 | 94 | 367 | 83
735 | Revision_735/python.c | U | 148 | 161 | 11 | 161586 | 95 | 39 | 77
735 | Revision_735/python.c | U | 191 | 202 | 11 | 161587 | 95 | 14 | 77
735 | Revision_735/python.c | U | 586 | 590 | 7 | 161588 | 96 | 370 | 80
735 | Revision_735/python.c | U | 591 | 596 | 7 | 161589 | 96 | 370 | 80
735 | Revision_735/python.c | U | 692 | 701 | 8 | 161590 | 97 | 436 | 83
735 | Revision_735/python.c | U | 703 | 711 | 8 | 161591 | 97 | 14 | 83
735 | Revision_735/readtags.c | U | 106 | 113 | 8 | 161592 | 98 | 149 | 83
735 | Revision_735/routines.c | U | 298 | 305 | 8 | 161593 | 98 | 155 | 83
735 | Revision_735/routines.c | U | 288 | 295 | 8 | 161594 | 98 | 156 | 83
735 | Revision_735/readtags.c | U | 116 | 123 | 8 | 161595 | 98 | 134 | 83
735 | Revision_735/readtags.c | U | 144 | 148 | 5 | 161596 | 99 | 110 | 75
735 | Revision_735/vstring.c | U | 35 | 40 | 5 | 161597 | 99 | 111 | 75
735 | Revision_735/readtags.c | U | 541 | 547 | 6 | 161598 | 100 | 150 | 100
735 | Revision_735/readtags.c | U | 549 | 555 | 6 | 161599 | 100 | 151 | 100
735 | Revision_735/readtags.c | U | 584 | 588 | 6 | 161600 | 101 | 134 | 75
735 | Revision_735/readtags.c | U | 639 | 645 | 6 | 161601 | 101 | 135 | 75
735 | Revision_735/readtags.c | U | 718 | 726 | 8 | 161602 | 102 | 136 | 83
735 | Revision_735/readtags.c | U | 773 | 781 | 8 | 161603 | 102 | 139 | 83
735 | Revision_735/readtags.c | U | 729 | 737 | 8 | 161604 | 102 | 139 | 83
735 | Revision_735/readtags.c | U | 740 | 745 | 6 | 161605 | 103 | 152 | 80
735 | Revision_735/readtags.c | U | 757 | 762 | 6 | 161606 | 103 | 153 | 80
735 | Revision_735/readtags.c | U | 765 | 770 | 6 | 161607 | 103 | 187 | 80
735 | Revision_735/routines.c | U | 237 | 244 | 6 | 161608 | 104 | 157 | 80
735 | Revision_735/routines.c | U | 247 | 254 | 6 | 161609 | 104 | 158 | 80
735 | Revision_735/routines.c | U | 322 | 326 | 5 | 161610 | 105 | 159 | 75
735 | Revision_735/vstring.c | U | 125 | 129 | 5 | 161611 | 105 | 94 | 75
735 | Revision_735/vstring.c | U | 118 | 122 | 5 | 161612 | 105 | 95 | 75
735 | Revision_735/routines.c | U | 329 | 335 | 6 | 161613 | 106 | 160 | 100
735 | Revision_735/routines.c | U | 338 | 344 | 6 | 161614 | 106 | 161 | 100
735 | Revision_735/routines.c | U | 349 | 356 | 8 | 161615 | 107 | 162 | 100
735 | Revision_735/routines.c | U | 361 | 368 | 8 | 161616 | 107 | 163 | 100
735 | Revision_735/scheme.c | U | 70 | 78 | 8 | 161617 | 108 | 140 | 71
735 | Revision_735/scheme.c | U | 85 | 93 | 8 | 161618 | 108 | 141 | 71
735 | Revision_735/sort.c | U | 118 | 123 | 5 | 161619 | 109 | 182 | 100
735 | Revision_735/sort.c | U | 126 | 131 | 5 | 161620 | 109 | 183 | 100
735 | Revision_735/sql.c | U | 716 | 765 | 32 | 161621 | 110 | 422 | 72
735 | Revision_735/vhdl.c | U | 493 | 533 | 32 | 161622 | 110 | 423 | 72
735 | Revision_735/sql.c | U | 1060 | 1081 | 29 | 161623 | 111 | 337 | 70
735 | Revision_735/tex.c | U | 448 | 475 | 29 | 161624 | 111 | 614 | 70
735 | Revision_735/sql.c | U | 1546 | 1582 | 24 | 161625 | 112 | 351 | 78
735 | Revision_735/sql.c | U | 1952 | 1995 | 24 | 161626 | 112 | 352 | 78
735 | Revision_735/sql.c | U | 1916 | 1941 | 17 | 161627 | 113 | 353 | 84
735 | Revision_735/sql.c | U | 1965 | 1989 | 17 | 161628 | 113 | 354 | 84
735 | Revision_735/sql.c | U | 2090 | 2098 | 7 | 161629 | 114 | 426 | 71
735 | Revision_735/vhdl.c | U | 813 | 821 | 7 | 161630 | 114 | 427 | 71
735 | Revision_735/tex.c | M | 488 | 497 | 7 | 161631 | 114 | 554 | 71
735 | Revision_735/strlist.c | U | 32 | 38 | 8 | 161632 | 115 | 142 | 71
735 | Revision_735/vstring.c | U | 77 | 87 | 8 | 161633 | 115 | 143 | 71
735 | Revision_735/strlist.c | U | 191 | 196 | 7 | 161634 | 116 | 146 | 83
735 | Revision_735/strlist.c | U | 200 | 206 | 7 | 161635 | 116 | 264 | 83
735 | Revision_735/tex.c | U | 271 | 346 | 73 | 161636 | 117 | 550 | 72
735 | Revision_735/vhdl.c | U | 405 | 479 | 73 | 161637 | 117 | 625 | 72
735 | Revision_735/tex.c | U | 388 | 405 | 16 | 161638 | 118 | 558 | 83
735 | Revision_735/tex.c | M | 413 | 432 | 16 | 161639 | 118 | 559 | 83
735 | Revision_735/verilog.c | U | 142 | 146 | 5 | 161640 | 119 | 259 | 75
735 | Revision_735/verilog.c | U | 238 | 242 | 5 | 161641 | 119 | 260 | 75
735 | Revision_735/vhdl.c | U | 724 | 741 | 15 | 161642 | 120 | 430 | 100
735 | Revision_735/vhdl.c | U | 743 | 760 | 15 | 161643 | 120 | 427 | 100
735 | Revision_735/vim.c | U | 97 | 101 | 5 | 161644 | 121 | 192 | 100
735 | Revision_735/vim.c | U | 103 | 107 | 5 | 161645 | 121 | 193 | 100
735 | Revision_735/vim.c | U | 244 | 267 | 17 | 161646 | 122 | 224 | 76
735 | Revision_735/vim.c | U | 294 | 312 | 17 | 161647 | 122 | 147 | 76
