Revision | filePath | changeType | StartLine | EndLine | Nlines | cloneId | classId | globalCloneId | Similarity
755 | Revision_755/ant.c | U | 33 | 40 | 8 | 171399 | 1 | 526 | 70
755 | Revision_755/beta.c | U | 311 | 319 | 8 | 171400 | 1 | 15 | 70
755 | Revision_755/dosbatch.c | U | 33 | 40 | 8 | 171401 | 1 | 529 | 70
755 | Revision_755/jscript.c | U | 1558 | 1571 | 8 | 171402 | 1 | 281 | 70
755 | Revision_755/lua.c | U | 123 | 131 | 8 | 171403 | 1 | 154 | 70
755 | Revision_755/html.c | U | 40 | 47 | 8 | 171404 | 1 | 253 | 70
755 | Revision_755/tex.c | U | 501 | 514 | 8 | 171405 | 1 | 528 | 70
755 | Revision_755/keyword.c | U | 107 | 116 | 8 | 171406 | 1 | 29 | 70
755 | Revision_755/slang.c | U | 34 | 41 | 8 | 171407 | 1 | 27 | 70
755 | Revision_755/rexx.c | U | 30 | 37 | 8 | 171408 | 1 | 25 | 70
755 | Revision_755/matlab.c | U | 35 | 42 | 8 | 171409 | 1 | 527 | 70
755 | Revision_755/php.c | U | 91 | 98 | 8 | 171410 | 1 | 366 | 70
755 | Revision_755/yacc.c | U | 31 | 38 | 8 | 171411 | 1 | 28 | 70
755 | Revision_755/vim.c | U | 626 | 634 | 8 | 171412 | 1 | 20 | 70
755 | Revision_755/cobol.c | U | 40 | 48 | 8 | 171413 | 1 | 213 | 70
755 | Revision_755/sh.c | U | 103 | 113 | 8 | 171414 | 1 | 24 | 70
755 | Revision_755/ruby.c | U | 398 | 406 | 8 | 171415 | 1 | 16 | 70
755 | Revision_755/basic.c | U | 193 | 201 | 8 | 171416 | 1 | 275 | 70
755 | Revision_755/python.c | U | 763 | 771 | 8 | 171417 | 1 | 14 | 70
755 | Revision_755/scheme.c | U | 99 | 109 | 8 | 171418 | 1 | 17 | 70
755 | Revision_755/verilog.c | U | 330 | 339 | 8 | 171419 | 1 | 184 | 70
755 | Revision_755/awk.c | U | 71 | 79 | 8 | 171420 | 1 | 10 | 70
755 | Revision_755/erlang.c | U | 179 | 187 | 8 | 171421 | 1 | 230 | 70
755 | Revision_755/tcl.c | U | 106 | 114 | 8 | 171422 | 1 | 22 | 70
755 | Revision_755/asp.c | U | 317 | 325 | 8 | 171423 | 1 | 18 | 70
755 | Revision_755/sql.c | U | 2317 | 2326 | 8 | 171424 | 1 | 197 | 70
755 | Revision_755/pascal.c | U | 257 | 265 | 8 | 171425 | 1 | 13 | 70
755 | Revision_755/sml.c | U | 202 | 210 | 8 | 171426 | 1 | 216 | 70
755 | Revision_755/lisp.c | U | 127 | 137 | 8 | 171427 | 1 | 11 | 70
755 | Revision_755/vhdl.c | U | 824 | 833 | 8 | 171428 | 1 | 403 | 70
755 | Revision_755/perl.c | U | 372 | 380 | 8 | 171429 | 1 | 19 | 70
755 | Revision_755/ocaml.c | U | 1832 | 1842 | 8 | 171430 | 1 | 601 | 70
755 | Revision_755/flex.c | A | 2404 | 2417 | 8 | 171431 | 1 | 438 | 70
755 | Revision_755/make.c | U | 205 | 215 | 8 | 171432 | 1 | 26 | 70
755 | Revision_755/options.c | U | 626 | 632 | 8 | 171433 | 1 | 30 | 70
755 | Revision_755/options.c | U | 533 | 538 | 8 | 171434 | 1 | 242 | 70
755 | Revision_755/asm.c | U | 366 | 385 | 8 | 171435 | 1 | 174 | 70
755 | Revision_755/args.c | U | 85 | 92 | 8 | 171436 | 2 | 1 | 100
755 | Revision_755/args.c | U | 160 | 167 | 8 | 171437 | 2 | 2 | 100
755 | Revision_755/args.c | U | 182 | 190 | 9 | 171438 | 3 | 3 | 75
755 | Revision_755/args.c | U | 203 | 211 | 9 | 171439 | 3 | 4 | 75
755 | Revision_755/args.c | U | 193 | 200 | 9 | 171440 | 3 | 5 | 75
755 | Revision_755/args.c | U | 266 | 272 | 7 | 171441 | 4 | 6 | 83
755 | Revision_755/options.c | U | 579 | 584 | 7 | 171442 | 4 | 7 | 83
755 | Revision_755/asm.c | U | 120 | 128 | 8 | 171443 | 5 | 188 | 71
755 | Revision_755/sql.c | U | 409 | 418 | 8 | 171444 | 5 | 196 | 71
755 | Revision_755/tex.c | U | 149 | 158 | 8 | 171445 | 5 | 530 | 71
755 | Revision_755/flex.c | U | 215 | 224 | 8 | 171446 | 5 | 437 | 71
755 | Revision_755/jscript.c | U | 180 | 189 | 8 | 171447 | 5 | 280 | 71
755 | Revision_755/verilog.c | U | 108 | 118 | 8 | 171448 | 5 | 258 | 71
755 | Revision_755/vhdl.c | U | 573 | 583 | 8 | 171449 | 5 | 401 | 71
755 | Revision_755/asm.c | U | 131 | 139 | 8 | 171450 | 6 | 170 | 71
755 | Revision_755/keyword.c | U | 195 | 202 | 8 | 171451 | 6 | 432 | 71
755 | Revision_755/asm.c | U | 243 | 256 | 11 | 171452 | 7 | 191 | 77
755 | Revision_755/asm.c | U | 261 | 271 | 11 | 171453 | 7 | 179 | 77
755 | Revision_755/asm.c | U | 347 | 352 | 6 | 171454 | 8 | 256 | 80
755 | Revision_755/sh.c | U | 89 | 94 | 6 | 171455 | 8 | 257 | 80
755 | Revision_755/asp.c | U | 72 | 91 | 15 | 171456 | 9 | 31 | 100
755 | Revision_755/asp.c | U | 95 | 114 | 15 | 171457 | 9 | 32 | 100
755 | Revision_755/asp.c | U | 118 | 163 | 40 | 171458 | 10 | 591 | 100
755 | Revision_755/asp.c | U | 165 | 210 | 40 | 171459 | 10 | 592 | 100
755 | Revision_755/asp.c | U | 125 | 137 | 11 | 171460 | 11 | 33 | 70
755 | Revision_755/asp.c | U | 291 | 306 | 11 | 171461 | 11 | 34 | 70
755 | Revision_755/asp.c | U | 272 | 287 | 11 | 171462 | 11 | 34 | 70
755 | Revision_755/asp.c | U | 152 | 161 | 11 | 171463 | 11 | 594 | 70
755 | Revision_755/asp.c | U | 234 | 249 | 11 | 171464 | 11 | 34 | 70
755 | Revision_755/asp.c | U | 139 | 151 | 11 | 171465 | 11 | 593 | 70
755 | Revision_755/asp.c | U | 214 | 230 | 11 | 171466 | 11 | 595 | 70
755 | Revision_755/asp.c | U | 253 | 268 | 11 | 171467 | 11 | 596 | 70
755 | Revision_755/asp.c | U | 172 | 184 | 11 | 171468 | 11 | 597 | 70
755 | Revision_755/asp.c | U | 186 | 198 | 11 | 171469 | 11 | 598 | 70
755 | Revision_755/vim.c | U | 301 | 310 | 11 | 171470 | 11 | 599 | 70
755 | Revision_755/asp.c | U | 294 | 305 | 11 | 171471 | 11 | 596 | 70
755 | Revision_755/lua.c | U | 81 | 88 | 11 | 171472 | 11 | 185 | 70
755 | Revision_755/asp.c | U | 237 | 248 | 11 | 171473 | 11 | 595 | 70
755 | Revision_755/asp.c | U | 256 | 267 | 11 | 171474 | 11 | 593 | 70
755 | Revision_755/asp.c | U | 275 | 286 | 11 | 171475 | 11 | 34 | 70
755 | Revision_755/vim.c | U | 256 | 265 | 11 | 171476 | 11 | 600 | 70
755 | Revision_755/asp.c | U | 218 | 229 | 11 | 171477 | 11 | 34 | 70
755 | Revision_755/asp.c | U | 199 | 208 | 11 | 171478 | 11 | 18 | 70
755 | Revision_755/basic.c | U | 135 | 140 | 6 | 171479 | 12 | 278 | 80
755 | Revision_755/basic.c | U | 147 | 152 | 6 | 171480 | 12 | 279 | 80
755 | Revision_755/beta.c | U | 71 | 80 | 10 | 171481 | 13 | 43 | 70
755 | Revision_755/sml.c | U | 75 | 81 | 10 | 171482 | 13 | 217 | 70
755 | Revision_755/sql.c | U | 447 | 461 | 10 | 171483 | 13 | 198 | 70
755 | Revision_755/vhdl.c | U | 536 | 548 | 10 | 171484 | 13 | 404 | 70
755 | Revision_755/parse.c | U | 43 | 54 | 10 | 171485 | 13 | 44 | 70
755 | Revision_755/tex.c | U | 186 | 200 | 10 | 171486 | 13 | 531 | 70
755 | Revision_755/flex.c | U | 255 | 269 | 10 | 171487 | 13 | 439 | 70
755 | Revision_755/jscript.c | U | 219 | 233 | 10 | 171488 | 13 | 283 | 70
755 | Revision_755/beta.c | U | 134 | 141 | 6 | 171489 | 14 | 45 | 75
755 | Revision_755/beta.c | U | 204 | 212 | 6 | 171490 | 14 | 46 | 75
755 | Revision_755/beta.c | U | 152 | 156 | 5 | 171491 | 15 | 47 | 75
755 | Revision_755/beta.c | U | 165 | 169 | 5 | 171492 | 15 | 49 | 75
755 | Revision_755/beta.c | U | 271 | 275 | 5 | 171493 | 15 | 48 | 75
755 | Revision_755/beta.c | U | 158 | 162 | 5 | 171494 | 15 | 51 | 75
755 | Revision_755/beta.c | U | 277 | 281 | 5 | 171495 | 15 | 50 | 75
755 | Revision_755/erlang.c | U | 58 | 62 | 5 | 171496 | 16 | 231 | 75
755 | Revision_755/sml.c | U | 84 | 88 | 5 | 171497 | 16 | 218 | 75
755 | Revision_755/python.c | U | 256 | 260 | 5 | 171498 | 16 | 180 | 75
755 | Revision_755/options.c | U | 963 | 968 | 5 | 171499 | 16 | 181 | 75
755 | Revision_755/python.c | U | 278 | 282 | 5 | 171500 | 16 | 368 | 75
755 | Revision_755/erlang.c | U | 66 | 75 | 9 | 171501 | 17 | 232 | 75
755 | Revision_755/python.c | U | 286 | 295 | 9 | 171502 | 17 | 194 | 75
755 | Revision_755/tcl.c | U | 44 | 54 | 9 | 171503 | 17 | 195 | 75
755 | Revision_755/erlang.c | U | 97 | 105 | 7 | 171504 | 18 | 237 | 71
755 | Revision_755/perl.c | U | 339 | 346 | 7 | 171505 | 18 | 262 | 71
755 | Revision_755/erlang.c | U | 108 | 113 | 7 | 171506 | 18 | 235 | 71
755 | Revision_755/erlang.c | U | 116 | 121 | 7 | 171507 | 18 | 239 | 71
755 | Revision_755/perl.c | U | 353 | 359 | 7 | 171508 | 18 | 19 | 71
755 | Revision_755/main.c | U | 260 | 267 | 7 | 171509 | 18 | 254 | 71
755 | Revision_755/main.c | U | 179 | 185 | 7 | 171510 | 18 | 255 | 71
755 | Revision_755/flex.c | U | 227 | 241 | 12 | 171511 | 19 | 440 | 75
755 | Revision_755/jscript.c | U | 192 | 205 | 12 | 171512 | 19 | 282 | 75
755 | Revision_755/vhdl.c | U | 342 | 351 | 12 | 171513 | 19 | 405 | 75
755 | Revision_755/tex.c | U | 161 | 172 | 12 | 171514 | 19 | 532 | 75
755 | Revision_755/sql.c | U | 421 | 433 | 12 | 171515 | 19 | 205 | 75
755 | Revision_755/flex.c | M | 244 | 248 | 5 | 171516 | 20 | 441 | 75
755 | Revision_755/jscript.c | U | 208 | 212 | 5 | 171517 | 20 | 286 | 75
755 | Revision_755/vstring.c | U | 69 | 73 | 5 | 171518 | 20 | 287 | 75
755 | Revision_755/vhdl.c | U | 354 | 361 | 5 | 171519 | 20 | 406 | 75
755 | Revision_755/sql.c | U | 436 | 440 | 5 | 171520 | 20 | 288 | 75
755 | Revision_755/tex.c | U | 175 | 179 | 5 | 171521 | 20 | 533 | 75
755 | Revision_755/vstring.c | U | 67 | 74 | 5 | 171522 | 20 | 287 | 75
755 | Revision_755/flex.c | U | 272 | 305 | 16 | 171523 | 21 | 442 | 73
755 | Revision_755/sql.c | U | 464 | 485 | 16 | 171524 | 21 | 290 | 73
755 | Revision_755/tex.c | U | 203 | 224 | 16 | 171525 | 21 | 534 | 73
755 | Revision_755/jscript.c | U | 236 | 257 | 16 | 171526 | 21 | 289 | 73
755 | Revision_755/vhdl.c | U | 551 | 570 | 16 | 171527 | 21 | 407 | 73
755 | Revision_755/flex.c | U | 294 | 302 | 11 | 171528 | 22 | 561 | 70
755 | Revision_755/vhdl.c | U | 553 | 569 | 11 | 171529 | 22 | 407 | 70
755 | Revision_755/flex.c | U | 308 | 332 | 19 | 171530 | 23 | 443 | 73
755 | Revision_755/jscript.c | U | 260 | 284 | 19 | 171531 | 23 | 433 | 73
755 | Revision_755/flex.c | U | 358 | 382 | 19 | 171532 | 23 | 445 | 73
755 | Revision_755/jscript.c | U | 287 | 311 | 19 | 171533 | 23 | 398 | 73
755 | Revision_755/flex.c | U | 335 | 355 | 19 | 171534 | 23 | 446 | 73
755 | Revision_755/flex.c | U | 1862 | 1902 | 19 | 171535 | 23 | 444 | 73
755 | Revision_755/jscript.c | U | 1390 | 1430 | 19 | 171536 | 23 | 434 | 73
755 | Revision_755/flex.c | M | 315 | 319 | 5 | 171537 | 24 | 535 | 75
755 | Revision_755/tex.c | U | 419 | 423 | 5 | 171538 | 24 | 555 | 75
755 | Revision_755/tex.c | U | 395 | 399 | 5 | 171539 | 24 | 556 | 75
755 | Revision_755/flex.c | M | 1883 | 1887 | 5 | 171540 | 24 | 537 | 75
755 | Revision_755/jscript.c | U | 1411 | 1415 | 5 | 171541 | 24 | 342 | 75
755 | Revision_755/flex.c | M | 342 | 346 | 5 | 171542 | 24 | 538 | 75
755 | Revision_755/flex.c | M | 365 | 369 | 5 | 171543 | 24 | 539 | 75
755 | Revision_755/jscript.c | U | 294 | 298 | 5 | 171544 | 24 | 291 | 75
755 | Revision_755/jscript.c | U | 267 | 271 | 5 | 171545 | 24 | 280 | 75
755 | Revision_755/flex.c | U | 389 | 407 | 16 | 171546 | 25 | 447 | 78
755 | Revision_755/vhdl.c | U | 368 | 386 | 16 | 171547 | 25 | 409 | 78
755 | Revision_755/sql.c | U | 492 | 512 | 16 | 171548 | 25 | 296 | 78
755 | Revision_755/jscript.c | U | 318 | 336 | 16 | 171549 | 25 | 398 | 78
755 | Revision_755/tex.c | U | 231 | 249 | 16 | 171550 | 25 | 540 | 78
755 | Revision_755/flex.c | U | 413 | 424 | 12 | 171551 | 26 | 448 | 100
755 | Revision_755/sql.c | U | 517 | 528 | 12 | 171552 | 26 | 296 | 100
755 | Revision_755/tex.c | U | 256 | 268 | 12 | 171553 | 26 | 541 | 100
755 | Revision_755/vhdl.c | U | 391 | 402 | 12 | 171554 | 26 | 410 | 100
755 | Revision_755/jscript.c | U | 342 | 353 | 12 | 171555 | 26 | 295 | 100
755 | Revision_755/flex.c | M | 436 | 440 | 6 | 171556 | 27 | 449 | 71
755 | Revision_755/flex.c | M | 509 | 513 | 6 | 171557 | 27 | 450 | 71
755 | Revision_755/sql.c | U | 540 | 553 | 6 | 171558 | 27 | 206 | 71
755 | Revision_755/jscript.c | U | 365 | 369 | 6 | 171559 | 27 | 291 | 71
755 | Revision_755/vhdl.c | U | 414 | 418 | 6 | 171560 | 27 | 411 | 71
755 | Revision_755/tex.c | U | 280 | 284 | 6 | 171561 | 27 | 542 | 71
755 | Revision_755/flex.c | M | 695 | 700 | 6 | 171562 | 27 | 451 | 71
755 | Revision_755/flex.c | M | 482 | 487 | 6 | 171563 | 27 | 452 | 71
755 | Revision_755/flex.c | M | 630 | 635 | 6 | 171564 | 27 | 450 | 71
755 | Revision_755/flex.c | M | 687 | 692 | 6 | 171565 | 27 | 451 | 71
755 | Revision_755/flex.c | M | 622 | 627 | 6 | 171566 | 27 | 453 | 71
755 | Revision_755/flex.c | M | 663 | 670 | 6 | 171567 | 27 | 455 | 71
755 | Revision_755/flex.c | M | 651 | 658 | 6 | 171568 | 27 | 454 | 71
755 | Revision_755/flex.c | M | 531 | 537 | 6 | 171569 | 27 | 456 | 71
755 | Revision_755/flex.c | M | 702 | 709 | 6 | 171570 | 27 | 457 | 71
755 | Revision_755/flex.c | M | 544 | 550 | 6 | 171571 | 27 | 458 | 71
755 | Revision_755/flex.c | M | 598 | 605 | 6 | 171572 | 27 | 459 | 71
755 | Revision_755/flex.c | U | 637 | 644 | 6 | 171573 | 27 | 460 | 71
755 | Revision_755/flex.c | M | 557 | 564 | 6 | 171574 | 27 | 461 | 71
755 | Revision_755/flex.c | M | 677 | 685 | 6 | 171575 | 27 | 632 | 71
755 | Revision_755/flex.c | M | 612 | 620 | 6 | 171576 | 27 | 450 | 71
755 | Revision_755/flex.c | U | 489 | 514 | 25 | 171577 | 28 | 462 | 70
755 | Revision_755/sql.c | U | 625 | 655 | 25 | 171578 | 28 | 464 | 70
755 | Revision_755/jscript.c | U | 405 | 435 | 25 | 171579 | 28 | 463 | 70
755 | Revision_755/flex.c | M | 595 | 646 | 51 | 171580 | 29 | 633 | 78
755 | Revision_755/flex.c | M | 648 | 712 | 51 | 171581 | 29 | 634 | 78
755 | Revision_755/flex.c | M | 733 | 742 | 10 | 171582 | 30 | 467 | 100
755 | Revision_755/jscript.c | U | 441 | 450 | 10 | 171583 | 30 | 412 | 100
755 | Revision_755/vhdl.c | U | 467 | 476 | 10 | 171584 | 30 | 413 | 100
755 | Revision_755/tex.c | U | 317 | 326 | 10 | 171585 | 30 | 543 | 100
755 | Revision_755/flex.c | U | 748 | 757 | 9 | 171586 | 31 | 468 | 77
755 | Revision_755/tex.c | U | 349 | 356 | 9 | 171587 | 31 | 544 | 77
755 | Revision_755/jscript.c | U | 456 | 464 | 9 | 171588 | 31 | 301 | 77
755 | Revision_755/flex.c | M | 764 | 794 | 17 | 171589 | 32 | 469 | 83
755 | Revision_755/flex.c | M | 797 | 826 | 17 | 171590 | 32 | 470 | 83
755 | Revision_755/sql.c | U | 765 | 783 | 17 | 171591 | 32 | 400 | 83
755 | Revision_755/vhdl.c | U | 514 | 532 | 17 | 171592 | 32 | 414 | 83
755 | Revision_755/jscript.c | U | 471 | 501 | 17 | 171593 | 32 | 284 | 83
755 | Revision_755/jscript.c | U | 504 | 533 | 17 | 171594 | 32 | 371 | 83
755 | Revision_755/flex.c | M | 829 | 836 | 7 | 171595 | 33 | 471 | 80
755 | Revision_755/sql.c | U | 698 | 705 | 7 | 171596 | 33 | 304 | 80
755 | Revision_755/flex.c | M | 839 | 846 | 7 | 171597 | 33 | 472 | 80
755 | Revision_755/jscript.c | U | 546 | 553 | 7 | 171598 | 33 | 302 | 80
755 | Revision_755/jscript.c | U | 536 | 543 | 7 | 171599 | 33 | 301 | 80
755 | Revision_755/flex.c | M | 853 | 875 | 13 | 171600 | 34 | 473 | 100
755 | Revision_755/jscript.c | U | 560 | 582 | 13 | 171601 | 34 | 316 | 100
755 | Revision_755/flex.c | M | 860 | 874 | 9 | 171602 | 35 | 474 | 70
755 | Revision_755/sql.c | U | 896 | 908 | 9 | 171603 | 35 | 358 | 70
755 | Revision_755/flex.c | M | 1234 | 1262 | 9 | 171604 | 35 | 475 | 70
755 | Revision_755/vhdl.c | U | 656 | 668 | 9 | 171605 | 35 | 415 | 70
755 | Revision_755/flex.c | M | 936 | 962 | 9 | 171606 | 35 | 476 | 70
755 | Revision_755/sql.c | U | 1651 | 1659 | 9 | 171607 | 35 | 396 | 70
755 | Revision_755/sql.c | U | 1662 | 1672 | 9 | 171608 | 35 | 397 | 70
755 | Revision_755/jscript.c | U | 567 | 581 | 9 | 171609 | 35 | 306 | 70
755 | Revision_755/flex.c | M | 2234 | 2253 | 9 | 171610 | 35 | 479 | 70
755 | Revision_755/flex.c | M | 2002 | 2016 | 9 | 171611 | 35 | 481 | 70
755 | Revision_755/flex.c | M | 2078 | 2092 | 9 | 171612 | 35 | 635 | 70
755 | Revision_755/jscript.c | U | 837 | 847 | 9 | 171613 | 35 | 307 | 70
755 | Revision_755/sql.c | U | 1168 | 1191 | 9 | 171614 | 35 | 337 | 70
755 | Revision_755/jscript.c | U | 647 | 673 | 9 | 171615 | 35 | 309 | 70
755 | Revision_755/sql.c | U | 1135 | 1152 | 9 | 171616 | 35 | 319 | 70
755 | Revision_755/jscript.c | U | 585 | 620 | 9 | 171617 | 35 | 315 | 70
755 | Revision_755/vhdl.c | U | 617 | 625 | 9 | 171618 | 35 | 416 | 70
755 | Revision_755/sql.c | U | 2213 | 2241 | 9 | 171619 | 35 | 314 | 70
755 | Revision_755/jscript.c | U | 1324 | 1339 | 9 | 171620 | 35 | 281 | 70
755 | Revision_755/flex.c | M | 1796 | 1811 | 9 | 171621 | 35 | 477 | 70
755 | Revision_755/sql.c | U | 1766 | 1773 | 9 | 171622 | 35 | 311 | 70
755 | Revision_755/vhdl.c | U | 727 | 740 | 9 | 171623 | 35 | 430 | 70
755 | Revision_755/vhdl.c | U | 746 | 759 | 9 | 171624 | 35 | 427 | 70
755 | Revision_755/jscript.c | U | 986 | 1005 | 9 | 171625 | 35 | 318 | 70
755 | Revision_755/flex.c | M | 1303 | 1322 | 9 | 171626 | 35 | 478 | 70
755 | Revision_755/flex.c | M | 878 | 909 | 9 | 171627 | 35 | 476 | 70
755 | Revision_755/jscript.c | U | 1084 | 1090 | 9 | 171628 | 35 | 309 | 70
755 | Revision_755/jscript.c | U | 839 | 846 | 9 | 171629 | 35 | 307 | 70
755 | Revision_755/jscript.c | U | 696 | 707 | 9 | 171630 | 35 | 312 | 70
755 | Revision_755/sql.c | U | 1582 | 1588 | 9 | 171631 | 35 | 356 | 70
755 | Revision_755/sql.c | U | 991 | 1011 | 9 | 171632 | 35 | 310 | 70
755 | Revision_755/flex.c | M | 985 | 996 | 9 | 171633 | 35 | 486 | 70
755 | Revision_755/vhdl.c | U | 704 | 715 | 9 | 171634 | 35 | 417 | 70
755 | Revision_755/sql.c | U | 864 | 878 | 9 | 171635 | 35 | 313 | 70
755 | Revision_755/flex.c | U | 1993 | 2018 | 9 | 171636 | 35 | 484 | 70
755 | Revision_755/flex.c | M | 2255 | 2271 | 9 | 171637 | 35 | 480 | 70
755 | Revision_755/sql.c | U | 862 | 879 | 9 | 171638 | 35 | 313 | 70
755 | Revision_755/sql.c | U | 1719 | 1729 | 9 | 171639 | 35 | 345 | 70
755 | Revision_755/flex.c | M | 2005 | 2015 | 9 | 171640 | 35 | 481 | 70
755 | Revision_755/sql.c | U | 1883 | 1909 | 9 | 171641 | 35 | 320 | 70
755 | Revision_755/vhdl.c | U | 586 | 600 | 9 | 171642 | 35 | 418 | 70
755 | Revision_755/sql.c | U | 1912 | 1933 | 9 | 171643 | 35 | 324 | 70
755 | Revision_755/sql.c | U | 898 | 905 | 9 | 171644 | 35 | 358 | 70
755 | Revision_755/flex.c | M | 2243 | 2252 | 9 | 171645 | 35 | 485 | 70
755 | Revision_755/ruby.c | U | 214 | 218 | 9 | 171646 | 35 | 265 | 70
755 | Revision_755/vhdl.c | U | 706 | 714 | 9 | 171647 | 35 | 425 | 70
755 | Revision_755/sql.c | U | 787 | 799 | 9 | 171648 | 35 | 313 | 70
755 | Revision_755/flex.c | M | 2008 | 2014 | 9 | 171649 | 35 | 481 | 70
755 | Revision_755/flex.c | M | 2273 | 2280 | 9 | 171650 | 35 | 488 | 70
755 | Revision_755/flex.c | M | 2128 | 2136 | 9 | 171651 | 35 | 489 | 70
755 | Revision_755/flex.c | A | 2356 | 2367 | 9 | 171652 | 35 | 438 | 70
755 | Revision_755/flex.c | M | 2264 | 2270 | 9 | 171653 | 35 | 490 | 70
755 | Revision_755/vhdl.c | U | 635 | 640 | 9 | 171654 | 35 | 416 | 70
755 | Revision_755/flex.c | A | 2344 | 2354 | 9 | 171655 | 35 | 524 | 70
755 | Revision_755/jscript.c | U | 675 | 708 | 9 | 171656 | 35 | 487 | 70
755 | Revision_755/sql.c | U | 1852 | 1880 | 9 | 171657 | 35 | 323 | 70
755 | Revision_755/sql.c | U | 1951 | 1972 | 9 | 171658 | 35 | 321 | 70
755 | Revision_755/sql.c | U | 1975 | 1996 | 9 | 171659 | 35 | 322 | 70
755 | Revision_755/flex.c | M | 2245 | 2251 | 9 | 171660 | 35 | 485 | 70
755 | Revision_755/flex.c | M | 2053 | 2059 | 9 | 171661 | 35 | 636 | 70
755 | Revision_755/gnu_regex/regcomp.c | U | 3586 | 3593 | 9 | 171662 | 35 | 562 | 70
755 | Revision_755/vim.c | U | 400 | 408 | 9 | 171663 | 35 | 365 | 70
755 | Revision_755/sql.c | U | 712 | 717 | 9 | 171664 | 35 | 304 | 70
755 | Revision_755/ruby.c | U | 195 | 200 | 9 | 171665 | 35 | 491 | 70
755 | Revision_755/vhdl.c | U | 647 | 670 | 9 | 171666 | 35 | 431 | 70
755 | Revision_755/sql.c | U | 1999 | 2039 | 9 | 171667 | 35 | 327 | 70
755 | Revision_755/get.c | U | 594 | 598 | 9 | 171668 | 35 | 364 | 70
755 | Revision_755/jscript.c | U | 983 | 1017 | 9 | 171669 | 35 | 340 | 70
755 | Revision_755/flex.c | M | 1300 | 1334 | 9 | 171670 | 35 | 492 | 70
755 | Revision_755/sql.c | U | 1560 | 1598 | 9 | 171671 | 35 | 328 | 70
755 | Revision_755/sql.c | U | 1736 | 1775 | 9 | 171672 | 35 | 329 | 70
755 | Revision_755/readtags.c | U | 363 | 367 | 9 | 171673 | 35 | 391 | 70
755 | Revision_755/flex.c | U | 912 | 998 | 30 | 171674 | 36 | 493 | 90
755 | Revision_755/jscript.c | U | 623 | 709 | 30 | 171675 | 36 | 494 | 90
755 | Revision_755/flex.c | M | 964 | 997 | 17 | 171676 | 37 | 495 | 75
755 | Revision_755/flex.c | M | 1984 | 2019 | 17 | 171677 | 37 | 496 | 75
755 | Revision_755/flex.c | U | 1001 | 1108 | 30 | 171678 | 38 | 497 | 100
755 | Revision_755/jscript.c | U | 712 | 819 | 30 | 171679 | 38 | 498 | 100
755 | Revision_755/flex.c | U | 1280 | 1341 | 33 | 171680 | 39 | 504 | 100
755 | Revision_755/jscript.c | U | 963 | 1024 | 33 | 171681 | 39 | 505 | 100
755 | Revision_755/flex.c | M | 1311 | 1321 | 5 | 171682 | 40 | 506 | 71
755 | Revision_755/options.c | U | 352 | 357 | 5 | 171683 | 40 | 107 | 71
755 | Revision_755/flex.c | M | 1324 | 1333 | 5 | 171684 | 40 | 507 | 71
755 | Revision_755/jscript.c | U | 994 | 1004 | 5 | 171685 | 40 | 399 | 71
755 | Revision_755/sql.c | U | 1372 | 1383 | 5 | 171686 | 40 | 627 | 71
755 | Revision_755/sql.c | U | 1528 | 1533 | 5 | 171687 | 40 | 397 | 71
755 | Revision_755/sql.c | U | 1823 | 1827 | 5 | 171688 | 40 | 335 | 71
755 | Revision_755/sql.c | U | 2084 | 2088 | 5 | 171689 | 40 | 334 | 71
755 | Revision_755/sql.c | U | 2194 | 2198 | 5 | 171690 | 40 | 628 | 71
755 | Revision_755/vhdl.c | U | 611 | 615 | 5 | 171691 | 40 | 416 | 71
755 | Revision_755/vhdl.c | U | 620 | 624 | 5 | 171692 | 40 | 419 | 71
755 | Revision_755/jscript.c | U | 1007 | 1016 | 5 | 171693 | 40 | 336 | 71
755 | Revision_755/sql.c | U | 913 | 922 | 5 | 171694 | 40 | 359 | 71
755 | Revision_755/jscript.c | U | 909 | 918 | 5 | 171695 | 40 | 332 | 71
755 | Revision_755/vhdl.c | U | 749 | 754 | 5 | 171696 | 40 | 427 | 71
755 | Revision_755/options.c | U | 674 | 678 | 5 | 171697 | 40 | 116 | 71
755 | Revision_755/vhdl.c | U | 730 | 735 | 5 | 171698 | 40 | 429 | 71
755 | Revision_755/sql.c | U | 931 | 941 | 5 | 171699 | 40 | 560 | 71
755 | Revision_755/jscript.c | U | 891 | 907 | 5 | 171700 | 40 | 338 | 71
755 | Revision_755/jscript.c | U | 920 | 925 | 5 | 171701 | 40 | 333 | 71
755 | Revision_755/options.c | U | 1221 | 1225 | 5 | 171702 | 40 | 117 | 71
755 | Revision_755/sql.c | U | 1834 | 1843 | 5 | 171703 | 40 | 350 | 71
755 | Revision_755/flex.c | M | 1383 | 1393 | 5 | 171704 | 41 | 508 | 75
755 | Revision_755/jscript.c | U | 1423 | 1427 | 5 | 171705 | 41 | 342 | 75
755 | Revision_755/flex.c | M | 1895 | 1899 | 5 | 171706 | 41 | 509 | 75
755 | Revision_755/sql.c | U | 1060 | 1066 | 5 | 171707 | 41 | 344 | 75
755 | Revision_755/sql.c | U | 1144 | 1151 | 5 | 171708 | 41 | 343 | 75
755 | Revision_755/tex.c | U | 427 | 431 | 5 | 171709 | 41 | 557 | 75
755 | Revision_755/sql.c | U | 1590 | 1595 | 5 | 171710 | 41 | 347 | 75
755 | Revision_755/sql.c | U | 1871 | 1877 | 5 | 171711 | 41 | 345 | 75
755 | Revision_755/sql.c | U | 1900 | 1906 | 5 | 171712 | 41 | 346 | 75
755 | Revision_755/flex.c | U | 1460 | 1929 | 198 | 171713 | 42 | 510 | 77
755 | Revision_755/jscript.c | U | 1027 | 1457 | 198 | 171714 | 42 | 511 | 77
755 | Revision_755/flex.c | M | 1526 | 1561 | 34 | 171715 | 43 | 512 | 71
755 | Revision_755/vhdl.c | U | 768 | 801 | 34 | 171716 | 43 | 513 | 71
755 | Revision_755/flex.c | M | 1623 | 1649 | 12 | 171717 | 44 | 514 | 72
755 | Revision_755/flex.c | M | 1651 | 1673 | 12 | 171718 | 44 | 515 | 72
755 | Revision_755/flex.c | M | 1813 | 1830 | 5 | 171719 | 45 | 516 | 75
755 | Revision_755/readtags.c | U | 502 | 506 | 5 | 171720 | 45 | 87 | 75
755 | Revision_755/ocaml.c | U | 1103 | 1109 | 5 | 171721 | 45 | 602 | 75
755 | Revision_755/readtags.c | U | 681 | 685 | 5 | 171722 | 45 | 88 | 75
755 | Revision_755/jscript.c | U | 1341 | 1358 | 5 | 171723 | 45 | 435 | 75
755 | Revision_755/flex.c | U | 1932 | 1979 | 29 | 171724 | 46 | 517 | 92
755 | Revision_755/jscript.c | U | 1460 | 1507 | 29 | 171725 | 46 | 518 | 92
755 | Revision_755/flex.c | M | 1945 | 1968 | 21 | 171726 | 47 | 519 | 70
755 | Revision_755/get.c | U | 406 | 413 | 21 | 171727 | 47 | 520 | 70
755 | Revision_755/flex.c | M | 1982 | 2025 | 23 | 171728 | 48 | 502 | 70
755 | Revision_755/sql.c | U | 1635 | 1673 | 23 | 171729 | 48 | 500 | 70
755 | Revision_755/flex.c | A | 2333 | 2373 | 23 | 171730 | 48 | 624 | 70
755 | Revision_755/flex.c | M | 2115 | 2168 | 23 | 171731 | 48 | 501 | 70
755 | Revision_755/flex.c | A | 2317 | 2320 | 8 | 171732 | 49 | 522 | 71
755 | Revision_755/jscript.c | U | 1516 | 1522 | 8 | 171733 | 49 | 361 | 71
755 | Revision_755/Test/local.c | U | 14 | 20 | 8 | 171734 | 49 | 362 | 71
755 | Revision_755/vhdl.c | U | 499 | 506 | 8 | 171735 | 49 | 420 | 71
755 | Revision_755/jscript.c | U | 1518 | 1521 | 8 | 171736 | 49 | 361 | 71
755 | Revision_755/flex.c | A | 2377 | 2381 | 5 | 171737 | 50 | 523 | 75
755 | Revision_755/jscript.c | U | 1531 | 1535 | 5 | 171738 | 50 | 348 | 75
755 | Revision_755/ocaml.c | U | 1824 | 1829 | 5 | 171739 | 50 | 603 | 75
755 | Revision_755/ocaml.c | U | 895 | 901 | 5 | 171740 | 50 | 604 | 75
755 | Revision_755/tex.c | U | 481 | 485 | 5 | 171741 | 50 | 549 | 75
755 | Revision_755/make.c | U | 191 | 195 | 5 | 171742 | 50 | 273 | 75
755 | Revision_755/sql.c | U | 2299 | 2303 | 5 | 171743 | 50 | 274 | 75
755 | Revision_755/options.c | U | 1773 | 1779 | 5 | 171744 | 50 | 605 | 75
755 | Revision_755/flex.c | A | 2384 | 2400 | 14 | 171745 | 51 | 524 | 100
755 | Revision_755/jscript.c | U | 1538 | 1554 | 14 | 171746 | 51 | 525 | 100
755 | Revision_755/get.c | U | 305 | 314 | 10 | 171747 | 52 | 74 | 70
755 | Revision_755/parse.c | U | 586 | 600 | 10 | 171748 | 52 | 76 | 70
755 | Revision_755/read.c | U | 220 | 231 | 10 | 171749 | 52 | 75 | 70
755 | Revision_755/get.c | U | 467 | 478 | 10 | 171750 | 53 | 77 | 87
755 | Revision_755/get.c | U | 484 | 495 | 10 | 171751 | 53 | 79 | 87
755 | Revision_755/get.c | U | 541 | 546 | 6 | 171752 | 54 | 80 | 80
755 | Revision_755/read.c | U | 424 | 428 | 6 | 171753 | 54 | 81 | 80
755 | Revision_755/get.c | U | 649 | 653 | 5 | 171754 | 55 | 394 | 75
755 | Revision_755/python.c | U | 244 | 247 | 5 | 171755 | 55 | 395 | 75
755 | Revision_755/gnu_regex/regcomp.c | U | 258 | 263 | 5 | 171756 | 56 | 563 | 75
755 | Revision_755/routines.c | U | 621 | 644 | 5 | 171757 | 56 | 377 | 75
755 | Revision_755/main.c | U | 126 | 139 | 5 | 171758 | 56 | 243 | 75
755 | Revision_755/options.c | U | 397 | 402 | 5 | 171759 | 56 | 244 | 75
755 | Revision_755/gnu_regex/regcomp.c | U | 765 | 770 | 5 | 171760 | 57 | 564 | 75
755 | Revision_755/gnu_regex/regcomp.c | U | 817 | 821 | 5 | 171761 | 57 | 565 | 75
755 | Revision_755/vhdl.c | U | 457 | 461 | 5 | 171762 | 57 | 421 | 75
755 | Revision_755/sql.c | U | 588 | 592 | 5 | 171763 | 57 | 206 | 75
755 | Revision_755/strlist.c | U | 150 | 154 | 5 | 171764 | 57 | 62 | 75
755 | Revision_755/routines.c | U | 453 | 459 | 5 | 171765 | 57 | 167 | 75
755 | Revision_755/gnu_regex/regcomp.c | U | 1222 | 1232 | 11 | 171766 | 58 | 566 | 70
755 | Revision_755/gnu_regex/regcomp.c | U | 3804 | 3816 | 11 | 171767 | 58 | 567 | 70
755 | Revision_755/gnu_regex/regcomp.c | U | 1277 | 1281 | 5 | 171768 | 59 | 568 | 100
755 | Revision_755/gnu_regex/regcomp.c | U | 1283 | 1287 | 5 | 171769 | 59 | 569 | 100
755 | Revision_755/gnu_regex/regcomp.c | U | 1477 | 1482 | 6 | 171770 | 60 | 570 | 80
755 | Revision_755/gnu_regex/regcomp.c | U | 1516 | 1522 | 6 | 171771 | 60 | 571 | 80
755 | Revision_755/gnu_regex/regcomp.c | U | 1662 | 1667 | 5 | 171772 | 61 | 572 | 75
755 | Revision_755/gnu_regex/regex_internal.c | U | 76 | 80 | 5 | 171773 | 61 | 574 | 75
755 | Revision_755/gnu_regex/regcomp.c | U | 1685 | 1689 | 5 | 171774 | 61 | 573 | 75
755 | Revision_755/gnu_regex/regcomp.c | U | 2011 | 2030 | 16 | 171775 | 62 | 575 | 75
755 | Revision_755/gnu_regex/regcomp.c | U | 2034 | 2046 | 16 | 171776 | 62 | 576 | 75
755 | Revision_755/gnu_regex/regcomp.c | U | 2158 | 2165 | 7 | 171777 | 63 | 577 | 80
755 | Revision_755/gnu_regex/regcomp.c | U | 2312 | 2319 | 7 | 171778 | 63 | 578 | 80
755 | Revision_755/gnu_regex/regcomp.c | U | 2292 | 2296 | 5 | 171779 | 64 | 579 | 75
755 | Revision_755/readtags.c | U | 242 | 246 | 5 | 171780 | 64 | 581 | 75
755 | Revision_755/gnu_regex/regcomp.c | U | 2298 | 2302 | 5 | 171781 | 64 | 580 | 75
755 | Revision_755/gnu_regex/regex_internal.c | U | 1048 | 1055 | 8 | 171782 | 65 | 582 | 71
755 | Revision_755/gnu_regex/regex_internal.c | U | 1562 | 1570 | 8 | 171783 | 65 | 583 | 71
755 | Revision_755/gnu_regex/regex_internal.c | U | 1188 | 1195 | 8 | 171784 | 65 | 584 | 71
755 | Revision_755/gnu_regex/regex_internal.c | U | 1101 | 1116 | 13 | 171785 | 66 | 585 | 80
755 | Revision_755/gnu_regex/regex_internal.c | U | 1234 | 1254 | 13 | 171786 | 66 | 586 | 80
755 | Revision_755/gnu_regex/regex_internal.c | U | 1287 | 1294 | 8 | 171787 | 67 | 587 | 85
755 | Revision_755/gnu_regex/regex_internal.c | U | 1326 | 1333 | 8 | 171788 | 67 | 588 | 85
755 | Revision_755/gnu_regex/regex_internal.c | U | 1464 | 1492 | 22 | 171789 | 68 | 589 | 70
755 | Revision_755/gnu_regex/regex_internal.c | U | 1508 | 1535 | 22 | 171790 | 68 | 590 | 70
755 | Revision_755/jscript.c | U | 356 | 453 | 126 | 171791 | 69 | 299 | 74
755 | Revision_755/sql.c | U | 531 | 679 | 126 | 171792 | 69 | 300 | 74
755 | Revision_755/jscript.c | U | 1072 | 1081 | 6 | 171793 | 70 | 360 | 75
755 | Revision_755/options.c | U | 1683 | 1687 | 6 | 171794 | 70 | 223 | 75
755 | Revision_755/jscript.c | U | 1152 | 1178 | 12 | 171795 | 71 | 372 | 72
755 | Revision_755/jscript.c | U | 1180 | 1202 | 12 | 171796 | 71 | 373 | 72
755 | Revision_755/keyword.c | U | 184 | 188 | 5 | 171797 | 72 | 85 | 75
755 | Revision_755/options.c | U | 1042 | 1046 | 5 | 171798 | 72 | 86 | 75
755 | Revision_755/sql.c | U | 1314 | 1318 | 5 | 171799 | 72 | 397 | 75
755 | Revision_755/readtags.c | U | 452 | 456 | 5 | 171800 | 72 | 87 | 75
755 | Revision_755/lisp.c | U | 91 | 97 | 7 | 171801 | 73 | 89 | 83
755 | Revision_755/lisp.c | U | 112 | 118 | 7 | 171802 | 73 | 90 | 83
755 | Revision_755/make.c | U | 44 | 48 | 5 | 171803 | 74 | 267 | 75
755 | Revision_755/verilog.c | U | 287 | 291 | 5 | 171804 | 74 | 268 | 75
755 | Revision_755/make.c | U | 77 | 87 | 11 | 171805 | 75 | 269 | 77
755 | Revision_755/verilog.c | U | 199 | 212 | 11 | 171806 | 75 | 270 | 77
755 | Revision_755/make.c | U | 97 | 105 | 8 | 171807 | 76 | 271 | 75
755 | Revision_755/verilog.c | U | 187 | 193 | 8 | 171808 | 76 | 272 | 75
755 | Revision_755/ocaml.c | U | 676 | 680 | 5 | 171809 | 77 | 606 | 75
755 | Revision_755/ocaml.c | U | 720 | 725 | 5 | 171810 | 77 | 608 | 75
755 | Revision_755/ocaml.c | U | 699 | 703 | 5 | 171811 | 77 | 607 | 75
755 | Revision_755/ocaml.c | U | 756 | 778 | 22 | 171812 | 78 | 609 | 71
755 | Revision_755/ocaml.c | U | 832 | 856 | 22 | 171813 | 78 | 610 | 71
755 | Revision_755/ocaml.c | U | 793 | 798 | 7 | 171814 | 79 | 611 | 71
755 | Revision_755/ocaml.c | U | 805 | 812 | 7 | 171815 | 79 | 612 | 71
755 | Revision_755/sql.c | U | 495 | 510 | 7 | 171816 | 79 | 296 | 71
755 | Revision_755/ocaml.c | U | 919 | 942 | 19 | 171817 | 80 | 616 | 70
755 | Revision_755/ocaml.c | U | 1494 | 1514 | 19 | 171818 | 80 | 617 | 70
755 | Revision_755/ocaml.c | U | 947 | 955 | 6 | 171819 | 81 | 618 | 75
755 | Revision_755/ocaml.c | U | 1054 | 1062 | 6 | 171820 | 81 | 619 | 75
755 | Revision_755/ocaml.c | U | 1187 | 1235 | 28 | 171821 | 82 | 620 | 70
755 | Revision_755/ocaml.c | U | 1521 | 1561 | 28 | 171822 | 82 | 615 | 70
755 | Revision_755/ocaml.c | U | 1390 | 1422 | 28 | 171823 | 82 | 621 | 70
755 | Revision_755/ocaml.c | U | 1778 | 1782 | 5 | 171824 | 83 | 622 | 75
755 | Revision_755/ocaml.c | U | 1785 | 1789 | 5 | 171825 | 83 | 623 | 75
755 | Revision_755/options.c | U | 369 | 375 | 6 | 171826 | 84 | 107 | 100
755 | Revision_755/options.c | U | 378 | 384 | 6 | 171827 | 84 | 108 | 100
755 | Revision_755/options.c | U | 543 | 549 | 7 | 171828 | 85 | 112 | 100
755 | Revision_755/options.c | U | 570 | 576 | 7 | 171829 | 85 | 115 | 100
755 | Revision_755/options.c | U | 552 | 558 | 7 | 171830 | 85 | 114 | 100
755 | Revision_755/options.c | U | 561 | 567 | 7 | 171831 | 85 | 113 | 100
755 | Revision_755/options.c | U | 982 | 986 | 5 | 171832 | 86 | 118 | 75
755 | Revision_755/options.c | U | 1008 | 1012 | 5 | 171833 | 86 | 119 | 75
755 | Revision_755/options.c | U | 1102 | 1106 | 5 | 171834 | 87 | 120 | 100
755 | Revision_755/options.c | U | 1108 | 1112 | 5 | 171835 | 87 | 120 | 100
755 | Revision_755/options.c | U | 1154 | 1166 | 12 | 171836 | 88 | 245 | 100
755 | Revision_755/options.c | U | 1171 | 1183 | 12 | 171837 | 88 | 123 | 100
755 | Revision_755/options.c | U | 1425 | 1442 | 15 | 171838 | 89 | 124 | 91
755 | Revision_755/options.c | U | 1463 | 1480 | 15 | 171839 | 89 | 125 | 91
755 | Revision_755/parse.c | U | 96 | 106 | 11 | 171840 | 90 | 126 | 88
755 | Revision_755/parse.c | U | 109 | 120 | 11 | 171841 | 90 | 127 | 88
755 | Revision_755/parse.c | U | 299 | 303 | 5 | 171842 | 91 | 246 | 75
755 | Revision_755/parse.c | U | 556 | 560 | 5 | 171843 | 91 | 247 | 75
755 | Revision_755/parse.c | U | 575 | 579 | 5 | 171844 | 91 | 248 | 75
755 | Revision_755/pascal.c | U | 134 | 138 | 5 | 171845 | 92 | 128 | 75
755 | Revision_755/perl.c | U | 187 | 191 | 5 | 171846 | 92 | 129 | 75
755 | Revision_755/pascal.c | U | 150 | 154 | 5 | 171847 | 93 | 212 | 75
755 | Revision_755/python.c | U | 688 | 692 | 5 | 171848 | 93 | 370 | 75
755 | Revision_755/pascal.c | U | 184 | 190 | 5 | 171849 | 93 | 131 | 75
755 | Revision_755/pascal.c | U | 176 | 182 | 5 | 171850 | 93 | 130 | 75
755 | Revision_755/perl.c | U | 208 | 214 | 7 | 171851 | 94 | 262 | 83
755 | Revision_755/perl.c | U | 254 | 259 | 7 | 171852 | 94 | 367 | 83
755 | Revision_755/python.c | U | 148 | 161 | 11 | 171853 | 95 | 39 | 77
755 | Revision_755/python.c | U | 191 | 202 | 11 | 171854 | 95 | 14 | 77
755 | Revision_755/python.c | U | 588 | 592 | 7 | 171855 | 96 | 370 | 80
755 | Revision_755/python.c | U | 593 | 598 | 7 | 171856 | 96 | 370 | 80
755 | Revision_755/python.c | U | 694 | 703 | 8 | 171857 | 97 | 436 | 83
755 | Revision_755/python.c | U | 705 | 713 | 8 | 171858 | 97 | 14 | 83
755 | Revision_755/readtags.c | U | 106 | 113 | 8 | 171859 | 98 | 149 | 83
755 | Revision_755/readtags.c | U | 116 | 123 | 8 | 171860 | 98 | 134 | 83
755 | Revision_755/routines.c | U | 298 | 305 | 8 | 171861 | 98 | 155 | 83
755 | Revision_755/routines.c | U | 288 | 295 | 8 | 171862 | 98 | 156 | 83
755 | Revision_755/readtags.c | U | 144 | 148 | 5 | 171863 | 99 | 110 | 75
755 | Revision_755/vstring.c | U | 35 | 40 | 5 | 171864 | 99 | 111 | 75
755 | Revision_755/readtags.c | U | 541 | 547 | 6 | 171865 | 100 | 150 | 100
755 | Revision_755/readtags.c | U | 549 | 555 | 6 | 171866 | 100 | 151 | 100
755 | Revision_755/readtags.c | U | 584 | 588 | 6 | 171867 | 101 | 134 | 75
755 | Revision_755/readtags.c | U | 639 | 645 | 6 | 171868 | 101 | 135 | 75
755 | Revision_755/readtags.c | U | 718 | 726 | 8 | 171869 | 102 | 136 | 83
755 | Revision_755/readtags.c | U | 773 | 781 | 8 | 171870 | 102 | 139 | 83
755 | Revision_755/readtags.c | U | 729 | 737 | 8 | 171871 | 102 | 139 | 83
755 | Revision_755/readtags.c | U | 740 | 745 | 6 | 171872 | 103 | 152 | 80
755 | Revision_755/readtags.c | U | 757 | 762 | 6 | 171873 | 103 | 153 | 80
755 | Revision_755/readtags.c | U | 765 | 770 | 6 | 171874 | 103 | 187 | 80
755 | Revision_755/routines.c | U | 237 | 244 | 6 | 171875 | 104 | 157 | 80
755 | Revision_755/routines.c | U | 247 | 254 | 6 | 171876 | 104 | 158 | 80
755 | Revision_755/routines.c | U | 322 | 326 | 5 | 171877 | 105 | 159 | 75
755 | Revision_755/vstring.c | U | 125 | 129 | 5 | 171878 | 105 | 94 | 75
755 | Revision_755/vstring.c | U | 118 | 122 | 5 | 171879 | 105 | 95 | 75
755 | Revision_755/routines.c | U | 329 | 335 | 6 | 171880 | 106 | 160 | 100
755 | Revision_755/routines.c | U | 338 | 344 | 6 | 171881 | 106 | 161 | 100
755 | Revision_755/routines.c | U | 349 | 356 | 8 | 171882 | 107 | 162 | 100
755 | Revision_755/routines.c | U | 361 | 368 | 8 | 171883 | 107 | 163 | 100
755 | Revision_755/scheme.c | U | 70 | 78 | 8 | 171884 | 108 | 140 | 71
755 | Revision_755/scheme.c | U | 85 | 93 | 8 | 171885 | 108 | 141 | 71
755 | Revision_755/sort.c | U | 118 | 123 | 5 | 171886 | 109 | 182 | 100
755 | Revision_755/sort.c | U | 126 | 131 | 5 | 171887 | 109 | 183 | 100
755 | Revision_755/sql.c | U | 735 | 784 | 32 | 171888 | 110 | 422 | 72
755 | Revision_755/vhdl.c | U | 493 | 533 | 32 | 171889 | 110 | 423 | 72
755 | Revision_755/sql.c | U | 1086 | 1107 | 29 | 171890 | 111 | 337 | 70
755 | Revision_755/tex.c | U | 448 | 475 | 29 | 171891 | 111 | 614 | 70
755 | Revision_755/sql.c | U | 1697 | 1733 | 24 | 171892 | 112 | 351 | 78
755 | Revision_755/sql.c | U | 2103 | 2146 | 24 | 171893 | 112 | 352 | 78
755 | Revision_755/sql.c | U | 2042 | 2100 | 34 | 171894 | 113 | 629 | 100
755 | Revision_755/sql.c | U | 2149 | 2210 | 34 | 171895 | 113 | 630 | 100
755 | Revision_755/sql.c | U | 2067 | 2092 | 17 | 171896 | 114 | 353 | 84
755 | Revision_755/sql.c | U | 2116 | 2140 | 17 | 171897 | 114 | 354 | 84
755 | Revision_755/sql.c | U | 2177 | 2202 | 17 | 171898 | 114 | 631 | 84
755 | Revision_755/sql.c | U | 2306 | 2314 | 7 | 171899 | 115 | 426 | 71
755 | Revision_755/tex.c | U | 488 | 497 | 7 | 171900 | 115 | 554 | 71
755 | Revision_755/vhdl.c | U | 813 | 821 | 7 | 171901 | 115 | 427 | 71
755 | Revision_755/strlist.c | U | 32 | 38 | 8 | 171902 | 116 | 142 | 71
755 | Revision_755/vstring.c | U | 77 | 87 | 8 | 171903 | 116 | 143 | 71
755 | Revision_755/strlist.c | U | 191 | 196 | 7 | 171904 | 117 | 146 | 83
755 | Revision_755/strlist.c | U | 200 | 206 | 7 | 171905 | 117 | 264 | 83
755 | Revision_755/tex.c | U | 271 | 346 | 73 | 171906 | 118 | 550 | 72
755 | Revision_755/vhdl.c | U | 405 | 479 | 73 | 171907 | 118 | 625 | 72
755 | Revision_755/tex.c | U | 388 | 405 | 16 | 171908 | 119 | 558 | 83
755 | Revision_755/tex.c | U | 413 | 432 | 16 | 171909 | 119 | 559 | 83
755 | Revision_755/verilog.c | U | 142 | 146 | 5 | 171910 | 120 | 259 | 75
755 | Revision_755/verilog.c | U | 239 | 243 | 5 | 171911 | 120 | 260 | 75
755 | Revision_755/vhdl.c | U | 724 | 741 | 15 | 171912 | 121 | 430 | 100
755 | Revision_755/vhdl.c | U | 743 | 760 | 15 | 171913 | 121 | 427 | 100
755 | Revision_755/vim.c | U | 97 | 101 | 5 | 171914 | 122 | 192 | 100
755 | Revision_755/vim.c | U | 103 | 107 | 5 | 171915 | 122 | 193 | 100
755 | Revision_755/vim.c | U | 244 | 267 | 17 | 171916 | 123 | 224 | 76
755 | Revision_755/vim.c | U | 294 | 312 | 17 | 171917 | 123 | 147 | 76
