Revision | filePath | changeType | StartLine | EndLine | Nlines | cloneId | classId | globalCloneId | Similarity
765 | Revision_765/lisp.c | U | 91 | 97 | 7 | 276357 | 1 | 1 | 83
765 | Revision_765/lisp.c | U | 112 | 118 | 7 | 276358 | 1 | 2 | 83
765 | Revision_765/lisp.c | U | 127 | 137 | 9 | 276359 | 2 | 3 | 70
765 | Revision_765/c.c | U | 2909 | 2918 | 9 | 276360 | 2 | 12 | 70
765 | Revision_765/asp.c | U | 317 | 325 | 9 | 276361 | 2 | 4 | 70
765 | Revision_765/python.c | U | 763 | 771 | 9 | 276362 | 2 | 13 | 70
765 | Revision_765/pascal.c | U | 257 | 265 | 9 | 276363 | 2 | 14 | 70
765 | Revision_765/fortran.c | U | 2180 | 2195 | 9 | 276364 | 2 | 21 | 70
765 | Revision_765/c.c | U | 2897 | 2906 | 9 | 276365 | 2 | 15 | 70
765 | Revision_765/c.c | U | 2867 | 2876 | 9 | 276366 | 2 | 315 | 70
765 | Revision_765/scheme.c | U | 99 | 109 | 9 | 276367 | 2 | 16 | 70
765 | Revision_765/awk.c | U | 71 | 79 | 9 | 276368 | 2 | 10 | 70
765 | Revision_765/basic.c | U | 193 | 201 | 9 | 276369 | 2 | 408 | 70
765 | Revision_765/c.c | U | 2921 | 2930 | 9 | 276370 | 2 | 330 | 70
765 | Revision_765/lua.c | U | 123 | 131 | 9 | 276371 | 2 | 243 | 70
765 | Revision_765/ocaml.c | U | 1832 | 1842 | 9 | 276372 | 2 | 745 | 70
765 | Revision_765/perl.c | U | 372 | 380 | 9 | 276373 | 2 | 7 | 70
765 | Revision_765/c.c | U | 2879 | 2894 | 9 | 276374 | 2 | 8 | 70
765 | Revision_765/verilog.c | U | 330 | 339 | 9 | 276375 | 2 | 283 | 70
765 | Revision_765/eiffel.c | U | 1259 | 1268 | 9 | 276376 | 2 | 9 | 70
765 | Revision_765/sh.c | U | 103 | 113 | 9 | 276377 | 2 | 17 | 70
765 | Revision_765/vim.c | U | 637 | 645 | 9 | 276378 | 2 | 20 | 70
765 | Revision_765/erlang.c | U | 179 | 187 | 9 | 276379 | 2 | 340 | 70
765 | Revision_765/vhdl.c | U | 824 | 833 | 9 | 276380 | 2 | 539 | 70
765 | Revision_765/beta.c | U | 311 | 319 | 9 | 276381 | 2 | 5 | 70
765 | Revision_765/sql.c | U | 2360 | 2369 | 9 | 276382 | 2 | 296 | 70
765 | Revision_765/sml.c | U | 202 | 210 | 9 | 276383 | 2 | 321 | 70
765 | Revision_765/ruby.c | U | 398 | 406 | 9 | 276384 | 2 | 19 | 70
765 | Revision_765/cobol.c | U | 40 | 48 | 9 | 276385 | 2 | 320 | 70
765 | Revision_765/tcl.c | U | 106 | 114 | 9 | 276386 | 2 | 18 | 70
765 | Revision_765/php.c | U | 91 | 98 | 9 | 276387 | 2 | 501 | 70
765 | Revision_765/asm.c | U | 366 | 385 | 9 | 276388 | 2 | 274 | 70
765 | Revision_765/make.c | U | 205 | 215 | 9 | 276389 | 2 | 25 | 70
765 | Revision_765/jscript.c | U | 1621 | 1634 | 9 | 276390 | 2 | 413 | 70
765 | Revision_765/tex.c | U | 501 | 514 | 9 | 276391 | 2 | 665 | 70
765 | Revision_765/dosbatch.c | U | 33 | 40 | 9 | 276392 | 2 | 667 | 70
765 | Revision_765/html.c | U | 40 | 47 | 9 | 276393 | 2 | 365 | 70
765 | Revision_765/flex.c | U | 2409 | 2422 | 9 | 276394 | 2 | 575 | 70
765 | Revision_765/rexx.c | U | 30 | 37 | 9 | 276395 | 2 | 26 | 70
765 | Revision_765/slang.c | U | 34 | 41 | 9 | 276396 | 2 | 24 | 70
765 | Revision_765/ant.c | U | 33 | 40 | 9 | 276397 | 2 | 666 | 70
765 | Revision_765/yacc.c | U | 31 | 38 | 9 | 276398 | 2 | 23 | 70
765 | Revision_765/matlab.c | U | 35 | 42 | 9 | 276399 | 2 | 668 | 70
765 | Revision_765/keyword.c | U | 107 | 116 | 9 | 276400 | 2 | 27 | 70
765 | Revision_765/c.c | U | 2251 | 2256 | 9 | 276401 | 2 | 28 | 70
765 | Revision_765/options.c | U | 533 | 538 | 9 | 276402 | 2 | 29 | 70
765 | Revision_765/fortran.c | U | 414 | 426 | 9 | 276403 | 2 | 158 | 70
765 | Revision_765/options.c | U | 626 | 632 | 9 | 276404 | 2 | 30 | 70
765 | Revision_765/jscript.c | U | 192 | 205 | 9 | 276405 | 2 | 414 | 70
765 | Revision_765/eiffel.c | U | 622 | 634 | 9 | 276406 | 2 | 157 | 70
765 | Revision_765/tex.c | U | 161 | 172 | 9 | 276407 | 2 | 669 | 70
765 | Revision_765/sql.c | U | 421 | 433 | 9 | 276408 | 2 | 309 | 70
765 | Revision_765/vhdl.c | U | 342 | 351 | 9 | 276409 | 2 | 540 | 70
765 | Revision_765/flex.c | U | 228 | 242 | 9 | 276410 | 2 | 576 | 70
765 | Revision_765/c.c | U | 2280 | 2288 | 9 | 276411 | 2 | 31 | 70
765 | Revision_765/asp.c | U | 72 | 91 | 15 | 276412 | 3 | 33 | 100
765 | Revision_765/asp.c | U | 95 | 114 | 15 | 276413 | 3 | 34 | 100
765 | Revision_765/asp.c | U | 118 | 163 | 40 | 276414 | 4 | 736 | 100
765 | Revision_765/asp.c | U | 165 | 210 | 40 | 276415 | 4 | 737 | 100
765 | Revision_765/asp.c | U | 125 | 137 | 11 | 276416 | 5 | 35 | 70
765 | Revision_765/asp.c | U | 291 | 306 | 11 | 276417 | 5 | 36 | 70
765 | Revision_765/asp.c | U | 234 | 249 | 11 | 276418 | 5 | 36 | 70
765 | Revision_765/asp.c | U | 214 | 230 | 11 | 276419 | 5 | 36 | 70
765 | Revision_765/asp.c | U | 272 | 287 | 11 | 276420 | 5 | 739 | 70
765 | Revision_765/asp.c | U | 253 | 268 | 11 | 276421 | 5 | 740 | 70
765 | Revision_765/asp.c | U | 152 | 161 | 11 | 276422 | 5 | 738 | 70
765 | Revision_765/asp.c | U | 139 | 151 | 11 | 276423 | 5 | 36 | 70
765 | Revision_765/asp.c | U | 172 | 184 | 11 | 276424 | 5 | 741 | 70
765 | Revision_765/asp.c | U | 186 | 198 | 11 | 276425 | 5 | 742 | 70
765 | Revision_765/asp.c | U | 275 | 286 | 11 | 276426 | 5 | 36 | 70
765 | Revision_765/vim.c | U | 301 | 310 | 11 | 276427 | 5 | 743 | 70
765 | Revision_765/asp.c | U | 237 | 248 | 11 | 276428 | 5 | 36 | 70
765 | Revision_765/vim.c | U | 256 | 265 | 11 | 276429 | 5 | 744 | 70
765 | Revision_765/asp.c | U | 294 | 305 | 11 | 276430 | 5 | 739 | 70
765 | Revision_765/asp.c | U | 218 | 229 | 11 | 276431 | 5 | 36 | 70
765 | Revision_765/lua.c | U | 81 | 88 | 11 | 276432 | 5 | 285 | 70
765 | Revision_765/asp.c | U | 256 | 267 | 11 | 276433 | 5 | 740 | 70
765 | Revision_765/asp.c | U | 199 | 208 | 11 | 276434 | 5 | 4 | 70
765 | Revision_765/args.c | U | 85 | 92 | 8 | 276435 | 6 | 43 | 100
765 | Revision_765/args.c | U | 160 | 167 | 8 | 276436 | 6 | 44 | 100
765 | Revision_765/args.c | U | 182 | 190 | 9 | 276437 | 7 | 45 | 75
765 | Revision_765/args.c | U | 193 | 200 | 9 | 276438 | 7 | 46 | 75
765 | Revision_765/args.c | U | 203 | 211 | 9 | 276439 | 7 | 47 | 75
765 | Revision_765/args.c | U | 266 | 272 | 7 | 276440 | 8 | 48 | 83
765 | Revision_765/options.c | U | 579 | 584 | 7 | 276441 | 8 | 49 | 83
765 | Revision_765/c.c | U | 536 | 542 | 5 | 276442 | 9 | 51 | 71
765 | Revision_765/sql.c | U | 436 | 440 | 5 | 276443 | 9 | 416 | 71
765 | Revision_765/vhdl.c | U | 354 | 361 | 5 | 276444 | 9 | 541 | 71
765 | Revision_765/flex.c | U | 245 | 249 | 5 | 276445 | 9 | 577 | 71
765 | Revision_765/vstring.c | U | 67 | 74 | 5 | 276446 | 9 | 52 | 71
765 | Revision_765/jscript.c | U | 208 | 212 | 5 | 276447 | 9 | 415 | 71
765 | Revision_765/fortran.c | U | 888 | 892 | 5 | 276448 | 9 | 50 | 71
765 | Revision_765/tex.c | U | 175 | 179 | 5 | 276449 | 9 | 670 | 71
765 | Revision_765/fortran.c | U | 440 | 445 | 5 | 276450 | 9 | 363 | 71
765 | Revision_765/eiffel.c | U | 637 | 643 | 5 | 276451 | 9 | 362 | 71
765 | Revision_765/vstring.c | U | 69 | 73 | 5 | 276452 | 9 | 52 | 71
765 | Revision_765/fortran.c | U | 438 | 446 | 5 | 276453 | 9 | 363 | 71
765 | Revision_765/vhdl.c | U | 356 | 360 | 5 | 276454 | 9 | 541 | 71
765 | Revision_765/flex.c | U | 1325 | 1334 | 5 | 276455 | 9 | 578 | 71
765 | Revision_765/sql.c | U | 1569 | 1574 | 5 | 276456 | 9 | 462 | 71
765 | Revision_765/sql.c | U | 1413 | 1424 | 5 | 276457 | 9 | 771 | 71
765 | Revision_765/vhdl.c | U | 611 | 615 | 5 | 276458 | 9 | 542 | 71
765 | Revision_765/vhdl.c | U | 620 | 624 | 5 | 276459 | 9 | 543 | 71
765 | Revision_765/fortran.c | U | 1060 | 1064 | 5 | 276460 | 9 | 312 | 71
765 | Revision_765/sql.c | U | 1866 | 1870 | 5 | 276461 | 9 | 454 | 71
765 | Revision_765/flex.c | U | 1312 | 1322 | 5 | 276462 | 9 | 579 | 71
765 | Revision_765/sql.c | U | 2127 | 2131 | 5 | 276463 | 9 | 455 | 71
765 | Revision_765/sql.c | U | 2237 | 2241 | 5 | 276464 | 9 | 772 | 71
765 | Revision_765/c.c | U | 2218 | 2222 | 5 | 276465 | 9 | 125 | 71
765 | Revision_765/vhdl.c | U | 730 | 735 | 5 | 276466 | 9 | 539 | 71
765 | Revision_765/vhdl.c | U | 749 | 754 | 5 | 276467 | 9 | 560 | 71
765 | Revision_765/options.c | U | 674 | 678 | 5 | 276468 | 9 | 127 | 71
765 | Revision_765/c.c | U | 2491 | 2498 | 5 | 276469 | 9 | 94 | 71
765 | Revision_765/sql.c | U | 952 | 961 | 5 | 276470 | 9 | 493 | 71
765 | Revision_765/options.c | U | 352 | 357 | 5 | 276471 | 9 | 224 | 71
765 | Revision_765/fortran.c | U | 813 | 818 | 5 | 276472 | 9 | 116 | 71
765 | Revision_765/eiffel.c | U | 429 | 434 | 5 | 276473 | 9 | 119 | 71
765 | Revision_765/jscript.c | U | 909 | 918 | 5 | 276474 | 9 | 456 | 71
765 | Revision_765/sql.c | U | 588 | 592 | 5 | 276475 | 9 | 300 | 71
765 | Revision_765/strlist.c | U | 150 | 154 | 5 | 276476 | 9 | 126 | 71
765 | Revision_765/eiffel.c | U | 691 | 695 | 5 | 276477 | 9 | 250 | 71
765 | Revision_765/vhdl.c | U | 457 | 461 | 5 | 276478 | 9 | 544 | 71
765 | Revision_765/gnu_regex/regcomp.c | U | 817 | 821 | 5 | 276479 | 9 | 707 | 71
765 | Revision_765/options.c | U | 1221 | 1225 | 5 | 276480 | 9 | 129 | 71
765 | Revision_765/sql.c | U | 970 | 980 | 5 | 276481 | 9 | 698 | 71
765 | Revision_765/fortran.c | U | 805 | 811 | 5 | 276482 | 9 | 50 | 71
765 | Revision_765/eiffel.c | U | 421 | 427 | 5 | 276483 | 9 | 119 | 71
765 | Revision_765/jscript.c | U | 891 | 907 | 5 | 276484 | 9 | 480 | 71
765 | Revision_765/jscript.c | U | 920 | 925 | 5 | 276485 | 9 | 457 | 71
765 | Revision_765/fortran.c | U | 990 | 994 | 5 | 276486 | 9 | 128 | 71
765 | Revision_765/routines.c | U | 453 | 459 | 5 | 276487 | 9 | 266 | 71
765 | Revision_765/gnu_regex/regcomp.c | U | 765 | 770 | 5 | 276488 | 9 | 708 | 71
765 | Revision_765/sql.c | U | 1877 | 1886 | 5 | 276489 | 9 | 486 | 71
765 | Revision_765/sql.c | U | 1631 | 1638 | 5 | 276490 | 9 | 430 | 71
765 | Revision_765/c.c | U | 545 | 552 | 6 | 276491 | 10 | 53 | 80
765 | Revision_765/c.c | U | 555 | 562 | 6 | 276492 | 10 | 54 | 80
765 | Revision_765/c.c | U | 664 | 680 | 18 | 276493 | 11 | 55 | 70
765 | Revision_765/fortran.c | U | 1854 | 1870 | 18 | 276494 | 11 | 59 | 70
765 | Revision_765/fortran.c | U | 1118 | 1133 | 18 | 276495 | 11 | 375 | 70
765 | Revision_765/c.c | U | 1168 | 1186 | 18 | 276496 | 11 | 60 | 70
765 | Revision_765/fortran.c | U | 1095 | 1115 | 18 | 276497 | 11 | 58 | 70
765 | Revision_765/c.c | U | 1245 | 1259 | 18 | 276498 | 11 | 56 | 70
765 | Revision_765/c.c | U | 683 | 699 | 18 | 276499 | 11 | 57 | 70
765 | Revision_765/eiffel.c | U | 1151 | 1170 | 18 | 276500 | 11 | 307 | 70
765 | Revision_765/Test/local.c | U | 9 | 22 | 18 | 276501 | 11 | 384 | 70
765 | Revision_765/jscript.c | U | 1536 | 1559 | 18 | 276502 | 11 | 463 | 70
765 | Revision_765/flex.c | U | 1946 | 1969 | 18 | 276503 | 11 | 601 | 70
765 | Revision_765/fortran.c | U | 1771 | 1799 | 18 | 276504 | 11 | 366 | 70
765 | Revision_765/c.c | U | 686 | 697 | 18 | 276505 | 11 | 63 | 70
765 | Revision_765/fortran.c | U | 1098 | 1113 | 18 | 276506 | 11 | 58 | 70
765 | Revision_765/c.c | U | 1171 | 1184 | 18 | 276507 | 11 | 57 | 70
765 | Revision_765/fortran.c | U | 1251 | 1276 | 18 | 276508 | 11 | 369 | 70
765 | Revision_765/eiffel.c | U | 1148 | 1173 | 18 | 276509 | 11 | 307 | 70
765 | Revision_765/fortran.c | U | 1254 | 1275 | 18 | 276510 | 11 | 369 | 70
765 | Revision_765/get.c | U | 406 | 413 | 18 | 276511 | 11 | 602 | 70
765 | Revision_765/fortran.c | U | 1571 | 1608 | 18 | 276512 | 11 | 367 | 70
765 | Revision_765/fortran.c | U | 1857 | 1868 | 18 | 276513 | 11 | 65 | 70
765 | Revision_765/eiffel.c | U | 947 | 987 | 18 | 276514 | 11 | 700 | 70
765 | Revision_765/fortran.c | U | 1774 | 1797 | 18 | 276515 | 11 | 366 | 70
765 | Revision_765/eiffel.c | U | 1227 | 1232 | 18 | 276516 | 11 | 362 | 70
765 | Revision_765/eiffel.c | U | 1153 | 1169 | 18 | 276517 | 11 | 307 | 70
765 | Revision_765/c.c | U | 717 | 739 | 21 | 276518 | 12 | 72 | 70
765 | Revision_765/fortran.c | U | 1285 | 1295 | 21 | 276519 | 12 | 337 | 70
765 | Revision_765/c.c | U | 749 | 755 | 8 | 276520 | 13 | 74 | 71
765 | Revision_765/options.c | U | 472 | 479 | 8 | 276521 | 13 | 75 | 71
765 | Revision_765/c.c | U | 790 | 794 | 8 | 276522 | 14 | 76 | 70
765 | Revision_765/jscript.c | U | 1486 | 1490 | 8 | 276523 | 14 | 417 | 70
765 | Revision_765/flex.c | U | 1896 | 1900 | 8 | 276524 | 14 | 580 | 70
765 | Revision_765/c.c | U | 2171 | 2175 | 8 | 276525 | 14 | 80 | 70
765 | Revision_765/tex.c | U | 427 | 431 | 8 | 276526 | 14 | 693 | 70
765 | Revision_765/fortran.c | U | 1899 | 1903 | 8 | 276527 | 14 | 79 | 70
765 | Revision_765/sql.c | U | 1185 | 1192 | 8 | 276528 | 14 | 418 | 70
765 | Revision_765/sql.c | U | 1101 | 1107 | 8 | 276529 | 14 | 419 | 70
765 | Revision_765/flex.c | U | 1384 | 1394 | 8 | 276530 | 14 | 581 | 70
765 | Revision_765/eiffel.c | U | 1074 | 1078 | 8 | 276531 | 14 | 269 | 70
765 | Revision_765/fortran.c | U | 1326 | 1330 | 8 | 276532 | 14 | 85 | 70
765 | Revision_765/eiffel.c | U | 1014 | 1018 | 8 | 276533 | 14 | 269 | 70
765 | Revision_765/readtags.c | U | 144 | 148 | 8 | 276534 | 14 | 87 | 70
765 | Revision_765/sql.c | U | 1943 | 1949 | 8 | 276535 | 14 | 420 | 70
765 | Revision_765/sql.c | U | 1914 | 1920 | 8 | 276536 | 14 | 421 | 70
765 | Revision_765/flex.c | U | 2250 | 2256 | 8 | 276537 | 14 | 582 | 70
765 | Revision_765/flex.c | U | 2129 | 2137 | 8 | 276538 | 14 | 584 | 70
765 | Revision_765/eiffel.c | U | 993 | 997 | 8 | 276539 | 14 | 496 | 70
765 | Revision_765/fortran.c | U | 1194 | 1198 | 8 | 276540 | 14 | 85 | 70
765 | Revision_765/eiffel.c | U | 1092 | 1096 | 8 | 276541 | 14 | 151 | 70
765 | Revision_765/jscript.c | U | 1101 | 1107 | 8 | 276542 | 14 | 417 | 70
765 | Revision_765/vhdl.c | U | 706 | 714 | 8 | 276543 | 14 | 563 | 70
765 | Revision_765/flex.c | U | 986 | 997 | 8 | 276544 | 14 | 586 | 70
765 | Revision_765/fortran.c | U | 1535 | 1540 | 8 | 276545 | 14 | 79 | 70
765 | Revision_765/flex.c | U | 2361 | 2372 | 8 | 276546 | 14 | 575 | 70
765 | Revision_765/fortran.c | U | 1323 | 1331 | 8 | 276547 | 14 | 84 | 70
765 | Revision_765/ruby.c | U | 214 | 218 | 8 | 276548 | 14 | 392 | 70
765 | Revision_765/flex.c | U | 2278 | 2285 | 8 | 276549 | 14 | 583 | 70
765 | Revision_765/sql.c | U | 1623 | 1629 | 8 | 276550 | 14 | 492 | 70
765 | Revision_765/jscript.c | U | 696 | 707 | 8 | 276551 | 14 | 426 | 70
765 | Revision_765/flex.c | U | 2009 | 2015 | 8 | 276552 | 14 | 585 | 70
765 | Revision_765/c.c | U | 2785 | 2790 | 8 | 276553 | 14 | 94 | 70
765 | Revision_765/eiffel.c | U | 1056 | 1063 | 8 | 276554 | 14 | 701 | 70
765 | Revision_765/sql.c | U | 937 | 944 | 8 | 276555 | 14 | 493 | 70
765 | Revision_765/sql.c | U | 1032 | 1052 | 8 | 276556 | 14 | 423 | 70
765 | Revision_765/keyword.c | U | 184 | 188 | 8 | 276557 | 14 | 91 | 70
765 | Revision_765/options.c | U | 1042 | 1046 | 8 | 276558 | 14 | 89 | 70
765 | Revision_765/sql.c | U | 1355 | 1359 | 8 | 276559 | 14 | 462 | 70
765 | Revision_765/readtags.c | U | 452 | 456 | 8 | 276560 | 14 | 90 | 70
765 | Revision_765/fortran.c | U | 1707 | 1711 | 8 | 276561 | 14 | 373 | 70
765 | Revision_765/c.c | U | 1781 | 1785 | 8 | 276562 | 14 | 121 | 70
765 | Revision_765/c.c | U | 2241 | 2248 | 8 | 276563 | 14 | 244 | 70
765 | Revision_765/c.c | U | 1790 | 1794 | 8 | 276564 | 14 | 331 | 70
765 | Revision_765/vstring.c | U | 35 | 40 | 8 | 276565 | 14 | 98 | 70
765 | Revision_765/sql.c | U | 797 | 809 | 8 | 276566 | 14 | 493 | 70
765 | Revision_765/vim.c | U | 411 | 419 | 8 | 276567 | 14 | 500 | 70
765 | Revision_765/eiffel.c | U | 1129 | 1138 | 8 | 276568 | 14 | 101 | 70
765 | Revision_765/sql.c | U | 1694 | 1702 | 8 | 276569 | 14 | 462 | 70
765 | Revision_765/sql.c | U | 903 | 917 | 8 | 276570 | 14 | 423 | 70
765 | Revision_765/flex.c | U | 2349 | 2359 | 8 | 276571 | 14 | 652 | 70
765 | Revision_765/flex.c | U | 2248 | 2257 | 8 | 276572 | 14 | 585 | 70
765 | Revision_765/jscript.c | U | 839 | 846 | 8 | 276573 | 14 | 427 | 70
765 | Revision_765/flex.c | U | 2269 | 2275 | 8 | 276574 | 14 | 588 | 70
765 | Revision_765/sql.c | U | 712 | 717 | 8 | 276575 | 14 | 476 | 70
765 | Revision_765/flex.c | U | 2054 | 2060 | 8 | 276576 | 14 | 776 | 70
765 | Revision_765/gnu_regex/regcomp.c | U | 3586 | 3593 | 8 | 276577 | 14 | 709 | 70
765 | Revision_765/fortran.c | U | 1308 | 1314 | 8 | 276578 | 14 | 85 | 70
765 | Revision_765/fortran.c | U | 1367 | 1373 | 8 | 276579 | 14 | 337 | 70
765 | Revision_765/sql.c | U | 2331 | 2338 | 8 | 276580 | 14 | 538 | 70
765 | Revision_765/fortran.c | U | 1528 | 1533 | 8 | 276581 | 14 | 79 | 70
765 | Revision_765/get.c | U | 594 | 598 | 8 | 276582 | 14 | 122 | 70
765 | Revision_765/c.c | U | 2069 | 2075 | 8 | 276583 | 14 | 12 | 70
765 | Revision_765/eiffel.c | U | 1126 | 1139 | 8 | 276584 | 14 | 156 | 70
765 | Revision_765/sql.c | U | 1705 | 1715 | 8 | 276585 | 14 | 462 | 70
765 | Revision_765/flex.c | U | 2239 | 2258 | 8 | 276586 | 14 | 589 | 70
765 | Revision_765/sql.c | U | 935 | 947 | 8 | 276587 | 14 | 308 | 70
765 | Revision_765/vhdl.c | U | 704 | 715 | 8 | 276588 | 14 | 545 | 70
765 | Revision_765/jscript.c | U | 1341 | 1356 | 8 | 276589 | 14 | 413 | 70
765 | Revision_765/sql.c | U | 1809 | 1816 | 8 | 276590 | 14 | 430 | 70
765 | Revision_765/flex.c | U | 1797 | 1812 | 8 | 276591 | 14 | 590 | 70
765 | Revision_765/vhdl.c | U | 635 | 640 | 8 | 276592 | 14 | 542 | 70
765 | Revision_765/ruby.c | U | 195 | 200 | 8 | 276593 | 14 | 591 | 70
765 | Revision_765/sql.c | U | 2329 | 2339 | 8 | 276594 | 14 | 538 | 70
765 | Revision_765/eiffel.c | U | 918 | 926 | 8 | 276595 | 14 | 702 | 70
765 | Revision_765/c.c | U | 1992 | 1996 | 8 | 276596 | 14 | 121 | 70
765 | Revision_765/readtags.c | U | 363 | 367 | 8 | 276597 | 14 | 529 | 70
765 | Revision_765/c.c | U | 2197 | 2204 | 8 | 276598 | 14 | 28 | 70
765 | Revision_765/fortran.c | U | 1434 | 1442 | 8 | 276599 | 14 | 314 | 70
765 | Revision_765/fortran.c | U | 1473 | 1482 | 8 | 276600 | 14 | 65 | 70
765 | Revision_765/flex.c | U | 1994 | 2019 | 8 | 276601 | 14 | 595 | 70
765 | Revision_765/flex.c | U | 879 | 910 | 8 | 276602 | 14 | 593 | 70
765 | Revision_765/jscript.c | U | 585 | 620 | 8 | 276603 | 14 | 429 | 70
765 | Revision_765/flex.c | U | 2260 | 2276 | 8 | 276604 | 14 | 592 | 70
765 | Revision_765/sql.c | U | 901 | 918 | 8 | 276605 | 14 | 423 | 70
765 | Revision_765/flex.c | U | 937 | 963 | 8 | 276606 | 14 | 593 | 70
765 | Revision_765/flex.c | U | 861 | 875 | 8 | 276607 | 14 | 598 | 70
765 | Revision_765/flex.c | U | 2079 | 2093 | 8 | 276608 | 14 | 777 | 70
765 | Revision_765/vhdl.c | U | 656 | 668 | 8 | 276609 | 14 | 546 | 70
765 | Revision_765/jscript.c | U | 567 | 581 | 8 | 276610 | 14 | 428 | 70
765 | Revision_765/flex.c | U | 2003 | 2017 | 8 | 276611 | 14 | 582 | 70
765 | Revision_765/fortran.c | U | 1401 | 1409 | 8 | 276612 | 14 | 59 | 70
765 | Revision_765/sql.c | U | 2256 | 2284 | 8 | 276613 | 14 | 431 | 70
765 | Revision_765/eiffel.c | U | 1045 | 1053 | 8 | 276614 | 14 | 496 | 70
765 | Revision_765/fortran.c | U | 729 | 733 | 8 | 276615 | 14 | 144 | 70
765 | Revision_765/fortran.c | U | 620 | 624 | 8 | 276616 | 14 | 112 | 70
765 | Revision_765/eiffel.c | U | 900 | 907 | 8 | 276617 | 14 | 703 | 70
765 | Revision_765/jscript.c | U | 675 | 708 | 8 | 276618 | 14 | 597 | 70
765 | Revision_765/eiffel.c | U | 1123 | 1140 | 8 | 276619 | 14 | 156 | 70
765 | Revision_765/sql.c | U | 1176 | 1193 | 8 | 276620 | 14 | 435 | 70
765 | Revision_765/jscript.c | U | 647 | 673 | 8 | 276621 | 14 | 432 | 70
765 | Revision_765/flex.c | U | 2006 | 2016 | 8 | 276622 | 14 | 582 | 70
765 | Revision_765/fortran.c | U | 1696 | 1705 | 8 | 276623 | 14 | 221 | 70
765 | Revision_765/flex.c | U | 1304 | 1323 | 8 | 276624 | 14 | 596 | 70
765 | Revision_765/jscript.c | U | 997 | 1017 | 8 | 276625 | 14 | 438 | 70
765 | Revision_765/flex.c | U | 1235 | 1263 | 8 | 276626 | 14 | 599 | 70
765 | Revision_765/sql.c | U | 1762 | 1772 | 8 | 276627 | 14 | 462 | 70
765 | Revision_765/vhdl.c | U | 746 | 759 | 8 | 276628 | 14 | 539 | 70
765 | Revision_765/jscript.c | U | 837 | 847 | 8 | 276629 | 14 | 427 | 70
765 | Revision_765/vhdl.c | U | 727 | 740 | 8 | 276630 | 14 | 560 | 70
765 | Revision_765/sql.c | U | 1209 | 1232 | 8 | 276631 | 14 | 437 | 70
765 | Revision_765/vhdl.c | U | 617 | 625 | 8 | 276632 | 14 | 542 | 70
765 | Revision_765/perl.c | U | 187 | 191 | 8 | 276633 | 14 | 163 | 70
765 | Revision_765/pascal.c | U | 134 | 138 | 8 | 276634 | 14 | 164 | 70
765 | Revision_765/fortran.c | U | 1520 | 1526 | 8 | 276635 | 14 | 65 | 70
765 | Revision_765/sql.c | U | 1955 | 1976 | 8 | 276636 | 14 | 440 | 70
765 | Revision_765/vhdl.c | U | 586 | 600 | 8 | 276637 | 14 | 547 | 70
765 | Revision_765/sql.c | U | 1926 | 1952 | 8 | 276638 | 14 | 439 | 70
765 | Revision_765/fortran.c | U | 1067 | 1073 | 8 | 276639 | 14 | 350 | 70
765 | Revision_765/fortran.c | U | 1741 | 1747 | 8 | 276640 | 14 | 314 | 70
765 | Revision_765/sql.c | U | 2018 | 2039 | 8 | 276641 | 14 | 442 | 70
765 | Revision_765/sql.c | U | 1895 | 1923 | 8 | 276642 | 14 | 441 | 70
765 | Revision_765/sql.c | U | 1994 | 2015 | 8 | 276643 | 14 | 443 | 70
765 | Revision_765/sql.c | U | 2042 | 2082 | 8 | 276644 | 14 | 445 | 70
765 | Revision_765/vhdl.c | U | 647 | 670 | 8 | 276645 | 14 | 569 | 70
765 | Revision_765/sql.c | U | 1779 | 1818 | 8 | 276646 | 14 | 448 | 70
765 | Revision_765/flex.c | U | 1301 | 1335 | 8 | 276647 | 14 | 600 | 70
765 | Revision_765/sql.c | U | 1601 | 1641 | 8 | 276648 | 14 | 447 | 70
765 | Revision_765/c.c | U | 800 | 821 | 44 | 276649 | 15 | 103 | 72
765 | Revision_765/c.c | U | 824 | 844 | 44 | 276650 | 15 | 332 | 72
765 | Revision_765/c.c | U | 865 | 885 | 44 | 276651 | 15 | 316 | 72
765 | Revision_765/c.c | U | 932 | 951 | 44 | 276652 | 15 | 103 | 72
765 | Revision_765/c.c | U | 847 | 863 | 44 | 276653 | 15 | 316 | 72
765 | Revision_765/c.c | U | 888 | 899 | 12 | 276654 | 16 | 317 | 90
765 | Revision_765/c.c | U | 902 | 913 | 12 | 276655 | 16 | 318 | 90
765 | Revision_765/c.c | U | 1053 | 1058 | 6 | 276656 | 17 | 407 | 80
765 | Revision_765/flex.c | U | 1775 | 1780 | 6 | 276657 | 17 | 603 | 80
765 | Revision_765/jscript.c | U | 1316 | 1321 | 6 | 276658 | 17 | 417 | 80
765 | Revision_765/c.c | U | 1308 | 1314 | 7 | 276659 | 18 | 385 | 71
765 | Revision_765/make.c | U | 63 | 69 | 7 | 276660 | 18 | 394 | 71
765 | Revision_765/fortran.c | U | 502 | 510 | 7 | 276661 | 18 | 112 | 71
765 | Revision_765/make.c | U | 53 | 60 | 7 | 276662 | 18 | 395 | 71
765 | Revision_765/c.c | U | 1381 | 1388 | 7 | 276663 | 19 | 108 | 80
765 | Revision_765/c.c | U | 1390 | 1397 | 7 | 276664 | 19 | 109 | 80
765 | Revision_765/c.c | U | 1411 | 1418 | 7 | 276665 | 20 | 110 | 71
765 | Revision_765/fortran.c | U | 626 | 632 | 7 | 276666 | 20 | 112 | 71
765 | Revision_765/c.c | U | 2209 | 2216 | 7 | 276667 | 20 | 111 | 71
765 | Revision_765/c.c | U | 1421 | 1428 | 7 | 276668 | 20 | 405 | 71
765 | Revision_765/jscript.c | U | 418 | 425 | 7 | 276669 | 20 | 450 | 71
765 | Revision_765/sql.c | U | 638 | 645 | 7 | 276670 | 20 | 406 | 71
765 | Revision_765/flex.c | U | 494 | 501 | 7 | 276671 | 20 | 604 | 71
765 | Revision_765/c.c | U | 1459 | 1464 | 6 | 276672 | 21 | 386 | 80
765 | Revision_765/c.c | U | 1802 | 1807 | 6 | 276673 | 21 | 80 | 80
765 | Revision_765/c.c | U | 1485 | 1494 | 9 | 276674 | 22 | 294 | 71
765 | Revision_765/eiffel.c | U | 563 | 571 | 9 | 276675 | 22 | 295 | 71
765 | Revision_765/c.c | U | 1488 | 1492 | 5 | 276676 | 23 | 294 | 75
765 | Revision_765/ocaml.c | U | 1103 | 1109 | 5 | 276677 | 23 | 746 | 75
765 | Revision_765/flex.c | U | 1814 | 1831 | 5 | 276678 | 23 | 605 | 75
765 | Revision_765/readtags.c | U | 502 | 506 | 5 | 276679 | 23 | 90 | 75
765 | Revision_765/readtags.c | U | 681 | 685 | 5 | 276680 | 23 | 99 | 75
765 | Revision_765/c.c | U | 1502 | 1515 | 10 | 276681 | 24 | 396 | 75
765 | Revision_765/make.c | U | 77 | 87 | 10 | 276682 | 24 | 397 | 75
765 | Revision_765/verilog.c | U | 199 | 212 | 10 | 276683 | 24 | 398 | 75
765 | Revision_765/fortran.c | U | 854 | 865 | 10 | 276684 | 24 | 116 | 75
765 | Revision_765/eiffel.c | U | 581 | 593 | 10 | 276685 | 24 | 114 | 75
765 | Revision_765/vhdl.c | U | 391 | 402 | 10 | 276686 | 24 | 548 | 75
765 | Revision_765/jscript.c | U | 342 | 353 | 10 | 276687 | 24 | 451 | 75
765 | Revision_765/tex.c | U | 256 | 268 | 10 | 276688 | 24 | 671 | 75
765 | Revision_765/sql.c | U | 517 | 528 | 10 | 276689 | 24 | 306 | 75
765 | Revision_765/flex.c | U | 414 | 425 | 10 | 276690 | 24 | 606 | 75
765 | Revision_765/eiffel.c | U | 596 | 608 | 10 | 276691 | 24 | 117 | 75
765 | Revision_765/c.c | U | 1619 | 1625 | 8 | 276692 | 25 | 452 | 71
765 | Revision_765/tex.c | U | 349 | 356 | 8 | 276693 | 25 | 672 | 71
765 | Revision_765/sql.c | U | 787 | 794 | 8 | 276694 | 25 | 493 | 71
765 | Revision_765/jscript.c | U | 456 | 464 | 8 | 276695 | 25 | 453 | 71
765 | Revision_765/eiffel.c | U | 611 | 619 | 8 | 276696 | 25 | 146 | 71
765 | Revision_765/flex.c | U | 749 | 758 | 8 | 276697 | 25 | 607 | 71
765 | Revision_765/c.c | U | 2504 | 2508 | 5 | 276698 | 26 | 387 | 100
765 | Revision_765/c.c | U | 2511 | 2515 | 5 | 276699 | 26 | 94 | 100
765 | Revision_765/c.c | U | 2734 | 2739 | 6 | 276700 | 27 | 94 | 80
765 | Revision_765/sql.c | U | 1196 | 1201 | 6 | 276701 | 27 | 301 | 80
765 | Revision_765/c.c | U | 2825 | 2834 | 9 | 276702 | 28 | 130 | 71
765 | Revision_765/asm.c | U | 120 | 128 | 9 | 276703 | 28 | 288 | 71
765 | Revision_765/flex.c | U | 216 | 225 | 9 | 276704 | 28 | 608 | 71
765 | Revision_765/tex.c | U | 149 | 158 | 9 | 276705 | 28 | 673 | 71
765 | Revision_765/jscript.c | U | 180 | 189 | 9 | 276706 | 28 | 458 | 71
765 | Revision_765/eiffel.c | U | 222 | 231 | 9 | 276707 | 28 | 131 | 71
765 | Revision_765/vhdl.c | U | 573 | 583 | 9 | 276708 | 28 | 549 | 71
765 | Revision_765/sql.c | U | 409 | 418 | 9 | 276709 | 28 | 302 | 71
765 | Revision_765/fortran.c | U | 398 | 407 | 9 | 276710 | 28 | 132 | 71
765 | Revision_765/verilog.c | U | 108 | 118 | 9 | 276711 | 28 | 381 | 71
765 | Revision_765/eiffel.c | U | 294 | 308 | 10 | 276712 | 29 | 133 | 70
765 | Revision_765/vhdl.c | U | 536 | 548 | 10 | 276713 | 29 | 550 | 70
765 | Revision_765/flex.c | U | 256 | 270 | 10 | 276714 | 29 | 609 | 70
765 | Revision_765/beta.c | U | 71 | 80 | 10 | 276715 | 29 | 134 | 70
765 | Revision_765/jscript.c | U | 219 | 233 | 10 | 276716 | 29 | 459 | 70
765 | Revision_765/sql.c | U | 447 | 461 | 10 | 276717 | 29 | 303 | 70
765 | Revision_765/tex.c | U | 186 | 200 | 10 | 276718 | 29 | 674 | 70
765 | Revision_765/parse.c | U | 43 | 54 | 10 | 276719 | 29 | 135 | 70
765 | Revision_765/sml.c | U | 75 | 81 | 10 | 276720 | 29 | 324 | 70
765 | Revision_765/eiffel.c | U | 296 | 306 | 10 | 276721 | 29 | 136 | 70
765 | Revision_765/eiffel.c | U | 374 | 383 | 8 | 276722 | 30 | 304 | 100
765 | Revision_765/read.c | U | 453 | 460 | 8 | 276723 | 30 | 704 | 100
765 | Revision_765/eiffel.c | U | 389 | 410 | 20 | 276724 | 31 | 139 | 70
765 | Revision_765/fortran.c | U | 768 | 794 | 20 | 276725 | 31 | 140 | 70
765 | Revision_765/eiffel.c | U | 413 | 441 | 24 | 276726 | 32 | 141 | 95
765 | Revision_765/fortran.c | U | 797 | 825 | 24 | 276727 | 32 | 505 | 95
765 | Revision_765/eiffel.c | U | 554 | 558 | 5 | 276728 | 33 | 143 | 75
765 | Revision_765/verilog.c | U | 142 | 146 | 5 | 276729 | 33 | 383 | 75
765 | Revision_765/fortran.c | U | 969 | 973 | 5 | 276730 | 33 | 145 | 75
765 | Revision_765/verilog.c | U | 239 | 243 | 5 | 276731 | 33 | 382 | 75
765 | Revision_765/fortran.c | U | 786 | 790 | 5 | 276732 | 33 | 144 | 75
765 | Revision_765/eiffel.c | U | 705 | 712 | 7 | 276733 | 34 | 705 | 71
765 | Revision_765/sql.c | U | 601 | 606 | 7 | 276734 | 34 | 300 | 71
765 | Revision_765/eiffel.c | U | 756 | 763 | 9 | 276735 | 35 | 148 | 77
765 | Revision_765/vhdl.c | U | 467 | 476 | 9 | 276736 | 35 | 553 | 77
765 | Revision_765/jscript.c | U | 441 | 450 | 9 | 276737 | 35 | 461 | 77
765 | Revision_765/flex.c | U | 734 | 743 | 9 | 276738 | 35 | 610 | 77
765 | Revision_765/tex.c | U | 317 | 326 | 9 | 276739 | 35 | 675 | 77
765 | Revision_765/eiffel.c | U | 765 | 770 | 6 | 276740 | 36 | 506 | 100
765 | Revision_765/fortran.c | U | 1027 | 1032 | 6 | 276741 | 36 | 312 | 100
765 | Revision_765/eiffel.c | U | 1055 | 1080 | 23 | 276742 | 37 | 706 | 70
765 | Revision_765/sql.c | U | 1678 | 1716 | 23 | 276743 | 37 | 658 | 70
765 | Revision_765/flex.c | U | 1983 | 2026 | 23 | 276744 | 37 | 656 | 70
765 | Revision_765/flex.c | U | 2338 | 2378 | 23 | 276745 | 37 | 768 | 70
765 | Revision_765/flex.c | U | 2116 | 2169 | 23 | 276746 | 37 | 659 | 70
765 | Revision_765/eiffel.c | U | 1243 | 1254 | 8 | 276747 | 38 | 9 | 71
765 | Revision_765/tex.c | U | 488 | 497 | 8 | 276748 | 38 | 676 | 71
765 | Revision_765/vhdl.c | U | 813 | 821 | 8 | 276749 | 38 | 567 | 71
765 | Revision_765/sql.c | U | 2349 | 2357 | 8 | 276750 | 38 | 568 | 71
765 | Revision_765/basic.c | U | 135 | 140 | 6 | 276751 | 39 | 411 | 80
765 | Revision_765/basic.c | U | 147 | 152 | 6 | 276752 | 39 | 412 | 80
765 | Revision_765/verilog.c | U | 187 | 193 | 8 | 276753 | 40 | 399 | 75
765 | Revision_765/make.c | U | 97 | 105 | 8 | 276754 | 40 | 400 | 75
765 | Revision_765/verilog.c | U | 287 | 291 | 5 | 276755 | 41 | 401 | 75
765 | Revision_765/make.c | U | 44 | 48 | 5 | 276756 | 41 | 402 | 75
765 | Revision_765/jscript.c | U | 236 | 257 | 15 | 276757 | 42 | 467 | 75
765 | Revision_765/vhdl.c | U | 551 | 570 | 15 | 276758 | 42 | 554 | 75
765 | Revision_765/flex.c | U | 273 | 306 | 15 | 276759 | 42 | 611 | 75
765 | Revision_765/sql.c | U | 464 | 485 | 15 | 276760 | 42 | 468 | 75
765 | Revision_765/tex.c | U | 203 | 224 | 15 | 276761 | 42 | 677 | 75
765 | Revision_765/jscript.c | U | 260 | 284 | 20 | 276762 | 43 | 572 | 71
765 | Revision_765/flex.c | U | 1863 | 1903 | 20 | 276763 | 43 | 614 | 71
765 | Revision_765/flex.c | U | 309 | 333 | 20 | 276764 | 43 | 612 | 71
765 | Revision_765/jscript.c | U | 287 | 311 | 20 | 276765 | 43 | 534 | 71
765 | Revision_765/flex.c | U | 336 | 356 | 20 | 276766 | 43 | 613 | 71
765 | Revision_765/flex.c | U | 359 | 383 | 20 | 276767 | 43 | 615 | 71
765 | Revision_765/jscript.c | U | 1453 | 1493 | 20 | 276768 | 43 | 573 | 71
765 | Revision_765/jscript.c | U | 1358 | 1421 | 20 | 276769 | 43 | 781 | 71
765 | Revision_765/jscript.c | U | 267 | 271 | 5 | 276770 | 44 | 458 | 75
765 | Revision_765/tex.c | U | 395 | 399 | 5 | 276771 | 44 | 694 | 75
765 | Revision_765/jscript.c | U | 1391 | 1395 | 5 | 276772 | 44 | 460 | 75
765 | Revision_765/tex.c | U | 419 | 423 | 5 | 276773 | 44 | 695 | 75
765 | Revision_765/flex.c | U | 1884 | 1888 | 5 | 276774 | 44 | 679 | 75
765 | Revision_765/flex.c | U | 316 | 320 | 5 | 276775 | 44 | 680 | 75
765 | Revision_765/jscript.c | U | 1474 | 1478 | 5 | 276776 | 44 | 417 | 75
765 | Revision_765/flex.c | U | 343 | 347 | 5 | 276777 | 44 | 681 | 75
765 | Revision_765/flex.c | U | 366 | 370 | 5 | 276778 | 44 | 682 | 75
765 | Revision_765/jscript.c | U | 294 | 298 | 5 | 276779 | 44 | 498 | 75
765 | Revision_765/jscript.c | U | 318 | 336 | 16 | 276780 | 45 | 534 | 78
765 | Revision_765/vhdl.c | U | 368 | 386 | 16 | 276781 | 45 | 555 | 78
765 | Revision_765/tex.c | U | 231 | 249 | 16 | 276782 | 45 | 683 | 78
765 | Revision_765/sql.c | U | 492 | 512 | 16 | 276783 | 45 | 306 | 78
765 | Revision_765/flex.c | U | 390 | 408 | 16 | 276784 | 45 | 616 | 78
765 | Revision_765/jscript.c | U | 356 | 453 | 126 | 276785 | 46 | 472 | 74
765 | Revision_765/sql.c | U | 531 | 679 | 126 | 276786 | 46 | 473 | 74
765 | Revision_765/jscript.c | U | 365 | 369 | 6 | 276787 | 47 | 471 | 71
765 | Revision_765/tex.c | U | 280 | 284 | 6 | 276788 | 47 | 685 | 71
765 | Revision_765/vhdl.c | U | 414 | 418 | 6 | 276789 | 47 | 556 | 71
765 | Revision_765/flex.c | U | 437 | 441 | 6 | 276790 | 47 | 618 | 71
765 | Revision_765/flex.c | U | 510 | 514 | 6 | 276791 | 47 | 617 | 71
765 | Revision_765/sql.c | U | 540 | 553 | 6 | 276792 | 47 | 380 | 71
765 | Revision_765/flex.c | U | 483 | 488 | 6 | 276793 | 47 | 619 | 71
765 | Revision_765/flex.c | U | 623 | 628 | 6 | 276794 | 47 | 620 | 71
765 | Revision_765/flex.c | U | 688 | 693 | 6 | 276795 | 47 | 621 | 71
765 | Revision_765/flex.c | U | 696 | 701 | 6 | 276796 | 47 | 617 | 71
765 | Revision_765/flex.c | U | 631 | 636 | 6 | 276797 | 47 | 622 | 71
765 | Revision_765/flex.c | U | 545 | 551 | 6 | 276798 | 47 | 619 | 71
765 | Revision_765/flex.c | U | 558 | 565 | 6 | 276799 | 47 | 623 | 71
765 | Revision_765/flex.c | U | 638 | 645 | 6 | 276800 | 47 | 624 | 71
765 | Revision_765/flex.c | U | 599 | 606 | 6 | 276801 | 47 | 626 | 71
765 | Revision_765/flex.c | U | 703 | 710 | 6 | 276802 | 47 | 625 | 71
765 | Revision_765/flex.c | U | 532 | 538 | 6 | 276803 | 47 | 627 | 71
765 | Revision_765/flex.c | U | 652 | 659 | 6 | 276804 | 47 | 628 | 71
765 | Revision_765/flex.c | U | 664 | 671 | 6 | 276805 | 47 | 629 | 71
765 | Revision_765/flex.c | U | 613 | 621 | 6 | 276806 | 47 | 778 | 71
765 | Revision_765/flex.c | U | 678 | 686 | 6 | 276807 | 47 | 619 | 71
765 | Revision_765/jscript.c | U | 405 | 435 | 25 | 276808 | 48 | 630 | 70
765 | Revision_765/flex.c | U | 490 | 515 | 25 | 276809 | 48 | 631 | 70
765 | Revision_765/sql.c | U | 625 | 655 | 25 | 276810 | 48 | 632 | 70
765 | Revision_765/jscript.c | U | 471 | 501 | 17 | 276811 | 49 | 465 | 83
765 | Revision_765/jscript.c | U | 504 | 533 | 17 | 276812 | 49 | 507 | 83
765 | Revision_765/flex.c | U | 765 | 795 | 17 | 276813 | 49 | 633 | 83
765 | Revision_765/vhdl.c | U | 514 | 532 | 17 | 276814 | 49 | 557 | 83
765 | Revision_765/flex.c | U | 798 | 827 | 17 | 276815 | 49 | 634 | 83
765 | Revision_765/sql.c | U | 765 | 783 | 17 | 276816 | 49 | 536 | 83
765 | Revision_765/jscript.c | U | 536 | 543 | 7 | 276817 | 50 | 474 | 80
765 | Revision_765/sql.c | U | 698 | 705 | 7 | 276818 | 50 | 476 | 80
765 | Revision_765/flex.c | U | 830 | 837 | 7 | 276819 | 50 | 636 | 80
765 | Revision_765/jscript.c | U | 546 | 553 | 7 | 276820 | 50 | 475 | 80
765 | Revision_765/flex.c | U | 840 | 847 | 7 | 276821 | 50 | 635 | 80
765 | Revision_765/jscript.c | U | 560 | 582 | 13 | 276822 | 51 | 433 | 100
765 | Revision_765/flex.c | U | 854 | 876 | 13 | 276823 | 51 | 637 | 100
765 | Revision_765/jscript.c | U | 623 | 709 | 30 | 276824 | 52 | 638 | 90
765 | Revision_765/flex.c | U | 913 | 999 | 30 | 276825 | 52 | 639 | 90
765 | Revision_765/jscript.c | U | 712 | 819 | 30 | 276826 | 53 | 640 | 100
765 | Revision_765/flex.c | U | 1002 | 1109 | 30 | 276827 | 53 | 641 | 100
765 | Revision_765/jscript.c | U | 963 | 1040 | 38 | 276828 | 54 | 642 | 75
765 | Revision_765/flex.c | U | 1281 | 1342 | 38 | 276829 | 54 | 643 | 75
765 | Revision_765/jscript.c | U | 1005 | 1016 | 7 | 276830 | 55 | 479 | 83
765 | Revision_765/jscript.c | U | 1019 | 1029 | 7 | 276831 | 55 | 463 | 83
765 | Revision_765/jscript.c | U | 1043 | 1520 | 210 | 276832 | 56 | 644 | 77
765 | Revision_765/flex.c | U | 1461 | 1930 | 210 | 276833 | 56 | 645 | 77
765 | Revision_765/jscript.c | U | 1089 | 1098 | 6 | 276834 | 57 | 497 | 75
765 | Revision_765/options.c | U | 1683 | 1687 | 6 | 276835 | 57 | 333 | 75
765 | Revision_765/jscript.c | U | 1169 | 1195 | 12 | 276836 | 58 | 508 | 72
765 | Revision_765/jscript.c | U | 1197 | 1219 | 12 | 276837 | 58 | 509 | 72
765 | Revision_765/jscript.c | U | 1523 | 1570 | 29 | 276838 | 59 | 646 | 92
765 | Revision_765/flex.c | U | 1933 | 1980 | 29 | 276839 | 59 | 647 | 92
765 | Revision_765/jscript.c | U | 1579 | 1585 | 8 | 276840 | 60 | 498 | 71
765 | Revision_765/flex.c | U | 2322 | 2325 | 8 | 276841 | 60 | 649 | 71
765 | Revision_765/Test/local.c | U | 14 | 20 | 8 | 276842 | 60 | 384 | 71
765 | Revision_765/jscript.c | U | 1581 | 1584 | 8 | 276843 | 60 | 498 | 71
765 | Revision_765/vhdl.c | U | 499 | 506 | 8 | 276844 | 60 | 558 | 71
765 | Revision_765/jscript.c | U | 1594 | 1598 | 5 | 276845 | 61 | 484 | 75
765 | Revision_765/ocaml.c | U | 1824 | 1829 | 5 | 276846 | 61 | 748 | 75
765 | Revision_765/make.c | U | 191 | 195 | 5 | 276847 | 61 | 403 | 75
765 | Revision_765/ocaml.c | U | 895 | 901 | 5 | 276848 | 61 | 747 | 75
765 | Revision_765/sql.c | U | 2342 | 2346 | 5 | 276849 | 61 | 404 | 75
765 | Revision_765/tex.c | U | 481 | 485 | 5 | 276850 | 61 | 690 | 75
765 | Revision_765/flex.c | U | 2382 | 2386 | 5 | 276851 | 61 | 650 | 75
765 | Revision_765/options.c | U | 1773 | 1779 | 5 | 276852 | 61 | 749 | 75
765 | Revision_765/jscript.c | U | 1601 | 1617 | 14 | 276853 | 62 | 651 | 100
765 | Revision_765/flex.c | U | 2389 | 2405 | 14 | 276854 | 62 | 652 | 100
765 | Revision_765/gnu_regex/regcomp.c | U | 258 | 263 | 5 | 276855 | 63 | 710 | 75
765 | Revision_765/routines.c | U | 621 | 644 | 5 | 276856 | 63 | 514 | 75
765 | Revision_765/options.c | U | 397 | 402 | 5 | 276857 | 63 | 355 | 75
765 | Revision_765/main.c | U | 126 | 139 | 5 | 276858 | 63 | 354 | 75
765 | Revision_765/gnu_regex/regcomp.c | U | 1222 | 1232 | 11 | 276859 | 64 | 711 | 70
765 | Revision_765/gnu_regex/regcomp.c | U | 3804 | 3816 | 11 | 276860 | 64 | 712 | 70
765 | Revision_765/gnu_regex/regcomp.c | U | 1277 | 1281 | 5 | 276861 | 65 | 713 | 100
765 | Revision_765/gnu_regex/regcomp.c | U | 1283 | 1287 | 5 | 276862 | 65 | 714 | 100
765 | Revision_765/gnu_regex/regcomp.c | U | 1477 | 1482 | 6 | 276863 | 66 | 715 | 80
765 | Revision_765/gnu_regex/regcomp.c | U | 1516 | 1522 | 6 | 276864 | 66 | 716 | 80
765 | Revision_765/gnu_regex/regcomp.c | U | 1662 | 1667 | 5 | 276865 | 67 | 717 | 75
765 | Revision_765/gnu_regex/regex_internal.c | U | 76 | 80 | 5 | 276866 | 67 | 719 | 75
765 | Revision_765/gnu_regex/regcomp.c | U | 1685 | 1689 | 5 | 276867 | 67 | 718 | 75
765 | Revision_765/gnu_regex/regcomp.c | U | 2011 | 2030 | 16 | 276868 | 68 | 720 | 75
765 | Revision_765/gnu_regex/regcomp.c | U | 2034 | 2046 | 16 | 276869 | 68 | 721 | 75
765 | Revision_765/gnu_regex/regcomp.c | U | 2158 | 2165 | 7 | 276870 | 69 | 722 | 80
765 | Revision_765/gnu_regex/regcomp.c | U | 2312 | 2319 | 7 | 276871 | 69 | 723 | 80
765 | Revision_765/gnu_regex/regcomp.c | U | 2292 | 2296 | 5 | 276872 | 70 | 724 | 75
765 | Revision_765/readtags.c | U | 242 | 246 | 5 | 276873 | 70 | 726 | 75
765 | Revision_765/gnu_regex/regcomp.c | U | 2298 | 2302 | 5 | 276874 | 70 | 725 | 75
765 | Revision_765/gnu_regex/regex_internal.c | U | 1048 | 1055 | 8 | 276875 | 71 | 727 | 71
765 | Revision_765/gnu_regex/regex_internal.c | U | 1188 | 1195 | 8 | 276876 | 71 | 729 | 71
765 | Revision_765/gnu_regex/regex_internal.c | U | 1562 | 1570 | 8 | 276877 | 71 | 728 | 71
765 | Revision_765/gnu_regex/regex_internal.c | U | 1101 | 1116 | 13 | 276878 | 72 | 730 | 80
765 | Revision_765/gnu_regex/regex_internal.c | U | 1234 | 1254 | 13 | 276879 | 72 | 731 | 80
765 | Revision_765/gnu_regex/regex_internal.c | U | 1287 | 1294 | 8 | 276880 | 73 | 732 | 85
765 | Revision_765/gnu_regex/regex_internal.c | U | 1326 | 1333 | 8 | 276881 | 73 | 733 | 85
765 | Revision_765/gnu_regex/regex_internal.c | U | 1464 | 1492 | 22 | 276882 | 74 | 734 | 70
765 | Revision_765/gnu_regex/regex_internal.c | U | 1508 | 1535 | 22 | 276883 | 74 | 735 | 70
765 | Revision_765/vim.c | U | 97 | 101 | 5 | 276884 | 75 | 290 | 100
765 | Revision_765/vim.c | U | 103 | 107 | 5 | 276885 | 75 | 291 | 100
765 | Revision_765/vim.c | U | 244 | 267 | 17 | 276886 | 76 | 334 | 76
765 | Revision_765/vim.c | U | 294 | 312 | 17 | 276887 | 76 | 159 | 76
765 | Revision_765/python.c | U | 148 | 161 | 11 | 276888 | 77 | 37 | 77
765 | Revision_765/python.c | U | 191 | 202 | 11 | 276889 | 77 | 13 | 77
765 | Revision_765/python.c | U | 244 | 247 | 5 | 276890 | 78 | 532 | 75
765 | Revision_765/get.c | U | 649 | 653 | 5 | 276891 | 78 | 533 | 75
765 | Revision_765/python.c | U | 256 | 260 | 5 | 276892 | 79 | 278 | 75
765 | Revision_765/sml.c | U | 84 | 88 | 5 | 276893 | 79 | 325 | 75
765 | Revision_765/erlang.c | U | 58 | 62 | 5 | 276894 | 79 | 341 | 75
765 | Revision_765/python.c | U | 278 | 282 | 5 | 276895 | 79 | 326 | 75
765 | Revision_765/options.c | U | 963 | 968 | 5 | 276896 | 79 | 280 | 75
765 | Revision_765/python.c | U | 286 | 295 | 9 | 276897 | 80 | 292 | 75
765 | Revision_765/erlang.c | U | 66 | 75 | 9 | 276898 | 80 | 342 | 75
765 | Revision_765/tcl.c | U | 44 | 54 | 9 | 276899 | 80 | 293 | 75
765 | Revision_765/python.c | U | 588 | 592 | 7 | 276900 | 81 | 504 | 80
765 | Revision_765/python.c | U | 593 | 598 | 7 | 276901 | 81 | 504 | 80
765 | Revision_765/python.c | U | 688 | 692 | 5 | 276902 | 82 | 504 | 75
765 | Revision_765/pascal.c | U | 184 | 190 | 5 | 276903 | 82 | 171 | 75
765 | Revision_765/pascal.c | U | 176 | 182 | 5 | 276904 | 82 | 170 | 75
765 | Revision_765/pascal.c | U | 150 | 154 | 5 | 276905 | 82 | 319 | 75
765 | Revision_765/python.c | U | 694 | 703 | 8 | 276906 | 83 | 574 | 83
765 | Revision_765/python.c | U | 705 | 713 | 8 | 276907 | 83 | 13 | 83
765 | Revision_765/perl.c | U | 208 | 214 | 7 | 276908 | 84 | 389 | 83
765 | Revision_765/perl.c | U | 254 | 259 | 7 | 276909 | 84 | 502 | 83
765 | Revision_765/perl.c | U | 339 | 346 | 7 | 276910 | 85 | 389 | 71
765 | Revision_765/perl.c | U | 353 | 359 | 7 | 276911 | 85 | 7 | 71
765 | Revision_765/main.c | U | 260 | 267 | 7 | 276912 | 85 | 377 | 71
765 | Revision_765/erlang.c | U | 97 | 105 | 7 | 276913 | 85 | 344 | 71
765 | Revision_765/erlang.c | U | 108 | 113 | 7 | 276914 | 85 | 346 | 71
765 | Revision_765/erlang.c | U | 116 | 121 | 7 | 276915 | 85 | 344 | 71
765 | Revision_765/main.c | U | 179 | 185 | 7 | 276916 | 85 | 376 | 71
765 | Revision_765/sort.c | U | 118 | 123 | 5 | 276917 | 86 | 281 | 100
765 | Revision_765/sort.c | U | 126 | 131 | 5 | 276918 | 86 | 282 | 100
765 | Revision_765/strlist.c | U | 32 | 38 | 8 | 276919 | 87 | 165 | 71
765 | Revision_765/vstring.c | U | 77 | 87 | 8 | 276920 | 87 | 166 | 71
765 | Revision_765/strlist.c | U | 191 | 196 | 7 | 276921 | 88 | 168 | 83
765 | Revision_765/strlist.c | U | 200 | 206 | 7 | 276922 | 88 | 390 | 83
765 | Revision_765/get.c | U | 305 | 314 | 10 | 276923 | 89 | 174 | 70
765 | Revision_765/parse.c | U | 586 | 600 | 10 | 276924 | 89 | 175 | 70
765 | Revision_765/read.c | U | 220 | 231 | 10 | 276925 | 89 | 176 | 70
765 | Revision_765/get.c | U | 467 | 478 | 10 | 276926 | 90 | 177 | 87
765 | Revision_765/get.c | U | 484 | 495 | 10 | 276927 | 90 | 178 | 87
765 | Revision_765/get.c | U | 541 | 546 | 6 | 276928 | 91 | 180 | 80
765 | Revision_765/read.c | U | 424 | 428 | 6 | 276929 | 91 | 181 | 80
765 | Revision_765/keyword.c | U | 195 | 202 | 8 | 276930 | 92 | 570 | 71
765 | Revision_765/asm.c | U | 131 | 139 | 8 | 276931 | 92 | 270 | 71
765 | Revision_765/ocaml.c | U | 676 | 680 | 5 | 276932 | 93 | 750 | 75
765 | Revision_765/ocaml.c | U | 699 | 703 | 5 | 276933 | 93 | 751 | 75
765 | Revision_765/ocaml.c | U | 720 | 725 | 5 | 276934 | 93 | 752 | 75
765 | Revision_765/ocaml.c | U | 756 | 778 | 22 | 276935 | 94 | 753 | 71
765 | Revision_765/ocaml.c | U | 832 | 856 | 22 | 276936 | 94 | 754 | 71
765 | Revision_765/ocaml.c | U | 793 | 798 | 7 | 276937 | 95 | 755 | 71
765 | Revision_765/ocaml.c | U | 805 | 812 | 7 | 276938 | 95 | 756 | 71
765 | Revision_765/sql.c | U | 495 | 510 | 7 | 276939 | 95 | 306 | 71
765 | Revision_765/ocaml.c | U | 919 | 942 | 19 | 276940 | 96 | 760 | 70
765 | Revision_765/ocaml.c | U | 1494 | 1514 | 19 | 276941 | 96 | 761 | 70
765 | Revision_765/ocaml.c | U | 947 | 955 | 6 | 276942 | 97 | 762 | 75
765 | Revision_765/ocaml.c | U | 1054 | 1062 | 6 | 276943 | 97 | 763 | 75
765 | Revision_765/ocaml.c | U | 1187 | 1235 | 28 | 276944 | 98 | 764 | 70
765 | Revision_765/ocaml.c | U | 1521 | 1561 | 28 | 276945 | 98 | 759 | 70
765 | Revision_765/ocaml.c | U | 1390 | 1422 | 28 | 276946 | 98 | 765 | 70
765 | Revision_765/ocaml.c | U | 1778 | 1782 | 5 | 276947 | 99 | 766 | 75
765 | Revision_765/ocaml.c | U | 1785 | 1789 | 5 | 276948 | 99 | 767 | 75
765 | Revision_765/routines.c | U | 237 | 244 | 6 | 276949 | 100 | 254 | 80
765 | Revision_765/routines.c | U | 247 | 254 | 6 | 276950 | 100 | 255 | 80
765 | Revision_765/routines.c | U | 288 | 295 | 8 | 276951 | 101 | 256 | 83
765 | Revision_765/readtags.c | U | 106 | 113 | 8 | 276952 | 101 | 123 | 83
765 | Revision_765/routines.c | U | 298 | 305 | 8 | 276953 | 101 | 257 | 83
765 | Revision_765/readtags.c | U | 116 | 123 | 8 | 276954 | 101 | 238 | 83
765 | Revision_765/routines.c | U | 322 | 326 | 5 | 276955 | 102 | 258 | 75
765 | Revision_765/vstring.c | U | 125 | 129 | 5 | 276956 | 102 | 188 | 75
765 | Revision_765/vstring.c | U | 118 | 122 | 5 | 276957 | 102 | 189 | 75
765 | Revision_765/routines.c | U | 329 | 335 | 6 | 276958 | 103 | 259 | 100
765 | Revision_765/routines.c | U | 338 | 344 | 6 | 276959 | 103 | 260 | 100
765 | Revision_765/routines.c | U | 349 | 356 | 8 | 276960 | 104 | 261 | 100
765 | Revision_765/routines.c | U | 361 | 368 | 8 | 276961 | 104 | 262 | 100
765 | Revision_765/flex.c | U | 295 | 303 | 11 | 276962 | 105 | 699 | 70
765 | Revision_765/vhdl.c | U | 553 | 569 | 11 | 276963 | 105 | 554 | 70
765 | Revision_765/flex.c | U | 596 | 647 | 51 | 276964 | 106 | 779 | 78
765 | Revision_765/flex.c | U | 649 | 713 | 51 | 276965 | 106 | 780 | 78
765 | Revision_765/flex.c | U | 965 | 998 | 17 | 276966 | 107 | 655 | 75
765 | Revision_765/flex.c | U | 1985 | 2020 | 17 | 276967 | 107 | 660 | 75
765 | Revision_765/flex.c | U | 1527 | 1562 | 34 | 276968 | 108 | 662 | 71
765 | Revision_765/vhdl.c | U | 768 | 801 | 34 | 276969 | 108 | 565 | 71
765 | Revision_765/fortran.c | U | 2114 | 2138 | 34 | 276970 | 108 | 566 | 71
765 | Revision_765/flex.c | U | 1624 | 1650 | 12 | 276971 | 109 | 663 | 72
765 | Revision_765/flex.c | U | 1652 | 1674 | 12 | 276972 | 109 | 664 | 72
765 | Revision_765/sh.c | U | 89 | 94 | 6 | 276973 | 110 | 378 | 80
765 | Revision_765/asm.c | U | 347 | 352 | 6 | 276974 | 110 | 379 | 80
765 | Revision_765/vhdl.c | U | 405 | 479 | 73 | 276975 | 111 | 769 | 72
765 | Revision_765/tex.c | U | 271 | 346 | 73 | 276976 | 111 | 684 | 72
765 | Revision_765/vhdl.c | U | 493 | 533 | 32 | 276977 | 112 | 561 | 72
765 | Revision_765/sql.c | U | 735 | 784 | 32 | 276978 | 112 | 562 | 72
765 | Revision_765/vhdl.c | U | 724 | 741 | 15 | 276979 | 113 | 560 | 100
765 | Revision_765/vhdl.c | U | 743 | 760 | 15 | 276980 | 113 | 539 | 100
765 | Revision_765/beta.c | U | 134 | 141 | 6 | 276981 | 114 | 201 | 75
765 | Revision_765/beta.c | U | 204 | 212 | 6 | 276982 | 114 | 202 | 75
765 | Revision_765/beta.c | U | 152 | 156 | 5 | 276983 | 115 | 203 | 75
765 | Revision_765/beta.c | U | 158 | 162 | 5 | 276984 | 115 | 204 | 75
765 | Revision_765/beta.c | U | 271 | 275 | 5 | 276985 | 115 | 205 | 75
765 | Revision_765/beta.c | U | 277 | 281 | 5 | 276986 | 115 | 207 | 75
765 | Revision_765/beta.c | U | 165 | 169 | 5 | 276987 | 115 | 206 | 75
765 | Revision_765/sql.c | U | 741 | 756 | 17 | 276988 | 116 | 537 | 75
765 | Revision_765/fortran.c | U | 1288 | 1294 | 17 | 276989 | 116 | 85 | 75
765 | Revision_765/sql.c | U | 1127 | 1148 | 29 | 276990 | 117 | 437 | 70
765 | Revision_765/tex.c | U | 448 | 475 | 29 | 276991 | 117 | 758 | 70
765 | Revision_765/sql.c | U | 1740 | 1776 | 24 | 276992 | 118 | 487 | 78
765 | Revision_765/sql.c | U | 2146 | 2189 | 24 | 276993 | 118 | 488 | 78
765 | Revision_765/sql.c | U | 2085 | 2143 | 34 | 276994 | 119 | 773 | 100
765 | Revision_765/sql.c | U | 2192 | 2253 | 34 | 276995 | 119 | 774 | 100
765 | Revision_765/sql.c | U | 2110 | 2135 | 17 | 276996 | 120 | 489 | 84
765 | Revision_765/sql.c | U | 2159 | 2183 | 17 | 276997 | 120 | 490 | 84
765 | Revision_765/sql.c | U | 2220 | 2245 | 17 | 276998 | 120 | 775 | 84
765 | Revision_765/parse.c | U | 96 | 106 | 11 | 276999 | 121 | 208 | 88
765 | Revision_765/parse.c | U | 109 | 120 | 11 | 277000 | 121 | 209 | 88
765 | Revision_765/parse.c | U | 299 | 303 | 5 | 277001 | 122 | 356 | 75
765 | Revision_765/parse.c | U | 556 | 560 | 5 | 277002 | 122 | 357 | 75
765 | Revision_765/parse.c | U | 575 | 579 | 5 | 277003 | 122 | 358 | 75
765 | Revision_765/readtags.c | U | 541 | 547 | 6 | 277004 | 123 | 239 | 100
765 | Revision_765/readtags.c | U | 549 | 555 | 6 | 277005 | 123 | 240 | 100
765 | Revision_765/readtags.c | U | 584 | 588 | 6 | 277006 | 124 | 123 | 75
765 | Revision_765/readtags.c | U | 639 | 645 | 6 | 277007 | 124 | 124 | 75
765 | Revision_765/readtags.c | U | 718 | 726 | 8 | 277008 | 125 | 210 | 83
765 | Revision_765/readtags.c | U | 773 | 781 | 8 | 277009 | 125 | 211 | 83
765 | Revision_765/readtags.c | U | 729 | 737 | 8 | 277010 | 125 | 212 | 83
765 | Revision_765/readtags.c | U | 740 | 745 | 6 | 277011 | 126 | 241 | 80
765 | Revision_765/readtags.c | U | 757 | 762 | 6 | 277012 | 126 | 242 | 80
765 | Revision_765/readtags.c | U | 765 | 770 | 6 | 277013 | 126 | 287 | 80
765 | Revision_765/fortran.c | U | 1363 | 1376 | 11 | 277014 | 127 | 336 | 72
765 | Revision_765/fortran.c | U | 1617 | 1625 | 11 | 277015 | 127 | 84 | 72
765 | Revision_765/fortran.c | U | 1714 | 1729 | 20 | 277016 | 128 | 21 | 84
765 | Revision_765/fortran.c | U | 1930 | 1946 | 20 | 277017 | 128 | 374 | 84
765 | Revision_765/fortran.c | U | 1895 | 1913 | 16 | 277018 | 129 | 220 | 73
765 | Revision_765/fortran.c | U | 2041 | 2061 | 16 | 277019 | 129 | 372 | 73
765 | Revision_765/fortran.c | U | 1965 | 1981 | 16 | 277020 | 129 | 221 | 73
765 | Revision_765/tex.c | U | 388 | 405 | 16 | 277021 | 130 | 696 | 83
765 | Revision_765/tex.c | U | 413 | 432 | 16 | 277022 | 130 | 697 | 83
765 | Revision_765/asm.c | U | 243 | 256 | 11 | 277023 | 131 | 289 | 77
765 | Revision_765/asm.c | U | 261 | 271 | 11 | 277024 | 131 | 279 | 77
765 | Revision_765/scheme.c | U | 70 | 78 | 8 | 277025 | 132 | 222 | 71
765 | Revision_765/scheme.c | U | 85 | 93 | 8 | 277026 | 132 | 223 | 71
765 | Revision_765/options.c | U | 369 | 375 | 6 | 277027 | 133 | 224 | 100
765 | Revision_765/options.c | U | 378 | 384 | 6 | 277028 | 133 | 225 | 100
765 | Revision_765/options.c | U | 543 | 549 | 7 | 277029 | 134 | 226 | 100
765 | Revision_765/options.c | U | 552 | 558 | 7 | 277030 | 134 | 227 | 100
765 | Revision_765/options.c | U | 561 | 567 | 7 | 277031 | 134 | 228 | 100
765 | Revision_765/options.c | U | 570 | 576 | 7 | 277032 | 134 | 229 | 100
765 | Revision_765/options.c | U | 982 | 986 | 5 | 277033 | 135 | 230 | 75
765 | Revision_765/options.c | U | 1008 | 1012 | 5 | 277034 | 135 | 231 | 75
765 | Revision_765/options.c | U | 1102 | 1106 | 5 | 277035 | 136 | 232 | 100
765 | Revision_765/options.c | U | 1108 | 1112 | 5 | 277036 | 136 | 233 | 100
765 | Revision_765/options.c | U | 1154 | 1166 | 12 | 277037 | 137 | 360 | 100
765 | Revision_765/options.c | U | 1171 | 1183 | 12 | 277038 | 137 | 235 | 100
765 | Revision_765/options.c | U | 1425 | 1442 | 15 | 277039 | 138 | 236 | 91
765 | Revision_765/options.c | U | 1463 | 1480 | 15 | 277040 | 138 | 237 | 91
