Revision | filePath | changeType | StartLine | EndLine | Nlines | cloneId | classId | globalCloneId | Similarity
768 | Revision_768/ant.c | U | 33 | 40 | 8 | 178162 | 1 | 526 | 70
768 | Revision_768/jscript.c | U | 1621 | 1634 | 8 | 178163 | 1 | 281 | 70
768 | Revision_768/cobol.c | U | 40 | 48 | 8 | 178164 | 1 | 213 | 70
768 | Revision_768/keyword.c | U | 107 | 116 | 8 | 178165 | 1 | 29 | 70
768 | Revision_768/html.c | U | 40 | 47 | 8 | 178166 | 1 | 253 | 70
768 | Revision_768/lua.c | U | 123 | 131 | 8 | 178167 | 1 | 154 | 70
768 | Revision_768/beta.c | U | 311 | 319 | 8 | 178168 | 1 | 15 | 70
768 | Revision_768/tex.c | U | 501 | 514 | 8 | 178169 | 1 | 528 | 70
768 | Revision_768/vim.c | U | 637 | 645 | 8 | 178170 | 1 | 20 | 70
768 | Revision_768/yacc.c | U | 31 | 38 | 8 | 178171 | 1 | 28 | 70
768 | Revision_768/matlab.c | U | 35 | 42 | 8 | 178172 | 1 | 527 | 70
768 | Revision_768/dosbatch.c | U | 33 | 40 | 8 | 178173 | 1 | 529 | 70
768 | Revision_768/slang.c | U | 34 | 41 | 8 | 178174 | 1 | 27 | 70
768 | Revision_768/rexx.c | U | 30 | 37 | 8 | 178175 | 1 | 25 | 70
768 | Revision_768/php.c | U | 91 | 98 | 8 | 178176 | 1 | 366 | 70
768 | Revision_768/flex.c | U | 2409 | 2422 | 8 | 178177 | 1 | 438 | 70
768 | Revision_768/verilog.c | U | 330 | 339 | 8 | 178178 | 1 | 184 | 70
768 | Revision_768/sql.c | U | 2360 | 2369 | 8 | 178179 | 1 | 197 | 70
768 | Revision_768/make.c | U | 205 | 215 | 8 | 178180 | 1 | 26 | 70
768 | Revision_768/tcl.c | U | 106 | 114 | 8 | 178181 | 1 | 22 | 70
768 | Revision_768/perl.c | U | 372 | 380 | 8 | 178182 | 1 | 19 | 70
768 | Revision_768/scheme.c | U | 99 | 109 | 8 | 178183 | 1 | 17 | 70
768 | Revision_768/lisp.c | U | 127 | 137 | 8 | 178184 | 1 | 11 | 70
768 | Revision_768/python.c | U | 763 | 771 | 8 | 178185 | 1 | 14 | 70
768 | Revision_768/awk.c | U | 71 | 79 | 8 | 178186 | 1 | 10 | 70
768 | Revision_768/sml.c | U | 202 | 210 | 8 | 178187 | 1 | 216 | 70
768 | Revision_768/ruby.c | U | 398 | 406 | 8 | 178188 | 1 | 16 | 70
768 | Revision_768/sh.c | U | 103 | 113 | 8 | 178189 | 1 | 24 | 70
768 | Revision_768/asp.c | U | 317 | 325 | 8 | 178190 | 1 | 18 | 70
768 | Revision_768/erlang.c | U | 179 | 187 | 8 | 178191 | 1 | 230 | 70
768 | Revision_768/basic.c | U | 193 | 201 | 8 | 178192 | 1 | 275 | 70
768 | Revision_768/pascal.c | U | 257 | 265 | 8 | 178193 | 1 | 13 | 70
768 | Revision_768/options.c | U | 533 | 538 | 8 | 178194 | 1 | 30 | 70
768 | Revision_768/options.c | U | 626 | 632 | 8 | 178195 | 1 | 242 | 70
768 | Revision_768/vhdl.c | U | 824 | 833 | 8 | 178196 | 1 | 403 | 70
768 | Revision_768/ocaml.c | U | 1840 | 1850 | 8 | 178197 | 1 | 601 | 70
768 | Revision_768/asm.c | U | 366 | 385 | 8 | 178198 | 1 | 174 | 70
768 | Revision_768/args.c | U | 85 | 92 | 8 | 178199 | 2 | 1 | 100
768 | Revision_768/args.c | U | 160 | 167 | 8 | 178200 | 2 | 2 | 100
768 | Revision_768/args.c | U | 182 | 190 | 9 | 178201 | 3 | 3 | 75
768 | Revision_768/args.c | U | 203 | 211 | 9 | 178202 | 3 | 4 | 75
768 | Revision_768/args.c | U | 193 | 200 | 9 | 178203 | 3 | 5 | 75
768 | Revision_768/args.c | U | 266 | 272 | 7 | 178204 | 4 | 6 | 83
768 | Revision_768/options.c | U | 579 | 584 | 7 | 178205 | 4 | 7 | 83
768 | Revision_768/asm.c | U | 120 | 128 | 8 | 178206 | 5 | 188 | 71
768 | Revision_768/tex.c | U | 149 | 158 | 8 | 178207 | 5 | 530 | 71
768 | Revision_768/flex.c | U | 216 | 225 | 8 | 178208 | 5 | 437 | 71
768 | Revision_768/jscript.c | U | 180 | 189 | 8 | 178209 | 5 | 280 | 71
768 | Revision_768/sql.c | U | 409 | 418 | 8 | 178210 | 5 | 196 | 71
768 | Revision_768/verilog.c | U | 108 | 118 | 8 | 178211 | 5 | 258 | 71
768 | Revision_768/vhdl.c | U | 573 | 583 | 8 | 178212 | 5 | 401 | 71
768 | Revision_768/asm.c | U | 131 | 139 | 8 | 178213 | 6 | 170 | 71
768 | Revision_768/keyword.c | U | 195 | 202 | 8 | 178214 | 6 | 432 | 71
768 | Revision_768/asm.c | U | 243 | 256 | 11 | 178215 | 7 | 191 | 77
768 | Revision_768/asm.c | U | 261 | 271 | 11 | 178216 | 7 | 179 | 77
768 | Revision_768/asm.c | U | 347 | 352 | 6 | 178217 | 8 | 256 | 80
768 | Revision_768/sh.c | U | 89 | 94 | 6 | 178218 | 8 | 257 | 80
768 | Revision_768/asp.c | U | 72 | 91 | 15 | 178219 | 9 | 31 | 100
768 | Revision_768/asp.c | U | 95 | 114 | 15 | 178220 | 9 | 32 | 100
768 | Revision_768/asp.c | U | 118 | 163 | 40 | 178221 | 10 | 591 | 100
768 | Revision_768/asp.c | U | 165 | 210 | 40 | 178222 | 10 | 592 | 100
768 | Revision_768/asp.c | U | 125 | 137 | 11 | 178223 | 11 | 33 | 70
768 | Revision_768/asp.c | U | 152 | 161 | 11 | 178224 | 11 | 594 | 70
768 | Revision_768/asp.c | U | 139 | 151 | 11 | 178225 | 11 | 34 | 70
768 | Revision_768/asp.c | U | 272 | 287 | 11 | 178226 | 11 | 34 | 70
768 | Revision_768/asp.c | U | 214 | 230 | 11 | 178227 | 11 | 34 | 70
768 | Revision_768/asp.c | U | 291 | 306 | 11 | 178228 | 11 | 593 | 70
768 | Revision_768/asp.c | U | 234 | 249 | 11 | 178229 | 11 | 595 | 70
768 | Revision_768/asp.c | U | 253 | 268 | 11 | 178230 | 11 | 596 | 70
768 | Revision_768/asp.c | U | 218 | 229 | 11 | 178231 | 11 | 597 | 70
768 | Revision_768/vim.c | U | 301 | 310 | 11 | 178232 | 11 | 599 | 70
768 | Revision_768/asp.c | U | 256 | 267 | 11 | 178233 | 11 | 598 | 70
768 | Revision_768/vim.c | U | 256 | 265 | 11 | 178234 | 11 | 600 | 70
768 | Revision_768/asp.c | U | 237 | 248 | 11 | 178235 | 11 | 596 | 70
768 | Revision_768/asp.c | U | 275 | 286 | 11 | 178236 | 11 | 595 | 70
768 | Revision_768/asp.c | U | 294 | 305 | 11 | 178237 | 11 | 593 | 70
768 | Revision_768/lua.c | U | 81 | 88 | 11 | 178238 | 11 | 185 | 70
768 | Revision_768/asp.c | U | 186 | 198 | 11 | 178239 | 11 | 34 | 70
768 | Revision_768/asp.c | U | 172 | 184 | 11 | 178240 | 11 | 34 | 70
768 | Revision_768/asp.c | U | 199 | 208 | 11 | 178241 | 11 | 18 | 70
768 | Revision_768/basic.c | U | 135 | 140 | 6 | 178242 | 12 | 278 | 80
768 | Revision_768/basic.c | U | 147 | 152 | 6 | 178243 | 12 | 279 | 80
768 | Revision_768/beta.c | U | 71 | 80 | 10 | 178244 | 13 | 43 | 70
768 | Revision_768/sql.c | U | 447 | 461 | 10 | 178245 | 13 | 198 | 70
768 | Revision_768/vhdl.c | U | 536 | 548 | 10 | 178246 | 13 | 404 | 70
768 | Revision_768/parse.c | U | 43 | 54 | 10 | 178247 | 13 | 44 | 70
768 | Revision_768/sml.c | U | 75 | 81 | 10 | 178248 | 13 | 217 | 70
768 | Revision_768/tex.c | U | 186 | 200 | 10 | 178249 | 13 | 531 | 70
768 | Revision_768/flex.c | U | 256 | 270 | 10 | 178250 | 13 | 439 | 70
768 | Revision_768/jscript.c | U | 219 | 233 | 10 | 178251 | 13 | 283 | 70
768 | Revision_768/beta.c | U | 134 | 141 | 6 | 178252 | 14 | 45 | 75
768 | Revision_768/beta.c | U | 204 | 212 | 6 | 178253 | 14 | 46 | 75
768 | Revision_768/beta.c | U | 152 | 156 | 5 | 178254 | 15 | 47 | 75
768 | Revision_768/beta.c | U | 158 | 162 | 5 | 178255 | 15 | 49 | 75
768 | Revision_768/beta.c | U | 271 | 275 | 5 | 178256 | 15 | 48 | 75
768 | Revision_768/beta.c | U | 165 | 169 | 5 | 178257 | 15 | 51 | 75
768 | Revision_768/beta.c | U | 277 | 281 | 5 | 178258 | 15 | 50 | 75
768 | Revision_768/erlang.c | U | 58 | 62 | 5 | 178259 | 16 | 231 | 75
768 | Revision_768/options.c | U | 963 | 968 | 5 | 178260 | 16 | 181 | 75
768 | Revision_768/sml.c | U | 84 | 88 | 5 | 178261 | 16 | 218 | 75
768 | Revision_768/python.c | U | 278 | 282 | 5 | 178262 | 16 | 180 | 75
768 | Revision_768/python.c | U | 256 | 260 | 5 | 178263 | 16 | 368 | 75
768 | Revision_768/erlang.c | U | 66 | 75 | 9 | 178264 | 17 | 232 | 75
768 | Revision_768/tcl.c | U | 44 | 54 | 9 | 178265 | 17 | 195 | 75
768 | Revision_768/python.c | U | 286 | 295 | 9 | 178266 | 17 | 194 | 75
768 | Revision_768/erlang.c | U | 97 | 105 | 7 | 178267 | 18 | 237 | 71
768 | Revision_768/perl.c | U | 353 | 359 | 7 | 178268 | 18 | 262 | 71
768 | Revision_768/main.c | U | 179 | 185 | 7 | 178269 | 18 | 255 | 71
768 | Revision_768/erlang.c | U | 116 | 121 | 7 | 178270 | 18 | 235 | 71
768 | Revision_768/main.c | U | 260 | 267 | 7 | 178271 | 18 | 254 | 71
768 | Revision_768/erlang.c | U | 108 | 113 | 7 | 178272 | 18 | 239 | 71
768 | Revision_768/perl.c | U | 339 | 346 | 7 | 178273 | 18 | 19 | 71
768 | Revision_768/flex.c | U | 228 | 242 | 12 | 178274 | 19 | 440 | 75
768 | Revision_768/vhdl.c | U | 342 | 351 | 12 | 178275 | 19 | 405 | 75
768 | Revision_768/tex.c | U | 161 | 172 | 12 | 178276 | 19 | 532 | 75
768 | Revision_768/sql.c | U | 421 | 433 | 12 | 178277 | 19 | 205 | 75
768 | Revision_768/jscript.c | U | 192 | 205 | 12 | 178278 | 19 | 282 | 75
768 | Revision_768/flex.c | U | 245 | 249 | 5 | 178279 | 20 | 441 | 75
768 | Revision_768/vhdl.c | U | 354 | 361 | 5 | 178280 | 20 | 406 | 75
768 | Revision_768/sql.c | U | 436 | 440 | 5 | 178281 | 20 | 288 | 75
768 | Revision_768/jscript.c | U | 208 | 212 | 5 | 178282 | 20 | 286 | 75
768 | Revision_768/tex.c | U | 175 | 179 | 5 | 178283 | 20 | 533 | 75
768 | Revision_768/vstring.c | U | 69 | 73 | 5 | 178284 | 20 | 287 | 75
768 | Revision_768/vstring.c | U | 67 | 74 | 5 | 178285 | 20 | 287 | 75
768 | Revision_768/flex.c | U | 273 | 306 | 16 | 178286 | 21 | 442 | 73
768 | Revision_768/jscript.c | U | 236 | 257 | 16 | 178287 | 21 | 289 | 73
768 | Revision_768/tex.c | U | 203 | 224 | 16 | 178288 | 21 | 534 | 73
768 | Revision_768/sql.c | U | 464 | 485 | 16 | 178289 | 21 | 290 | 73
768 | Revision_768/vhdl.c | U | 551 | 570 | 16 | 178290 | 21 | 407 | 73
768 | Revision_768/flex.c | U | 295 | 303 | 11 | 178291 | 22 | 561 | 70
768 | Revision_768/vhdl.c | U | 553 | 569 | 11 | 178292 | 22 | 407 | 70
768 | Revision_768/flex.c | U | 309 | 333 | 20 | 178293 | 23 | 443 | 71
768 | Revision_768/flex.c | U | 359 | 383 | 20 | 178294 | 23 | 445 | 71
768 | Revision_768/flex.c | U | 1863 | 1903 | 20 | 178295 | 23 | 444 | 71
768 | Revision_768/flex.c | U | 336 | 356 | 20 | 178296 | 23 | 446 | 71
768 | Revision_768/jscript.c | U | 260 | 284 | 20 | 178297 | 23 | 433 | 71
768 | Revision_768/jscript.c | U | 287 | 311 | 20 | 178298 | 23 | 398 | 71
768 | Revision_768/jscript.c | U | 1453 | 1493 | 20 | 178299 | 23 | 434 | 71
768 | Revision_768/jscript.c | U | 1358 | 1421 | 20 | 178300 | 23 | 637 | 71
768 | Revision_768/flex.c | U | 316 | 320 | 5 | 178301 | 24 | 535 | 75
768 | Revision_768/tex.c | U | 395 | 399 | 5 | 178302 | 24 | 555 | 75
768 | Revision_768/tex.c | U | 419 | 423 | 5 | 178303 | 24 | 556 | 75
768 | Revision_768/jscript.c | U | 1391 | 1395 | 5 | 178304 | 24 | 342 | 75
768 | Revision_768/jscript.c | U | 294 | 298 | 5 | 178305 | 24 | 291 | 75
768 | Revision_768/flex.c | U | 366 | 370 | 5 | 178306 | 24 | 537 | 75
768 | Revision_768/jscript.c | U | 267 | 271 | 5 | 178307 | 24 | 280 | 75
768 | Revision_768/jscript.c | U | 1474 | 1478 | 5 | 178308 | 24 | 361 | 75
768 | Revision_768/flex.c | U | 1884 | 1888 | 5 | 178309 | 24 | 538 | 75
768 | Revision_768/flex.c | U | 343 | 347 | 5 | 178310 | 24 | 539 | 75
768 | Revision_768/flex.c | U | 390 | 408 | 16 | 178311 | 25 | 447 | 78
768 | Revision_768/vhdl.c | U | 368 | 386 | 16 | 178312 | 25 | 409 | 78
768 | Revision_768/sql.c | U | 492 | 512 | 16 | 178313 | 25 | 296 | 78
768 | Revision_768/jscript.c | U | 318 | 336 | 16 | 178314 | 25 | 398 | 78
768 | Revision_768/tex.c | U | 231 | 249 | 16 | 178315 | 25 | 540 | 78
768 | Revision_768/flex.c | U | 414 | 425 | 12 | 178316 | 26 | 448 | 100
768 | Revision_768/jscript.c | U | 342 | 353 | 12 | 178317 | 26 | 295 | 100
768 | Revision_768/sql.c | U | 517 | 528 | 12 | 178318 | 26 | 296 | 100
768 | Revision_768/tex.c | U | 256 | 268 | 12 | 178319 | 26 | 541 | 100
768 | Revision_768/vhdl.c | U | 391 | 402 | 12 | 178320 | 26 | 410 | 100
768 | Revision_768/flex.c | U | 437 | 441 | 6 | 178321 | 27 | 449 | 71
768 | Revision_768/tex.c | U | 280 | 284 | 6 | 178322 | 27 | 542 | 71
768 | Revision_768/flex.c | U | 510 | 514 | 6 | 178323 | 27 | 450 | 71
768 | Revision_768/jscript.c | U | 365 | 369 | 6 | 178324 | 27 | 291 | 71
768 | Revision_768/sql.c | U | 540 | 553 | 6 | 178325 | 27 | 206 | 71
768 | Revision_768/vhdl.c | U | 414 | 418 | 6 | 178326 | 27 | 411 | 71
768 | Revision_768/flex.c | U | 483 | 488 | 6 | 178327 | 27 | 451 | 71
768 | Revision_768/flex.c | U | 696 | 701 | 6 | 178328 | 27 | 452 | 71
768 | Revision_768/flex.c | U | 623 | 628 | 6 | 178329 | 27 | 450 | 71
768 | Revision_768/flex.c | U | 688 | 693 | 6 | 178330 | 27 | 451 | 71
768 | Revision_768/flex.c | U | 631 | 636 | 6 | 178331 | 27 | 453 | 71
768 | Revision_768/flex.c | U | 599 | 606 | 6 | 178332 | 27 | 455 | 71
768 | Revision_768/flex.c | U | 638 | 645 | 6 | 178333 | 27 | 454 | 71
768 | Revision_768/flex.c | U | 532 | 538 | 6 | 178334 | 27 | 456 | 71
768 | Revision_768/flex.c | U | 703 | 710 | 6 | 178335 | 27 | 457 | 71
768 | Revision_768/flex.c | U | 652 | 659 | 6 | 178336 | 27 | 458 | 71
768 | Revision_768/flex.c | U | 558 | 565 | 6 | 178337 | 27 | 459 | 71
768 | Revision_768/flex.c | U | 664 | 671 | 6 | 178338 | 27 | 460 | 71
768 | Revision_768/flex.c | U | 545 | 551 | 6 | 178339 | 27 | 461 | 71
768 | Revision_768/flex.c | U | 613 | 621 | 6 | 178340 | 27 | 632 | 71
768 | Revision_768/flex.c | U | 678 | 686 | 6 | 178341 | 27 | 450 | 71
768 | Revision_768/flex.c | U | 490 | 515 | 25 | 178342 | 28 | 462 | 70
768 | Revision_768/jscript.c | U | 405 | 435 | 25 | 178343 | 28 | 463 | 70
768 | Revision_768/sql.c | U | 625 | 655 | 25 | 178344 | 28 | 464 | 70
768 | Revision_768/flex.c | U | 596 | 647 | 51 | 178345 | 29 | 633 | 78
768 | Revision_768/flex.c | U | 649 | 713 | 51 | 178346 | 29 | 634 | 78
768 | Revision_768/flex.c | U | 734 | 743 | 10 | 178347 | 30 | 467 | 100
768 | Revision_768/vhdl.c | U | 467 | 476 | 10 | 178348 | 30 | 413 | 100
768 | Revision_768/jscript.c | U | 441 | 450 | 10 | 178349 | 30 | 412 | 100
768 | Revision_768/tex.c | U | 317 | 326 | 10 | 178350 | 30 | 543 | 100
768 | Revision_768/flex.c | U | 749 | 758 | 9 | 178351 | 31 | 468 | 77
768 | Revision_768/jscript.c | U | 456 | 464 | 9 | 178352 | 31 | 301 | 77
768 | Revision_768/tex.c | U | 349 | 356 | 9 | 178353 | 31 | 544 | 77
768 | Revision_768/sql.c | U | 787 | 794 | 9 | 178354 | 31 | 313 | 77
768 | Revision_768/flex.c | U | 765 | 795 | 17 | 178355 | 32 | 469 | 83
768 | Revision_768/jscript.c | U | 504 | 533 | 17 | 178356 | 32 | 371 | 83
768 | Revision_768/flex.c | U | 798 | 827 | 17 | 178357 | 32 | 470 | 83
768 | Revision_768/vhdl.c | U | 514 | 532 | 17 | 178358 | 32 | 414 | 83
768 | Revision_768/jscript.c | U | 471 | 501 | 17 | 178359 | 32 | 284 | 83
768 | Revision_768/sql.c | U | 765 | 783 | 17 | 178360 | 32 | 400 | 83
768 | Revision_768/flex.c | U | 830 | 837 | 7 | 178361 | 33 | 471 | 80
768 | Revision_768/sql.c | U | 698 | 705 | 7 | 178362 | 33 | 304 | 80
768 | Revision_768/jscript.c | U | 546 | 553 | 7 | 178363 | 33 | 302 | 80
768 | Revision_768/flex.c | U | 840 | 847 | 7 | 178364 | 33 | 472 | 80
768 | Revision_768/jscript.c | U | 536 | 543 | 7 | 178365 | 33 | 301 | 80
768 | Revision_768/flex.c | U | 854 | 876 | 13 | 178366 | 34 | 473 | 100
768 | Revision_768/jscript.c | U | 560 | 582 | 13 | 178367 | 34 | 316 | 100
768 | Revision_768/flex.c | U | 861 | 875 | 9 | 178368 | 35 | 474 | 70
768 | Revision_768/flex.c | U | 1235 | 1263 | 9 | 178369 | 35 | 475 | 70
768 | Revision_768/vhdl.c | U | 656 | 668 | 9 | 178370 | 35 | 415 | 70
768 | Revision_768/sql.c | U | 935 | 947 | 9 | 178371 | 35 | 358 | 70
768 | Revision_768/jscript.c | U | 567 | 581 | 9 | 178372 | 35 | 306 | 70
768 | Revision_768/sql.c | U | 1809 | 1816 | 9 | 178373 | 35 | 311 | 70
768 | Revision_768/sql.c | U | 2256 | 2284 | 9 | 178374 | 35 | 314 | 70
768 | Revision_768/jscript.c | U | 837 | 847 | 9 | 178375 | 35 | 307 | 70
768 | Revision_768/vhdl.c | U | 727 | 740 | 9 | 178376 | 35 | 430 | 70
768 | Revision_768/jscript.c | U | 1341 | 1356 | 9 | 178377 | 35 | 281 | 70
768 | Revision_768/flex.c | U | 1797 | 1812 | 9 | 178378 | 35 | 477 | 70
768 | Revision_768/vhdl.c | U | 617 | 625 | 9 | 178379 | 35 | 416 | 70
768 | Revision_768/jscript.c | U | 585 | 620 | 9 | 178380 | 35 | 309 | 70
768 | Revision_768/jscript.c | U | 647 | 673 | 9 | 178381 | 35 | 315 | 70
768 | Revision_768/vhdl.c | U | 746 | 759 | 9 | 178382 | 35 | 427 | 70
768 | Revision_768/sql.c | U | 1209 | 1232 | 9 | 178383 | 35 | 337 | 70
768 | Revision_768/sql.c | U | 1176 | 1193 | 9 | 178384 | 35 | 319 | 70
768 | Revision_768/sql.c | U | 1705 | 1715 | 9 | 178385 | 35 | 397 | 70
768 | Revision_768/flex.c | U | 2239 | 2258 | 9 | 178386 | 35 | 479 | 70
768 | Revision_768/flex.c | U | 2079 | 2093 | 9 | 178387 | 35 | 635 | 70
768 | Revision_768/flex.c | U | 937 | 963 | 9 | 178388 | 35 | 476 | 70
768 | Revision_768/sql.c | U | 1694 | 1702 | 9 | 178389 | 35 | 396 | 70
768 | Revision_768/flex.c | U | 2003 | 2017 | 9 | 178390 | 35 | 481 | 70
768 | Revision_768/jscript.c | U | 839 | 846 | 9 | 178391 | 35 | 307 | 70
768 | Revision_768/flex.c | U | 2260 | 2276 | 9 | 178392 | 35 | 480 | 70
768 | Revision_768/flex.c | U | 2006 | 2016 | 9 | 178393 | 35 | 481 | 70
768 | Revision_768/flex.c | U | 1304 | 1323 | 9 | 178394 | 35 | 478 | 70
768 | Revision_768/jscript.c | U | 997 | 1017 | 9 | 178395 | 35 | 318 | 70
768 | Revision_768/flex.c | U | 879 | 910 | 9 | 178396 | 35 | 476 | 70
768 | Revision_768/sql.c | U | 901 | 918 | 9 | 178397 | 35 | 313 | 70
768 | Revision_768/flex.c | U | 1994 | 2019 | 9 | 178398 | 35 | 484 | 70
768 | Revision_768/sql.c | U | 1762 | 1772 | 9 | 178399 | 35 | 345 | 70
768 | Revision_768/flex.c | U | 986 | 997 | 9 | 178400 | 35 | 486 | 70
768 | Revision_768/sql.c | U | 1623 | 1629 | 9 | 178401 | 35 | 356 | 70
768 | Revision_768/sql.c | U | 903 | 917 | 9 | 178402 | 35 | 313 | 70
768 | Revision_768/jscript.c | U | 696 | 707 | 9 | 178403 | 35 | 312 | 70
768 | Revision_768/jscript.c | U | 1101 | 1107 | 9 | 178404 | 35 | 309 | 70
768 | Revision_768/vhdl.c | U | 704 | 715 | 9 | 178405 | 35 | 417 | 70
768 | Revision_768/sql.c | U | 1032 | 1052 | 9 | 178406 | 35 | 310 | 70
768 | Revision_768/sql.c | U | 937 | 944 | 9 | 178407 | 35 | 358 | 70
768 | Revision_768/flex.c | U | 2009 | 2015 | 9 | 178408 | 35 | 481 | 70
768 | Revision_768/flex.c | U | 2248 | 2257 | 9 | 178409 | 35 | 485 | 70
768 | Revision_768/vhdl.c | U | 635 | 640 | 9 | 178410 | 35 | 416 | 70
768 | Revision_768/sql.c | U | 1955 | 1976 | 9 | 178411 | 35 | 324 | 70
768 | Revision_768/vhdl.c | U | 586 | 600 | 9 | 178412 | 35 | 418 | 70
768 | Revision_768/sql.c | U | 1926 | 1952 | 9 | 178413 | 35 | 320 | 70
768 | Revision_768/jscript.c | U | 675 | 708 | 9 | 178414 | 35 | 487 | 70
768 | Revision_768/sql.c | U | 797 | 809 | 9 | 178415 | 35 | 313 | 70
768 | Revision_768/vhdl.c | U | 706 | 714 | 9 | 178416 | 35 | 425 | 70
768 | Revision_768/ruby.c | U | 214 | 218 | 9 | 178417 | 35 | 265 | 70
768 | Revision_768/flex.c | U | 2129 | 2137 | 9 | 178418 | 35 | 489 | 70
768 | Revision_768/flex.c | U | 2361 | 2372 | 9 | 178419 | 35 | 438 | 70
768 | Revision_768/flex.c | U | 2269 | 2275 | 9 | 178420 | 35 | 490 | 70
768 | Revision_768/flex.c | U | 2278 | 2285 | 9 | 178421 | 35 | 488 | 70
768 | Revision_768/flex.c | U | 2349 | 2359 | 9 | 178422 | 35 | 524 | 70
768 | Revision_768/sql.c | U | 1895 | 1923 | 9 | 178423 | 35 | 323 | 70
768 | Revision_768/sql.c | U | 2018 | 2039 | 9 | 178424 | 35 | 321 | 70
768 | Revision_768/sql.c | U | 1994 | 2015 | 9 | 178425 | 35 | 322 | 70
768 | Revision_768/flex.c | U | 2250 | 2256 | 9 | 178426 | 35 | 485 | 70
768 | Revision_768/vim.c | U | 411 | 419 | 9 | 178427 | 35 | 365 | 70
768 | Revision_768/sql.c | U | 712 | 717 | 9 | 178428 | 35 | 304 | 70
768 | Revision_768/gnu_regex/regcomp.c | U | 3586 | 3593 | 9 | 178429 | 35 | 562 | 70
768 | Revision_768/ruby.c | U | 195 | 200 | 9 | 178430 | 35 | 491 | 70
768 | Revision_768/flex.c | U | 2054 | 2060 | 9 | 178431 | 35 | 636 | 70
768 | Revision_768/vhdl.c | U | 647 | 670 | 9 | 178432 | 35 | 431 | 70
768 | Revision_768/sql.c | U | 2042 | 2082 | 9 | 178433 | 35 | 327 | 70
768 | Revision_768/get.c | U | 594 | 598 | 9 | 178434 | 35 | 364 | 70
768 | Revision_768/flex.c | U | 1301 | 1335 | 9 | 178435 | 35 | 492 | 70
768 | Revision_768/sql.c | U | 1779 | 1818 | 9 | 178436 | 35 | 329 | 70
768 | Revision_768/readtags.c | U | 363 | 367 | 9 | 178437 | 35 | 391 | 70
768 | Revision_768/sql.c | U | 1601 | 1641 | 9 | 178438 | 35 | 328 | 70
768 | Revision_768/flex.c | U | 913 | 999 | 30 | 178439 | 36 | 493 | 90
768 | Revision_768/jscript.c | U | 623 | 709 | 30 | 178440 | 36 | 494 | 90
768 | Revision_768/flex.c | U | 965 | 998 | 17 | 178441 | 37 | 495 | 75
768 | Revision_768/flex.c | U | 1985 | 2020 | 17 | 178442 | 37 | 496 | 75
768 | Revision_768/flex.c | U | 1002 | 1109 | 30 | 178443 | 38 | 497 | 100
768 | Revision_768/jscript.c | U | 712 | 819 | 30 | 178444 | 38 | 498 | 100
768 | Revision_768/flex.c | U | 1281 | 1342 | 38 | 178445 | 39 | 504 | 75
768 | Revision_768/jscript.c | U | 963 | 1040 | 38 | 178446 | 39 | 505 | 75
768 | Revision_768/flex.c | U | 1312 | 1322 | 5 | 178447 | 40 | 506 | 71
768 | Revision_768/options.c | U | 352 | 357 | 5 | 178448 | 40 | 107 | 71
768 | Revision_768/flex.c | U | 1325 | 1334 | 5 | 178449 | 40 | 507 | 71
768 | Revision_768/vhdl.c | U | 620 | 624 | 5 | 178450 | 40 | 416 | 71
768 | Revision_768/sql.c | U | 2237 | 2241 | 5 | 178451 | 40 | 628 | 71
768 | Revision_768/sql.c | U | 1413 | 1424 | 5 | 178452 | 40 | 627 | 71
768 | Revision_768/sql.c | U | 1866 | 1870 | 5 | 178453 | 40 | 335 | 71
768 | Revision_768/sql.c | U | 1569 | 1574 | 5 | 178454 | 40 | 397 | 71
768 | Revision_768/vhdl.c | U | 611 | 615 | 5 | 178455 | 40 | 419 | 71
768 | Revision_768/sql.c | U | 2127 | 2131 | 5 | 178456 | 40 | 334 | 71
768 | Revision_768/vhdl.c | U | 749 | 754 | 5 | 178457 | 40 | 427 | 71
768 | Revision_768/options.c | U | 674 | 678 | 5 | 178458 | 40 | 116 | 71
768 | Revision_768/vhdl.c | U | 730 | 735 | 5 | 178459 | 40 | 429 | 71
768 | Revision_768/jscript.c | U | 909 | 918 | 5 | 178460 | 40 | 332 | 71
768 | Revision_768/sql.c | U | 952 | 961 | 5 | 178461 | 40 | 359 | 71
768 | Revision_768/options.c | U | 1221 | 1225 | 5 | 178462 | 40 | 117 | 71
768 | Revision_768/jscript.c | U | 891 | 907 | 5 | 178463 | 40 | 338 | 71
768 | Revision_768/jscript.c | U | 920 | 925 | 5 | 178464 | 40 | 333 | 71
768 | Revision_768/sql.c | U | 970 | 980 | 5 | 178465 | 40 | 560 | 71
768 | Revision_768/sql.c | U | 1877 | 1886 | 5 | 178466 | 40 | 350 | 71
768 | Revision_768/sql.c | U | 1631 | 1638 | 5 | 178467 | 40 | 311 | 71
768 | Revision_768/flex.c | U | 1384 | 1394 | 5 | 178468 | 41 | 508 | 75
768 | Revision_768/jscript.c | U | 1486 | 1490 | 5 | 178469 | 41 | 342 | 75
768 | Revision_768/flex.c | U | 1896 | 1900 | 5 | 178470 | 41 | 509 | 75
768 | Revision_768/sql.c | U | 1101 | 1107 | 5 | 178471 | 41 | 344 | 75
768 | Revision_768/sql.c | U | 1185 | 1192 | 5 | 178472 | 41 | 343 | 75
768 | Revision_768/tex.c | U | 427 | 431 | 5 | 178473 | 41 | 557 | 75
768 | Revision_768/sql.c | U | 1943 | 1949 | 5 | 178474 | 41 | 345 | 75
768 | Revision_768/sql.c | U | 1914 | 1920 | 5 | 178475 | 41 | 346 | 75
768 | Revision_768/flex.c | U | 1461 | 1930 | 210 | 178476 | 42 | 510 | 77
768 | Revision_768/jscript.c | U | 1043 | 1520 | 210 | 178477 | 42 | 511 | 77
768 | Revision_768/flex.c | U | 1527 | 1562 | 34 | 178478 | 43 | 512 | 71
768 | Revision_768/vhdl.c | U | 768 | 801 | 34 | 178479 | 43 | 513 | 71
768 | Revision_768/flex.c | U | 1624 | 1650 | 12 | 178480 | 44 | 514 | 72
768 | Revision_768/flex.c | U | 1652 | 1674 | 12 | 178481 | 44 | 515 | 72
768 | Revision_768/flex.c | U | 1814 | 1831 | 5 | 178482 | 45 | 516 | 75
768 | Revision_768/readtags.c | U | 502 | 506 | 5 | 178483 | 45 | 87 | 75
768 | Revision_768/ocaml.c | U | 1111 | 1117 | 5 | 178484 | 45 | 602 | 75
768 | Revision_768/readtags.c | U | 681 | 685 | 5 | 178485 | 45 | 88 | 75
768 | Revision_768/flex.c | U | 1933 | 1980 | 29 | 178486 | 46 | 517 | 92
768 | Revision_768/jscript.c | U | 1523 | 1570 | 29 | 178487 | 46 | 518 | 92
768 | Revision_768/flex.c | U | 1946 | 1969 | 21 | 178488 | 47 | 519 | 70
768 | Revision_768/get.c | U | 406 | 413 | 21 | 178489 | 47 | 520 | 70
768 | Revision_768/flex.c | U | 1983 | 2026 | 23 | 178490 | 48 | 502 | 70
768 | Revision_768/sql.c | U | 1678 | 1716 | 23 | 178491 | 48 | 500 | 70
768 | Revision_768/flex.c | U | 2338 | 2378 | 23 | 178492 | 48 | 624 | 70
768 | Revision_768/flex.c | U | 2116 | 2169 | 23 | 178493 | 48 | 501 | 70
768 | Revision_768/flex.c | U | 2322 | 2325 | 8 | 178494 | 49 | 522 | 71
768 | Revision_768/Test/local.c | U | 14 | 20 | 8 | 178495 | 49 | 362 | 71
768 | Revision_768/jscript.c | U | 1579 | 1585 | 8 | 178496 | 49 | 361 | 71
768 | Revision_768/vhdl.c | U | 499 | 506 | 8 | 178497 | 49 | 420 | 71
768 | Revision_768/jscript.c | U | 1581 | 1584 | 8 | 178498 | 49 | 361 | 71
768 | Revision_768/flex.c | U | 2382 | 2386 | 5 | 178499 | 50 | 523 | 75
768 | Revision_768/jscript.c | U | 1594 | 1598 | 5 | 178500 | 50 | 348 | 75
768 | Revision_768/ocaml.c | U | 1832 | 1837 | 5 | 178501 | 50 | 603 | 75
768 | Revision_768/make.c | U | 191 | 195 | 5 | 178502 | 50 | 273 | 75
768 | Revision_768/ocaml.c | U | 903 | 909 | 5 | 178503 | 50 | 604 | 75
768 | Revision_768/tex.c | U | 481 | 485 | 5 | 178504 | 50 | 549 | 75
768 | Revision_768/sql.c | U | 2342 | 2346 | 5 | 178505 | 50 | 274 | 75
768 | Revision_768/options.c | U | 1773 | 1779 | 5 | 178506 | 50 | 605 | 75
768 | Revision_768/flex.c | U | 2389 | 2405 | 14 | 178507 | 51 | 524 | 100
768 | Revision_768/jscript.c | U | 1601 | 1617 | 14 | 178508 | 51 | 525 | 100
768 | Revision_768/get.c | U | 305 | 314 | 10 | 178509 | 52 | 74 | 70
768 | Revision_768/read.c | U | 220 | 231 | 10 | 178510 | 52 | 75 | 70
768 | Revision_768/parse.c | U | 586 | 600 | 10 | 178511 | 52 | 76 | 70
768 | Revision_768/get.c | U | 467 | 478 | 10 | 178512 | 53 | 77 | 87
768 | Revision_768/get.c | U | 484 | 495 | 10 | 178513 | 53 | 79 | 87
768 | Revision_768/get.c | U | 541 | 546 | 6 | 178514 | 54 | 80 | 80
768 | Revision_768/read.c | U | 424 | 428 | 6 | 178515 | 54 | 81 | 80
768 | Revision_768/get.c | U | 649 | 653 | 5 | 178516 | 55 | 394 | 75
768 | Revision_768/python.c | U | 244 | 247 | 5 | 178517 | 55 | 395 | 75
768 | Revision_768/gnu_regex/regcomp.c | U | 258 | 263 | 5 | 178518 | 56 | 563 | 75
768 | Revision_768/routines.c | U | 621 | 644 | 5 | 178519 | 56 | 377 | 75
768 | Revision_768/main.c | U | 126 | 139 | 5 | 178520 | 56 | 243 | 75
768 | Revision_768/options.c | U | 397 | 402 | 5 | 178521 | 56 | 244 | 75
768 | Revision_768/gnu_regex/regcomp.c | U | 765 | 770 | 5 | 178522 | 57 | 564 | 75
768 | Revision_768/gnu_regex/regcomp.c | U | 817 | 821 | 5 | 178523 | 57 | 565 | 75
768 | Revision_768/vhdl.c | U | 457 | 461 | 5 | 178524 | 57 | 421 | 75
768 | Revision_768/sql.c | U | 588 | 592 | 5 | 178525 | 57 | 206 | 75
768 | Revision_768/strlist.c | U | 150 | 154 | 5 | 178526 | 57 | 62 | 75
768 | Revision_768/routines.c | U | 453 | 459 | 5 | 178527 | 57 | 167 | 75
768 | Revision_768/gnu_regex/regcomp.c | U | 1222 | 1232 | 11 | 178528 | 58 | 566 | 70
768 | Revision_768/gnu_regex/regcomp.c | U | 3804 | 3816 | 11 | 178529 | 58 | 567 | 70
768 | Revision_768/gnu_regex/regcomp.c | U | 1277 | 1281 | 5 | 178530 | 59 | 568 | 100
768 | Revision_768/gnu_regex/regcomp.c | U | 1283 | 1287 | 5 | 178531 | 59 | 569 | 100
768 | Revision_768/gnu_regex/regcomp.c | U | 1477 | 1482 | 6 | 178532 | 60 | 570 | 80
768 | Revision_768/gnu_regex/regcomp.c | U | 1516 | 1522 | 6 | 178533 | 60 | 571 | 80
768 | Revision_768/gnu_regex/regcomp.c | U | 1662 | 1667 | 5 | 178534 | 61 | 572 | 75
768 | Revision_768/gnu_regex/regcomp.c | U | 1685 | 1689 | 5 | 178535 | 61 | 573 | 75
768 | Revision_768/gnu_regex/regex_internal.c | U | 76 | 80 | 5 | 178536 | 61 | 574 | 75
768 | Revision_768/gnu_regex/regcomp.c | U | 2011 | 2030 | 16 | 178537 | 62 | 575 | 75
768 | Revision_768/gnu_regex/regcomp.c | U | 2034 | 2046 | 16 | 178538 | 62 | 576 | 75
768 | Revision_768/gnu_regex/regcomp.c | U | 2158 | 2165 | 7 | 178539 | 63 | 577 | 80
768 | Revision_768/gnu_regex/regcomp.c | U | 2312 | 2319 | 7 | 178540 | 63 | 578 | 80
768 | Revision_768/gnu_regex/regcomp.c | U | 2292 | 2296 | 5 | 178541 | 64 | 579 | 75
768 | Revision_768/gnu_regex/regcomp.c | U | 2298 | 2302 | 5 | 178542 | 64 | 580 | 75
768 | Revision_768/readtags.c | U | 242 | 246 | 5 | 178543 | 64 | 581 | 75
768 | Revision_768/gnu_regex/regex_internal.c | U | 1048 | 1055 | 8 | 178544 | 65 | 582 | 71
768 | Revision_768/gnu_regex/regex_internal.c | U | 1188 | 1195 | 8 | 178545 | 65 | 584 | 71
768 | Revision_768/gnu_regex/regex_internal.c | U | 1562 | 1570 | 8 | 178546 | 65 | 583 | 71
768 | Revision_768/gnu_regex/regex_internal.c | U | 1101 | 1116 | 13 | 178547 | 66 | 585 | 80
768 | Revision_768/gnu_regex/regex_internal.c | U | 1234 | 1254 | 13 | 178548 | 66 | 586 | 80
768 | Revision_768/gnu_regex/regex_internal.c | U | 1287 | 1294 | 8 | 178549 | 67 | 587 | 85
768 | Revision_768/gnu_regex/regex_internal.c | U | 1326 | 1333 | 8 | 178550 | 67 | 588 | 85
768 | Revision_768/gnu_regex/regex_internal.c | U | 1464 | 1492 | 22 | 178551 | 68 | 589 | 70
768 | Revision_768/gnu_regex/regex_internal.c | U | 1508 | 1535 | 22 | 178552 | 68 | 590 | 70
768 | Revision_768/jscript.c | U | 356 | 453 | 126 | 178553 | 69 | 299 | 74
768 | Revision_768/sql.c | U | 531 | 679 | 126 | 178554 | 69 | 300 | 74
768 | Revision_768/jscript.c | U | 1005 | 1016 | 7 | 178555 | 70 | 399 | 83
768 | Revision_768/jscript.c | U | 1019 | 1029 | 7 | 178556 | 70 | 336 | 83
768 | Revision_768/jscript.c | U | 1089 | 1098 | 6 | 178557 | 71 | 360 | 75
768 | Revision_768/options.c | U | 1683 | 1687 | 6 | 178558 | 71 | 223 | 75
768 | Revision_768/jscript.c | U | 1169 | 1195 | 12 | 178559 | 72 | 372 | 72
768 | Revision_768/jscript.c | U | 1197 | 1219 | 12 | 178560 | 72 | 373 | 72
768 | Revision_768/keyword.c | U | 184 | 188 | 5 | 178561 | 73 | 85 | 75
768 | Revision_768/options.c | U | 1042 | 1046 | 5 | 178562 | 73 | 86 | 75
768 | Revision_768/readtags.c | U | 452 | 456 | 5 | 178563 | 73 | 87 | 75
768 | Revision_768/sql.c | U | 1355 | 1359 | 5 | 178564 | 73 | 397 | 75
768 | Revision_768/lisp.c | U | 91 | 97 | 7 | 178565 | 74 | 89 | 83
768 | Revision_768/lisp.c | U | 112 | 118 | 7 | 178566 | 74 | 90 | 83
768 | Revision_768/make.c | U | 44 | 48 | 5 | 178567 | 75 | 267 | 75
768 | Revision_768/verilog.c | U | 287 | 291 | 5 | 178568 | 75 | 268 | 75
768 | Revision_768/make.c | U | 77 | 87 | 11 | 178569 | 76 | 269 | 77
768 | Revision_768/verilog.c | U | 199 | 212 | 11 | 178570 | 76 | 270 | 77
768 | Revision_768/make.c | U | 97 | 105 | 8 | 178571 | 77 | 271 | 75
768 | Revision_768/verilog.c | U | 187 | 193 | 8 | 178572 | 77 | 272 | 75
768 | Revision_768/ocaml.c | U | 676 | 680 | 5 | 178573 | 78 | 606 | 75
768 | Revision_768/ocaml.c | U | 699 | 703 | 5 | 178574 | 78 | 607 | 75
768 | Revision_768/ocaml.c | U | 720 | 725 | 5 | 178575 | 78 | 608 | 75
768 | Revision_768/ocaml.c | U | 756 | 778 | 22 | 178576 | 79 | 609 | 71
768 | Revision_768/ocaml.c | U | 832 | 856 | 22 | 178577 | 79 | 610 | 71
768 | Revision_768/ocaml.c | U | 793 | 798 | 7 | 178578 | 80 | 611 | 71
768 | Revision_768/ocaml.c | U | 805 | 812 | 7 | 178579 | 80 | 612 | 71
768 | Revision_768/sql.c | U | 495 | 510 | 7 | 178580 | 80 | 296 | 71
768 | Revision_768/ocaml.c | U | 927 | 950 | 19 | 178581 | 81 | 616 | 70
768 | Revision_768/ocaml.c | U | 1502 | 1522 | 19 | 178582 | 81 | 617 | 70
768 | Revision_768/ocaml.c | U | 955 | 963 | 6 | 178583 | 82 | 618 | 75
768 | Revision_768/ocaml.c | U | 1062 | 1070 | 6 | 178584 | 82 | 619 | 75
768 | Revision_768/ocaml.c | U | 1195 | 1243 | 28 | 178585 | 83 | 620 | 70
768 | Revision_768/ocaml.c | U | 1529 | 1569 | 28 | 178586 | 83 | 615 | 70
768 | Revision_768/ocaml.c | U | 1398 | 1430 | 28 | 178587 | 83 | 621 | 70
768 | Revision_768/ocaml.c | U | 1786 | 1790 | 5 | 178588 | 84 | 622 | 75
768 | Revision_768/ocaml.c | U | 1793 | 1797 | 5 | 178589 | 84 | 623 | 75
768 | Revision_768/options.c | U | 369 | 375 | 6 | 178590 | 85 | 107 | 100
768 | Revision_768/options.c | U | 378 | 384 | 6 | 178591 | 85 | 108 | 100
768 | Revision_768/options.c | U | 543 | 549 | 7 | 178592 | 86 | 112 | 100
768 | Revision_768/options.c | U | 570 | 576 | 7 | 178593 | 86 | 115 | 100
768 | Revision_768/options.c | U | 552 | 558 | 7 | 178594 | 86 | 114 | 100
768 | Revision_768/options.c | U | 561 | 567 | 7 | 178595 | 86 | 113 | 100
768 | Revision_768/options.c | U | 982 | 986 | 5 | 178596 | 87 | 118 | 75
768 | Revision_768/options.c | U | 1008 | 1012 | 5 | 178597 | 87 | 119 | 75
768 | Revision_768/options.c | U | 1102 | 1106 | 5 | 178598 | 88 | 120 | 100
768 | Revision_768/options.c | U | 1108 | 1112 | 5 | 178599 | 88 | 120 | 100
768 | Revision_768/options.c | U | 1154 | 1166 | 12 | 178600 | 89 | 245 | 100
768 | Revision_768/options.c | U | 1171 | 1183 | 12 | 178601 | 89 | 123 | 100
768 | Revision_768/options.c | U | 1425 | 1442 | 15 | 178602 | 90 | 124 | 91
768 | Revision_768/options.c | U | 1463 | 1480 | 15 | 178603 | 90 | 125 | 91
768 | Revision_768/parse.c | U | 96 | 106 | 11 | 178604 | 91 | 126 | 88
768 | Revision_768/parse.c | U | 109 | 120 | 11 | 178605 | 91 | 127 | 88
768 | Revision_768/parse.c | U | 299 | 303 | 5 | 178606 | 92 | 246 | 75
768 | Revision_768/parse.c | U | 556 | 560 | 5 | 178607 | 92 | 247 | 75
768 | Revision_768/parse.c | U | 575 | 579 | 5 | 178608 | 92 | 248 | 75
768 | Revision_768/pascal.c | U | 134 | 138 | 5 | 178609 | 93 | 128 | 75
768 | Revision_768/perl.c | U | 187 | 191 | 5 | 178610 | 93 | 129 | 75
768 | Revision_768/pascal.c | U | 150 | 154 | 5 | 178611 | 94 | 212 | 75
768 | Revision_768/pascal.c | U | 176 | 182 | 5 | 178612 | 94 | 130 | 75
768 | Revision_768/pascal.c | U | 184 | 190 | 5 | 178613 | 94 | 131 | 75
768 | Revision_768/python.c | U | 688 | 692 | 5 | 178614 | 94 | 370 | 75
768 | Revision_768/perl.c | U | 208 | 214 | 7 | 178615 | 95 | 262 | 83
768 | Revision_768/perl.c | U | 254 | 259 | 7 | 178616 | 95 | 367 | 83
768 | Revision_768/python.c | U | 148 | 161 | 11 | 178617 | 96 | 39 | 77
768 | Revision_768/python.c | U | 191 | 202 | 11 | 178618 | 96 | 14 | 77
768 | Revision_768/python.c | U | 588 | 592 | 7 | 178619 | 97 | 370 | 80
768 | Revision_768/python.c | U | 593 | 598 | 7 | 178620 | 97 | 370 | 80
768 | Revision_768/python.c | U | 694 | 703 | 8 | 178621 | 98 | 436 | 83
768 | Revision_768/python.c | U | 705 | 713 | 8 | 178622 | 98 | 14 | 83
768 | Revision_768/readtags.c | U | 106 | 113 | 8 | 178623 | 99 | 149 | 83
768 | Revision_768/readtags.c | U | 116 | 123 | 8 | 178624 | 99 | 134 | 83
768 | Revision_768/routines.c | U | 288 | 295 | 8 | 178625 | 99 | 155 | 83
768 | Revision_768/routines.c | U | 298 | 305 | 8 | 178626 | 99 | 156 | 83
768 | Revision_768/readtags.c | U | 144 | 148 | 5 | 178627 | 100 | 110 | 75
768 | Revision_768/vstring.c | U | 35 | 40 | 5 | 178628 | 100 | 111 | 75
768 | Revision_768/readtags.c | U | 541 | 547 | 6 | 178629 | 101 | 150 | 100
768 | Revision_768/readtags.c | U | 549 | 555 | 6 | 178630 | 101 | 151 | 100
768 | Revision_768/readtags.c | U | 584 | 588 | 6 | 178631 | 102 | 134 | 75
768 | Revision_768/readtags.c | U | 639 | 645 | 6 | 178632 | 102 | 135 | 75
768 | Revision_768/readtags.c | U | 718 | 726 | 8 | 178633 | 103 | 136 | 83
768 | Revision_768/readtags.c | U | 773 | 781 | 8 | 178634 | 103 | 139 | 83
768 | Revision_768/readtags.c | U | 729 | 737 | 8 | 178635 | 103 | 139 | 83
768 | Revision_768/readtags.c | U | 740 | 745 | 6 | 178636 | 104 | 152 | 80
768 | Revision_768/readtags.c | U | 757 | 762 | 6 | 178637 | 104 | 153 | 80
768 | Revision_768/readtags.c | U | 765 | 770 | 6 | 178638 | 104 | 187 | 80
768 | Revision_768/routines.c | U | 237 | 244 | 6 | 178639 | 105 | 157 | 80
768 | Revision_768/routines.c | U | 247 | 254 | 6 | 178640 | 105 | 158 | 80
768 | Revision_768/routines.c | U | 322 | 326 | 5 | 178641 | 106 | 159 | 75
768 | Revision_768/vstring.c | U | 125 | 129 | 5 | 178642 | 106 | 94 | 75
768 | Revision_768/vstring.c | U | 118 | 122 | 5 | 178643 | 106 | 95 | 75
768 | Revision_768/routines.c | U | 329 | 335 | 6 | 178644 | 107 | 160 | 100
768 | Revision_768/routines.c | U | 338 | 344 | 6 | 178645 | 107 | 161 | 100
768 | Revision_768/routines.c | U | 349 | 356 | 8 | 178646 | 108 | 162 | 100
768 | Revision_768/routines.c | U | 361 | 368 | 8 | 178647 | 108 | 163 | 100
768 | Revision_768/scheme.c | U | 70 | 78 | 8 | 178648 | 109 | 140 | 71
768 | Revision_768/scheme.c | U | 85 | 93 | 8 | 178649 | 109 | 141 | 71
768 | Revision_768/sort.c | U | 118 | 123 | 5 | 178650 | 110 | 182 | 100
768 | Revision_768/sort.c | U | 126 | 131 | 5 | 178651 | 110 | 183 | 100
768 | Revision_768/sql.c | U | 735 | 784 | 32 | 178652 | 111 | 422 | 72
768 | Revision_768/vhdl.c | U | 493 | 533 | 32 | 178653 | 111 | 423 | 72
768 | Revision_768/sql.c | U | 1127 | 1148 | 29 | 178654 | 112 | 337 | 70
768 | Revision_768/tex.c | U | 448 | 475 | 29 | 178655 | 112 | 614 | 70
768 | Revision_768/sql.c | U | 1740 | 1776 | 24 | 178656 | 113 | 351 | 78
768 | Revision_768/sql.c | U | 2146 | 2189 | 24 | 178657 | 113 | 352 | 78
768 | Revision_768/sql.c | U | 2085 | 2143 | 34 | 178658 | 114 | 629 | 100
768 | Revision_768/sql.c | U | 2192 | 2253 | 34 | 178659 | 114 | 630 | 100
768 | Revision_768/sql.c | U | 2110 | 2135 | 17 | 178660 | 115 | 353 | 84
768 | Revision_768/sql.c | U | 2159 | 2183 | 17 | 178661 | 115 | 354 | 84
768 | Revision_768/sql.c | U | 2220 | 2245 | 17 | 178662 | 115 | 631 | 84
768 | Revision_768/sql.c | U | 2349 | 2357 | 7 | 178663 | 116 | 426 | 71
768 | Revision_768/vhdl.c | U | 813 | 821 | 7 | 178664 | 116 | 427 | 71
768 | Revision_768/tex.c | U | 488 | 497 | 7 | 178665 | 116 | 554 | 71
768 | Revision_768/strlist.c | U | 32 | 38 | 8 | 178666 | 117 | 142 | 71
768 | Revision_768/vstring.c | U | 77 | 87 | 8 | 178667 | 117 | 143 | 71
768 | Revision_768/strlist.c | U | 191 | 196 | 7 | 178668 | 118 | 146 | 83
768 | Revision_768/strlist.c | U | 200 | 206 | 7 | 178669 | 118 | 264 | 83
768 | Revision_768/tex.c | U | 271 | 346 | 73 | 178670 | 119 | 550 | 72
768 | Revision_768/vhdl.c | U | 405 | 479 | 73 | 178671 | 119 | 625 | 72
768 | Revision_768/tex.c | U | 388 | 405 | 16 | 178672 | 120 | 558 | 83
768 | Revision_768/tex.c | U | 413 | 432 | 16 | 178673 | 120 | 559 | 83
768 | Revision_768/verilog.c | U | 142 | 146 | 5 | 178674 | 121 | 259 | 75
768 | Revision_768/verilog.c | U | 239 | 243 | 5 | 178675 | 121 | 260 | 75
768 | Revision_768/vhdl.c | U | 724 | 741 | 15 | 178676 | 122 | 430 | 100
768 | Revision_768/vhdl.c | U | 743 | 760 | 15 | 178677 | 122 | 427 | 100
768 | Revision_768/vim.c | U | 97 | 101 | 5 | 178678 | 123 | 192 | 100
768 | Revision_768/vim.c | U | 103 | 107 | 5 | 178679 | 123 | 193 | 100
768 | Revision_768/vim.c | U | 244 | 267 | 17 | 178680 | 124 | 224 | 76
768 | Revision_768/vim.c | U | 294 | 312 | 17 | 178681 | 124 | 147 | 76
