Revision | filePath | changeType | StartLine | EndLine | Nlines | cloneId | classId | globalCloneId | Similarity
775 | Revision_775/ant.c | U | 33 | 40 | 8 | 181959 | 1 | 526 | 70
775 | Revision_775/yacc.c | U | 31 | 38 | 8 | 181960 | 1 | 28 | 70
775 | Revision_775/matlab.c | U | 35 | 42 | 8 | 181961 | 1 | 527 | 70
775 | Revision_775/lua.c | U | 123 | 131 | 8 | 181962 | 1 | 154 | 70
775 | Revision_775/beta.c | U | 311 | 319 | 8 | 181963 | 1 | 15 | 70
775 | Revision_775/dosbatch.c | U | 33 | 40 | 8 | 181964 | 1 | 529 | 70
775 | Revision_775/slang.c | U | 34 | 41 | 8 | 181965 | 1 | 27 | 70
775 | Revision_775/rexx.c | U | 30 | 37 | 8 | 181966 | 1 | 25 | 70
775 | Revision_775/jscript.c | U | 1621 | 1634 | 8 | 181967 | 1 | 281 | 70
775 | Revision_775/vim.c | U | 637 | 645 | 8 | 181968 | 1 | 20 | 70
775 | Revision_775/keyword.c | U | 107 | 116 | 8 | 181969 | 1 | 29 | 70
775 | Revision_775/html.c | U | 40 | 47 | 8 | 181970 | 1 | 253 | 70
775 | Revision_775/php.c | U | 91 | 98 | 8 | 181971 | 1 | 366 | 70
775 | Revision_775/cobol.c | U | 40 | 48 | 8 | 181972 | 1 | 213 | 70
775 | Revision_775/tex.c | U | 501 | 514 | 8 | 181973 | 1 | 528 | 70
775 | Revision_775/ruby.c | U | 398 | 406 | 8 | 181974 | 1 | 16 | 70
775 | Revision_775/ocaml.c | U | 1882 | 1892 | 8 | 181975 | 1 | 601 | 70
775 | Revision_775/vhdl.c | U | 824 | 833 | 8 | 181976 | 1 | 403 | 70
775 | Revision_775/basic.c | U | 193 | 201 | 8 | 181977 | 1 | 275 | 70
775 | Revision_775/sml.c | U | 202 | 210 | 8 | 181978 | 1 | 216 | 70
775 | Revision_775/awk.c | U | 71 | 79 | 8 | 181979 | 1 | 10 | 70
775 | Revision_775/erlang.c | U | 179 | 187 | 8 | 181980 | 1 | 230 | 70
775 | Revision_775/tcl.c | U | 106 | 114 | 8 | 181981 | 1 | 22 | 70
775 | Revision_775/scheme.c | U | 99 | 109 | 8 | 181982 | 1 | 17 | 70
775 | Revision_775/sql.c | U | 2360 | 2369 | 8 | 181983 | 1 | 197 | 70
775 | Revision_775/sh.c | U | 103 | 113 | 8 | 181984 | 1 | 24 | 70
775 | Revision_775/pascal.c | U | 257 | 265 | 8 | 181985 | 1 | 13 | 70
775 | Revision_775/verilog.c | U | 330 | 339 | 8 | 181986 | 1 | 184 | 70
775 | Revision_775/asp.c | U | 317 | 325 | 8 | 181987 | 1 | 18 | 70
775 | Revision_775/objc.c | U | 1137 | 1147 | 8 | 181988 | 1 | 639 | 70
775 | Revision_775/python.c | U | 763 | 771 | 8 | 181989 | 1 | 14 | 70
775 | Revision_775/perl.c | U | 372 | 380 | 8 | 181990 | 1 | 19 | 70
775 | Revision_775/lisp.c | U | 127 | 137 | 8 | 181991 | 1 | 11 | 70
775 | Revision_775/make.c | U | 205 | 215 | 8 | 181992 | 1 | 26 | 70
775 | Revision_775/flex.c | U | 2409 | 2422 | 8 | 181993 | 1 | 438 | 70
775 | Revision_775/options.c | U | 533 | 538 | 8 | 181994 | 1 | 30 | 70
775 | Revision_775/options.c | U | 626 | 632 | 8 | 181995 | 1 | 242 | 70
775 | Revision_775/asm.c | U | 366 | 385 | 8 | 181996 | 1 | 174 | 70
775 | Revision_775/args.c | U | 85 | 92 | 8 | 181997 | 2 | 1 | 100
775 | Revision_775/args.c | U | 160 | 167 | 8 | 181998 | 2 | 2 | 100
775 | Revision_775/args.c | U | 182 | 190 | 9 | 181999 | 3 | 3 | 75
775 | Revision_775/args.c | U | 193 | 200 | 9 | 182000 | 3 | 4 | 75
775 | Revision_775/args.c | U | 203 | 211 | 9 | 182001 | 3 | 5 | 75
775 | Revision_775/args.c | U | 266 | 272 | 7 | 182002 | 4 | 6 | 83
775 | Revision_775/options.c | U | 579 | 584 | 7 | 182003 | 4 | 7 | 83
775 | Revision_775/asm.c | U | 120 | 128 | 8 | 182004 | 5 | 188 | 71
775 | Revision_775/jscript.c | U | 180 | 189 | 8 | 182005 | 5 | 280 | 71
775 | Revision_775/sql.c | U | 409 | 418 | 8 | 182006 | 5 | 196 | 71
775 | Revision_775/tex.c | U | 149 | 158 | 8 | 182007 | 5 | 530 | 71
775 | Revision_775/flex.c | U | 216 | 225 | 8 | 182008 | 5 | 437 | 71
775 | Revision_775/verilog.c | U | 108 | 118 | 8 | 182009 | 5 | 258 | 71
775 | Revision_775/vhdl.c | U | 573 | 583 | 8 | 182010 | 5 | 401 | 71
775 | Revision_775/asm.c | U | 131 | 139 | 8 | 182011 | 6 | 170 | 71
775 | Revision_775/keyword.c | U | 195 | 202 | 8 | 182012 | 6 | 432 | 71
775 | Revision_775/asm.c | U | 243 | 256 | 11 | 182013 | 7 | 191 | 77
775 | Revision_775/asm.c | U | 261 | 271 | 11 | 182014 | 7 | 179 | 77
775 | Revision_775/asm.c | U | 347 | 352 | 6 | 182015 | 8 | 256 | 80
775 | Revision_775/sh.c | U | 89 | 94 | 6 | 182016 | 8 | 257 | 80
775 | Revision_775/asp.c | U | 72 | 91 | 15 | 182017 | 9 | 31 | 100
775 | Revision_775/asp.c | U | 95 | 114 | 15 | 182018 | 9 | 32 | 100
775 | Revision_775/asp.c | U | 118 | 163 | 40 | 182019 | 10 | 591 | 100
775 | Revision_775/asp.c | U | 165 | 210 | 40 | 182020 | 10 | 592 | 100
775 | Revision_775/asp.c | U | 125 | 137 | 11 | 182021 | 11 | 33 | 70
775 | Revision_775/asp.c | U | 253 | 268 | 11 | 182022 | 11 | 34 | 70
775 | Revision_775/asp.c | U | 214 | 230 | 11 | 182023 | 11 | 34 | 70
775 | Revision_775/asp.c | U | 234 | 249 | 11 | 182024 | 11 | 34 | 70
775 | Revision_775/asp.c | U | 139 | 151 | 11 | 182025 | 11 | 593 | 70
775 | Revision_775/asp.c | U | 291 | 306 | 11 | 182026 | 11 | 595 | 70
775 | Revision_775/asp.c | U | 272 | 287 | 11 | 182027 | 11 | 596 | 70
775 | Revision_775/asp.c | U | 152 | 161 | 11 | 182028 | 11 | 594 | 70
775 | Revision_775/asp.c | U | 172 | 184 | 11 | 182029 | 11 | 597 | 70
775 | Revision_775/asp.c | U | 186 | 198 | 11 | 182030 | 11 | 598 | 70
775 | Revision_775/asp.c | U | 275 | 286 | 11 | 182031 | 11 | 596 | 70
775 | Revision_775/lua.c | U | 81 | 88 | 11 | 182032 | 11 | 185 | 70
775 | Revision_775/asp.c | U | 256 | 267 | 11 | 182033 | 11 | 595 | 70
775 | Revision_775/vim.c | U | 301 | 310 | 11 | 182034 | 11 | 599 | 70
775 | Revision_775/asp.c | U | 237 | 248 | 11 | 182035 | 11 | 593 | 70
775 | Revision_775/asp.c | U | 294 | 305 | 11 | 182036 | 11 | 34 | 70
775 | Revision_775/asp.c | U | 218 | 229 | 11 | 182037 | 11 | 34 | 70
775 | Revision_775/vim.c | U | 256 | 265 | 11 | 182038 | 11 | 600 | 70
775 | Revision_775/asp.c | U | 199 | 208 | 11 | 182039 | 11 | 18 | 70
775 | Revision_775/basic.c | U | 135 | 140 | 6 | 182040 | 12 | 278 | 80
775 | Revision_775/basic.c | U | 147 | 152 | 6 | 182041 | 12 | 279 | 80
775 | Revision_775/beta.c | U | 71 | 80 | 10 | 182042 | 13 | 43 | 70
775 | Revision_775/sql.c | U | 447 | 461 | 10 | 182043 | 13 | 198 | 70
775 | Revision_775/tex.c | U | 186 | 200 | 10 | 182044 | 13 | 531 | 70
775 | Revision_775/sml.c | U | 75 | 81 | 10 | 182045 | 13 | 217 | 70
775 | Revision_775/vhdl.c | U | 536 | 548 | 10 | 182046 | 13 | 404 | 70
775 | Revision_775/parse.c | U | 43 | 54 | 10 | 182047 | 13 | 44 | 70
775 | Revision_775/flex.c | U | 256 | 270 | 10 | 182048 | 13 | 439 | 70
775 | Revision_775/jscript.c | U | 219 | 233 | 10 | 182049 | 13 | 283 | 70
775 | Revision_775/beta.c | U | 134 | 141 | 6 | 182050 | 14 | 45 | 75
775 | Revision_775/beta.c | U | 204 | 212 | 6 | 182051 | 14 | 46 | 75
775 | Revision_775/beta.c | U | 152 | 156 | 5 | 182052 | 15 | 47 | 75
775 | Revision_775/beta.c | U | 158 | 162 | 5 | 182053 | 15 | 49 | 75
775 | Revision_775/beta.c | U | 165 | 169 | 5 | 182054 | 15 | 51 | 75
775 | Revision_775/beta.c | U | 277 | 281 | 5 | 182055 | 15 | 48 | 75
775 | Revision_775/beta.c | U | 271 | 275 | 5 | 182056 | 15 | 50 | 75
775 | Revision_775/erlang.c | U | 58 | 62 | 5 | 182057 | 16 | 231 | 75
775 | Revision_775/python.c | U | 256 | 260 | 5 | 182058 | 16 | 180 | 75
775 | Revision_775/python.c | U | 278 | 282 | 5 | 182059 | 16 | 368 | 75
775 | Revision_775/options.c | U | 963 | 968 | 5 | 182060 | 16 | 181 | 75
775 | Revision_775/sml.c | U | 84 | 88 | 5 | 182061 | 16 | 218 | 75
775 | Revision_775/erlang.c | U | 66 | 75 | 9 | 182062 | 17 | 232 | 75
775 | Revision_775/tcl.c | U | 44 | 54 | 9 | 182063 | 17 | 195 | 75
775 | Revision_775/python.c | U | 286 | 295 | 9 | 182064 | 17 | 194 | 75
775 | Revision_775/erlang.c | U | 97 | 105 | 7 | 182065 | 18 | 237 | 71
775 | Revision_775/erlang.c | U | 108 | 113 | 7 | 182066 | 18 | 235 | 71
775 | Revision_775/erlang.c | U | 116 | 121 | 7 | 182067 | 18 | 239 | 71
775 | Revision_775/main.c | U | 260 | 267 | 7 | 182068 | 18 | 254 | 71
775 | Revision_775/perl.c | U | 353 | 359 | 7 | 182069 | 18 | 262 | 71
775 | Revision_775/perl.c | U | 339 | 346 | 7 | 182070 | 18 | 19 | 71
775 | Revision_775/main.c | U | 179 | 185 | 7 | 182071 | 18 | 255 | 71
775 | Revision_775/flex.c | U | 228 | 242 | 12 | 182072 | 19 | 440 | 75
775 | Revision_775/sql.c | U | 421 | 433 | 12 | 182073 | 19 | 205 | 75
775 | Revision_775/tex.c | U | 161 | 172 | 12 | 182074 | 19 | 532 | 75
775 | Revision_775/jscript.c | U | 192 | 205 | 12 | 182075 | 19 | 282 | 75
775 | Revision_775/vhdl.c | U | 342 | 351 | 12 | 182076 | 19 | 405 | 75
775 | Revision_775/flex.c | U | 245 | 249 | 5 | 182077 | 20 | 441 | 75
775 | Revision_775/jscript.c | U | 208 | 212 | 5 | 182078 | 20 | 286 | 75
775 | Revision_775/sql.c | U | 436 | 440 | 5 | 182079 | 20 | 288 | 75
775 | Revision_775/tex.c | U | 175 | 179 | 5 | 182080 | 20 | 533 | 75
775 | Revision_775/vhdl.c | U | 354 | 361 | 5 | 182081 | 20 | 406 | 75
775 | Revision_775/vstring.c | U | 69 | 73 | 5 | 182082 | 20 | 287 | 75
775 | Revision_775/vstring.c | U | 67 | 74 | 5 | 182083 | 20 | 287 | 75
775 | Revision_775/flex.c | U | 273 | 306 | 16 | 182084 | 21 | 442 | 73
775 | Revision_775/tex.c | U | 203 | 224 | 16 | 182085 | 21 | 534 | 73
775 | Revision_775/jscript.c | U | 236 | 257 | 16 | 182086 | 21 | 289 | 73
775 | Revision_775/sql.c | U | 464 | 485 | 16 | 182087 | 21 | 290 | 73
775 | Revision_775/vhdl.c | U | 551 | 570 | 16 | 182088 | 21 | 407 | 73
775 | Revision_775/flex.c | U | 295 | 303 | 11 | 182089 | 22 | 561 | 70
775 | Revision_775/vhdl.c | U | 553 | 569 | 11 | 182090 | 22 | 407 | 70
775 | Revision_775/flex.c | U | 309 | 333 | 20 | 182091 | 23 | 443 | 71
775 | Revision_775/flex.c | U | 336 | 356 | 20 | 182092 | 23 | 445 | 71
775 | Revision_775/jscript.c | U | 287 | 311 | 20 | 182093 | 23 | 433 | 71
775 | Revision_775/jscript.c | U | 260 | 284 | 20 | 182094 | 23 | 398 | 71
775 | Revision_775/flex.c | U | 359 | 383 | 20 | 182095 | 23 | 446 | 71
775 | Revision_775/flex.c | U | 1863 | 1903 | 20 | 182096 | 23 | 444 | 71
775 | Revision_775/jscript.c | U | 1453 | 1493 | 20 | 182097 | 23 | 434 | 71
775 | Revision_775/jscript.c | U | 1358 | 1421 | 20 | 182098 | 23 | 637 | 71
775 | Revision_775/flex.c | U | 316 | 320 | 5 | 182099 | 24 | 535 | 75
775 | Revision_775/jscript.c | U | 1391 | 1395 | 5 | 182100 | 24 | 342 | 75
775 | Revision_775/tex.c | U | 419 | 423 | 5 | 182101 | 24 | 555 | 75
775 | Revision_775/tex.c | U | 395 | 399 | 5 | 182102 | 24 | 556 | 75
775 | Revision_775/flex.c | U | 366 | 370 | 5 | 182103 | 24 | 537 | 75
775 | Revision_775/flex.c | U | 343 | 347 | 5 | 182104 | 24 | 538 | 75
775 | Revision_775/jscript.c | U | 267 | 271 | 5 | 182105 | 24 | 291 | 75
775 | Revision_775/jscript.c | U | 294 | 298 | 5 | 182106 | 24 | 280 | 75
775 | Revision_775/jscript.c | U | 1474 | 1478 | 5 | 182107 | 24 | 361 | 75
775 | Revision_775/flex.c | U | 1884 | 1888 | 5 | 182108 | 24 | 539 | 75
775 | Revision_775/flex.c | U | 390 | 408 | 16 | 182109 | 25 | 447 | 78
775 | Revision_775/tex.c | U | 231 | 249 | 16 | 182110 | 25 | 540 | 78
775 | Revision_775/vhdl.c | U | 368 | 386 | 16 | 182111 | 25 | 409 | 78
775 | Revision_775/jscript.c | U | 318 | 336 | 16 | 182112 | 25 | 398 | 78
775 | Revision_775/sql.c | U | 492 | 512 | 16 | 182113 | 25 | 296 | 78
775 | Revision_775/flex.c | U | 414 | 425 | 12 | 182114 | 26 | 448 | 100
775 | Revision_775/jscript.c | U | 342 | 353 | 12 | 182115 | 26 | 295 | 100
775 | Revision_775/tex.c | U | 256 | 268 | 12 | 182116 | 26 | 541 | 100
775 | Revision_775/vhdl.c | U | 391 | 402 | 12 | 182117 | 26 | 410 | 100
775 | Revision_775/sql.c | U | 517 | 528 | 12 | 182118 | 26 | 296 | 100
775 | Revision_775/flex.c | U | 437 | 441 | 6 | 182119 | 27 | 449 | 71
775 | Revision_775/jscript.c | U | 365 | 369 | 6 | 182120 | 27 | 291 | 71
775 | Revision_775/flex.c | U | 510 | 514 | 6 | 182121 | 27 | 450 | 71
775 | Revision_775/sql.c | U | 540 | 553 | 6 | 182122 | 27 | 206 | 71
775 | Revision_775/vhdl.c | U | 414 | 418 | 6 | 182123 | 27 | 411 | 71
775 | Revision_775/tex.c | U | 280 | 284 | 6 | 182124 | 27 | 542 | 71
775 | Revision_775/flex.c | U | 688 | 693 | 6 | 182125 | 27 | 451 | 71
775 | Revision_775/flex.c | U | 483 | 488 | 6 | 182126 | 27 | 452 | 71
775 | Revision_775/flex.c | U | 631 | 636 | 6 | 182127 | 27 | 450 | 71
775 | Revision_775/flex.c | U | 696 | 701 | 6 | 182128 | 27 | 451 | 71
775 | Revision_775/flex.c | U | 623 | 628 | 6 | 182129 | 27 | 453 | 71
775 | Revision_775/flex.c | U | 703 | 710 | 6 | 182130 | 27 | 455 | 71
775 | Revision_775/flex.c | U | 664 | 671 | 6 | 182131 | 27 | 454 | 71
775 | Revision_775/flex.c | U | 652 | 659 | 6 | 182132 | 27 | 456 | 71
775 | Revision_775/flex.c | U | 532 | 538 | 6 | 182133 | 27 | 457 | 71
775 | Revision_775/flex.c | U | 545 | 551 | 6 | 182134 | 27 | 458 | 71
775 | Revision_775/flex.c | U | 599 | 606 | 6 | 182135 | 27 | 459 | 71
775 | Revision_775/flex.c | U | 638 | 645 | 6 | 182136 | 27 | 460 | 71
775 | Revision_775/flex.c | U | 558 | 565 | 6 | 182137 | 27 | 461 | 71
775 | Revision_775/flex.c | U | 678 | 686 | 6 | 182138 | 27 | 632 | 71
775 | Revision_775/flex.c | U | 613 | 621 | 6 | 182139 | 27 | 450 | 71
775 | Revision_775/flex.c | U | 490 | 515 | 25 | 182140 | 28 | 462 | 70
775 | Revision_775/sql.c | U | 625 | 655 | 25 | 182141 | 28 | 464 | 70
775 | Revision_775/jscript.c | U | 405 | 435 | 25 | 182142 | 28 | 463 | 70
775 | Revision_775/flex.c | U | 596 | 647 | 51 | 182143 | 29 | 633 | 78
775 | Revision_775/flex.c | U | 649 | 713 | 51 | 182144 | 29 | 634 | 78
775 | Revision_775/flex.c | U | 734 | 743 | 10 | 182145 | 30 | 467 | 100
775 | Revision_775/tex.c | U | 317 | 326 | 10 | 182146 | 30 | 543 | 100
775 | Revision_775/vhdl.c | U | 467 | 476 | 10 | 182147 | 30 | 413 | 100
775 | Revision_775/jscript.c | U | 441 | 450 | 10 | 182148 | 30 | 412 | 100
775 | Revision_775/flex.c | U | 749 | 758 | 9 | 182149 | 31 | 468 | 77
775 | Revision_775/tex.c | U | 349 | 356 | 9 | 182150 | 31 | 544 | 77
775 | Revision_775/sql.c | U | 787 | 794 | 9 | 182151 | 31 | 313 | 77
775 | Revision_775/jscript.c | U | 456 | 464 | 9 | 182152 | 31 | 301 | 77
775 | Revision_775/flex.c | U | 765 | 795 | 17 | 182153 | 32 | 469 | 83
775 | Revision_775/flex.c | U | 798 | 827 | 17 | 182154 | 32 | 470 | 83
775 | Revision_775/jscript.c | U | 471 | 501 | 17 | 182155 | 32 | 284 | 83
775 | Revision_775/jscript.c | U | 504 | 533 | 17 | 182156 | 32 | 371 | 83
775 | Revision_775/vhdl.c | U | 514 | 532 | 17 | 182157 | 32 | 414 | 83
775 | Revision_775/sql.c | U | 765 | 783 | 17 | 182158 | 32 | 400 | 83
775 | Revision_775/flex.c | U | 830 | 837 | 7 | 182159 | 33 | 471 | 80
775 | Revision_775/flex.c | U | 840 | 847 | 7 | 182160 | 33 | 472 | 80
775 | Revision_775/sql.c | U | 698 | 705 | 7 | 182161 | 33 | 304 | 80
775 | Revision_775/jscript.c | U | 546 | 553 | 7 | 182162 | 33 | 302 | 80
775 | Revision_775/jscript.c | U | 536 | 543 | 7 | 182163 | 33 | 301 | 80
775 | Revision_775/flex.c | U | 854 | 876 | 13 | 182164 | 34 | 473 | 100
775 | Revision_775/jscript.c | U | 560 | 582 | 13 | 182165 | 34 | 316 | 100
775 | Revision_775/flex.c | U | 861 | 875 | 9 | 182166 | 35 | 474 | 70
775 | Revision_775/vhdl.c | U | 656 | 668 | 9 | 182167 | 35 | 415 | 70
775 | Revision_775/sql.c | U | 935 | 947 | 9 | 182168 | 35 | 358 | 70
775 | Revision_775/flex.c | U | 1235 | 1263 | 9 | 182169 | 35 | 475 | 70
775 | Revision_775/jscript.c | U | 647 | 673 | 9 | 182170 | 35 | 309 | 70
775 | Revision_775/vhdl.c | U | 746 | 759 | 9 | 182171 | 35 | 430 | 70
775 | Revision_775/sql.c | U | 2256 | 2284 | 9 | 182172 | 35 | 314 | 70
775 | Revision_775/jscript.c | U | 567 | 581 | 9 | 182173 | 35 | 306 | 70
775 | Revision_775/jscript.c | U | 837 | 847 | 9 | 182174 | 35 | 307 | 70
775 | Revision_775/jscript.c | U | 1341 | 1356 | 9 | 182175 | 35 | 281 | 70
775 | Revision_775/sql.c | U | 1809 | 1816 | 9 | 182176 | 35 | 311 | 70
775 | Revision_775/vhdl.c | U | 727 | 740 | 9 | 182177 | 35 | 427 | 70
775 | Revision_775/flex.c | U | 1797 | 1812 | 9 | 182178 | 35 | 477 | 70
775 | Revision_775/jscript.c | U | 585 | 620 | 9 | 182179 | 35 | 315 | 70
775 | Revision_775/sql.c | U | 1176 | 1193 | 9 | 182180 | 35 | 319 | 70
775 | Revision_775/sql.c | U | 1209 | 1232 | 9 | 182181 | 35 | 337 | 70
775 | Revision_775/vhdl.c | U | 617 | 625 | 9 | 182182 | 35 | 416 | 70
775 | Revision_775/flex.c | U | 2003 | 2017 | 9 | 182183 | 35 | 481 | 70
775 | Revision_775/sql.c | U | 1705 | 1715 | 9 | 182184 | 35 | 397 | 70
775 | Revision_775/flex.c | U | 937 | 963 | 9 | 182185 | 35 | 476 | 70
775 | Revision_775/sql.c | U | 1694 | 1702 | 9 | 182186 | 35 | 396 | 70
775 | Revision_775/flex.c | U | 2239 | 2258 | 9 | 182187 | 35 | 479 | 70
775 | Revision_775/flex.c | U | 2079 | 2093 | 9 | 182188 | 35 | 635 | 70
775 | Revision_775/flex.c | U | 1304 | 1323 | 9 | 182189 | 35 | 478 | 70
775 | Revision_775/jscript.c | U | 997 | 1017 | 9 | 182190 | 35 | 318 | 70
775 | Revision_775/jscript.c | U | 839 | 846 | 9 | 182191 | 35 | 307 | 70
775 | Revision_775/flex.c | U | 2006 | 2016 | 9 | 182192 | 35 | 481 | 70
775 | Revision_775/flex.c | U | 2260 | 2276 | 9 | 182193 | 35 | 480 | 70
775 | Revision_775/sql.c | U | 1762 | 1772 | 9 | 182194 | 35 | 345 | 70
775 | Revision_775/flex.c | U | 879 | 910 | 9 | 182195 | 35 | 476 | 70
775 | Revision_775/jscript.c | U | 696 | 707 | 9 | 182196 | 35 | 312 | 70
775 | Revision_775/vhdl.c | U | 704 | 715 | 9 | 182197 | 35 | 417 | 70
775 | Revision_775/flex.c | U | 986 | 997 | 9 | 182198 | 35 | 486 | 70
775 | Revision_775/sql.c | U | 1032 | 1052 | 9 | 182199 | 35 | 310 | 70
775 | Revision_775/jscript.c | U | 1101 | 1107 | 9 | 182200 | 35 | 309 | 70
775 | Revision_775/sql.c | U | 1623 | 1629 | 9 | 182201 | 35 | 356 | 70
775 | Revision_775/sql.c | U | 903 | 917 | 9 | 182202 | 35 | 313 | 70
775 | Revision_775/sql.c | U | 901 | 918 | 9 | 182203 | 35 | 313 | 70
775 | Revision_775/flex.c | U | 1994 | 2019 | 9 | 182204 | 35 | 484 | 70
775 | Revision_775/sql.c | U | 1926 | 1952 | 9 | 182205 | 35 | 320 | 70
775 | Revision_775/vhdl.c | U | 586 | 600 | 9 | 182206 | 35 | 418 | 70
775 | Revision_775/sql.c | U | 1955 | 1976 | 9 | 182207 | 35 | 324 | 70
775 | Revision_775/sql.c | U | 937 | 944 | 9 | 182208 | 35 | 358 | 70
775 | Revision_775/flex.c | U | 2009 | 2015 | 9 | 182209 | 35 | 481 | 70
775 | Revision_775/vhdl.c | U | 635 | 640 | 9 | 182210 | 35 | 416 | 70
775 | Revision_775/flex.c | U | 2248 | 2257 | 9 | 182211 | 35 | 485 | 70
775 | Revision_775/vhdl.c | U | 706 | 714 | 9 | 182212 | 35 | 425 | 70
775 | Revision_775/flex.c | U | 2269 | 2275 | 9 | 182213 | 35 | 490 | 70
775 | Revision_775/flex.c | U | 2278 | 2285 | 9 | 182214 | 35 | 488 | 70
775 | Revision_775/flex.c | U | 2129 | 2137 | 9 | 182215 | 35 | 489 | 70
775 | Revision_775/flex.c | U | 2361 | 2372 | 9 | 182216 | 35 | 438 | 70
775 | Revision_775/sql.c | U | 797 | 809 | 9 | 182217 | 35 | 313 | 70
775 | Revision_775/ruby.c | U | 214 | 218 | 9 | 182218 | 35 | 265 | 70
775 | Revision_775/flex.c | U | 2349 | 2359 | 9 | 182219 | 35 | 524 | 70
775 | Revision_775/jscript.c | U | 675 | 708 | 9 | 182220 | 35 | 487 | 70
775 | Revision_775/sql.c | U | 1994 | 2015 | 9 | 182221 | 35 | 321 | 70
775 | Revision_775/sql.c | U | 2018 | 2039 | 9 | 182222 | 35 | 322 | 70
775 | Revision_775/sql.c | U | 1895 | 1923 | 9 | 182223 | 35 | 323 | 70
775 | Revision_775/ruby.c | U | 195 | 200 | 9 | 182224 | 35 | 491 | 70
775 | Revision_775/gnu_regex/regcomp.c | U | 3586 | 3593 | 9 | 182225 | 35 | 562 | 70
775 | Revision_775/flex.c | U | 2054 | 2060 | 9 | 182226 | 35 | 636 | 70
775 | Revision_775/flex.c | U | 2250 | 2256 | 9 | 182227 | 35 | 485 | 70
775 | Revision_775/vim.c | U | 411 | 419 | 9 | 182228 | 35 | 365 | 70
775 | Revision_775/sql.c | U | 712 | 717 | 9 | 182229 | 35 | 304 | 70
775 | Revision_775/vhdl.c | U | 647 | 670 | 9 | 182230 | 35 | 431 | 70
775 | Revision_775/sql.c | U | 2042 | 2082 | 9 | 182231 | 35 | 327 | 70
775 | Revision_775/get.c | U | 594 | 598 | 9 | 182232 | 35 | 364 | 70
775 | Revision_775/flex.c | U | 1301 | 1335 | 9 | 182233 | 35 | 492 | 70
775 | Revision_775/sql.c | U | 1779 | 1818 | 9 | 182234 | 35 | 329 | 70
775 | Revision_775/readtags.c | U | 363 | 367 | 9 | 182235 | 35 | 391 | 70
775 | Revision_775/sql.c | U | 1601 | 1641 | 9 | 182236 | 35 | 328 | 70
775 | Revision_775/flex.c | U | 913 | 999 | 30 | 182237 | 36 | 493 | 90
775 | Revision_775/jscript.c | U | 623 | 709 | 30 | 182238 | 36 | 494 | 90
775 | Revision_775/flex.c | U | 965 | 998 | 17 | 182239 | 37 | 495 | 75
775 | Revision_775/flex.c | U | 1985 | 2020 | 17 | 182240 | 37 | 496 | 75
775 | Revision_775/flex.c | U | 1002 | 1109 | 30 | 182241 | 38 | 497 | 100
775 | Revision_775/jscript.c | U | 712 | 819 | 30 | 182242 | 38 | 498 | 100
775 | Revision_775/flex.c | U | 1281 | 1342 | 38 | 182243 | 39 | 504 | 75
775 | Revision_775/jscript.c | U | 963 | 1040 | 38 | 182244 | 39 | 505 | 75
775 | Revision_775/flex.c | U | 1312 | 1322 | 5 | 182245 | 40 | 506 | 71
775 | Revision_775/flex.c | U | 1325 | 1334 | 5 | 182246 | 40 | 507 | 71
775 | Revision_775/options.c | U | 352 | 357 | 5 | 182247 | 40 | 107 | 71
775 | Revision_775/sql.c | U | 1569 | 1574 | 5 | 182248 | 40 | 397 | 71
775 | Revision_775/vhdl.c | U | 611 | 615 | 5 | 182249 | 40 | 416 | 71
775 | Revision_775/sql.c | U | 2127 | 2131 | 5 | 182250 | 40 | 334 | 71
775 | Revision_775/sql.c | U | 2237 | 2241 | 5 | 182251 | 40 | 628 | 71
775 | Revision_775/vhdl.c | U | 620 | 624 | 5 | 182252 | 40 | 419 | 71
775 | Revision_775/sql.c | U | 1866 | 1870 | 5 | 182253 | 40 | 335 | 71
775 | Revision_775/sql.c | U | 1413 | 1424 | 5 | 182254 | 40 | 627 | 71
775 | Revision_775/vhdl.c | U | 749 | 754 | 5 | 182255 | 40 | 427 | 71
775 | Revision_775/vhdl.c | U | 730 | 735 | 5 | 182256 | 40 | 429 | 71
775 | Revision_775/options.c | U | 674 | 678 | 5 | 182257 | 40 | 116 | 71
775 | Revision_775/jscript.c | U | 909 | 918 | 5 | 182258 | 40 | 332 | 71
775 | Revision_775/sql.c | U | 952 | 961 | 5 | 182259 | 40 | 359 | 71
775 | Revision_775/options.c | U | 1221 | 1225 | 5 | 182260 | 40 | 117 | 71
775 | Revision_775/jscript.c | U | 891 | 907 | 5 | 182261 | 40 | 338 | 71
775 | Revision_775/jscript.c | U | 920 | 925 | 5 | 182262 | 40 | 333 | 71
775 | Revision_775/sql.c | U | 970 | 980 | 5 | 182263 | 40 | 560 | 71
775 | Revision_775/sql.c | U | 1877 | 1886 | 5 | 182264 | 40 | 350 | 71
775 | Revision_775/sql.c | U | 1631 | 1638 | 5 | 182265 | 40 | 311 | 71
775 | Revision_775/flex.c | U | 1384 | 1394 | 5 | 182266 | 41 | 508 | 75
775 | Revision_775/jscript.c | U | 1486 | 1490 | 5 | 182267 | 41 | 342 | 75
775 | Revision_775/flex.c | U | 1896 | 1900 | 5 | 182268 | 41 | 509 | 75
775 | Revision_775/sql.c | U | 1101 | 1107 | 5 | 182269 | 41 | 344 | 75
775 | Revision_775/sql.c | U | 1185 | 1192 | 5 | 182270 | 41 | 343 | 75
775 | Revision_775/tex.c | U | 427 | 431 | 5 | 182271 | 41 | 557 | 75
775 | Revision_775/sql.c | U | 1914 | 1920 | 5 | 182272 | 41 | 345 | 75
775 | Revision_775/sql.c | U | 1943 | 1949 | 5 | 182273 | 41 | 346 | 75
775 | Revision_775/flex.c | U | 1461 | 1930 | 210 | 182274 | 42 | 510 | 77
775 | Revision_775/jscript.c | U | 1043 | 1520 | 210 | 182275 | 42 | 511 | 77
775 | Revision_775/flex.c | U | 1527 | 1562 | 34 | 182276 | 43 | 512 | 71
775 | Revision_775/vhdl.c | U | 768 | 801 | 34 | 182277 | 43 | 513 | 71
775 | Revision_775/flex.c | U | 1624 | 1650 | 12 | 182278 | 44 | 514 | 72
775 | Revision_775/flex.c | U | 1652 | 1674 | 12 | 182279 | 44 | 515 | 72
775 | Revision_775/flex.c | U | 1814 | 1831 | 5 | 182280 | 45 | 516 | 75
775 | Revision_775/readtags.c | U | 502 | 506 | 5 | 182281 | 45 | 87 | 75
775 | Revision_775/ocaml.c | U | 1130 | 1136 | 5 | 182282 | 45 | 602 | 75
775 | Revision_775/objc.c | U | 832 | 836 | 5 | 182283 | 45 | 641 | 75
775 | Revision_775/objc.c | U | 910 | 914 | 5 | 182284 | 45 | 640 | 75
775 | Revision_775/readtags.c | U | 681 | 685 | 5 | 182285 | 45 | 88 | 75
775 | Revision_775/flex.c | U | 1933 | 1980 | 29 | 182286 | 46 | 517 | 92
775 | Revision_775/jscript.c | U | 1523 | 1570 | 29 | 182287 | 46 | 518 | 92
775 | Revision_775/flex.c | U | 1946 | 1969 | 21 | 182288 | 47 | 519 | 70
775 | Revision_775/get.c | U | 406 | 413 | 21 | 182289 | 47 | 520 | 70
775 | Revision_775/flex.c | U | 1983 | 2026 | 23 | 182290 | 48 | 502 | 70
775 | Revision_775/sql.c | U | 1678 | 1716 | 23 | 182291 | 48 | 500 | 70
775 | Revision_775/flex.c | U | 2338 | 2378 | 23 | 182292 | 48 | 624 | 70
775 | Revision_775/flex.c | U | 2116 | 2169 | 23 | 182293 | 48 | 501 | 70
775 | Revision_775/flex.c | U | 2322 | 2325 | 8 | 182294 | 49 | 522 | 71
775 | Revision_775/jscript.c | U | 1579 | 1585 | 8 | 182295 | 49 | 361 | 71
775 | Revision_775/Test/local.c | U | 14 | 20 | 8 | 182296 | 49 | 362 | 71
775 | Revision_775/jscript.c | U | 1581 | 1584 | 8 | 182297 | 49 | 361 | 71
775 | Revision_775/vhdl.c | U | 499 | 506 | 8 | 182298 | 49 | 420 | 71
775 | Revision_775/flex.c | U | 2382 | 2386 | 5 | 182299 | 50 | 523 | 75
775 | Revision_775/ocaml.c | U | 922 | 928 | 5 | 182300 | 50 | 604 | 75
775 | Revision_775/ocaml.c | U | 1874 | 1879 | 5 | 182301 | 50 | 603 | 75
775 | Revision_775/jscript.c | U | 1594 | 1598 | 5 | 182302 | 50 | 348 | 75
775 | Revision_775/make.c | U | 191 | 195 | 5 | 182303 | 50 | 273 | 75
775 | Revision_775/sql.c | U | 2342 | 2346 | 5 | 182304 | 50 | 274 | 75
775 | Revision_775/tex.c | U | 481 | 485 | 5 | 182305 | 50 | 549 | 75
775 | Revision_775/options.c | U | 1773 | 1779 | 5 | 182306 | 50 | 605 | 75
775 | Revision_775/flex.c | U | 2389 | 2405 | 14 | 182307 | 51 | 524 | 100
775 | Revision_775/jscript.c | U | 1601 | 1617 | 14 | 182308 | 51 | 525 | 100
775 | Revision_775/get.c | U | 305 | 314 | 10 | 182309 | 52 | 74 | 70
775 | Revision_775/read.c | U | 220 | 231 | 10 | 182310 | 52 | 75 | 70
775 | Revision_775/parse.c | U | 586 | 600 | 10 | 182311 | 52 | 76 | 70
775 | Revision_775/get.c | U | 467 | 478 | 10 | 182312 | 53 | 77 | 87
775 | Revision_775/get.c | U | 484 | 495 | 10 | 182313 | 53 | 79 | 87
775 | Revision_775/get.c | U | 541 | 546 | 6 | 182314 | 54 | 80 | 80
775 | Revision_775/read.c | U | 423 | 427 | 6 | 182315 | 54 | 81 | 80
775 | Revision_775/get.c | U | 649 | 653 | 5 | 182316 | 55 | 394 | 75
775 | Revision_775/python.c | U | 244 | 247 | 5 | 182317 | 55 | 395 | 75
775 | Revision_775/gnu_regex/regcomp.c | U | 258 | 263 | 5 | 182318 | 56 | 563 | 75
775 | Revision_775/options.c | U | 397 | 402 | 5 | 182319 | 56 | 244 | 75
775 | Revision_775/routines.c | U | 621 | 644 | 5 | 182320 | 56 | 377 | 75
775 | Revision_775/main.c | U | 126 | 139 | 5 | 182321 | 56 | 243 | 75
775 | Revision_775/gnu_regex/regcomp.c | U | 765 | 770 | 5 | 182322 | 57 | 564 | 75
775 | Revision_775/gnu_regex/regcomp.c | U | 817 | 821 | 5 | 182323 | 57 | 565 | 75
775 | Revision_775/sql.c | U | 588 | 592 | 5 | 182324 | 57 | 206 | 75
775 | Revision_775/vhdl.c | U | 457 | 461 | 5 | 182325 | 57 | 421 | 75
775 | Revision_775/strlist.c | U | 150 | 154 | 5 | 182326 | 57 | 62 | 75
775 | Revision_775/routines.c | U | 453 | 459 | 5 | 182327 | 57 | 167 | 75
775 | Revision_775/gnu_regex/regcomp.c | U | 1222 | 1232 | 11 | 182328 | 58 | 566 | 70
775 | Revision_775/gnu_regex/regcomp.c | U | 3804 | 3816 | 11 | 182329 | 58 | 567 | 70
775 | Revision_775/gnu_regex/regcomp.c | U | 1277 | 1281 | 5 | 182330 | 59 | 568 | 100
775 | Revision_775/gnu_regex/regcomp.c | U | 1283 | 1287 | 5 | 182331 | 59 | 569 | 100
775 | Revision_775/gnu_regex/regcomp.c | U | 1477 | 1482 | 6 | 182332 | 60 | 570 | 80
775 | Revision_775/gnu_regex/regcomp.c | U | 1516 | 1522 | 6 | 182333 | 60 | 571 | 80
775 | Revision_775/gnu_regex/regcomp.c | U | 1662 | 1667 | 5 | 182334 | 61 | 572 | 75
775 | Revision_775/gnu_regex/regex_internal.c | U | 76 | 80 | 5 | 182335 | 61 | 574 | 75
775 | Revision_775/gnu_regex/regcomp.c | U | 1685 | 1689 | 5 | 182336 | 61 | 573 | 75
775 | Revision_775/gnu_regex/regcomp.c | U | 2011 | 2030 | 16 | 182337 | 62 | 575 | 75
775 | Revision_775/gnu_regex/regcomp.c | U | 2034 | 2046 | 16 | 182338 | 62 | 576 | 75
775 | Revision_775/gnu_regex/regcomp.c | U | 2158 | 2165 | 7 | 182339 | 63 | 577 | 80
775 | Revision_775/gnu_regex/regcomp.c | U | 2312 | 2319 | 7 | 182340 | 63 | 578 | 80
775 | Revision_775/gnu_regex/regcomp.c | U | 2292 | 2296 | 5 | 182341 | 64 | 579 | 75
775 | Revision_775/readtags.c | U | 242 | 246 | 5 | 182342 | 64 | 581 | 75
775 | Revision_775/gnu_regex/regcomp.c | U | 2298 | 2302 | 5 | 182343 | 64 | 580 | 75
775 | Revision_775/gnu_regex/regex_internal.c | U | 1048 | 1055 | 8 | 182344 | 65 | 582 | 71
775 | Revision_775/gnu_regex/regex_internal.c | U | 1188 | 1195 | 8 | 182345 | 65 | 584 | 71
775 | Revision_775/gnu_regex/regex_internal.c | U | 1562 | 1570 | 8 | 182346 | 65 | 583 | 71
775 | Revision_775/gnu_regex/regex_internal.c | U | 1101 | 1116 | 13 | 182347 | 66 | 585 | 80
775 | Revision_775/gnu_regex/regex_internal.c | U | 1234 | 1254 | 13 | 182348 | 66 | 586 | 80
775 | Revision_775/gnu_regex/regex_internal.c | U | 1287 | 1294 | 8 | 182349 | 67 | 587 | 85
775 | Revision_775/gnu_regex/regex_internal.c | U | 1326 | 1333 | 8 | 182350 | 67 | 588 | 85
775 | Revision_775/gnu_regex/regex_internal.c | U | 1464 | 1492 | 22 | 182351 | 68 | 589 | 70
775 | Revision_775/gnu_regex/regex_internal.c | U | 1508 | 1535 | 22 | 182352 | 68 | 590 | 70
775 | Revision_775/jscript.c | U | 356 | 453 | 126 | 182353 | 69 | 299 | 74
775 | Revision_775/sql.c | U | 531 | 679 | 126 | 182354 | 69 | 300 | 74
775 | Revision_775/jscript.c | U | 1005 | 1016 | 7 | 182355 | 70 | 399 | 83
775 | Revision_775/jscript.c | U | 1019 | 1029 | 7 | 182356 | 70 | 336 | 83
775 | Revision_775/jscript.c | U | 1089 | 1098 | 6 | 182357 | 71 | 360 | 75
775 | Revision_775/options.c | U | 1683 | 1687 | 6 | 182358 | 71 | 223 | 75
775 | Revision_775/jscript.c | U | 1169 | 1195 | 12 | 182359 | 72 | 372 | 72
775 | Revision_775/jscript.c | U | 1197 | 1219 | 12 | 182360 | 72 | 373 | 72
775 | Revision_775/keyword.c | U | 184 | 188 | 5 | 182361 | 73 | 85 | 75
775 | Revision_775/options.c | U | 1042 | 1046 | 5 | 182362 | 73 | 86 | 75
775 | Revision_775/sql.c | U | 1355 | 1359 | 5 | 182363 | 73 | 397 | 75
775 | Revision_775/readtags.c | U | 452 | 456 | 5 | 182364 | 73 | 87 | 75
775 | Revision_775/lisp.c | U | 91 | 97 | 7 | 182365 | 74 | 89 | 83
775 | Revision_775/lisp.c | U | 112 | 118 | 7 | 182366 | 74 | 90 | 83
775 | Revision_775/make.c | U | 44 | 48 | 5 | 182367 | 75 | 267 | 75
775 | Revision_775/verilog.c | U | 287 | 291 | 5 | 182368 | 75 | 268 | 75
775 | Revision_775/make.c | U | 77 | 87 | 11 | 182369 | 76 | 269 | 77
775 | Revision_775/verilog.c | U | 199 | 212 | 11 | 182370 | 76 | 270 | 77
775 | Revision_775/make.c | U | 97 | 105 | 8 | 182371 | 77 | 271 | 75
775 | Revision_775/verilog.c | U | 187 | 193 | 8 | 182372 | 77 | 272 | 75
775 | Revision_775/objc.c | U | 154 | 163 | 7 | 182373 | 78 | 642 | 100
775 | Revision_775/ocaml.c | U | 182 | 191 | 7 | 182374 | 78 | 643 | 100
775 | Revision_775/objc.c | U | 199 | 205 | 6 | 182375 | 79 | 644 | 100
775 | Revision_775/ocaml.c | U | 251 | 257 | 6 | 182376 | 79 | 645 | 100
775 | Revision_775/objc.c | U | 208 | 228 | 15 | 182377 | 80 | 646 | 100
775 | Revision_775/ocaml.c | U | 260 | 280 | 15 | 182378 | 80 | 647 | 100
775 | Revision_775/objc.c | U | 241 | 249 | 6 | 182379 | 81 | 679 | 100
775 | Revision_775/ocaml.c | U | 293 | 301 | 6 | 182380 | 81 | 680 | 100
775 | Revision_775/objc.c | U | 264 | 279 | 10 | 182381 | 82 | 650 | 88
775 | Revision_775/ocaml.c | U | 344 | 359 | 10 | 182382 | 82 | 651 | 88
775 | Revision_775/objc.c | U | 283 | 298 | 10 | 182383 | 82 | 652 | 88
775 | Revision_775/objc.c | U | 304 | 426 | 89 | 182384 | 83 | 653 | 75
775 | Revision_775/ocaml.c | U | 408 | 508 | 89 | 182385 | 83 | 654 | 75
775 | Revision_775/objc.c | U | 318 | 330 | 10 | 182386 | 84 | 655 | 100
775 | Revision_775/objc.c | U | 332 | 344 | 10 | 182387 | 84 | 656 | 100
775 | Revision_775/objc.c | U | 484 | 488 | 6 | 182388 | 85 | 657 | 80
775 | Revision_775/ocaml.c | U | 906 | 913 | 6 | 182389 | 85 | 658 | 80
775 | Revision_775/objc.c | U | 539 | 569 | 22 | 182390 | 86 | 659 | 70
775 | Revision_775/objc.c | U | 690 | 715 | 22 | 182391 | 86 | 662 | 70
775 | Revision_775/ocaml.c | U | 1436 | 1469 | 22 | 182392 | 86 | 621 | 70
775 | Revision_775/objc.c | U | 948 | 975 | 22 | 182393 | 86 | 660 | 70
775 | Revision_775/objc.c | U | 660 | 687 | 22 | 182394 | 86 | 661 | 70
775 | Revision_775/ocaml.c | U | 1274 | 1304 | 22 | 182395 | 86 | 638 | 70
775 | Revision_775/ocaml.c | U | 946 | 969 | 22 | 182396 | 86 | 616 | 70
775 | Revision_775/ocaml.c | U | 1569 | 1609 | 22 | 182397 | 86 | 615 | 70
775 | Revision_775/ocaml.c | U | 1037 | 1064 | 22 | 182398 | 86 | 664 | 70
775 | Revision_775/objc.c | U | 718 | 747 | 22 | 182399 | 86 | 663 | 70
775 | Revision_775/ocaml.c | U | 1484 | 1511 | 22 | 182400 | 86 | 665 | 70
775 | Revision_775/ocaml.c | U | 1542 | 1562 | 22 | 182401 | 86 | 617 | 70
775 | Revision_775/objc.c | U | 878 | 898 | 22 | 182402 | 86 | 667 | 70
775 | Revision_775/ocaml.c | U | 1214 | 1262 | 22 | 182403 | 86 | 620 | 70
775 | Revision_775/ocaml.c | U | 1076 | 1115 | 22 | 182404 | 86 | 666 | 70
775 | Revision_775/objc.c | U | 578 | 616 | 31 | 182405 | 87 | 668 | 100
775 | Revision_775/objc.c | U | 619 | 657 | 31 | 182406 | 87 | 669 | 100
775 | Revision_775/objc.c | U | 751 | 758 | 7 | 182407 | 88 | 670 | 83
775 | Revision_775/objc.c | U | 761 | 768 | 7 | 182408 | 88 | 671 | 83
775 | Revision_775/ocaml.c | U | 974 | 984 | 7 | 182409 | 88 | 618 | 83
775 | Revision_775/objc.c | U | 771 | 779 | 7 | 182410 | 88 | 672 | 83
775 | Revision_775/objc.c | U | 825 | 864 | 30 | 182411 | 89 | 673 | 96
775 | Revision_775/objc.c | U | 903 | 940 | 30 | 182412 | 89 | 674 | 96
775 | Revision_775/objc.c | U | 1005 | 1010 | 5 | 182413 | 90 | 675 | 75
775 | Revision_775/sort.c | U | 144 | 148 | 5 | 182414 | 90 | 676 | 75
775 | Revision_775/ocaml.c | U | 1081 | 1089 | 5 | 182415 | 90 | 619 | 75
775 | Revision_775/objc.c | U | 1098 | 1127 | 26 | 182416 | 91 | 677 | 83
775 | Revision_775/ocaml.c | U | 1842 | 1871 | 26 | 182417 | 91 | 678 | 83
775 | Revision_775/ocaml.c | U | 695 | 699 | 5 | 182418 | 92 | 606 | 75
775 | Revision_775/ocaml.c | U | 718 | 722 | 5 | 182419 | 92 | 607 | 75
775 | Revision_775/ocaml.c | U | 739 | 744 | 5 | 182420 | 92 | 608 | 75
775 | Revision_775/ocaml.c | U | 775 | 797 | 22 | 182421 | 93 | 609 | 71
775 | Revision_775/ocaml.c | U | 851 | 875 | 22 | 182422 | 93 | 610 | 71
775 | Revision_775/ocaml.c | U | 812 | 817 | 7 | 182423 | 94 | 611 | 71
775 | Revision_775/ocaml.c | U | 824 | 831 | 7 | 182424 | 94 | 612 | 71
775 | Revision_775/sql.c | U | 495 | 510 | 7 | 182425 | 94 | 296 | 71
775 | Revision_775/options.c | U | 369 | 375 | 6 | 182426 | 95 | 107 | 100
775 | Revision_775/options.c | U | 378 | 384 | 6 | 182427 | 95 | 108 | 100
775 | Revision_775/options.c | U | 543 | 549 | 7 | 182428 | 96 | 112 | 100
775 | Revision_775/options.c | U | 570 | 576 | 7 | 182429 | 96 | 115 | 100
775 | Revision_775/options.c | U | 552 | 558 | 7 | 182430 | 96 | 114 | 100
775 | Revision_775/options.c | U | 561 | 567 | 7 | 182431 | 96 | 113 | 100
775 | Revision_775/options.c | U | 982 | 986 | 5 | 182432 | 97 | 118 | 75
775 | Revision_775/options.c | U | 1008 | 1012 | 5 | 182433 | 97 | 119 | 75
775 | Revision_775/options.c | U | 1102 | 1106 | 5 | 182434 | 98 | 120 | 100
775 | Revision_775/options.c | U | 1108 | 1112 | 5 | 182435 | 98 | 120 | 100
775 | Revision_775/options.c | U | 1154 | 1166 | 12 | 182436 | 99 | 245 | 100
775 | Revision_775/options.c | U | 1171 | 1183 | 12 | 182437 | 99 | 123 | 100
775 | Revision_775/options.c | U | 1425 | 1442 | 15 | 182438 | 100 | 124 | 91
775 | Revision_775/options.c | U | 1463 | 1480 | 15 | 182439 | 100 | 125 | 91
775 | Revision_775/parse.c | U | 96 | 106 | 11 | 182440 | 101 | 126 | 88
775 | Revision_775/parse.c | U | 109 | 120 | 11 | 182441 | 101 | 127 | 88
775 | Revision_775/parse.c | U | 299 | 303 | 5 | 182442 | 102 | 246 | 75
775 | Revision_775/parse.c | U | 556 | 560 | 5 | 182443 | 102 | 247 | 75
775 | Revision_775/parse.c | U | 575 | 579 | 5 | 182444 | 102 | 248 | 75
775 | Revision_775/pascal.c | U | 134 | 138 | 5 | 182445 | 103 | 128 | 75
775 | Revision_775/perl.c | U | 187 | 191 | 5 | 182446 | 103 | 129 | 75
775 | Revision_775/pascal.c | U | 150 | 154 | 5 | 182447 | 104 | 212 | 75
775 | Revision_775/python.c | U | 688 | 692 | 5 | 182448 | 104 | 370 | 75
775 | Revision_775/pascal.c | U | 184 | 190 | 5 | 182449 | 104 | 131 | 75
775 | Revision_775/pascal.c | U | 176 | 182 | 5 | 182450 | 104 | 130 | 75
775 | Revision_775/perl.c | U | 208 | 214 | 7 | 182451 | 105 | 262 | 83
775 | Revision_775/perl.c | U | 254 | 259 | 7 | 182452 | 105 | 367 | 83
775 | Revision_775/python.c | U | 148 | 161 | 11 | 182453 | 106 | 39 | 77
775 | Revision_775/python.c | U | 191 | 202 | 11 | 182454 | 106 | 14 | 77
775 | Revision_775/python.c | U | 588 | 592 | 7 | 182455 | 107 | 370 | 80
775 | Revision_775/python.c | U | 593 | 598 | 7 | 182456 | 107 | 370 | 80
775 | Revision_775/python.c | U | 694 | 703 | 8 | 182457 | 108 | 436 | 83
775 | Revision_775/python.c | U | 705 | 713 | 8 | 182458 | 108 | 14 | 83
775 | Revision_775/readtags.c | U | 106 | 113 | 8 | 182459 | 109 | 149 | 83
775 | Revision_775/routines.c | U | 298 | 305 | 8 | 182460 | 109 | 155 | 83
775 | Revision_775/readtags.c | U | 116 | 123 | 8 | 182461 | 109 | 134 | 83
775 | Revision_775/routines.c | U | 288 | 295 | 8 | 182462 | 109 | 156 | 83
775 | Revision_775/readtags.c | U | 144 | 148 | 5 | 182463 | 110 | 110 | 75
775 | Revision_775/vstring.c | U | 35 | 40 | 5 | 182464 | 110 | 111 | 75
775 | Revision_775/readtags.c | U | 541 | 547 | 6 | 182465 | 111 | 150 | 100
775 | Revision_775/readtags.c | U | 549 | 555 | 6 | 182466 | 111 | 151 | 100
775 | Revision_775/readtags.c | U | 584 | 588 | 6 | 182467 | 112 | 134 | 75
775 | Revision_775/readtags.c | U | 639 | 645 | 6 | 182468 | 112 | 135 | 75
775 | Revision_775/readtags.c | U | 718 | 726 | 8 | 182469 | 113 | 136 | 83
775 | Revision_775/readtags.c | U | 773 | 781 | 8 | 182470 | 113 | 139 | 83
775 | Revision_775/readtags.c | U | 729 | 737 | 8 | 182471 | 113 | 139 | 83
775 | Revision_775/readtags.c | U | 740 | 745 | 6 | 182472 | 114 | 152 | 80
775 | Revision_775/readtags.c | U | 765 | 770 | 6 | 182473 | 114 | 153 | 80
775 | Revision_775/readtags.c | U | 757 | 762 | 6 | 182474 | 114 | 187 | 80
775 | Revision_775/routines.c | U | 237 | 244 | 6 | 182475 | 115 | 157 | 80
775 | Revision_775/routines.c | U | 247 | 254 | 6 | 182476 | 115 | 158 | 80
775 | Revision_775/routines.c | U | 322 | 326 | 5 | 182477 | 116 | 159 | 75
775 | Revision_775/vstring.c | U | 125 | 129 | 5 | 182478 | 116 | 94 | 75
775 | Revision_775/vstring.c | U | 118 | 122 | 5 | 182479 | 116 | 95 | 75
775 | Revision_775/routines.c | U | 329 | 335 | 6 | 182480 | 117 | 160 | 100
775 | Revision_775/routines.c | U | 338 | 344 | 6 | 182481 | 117 | 161 | 100
775 | Revision_775/routines.c | U | 349 | 356 | 8 | 182482 | 118 | 162 | 100
775 | Revision_775/routines.c | U | 361 | 368 | 8 | 182483 | 118 | 163 | 100
775 | Revision_775/scheme.c | U | 70 | 78 | 8 | 182484 | 119 | 140 | 71
775 | Revision_775/scheme.c | U | 85 | 93 | 8 | 182485 | 119 | 141 | 71
775 | Revision_775/sort.c | U | 118 | 123 | 5 | 182486 | 120 | 182 | 100
775 | Revision_775/sort.c | U | 126 | 131 | 5 | 182487 | 120 | 183 | 100
775 | Revision_775/sql.c | U | 735 | 784 | 32 | 182488 | 121 | 422 | 72
775 | Revision_775/vhdl.c | U | 493 | 533 | 32 | 182489 | 121 | 423 | 72
775 | Revision_775/sql.c | U | 1127 | 1148 | 29 | 182490 | 122 | 337 | 70
775 | Revision_775/tex.c | U | 448 | 475 | 29 | 182491 | 122 | 614 | 70
775 | Revision_775/sql.c | U | 1740 | 1776 | 24 | 182492 | 123 | 351 | 78
775 | Revision_775/sql.c | U | 2146 | 2189 | 24 | 182493 | 123 | 352 | 78
775 | Revision_775/sql.c | U | 2085 | 2143 | 34 | 182494 | 124 | 629 | 100
775 | Revision_775/sql.c | U | 2192 | 2253 | 34 | 182495 | 124 | 630 | 100
775 | Revision_775/sql.c | U | 2110 | 2135 | 17 | 182496 | 125 | 353 | 84
775 | Revision_775/sql.c | U | 2159 | 2183 | 17 | 182497 | 125 | 354 | 84
775 | Revision_775/sql.c | U | 2220 | 2245 | 17 | 182498 | 125 | 631 | 84
775 | Revision_775/sql.c | U | 2349 | 2357 | 7 | 182499 | 126 | 426 | 71
775 | Revision_775/tex.c | U | 488 | 497 | 7 | 182500 | 126 | 554 | 71
775 | Revision_775/vhdl.c | U | 813 | 821 | 7 | 182501 | 126 | 427 | 71
775 | Revision_775/strlist.c | U | 32 | 38 | 8 | 182502 | 127 | 142 | 71
775 | Revision_775/vstring.c | U | 77 | 87 | 8 | 182503 | 127 | 143 | 71
775 | Revision_775/strlist.c | U | 191 | 196 | 7 | 182504 | 128 | 146 | 83
775 | Revision_775/strlist.c | U | 200 | 206 | 7 | 182505 | 128 | 264 | 83
775 | Revision_775/tex.c | U | 271 | 346 | 73 | 182506 | 129 | 550 | 72
775 | Revision_775/vhdl.c | U | 405 | 479 | 73 | 182507 | 129 | 625 | 72
775 | Revision_775/tex.c | U | 388 | 405 | 16 | 182508 | 130 | 558 | 83
775 | Revision_775/tex.c | U | 413 | 432 | 16 | 182509 | 130 | 559 | 83
775 | Revision_775/verilog.c | U | 142 | 146 | 5 | 182510 | 131 | 259 | 75
775 | Revision_775/verilog.c | U | 239 | 243 | 5 | 182511 | 131 | 260 | 75
775 | Revision_775/vhdl.c | U | 724 | 741 | 15 | 182512 | 132 | 430 | 100
775 | Revision_775/vhdl.c | U | 743 | 760 | 15 | 182513 | 132 | 427 | 100
775 | Revision_775/vim.c | U | 97 | 101 | 5 | 182514 | 133 | 192 | 100
775 | Revision_775/vim.c | U | 103 | 107 | 5 | 182515 | 133 | 193 | 100
775 | Revision_775/vim.c | U | 244 | 267 | 17 | 182516 | 134 | 224 | 76
775 | Revision_775/vim.c | U | 294 | 312 | 17 | 182517 | 134 | 147 | 76
