Revision | filePath | changeType | StartLine | EndLine | Nlines | cloneId | classId | globalCloneId | Similarity
782 | Revision_782/ant.c | U | 33 | 40 | 8 | 185872 | 1 | 526 | 70
782 | Revision_782/html.c | U | 40 | 47 | 8 | 185873 | 1 | 253 | 70
782 | Revision_782/tex.c | U | 501 | 514 | 8 | 185874 | 1 | 528 | 70
782 | Revision_782/lua.c | U | 123 | 131 | 8 | 185875 | 1 | 154 | 70
782 | Revision_782/beta.c | U | 311 | 319 | 8 | 185876 | 1 | 15 | 70
782 | Revision_782/jscript.c | U | 1621 | 1634 | 8 | 185877 | 1 | 281 | 70
782 | Revision_782/yacc.c | U | 31 | 38 | 8 | 185878 | 1 | 28 | 70
782 | Revision_782/php.c | U | 91 | 98 | 8 | 185879 | 1 | 366 | 70
782 | Revision_782/rexx.c | U | 30 | 37 | 8 | 185880 | 1 | 25 | 70
782 | Revision_782/matlab.c | U | 35 | 42 | 8 | 185881 | 1 | 527 | 70
782 | Revision_782/slang.c | U | 34 | 41 | 8 | 185882 | 1 | 27 | 70
782 | Revision_782/dosbatch.c | U | 33 | 40 | 8 | 185883 | 1 | 529 | 70
782 | Revision_782/cobol.c | U | 40 | 48 | 8 | 185884 | 1 | 213 | 70
782 | Revision_782/vim.c | U | 637 | 645 | 8 | 185885 | 1 | 20 | 70
782 | Revision_782/keyword.c | U | 107 | 116 | 8 | 185886 | 1 | 29 | 70
782 | Revision_782/flex.c | U | 2409 | 2422 | 8 | 185887 | 1 | 438 | 70
782 | Revision_782/asp.c | U | 317 | 325 | 8 | 185888 | 1 | 18 | 70
782 | Revision_782/ruby.c | U | 398 | 406 | 8 | 185889 | 1 | 16 | 70
782 | Revision_782/sml.c | U | 202 | 210 | 8 | 185890 | 1 | 216 | 70
782 | Revision_782/pascal.c | U | 257 | 265 | 8 | 185891 | 1 | 13 | 70
782 | Revision_782/make.c | U | 205 | 215 | 8 | 185892 | 1 | 26 | 70
782 | Revision_782/sql.c | U | 2360 | 2369 | 8 | 185893 | 1 | 197 | 70
782 | Revision_782/verilog.c | U | 330 | 339 | 8 | 185894 | 1 | 184 | 70
782 | Revision_782/ocaml.c | U | 1882 | 1892 | 8 | 185895 | 1 | 601 | 70
782 | Revision_782/awk.c | U | 71 | 79 | 8 | 185896 | 1 | 10 | 70
782 | Revision_782/basic.c | U | 193 | 201 | 8 | 185897 | 1 | 275 | 70
782 | Revision_782/vhdl.c | U | 824 | 833 | 8 | 185898 | 1 | 403 | 70
782 | Revision_782/perl.c | U | 372 | 380 | 8 | 185899 | 1 | 19 | 70
782 | Revision_782/objc.c | U | 1134 | 1144 | 8 | 185900 | 1 | 639 | 70
782 | Revision_782/erlang.c | U | 179 | 187 | 8 | 185901 | 1 | 230 | 70
782 | Revision_782/sh.c | U | 103 | 113 | 8 | 185902 | 1 | 24 | 70
782 | Revision_782/python.c | U | 841 | 849 | 8 | 185903 | 1 | 14 | 70
782 | Revision_782/lisp.c | U | 127 | 137 | 8 | 185904 | 1 | 11 | 70
782 | Revision_782/tcl.c | U | 106 | 114 | 8 | 185905 | 1 | 22 | 70
782 | Revision_782/scheme.c | U | 99 | 109 | 8 | 185906 | 1 | 17 | 70
782 | Revision_782/options.c | U | 626 | 632 | 8 | 185907 | 1 | 30 | 70
782 | Revision_782/options.c | U | 533 | 538 | 8 | 185908 | 1 | 242 | 70
782 | Revision_782/asm.c | U | 366 | 385 | 8 | 185909 | 1 | 174 | 70
782 | Revision_782/args.c | U | 85 | 92 | 8 | 185910 | 2 | 1 | 100
782 | Revision_782/args.c | U | 160 | 167 | 8 | 185911 | 2 | 2 | 100
782 | Revision_782/args.c | U | 182 | 190 | 9 | 185912 | 3 | 3 | 75
782 | Revision_782/args.c | U | 193 | 200 | 9 | 185913 | 3 | 4 | 75
782 | Revision_782/args.c | U | 203 | 211 | 9 | 185914 | 3 | 5 | 75
782 | Revision_782/args.c | U | 266 | 272 | 7 | 185915 | 4 | 6 | 83
782 | Revision_782/options.c | U | 579 | 584 | 7 | 185916 | 4 | 7 | 83
782 | Revision_782/asm.c | U | 120 | 128 | 8 | 185917 | 5 | 188 | 71
782 | Revision_782/flex.c | U | 216 | 225 | 8 | 185918 | 5 | 437 | 71
782 | Revision_782/tex.c | U | 149 | 158 | 8 | 185919 | 5 | 530 | 71
782 | Revision_782/jscript.c | U | 180 | 189 | 8 | 185920 | 5 | 280 | 71
782 | Revision_782/sql.c | U | 409 | 418 | 8 | 185921 | 5 | 196 | 71
782 | Revision_782/vhdl.c | U | 573 | 583 | 8 | 185922 | 5 | 401 | 71
782 | Revision_782/verilog.c | U | 108 | 118 | 8 | 185923 | 5 | 258 | 71
782 | Revision_782/asm.c | U | 131 | 139 | 8 | 185924 | 6 | 170 | 71
782 | Revision_782/keyword.c | U | 195 | 202 | 8 | 185925 | 6 | 432 | 71
782 | Revision_782/asm.c | U | 243 | 256 | 11 | 185926 | 7 | 191 | 77
782 | Revision_782/asm.c | U | 261 | 271 | 11 | 185927 | 7 | 179 | 77
782 | Revision_782/asm.c | U | 347 | 352 | 6 | 185928 | 8 | 256 | 80
782 | Revision_782/sh.c | U | 89 | 94 | 6 | 185929 | 8 | 257 | 80
782 | Revision_782/asp.c | U | 72 | 91 | 15 | 185930 | 9 | 31 | 100
782 | Revision_782/asp.c | U | 95 | 114 | 15 | 185931 | 9 | 32 | 100
782 | Revision_782/asp.c | U | 118 | 163 | 40 | 185932 | 10 | 591 | 100
782 | Revision_782/asp.c | U | 165 | 210 | 40 | 185933 | 10 | 592 | 100
782 | Revision_782/asp.c | U | 125 | 137 | 11 | 185934 | 11 | 33 | 70
782 | Revision_782/asp.c | U | 152 | 161 | 11 | 185935 | 11 | 594 | 70
782 | Revision_782/asp.c | U | 272 | 287 | 11 | 185936 | 11 | 34 | 70
782 | Revision_782/asp.c | U | 214 | 230 | 11 | 185937 | 11 | 34 | 70
782 | Revision_782/asp.c | U | 291 | 306 | 11 | 185938 | 11 | 34 | 70
782 | Revision_782/asp.c | U | 139 | 151 | 11 | 185939 | 11 | 593 | 70
782 | Revision_782/asp.c | U | 234 | 249 | 11 | 185940 | 11 | 595 | 70
782 | Revision_782/asp.c | U | 253 | 268 | 11 | 185941 | 11 | 596 | 70
782 | Revision_782/lua.c | U | 81 | 88 | 11 | 185942 | 11 | 185 | 70
782 | Revision_782/asp.c | U | 275 | 286 | 11 | 185943 | 11 | 597 | 70
782 | Revision_782/vim.c | U | 256 | 265 | 11 | 185944 | 11 | 599 | 70
782 | Revision_782/asp.c | U | 256 | 267 | 11 | 185945 | 11 | 598 | 70
782 | Revision_782/vim.c | U | 301 | 310 | 11 | 185946 | 11 | 600 | 70
782 | Revision_782/asp.c | U | 237 | 248 | 11 | 185947 | 11 | 596 | 70
782 | Revision_782/asp.c | U | 218 | 229 | 11 | 185948 | 11 | 595 | 70
782 | Revision_782/asp.c | U | 294 | 305 | 11 | 185949 | 11 | 593 | 70
782 | Revision_782/asp.c | U | 186 | 198 | 11 | 185950 | 11 | 34 | 70
782 | Revision_782/asp.c | U | 172 | 184 | 11 | 185951 | 11 | 34 | 70
782 | Revision_782/asp.c | U | 199 | 208 | 11 | 185952 | 11 | 18 | 70
782 | Revision_782/basic.c | U | 135 | 140 | 6 | 185953 | 12 | 278 | 80
782 | Revision_782/basic.c | U | 147 | 152 | 6 | 185954 | 12 | 279 | 80
782 | Revision_782/beta.c | U | 71 | 80 | 10 | 185955 | 13 | 43 | 70
782 | Revision_782/vhdl.c | U | 536 | 548 | 10 | 185956 | 13 | 404 | 70
782 | Revision_782/sml.c | U | 75 | 81 | 10 | 185957 | 13 | 217 | 70
782 | Revision_782/sql.c | U | 447 | 461 | 10 | 185958 | 13 | 198 | 70
782 | Revision_782/parse.c | U | 43 | 54 | 10 | 185959 | 13 | 44 | 70
782 | Revision_782/tex.c | U | 186 | 200 | 10 | 185960 | 13 | 531 | 70
782 | Revision_782/jscript.c | U | 219 | 233 | 10 | 185961 | 13 | 283 | 70
782 | Revision_782/flex.c | U | 256 | 270 | 10 | 185962 | 13 | 439 | 70
782 | Revision_782/beta.c | U | 134 | 141 | 6 | 185963 | 14 | 45 | 75
782 | Revision_782/beta.c | U | 204 | 212 | 6 | 185964 | 14 | 46 | 75
782 | Revision_782/beta.c | U | 152 | 156 | 5 | 185965 | 15 | 47 | 75
782 | Revision_782/beta.c | U | 165 | 169 | 5 | 185966 | 15 | 49 | 75
782 | Revision_782/beta.c | U | 277 | 281 | 5 | 185967 | 15 | 48 | 75
782 | Revision_782/beta.c | U | 158 | 162 | 5 | 185968 | 15 | 51 | 75
782 | Revision_782/beta.c | U | 271 | 275 | 5 | 185969 | 15 | 50 | 75
782 | Revision_782/erlang.c | U | 58 | 62 | 5 | 185970 | 16 | 231 | 75
782 | Revision_782/python.c | U | 299 | 303 | 5 | 185971 | 16 | 180 | 75
782 | Revision_782/sml.c | U | 84 | 88 | 5 | 185972 | 16 | 218 | 75
782 | Revision_782/python.c | U | 277 | 281 | 5 | 185973 | 16 | 368 | 75
782 | Revision_782/options.c | U | 963 | 968 | 5 | 185974 | 16 | 181 | 75
782 | Revision_782/erlang.c | U | 66 | 75 | 9 | 185975 | 17 | 232 | 75
782 | Revision_782/python.c | U | 307 | 316 | 9 | 185976 | 17 | 194 | 75
782 | Revision_782/tcl.c | U | 44 | 54 | 9 | 185977 | 17 | 195 | 75
782 | Revision_782/erlang.c | U | 97 | 105 | 7 | 185978 | 18 | 237 | 71
782 | Revision_782/main.c | U | 179 | 185 | 7 | 185979 | 18 | 255 | 71
782 | Revision_782/perl.c | U | 353 | 359 | 7 | 185980 | 18 | 262 | 71
782 | Revision_782/main.c | U | 260 | 267 | 7 | 185981 | 18 | 254 | 71
782 | Revision_782/perl.c | U | 339 | 346 | 7 | 185982 | 18 | 19 | 71
782 | Revision_782/erlang.c | U | 116 | 121 | 7 | 185983 | 18 | 235 | 71
782 | Revision_782/erlang.c | U | 108 | 113 | 7 | 185984 | 18 | 239 | 71
782 | Revision_782/flex.c | U | 228 | 242 | 12 | 185985 | 19 | 440 | 75
782 | Revision_782/vhdl.c | U | 342 | 351 | 12 | 185986 | 19 | 405 | 75
782 | Revision_782/sql.c | U | 421 | 433 | 12 | 185987 | 19 | 205 | 75
782 | Revision_782/jscript.c | U | 192 | 205 | 12 | 185988 | 19 | 282 | 75
782 | Revision_782/tex.c | U | 161 | 172 | 12 | 185989 | 19 | 532 | 75
782 | Revision_782/flex.c | U | 245 | 249 | 5 | 185990 | 20 | 441 | 75
782 | Revision_782/vstring.c | U | 69 | 73 | 5 | 185991 | 20 | 287 | 75
782 | Revision_782/jscript.c | U | 208 | 212 | 5 | 185992 | 20 | 286 | 75
782 | Revision_782/vhdl.c | U | 354 | 361 | 5 | 185993 | 20 | 406 | 75
782 | Revision_782/tex.c | U | 175 | 179 | 5 | 185994 | 20 | 533 | 75
782 | Revision_782/sql.c | U | 436 | 440 | 5 | 185995 | 20 | 288 | 75
782 | Revision_782/vstring.c | U | 67 | 74 | 5 | 185996 | 20 | 287 | 75
782 | Revision_782/flex.c | U | 273 | 306 | 16 | 185997 | 21 | 442 | 73
782 | Revision_782/jscript.c | U | 236 | 257 | 16 | 185998 | 21 | 289 | 73
782 | Revision_782/sql.c | U | 464 | 485 | 16 | 185999 | 21 | 290 | 73
782 | Revision_782/tex.c | U | 203 | 224 | 16 | 186000 | 21 | 534 | 73
782 | Revision_782/vhdl.c | U | 551 | 570 | 16 | 186001 | 21 | 407 | 73
782 | Revision_782/flex.c | U | 295 | 303 | 11 | 186002 | 22 | 561 | 70
782 | Revision_782/vhdl.c | U | 553 | 569 | 11 | 186003 | 22 | 407 | 70
782 | Revision_782/flex.c | U | 309 | 333 | 20 | 186004 | 23 | 443 | 71
782 | Revision_782/jscript.c | U | 260 | 284 | 20 | 186005 | 23 | 433 | 71
782 | Revision_782/jscript.c | U | 1453 | 1493 | 20 | 186006 | 23 | 434 | 71
782 | Revision_782/flex.c | U | 336 | 356 | 20 | 186007 | 23 | 445 | 71
782 | Revision_782/flex.c | U | 359 | 383 | 20 | 186008 | 23 | 446 | 71
782 | Revision_782/jscript.c | U | 287 | 311 | 20 | 186009 | 23 | 398 | 71
782 | Revision_782/flex.c | U | 1863 | 1903 | 20 | 186010 | 23 | 444 | 71
782 | Revision_782/jscript.c | U | 1358 | 1421 | 20 | 186011 | 23 | 637 | 71
782 | Revision_782/flex.c | U | 316 | 320 | 5 | 186012 | 24 | 535 | 75
782 | Revision_782/tex.c | U | 395 | 399 | 5 | 186013 | 24 | 555 | 75
782 | Revision_782/tex.c | U | 419 | 423 | 5 | 186014 | 24 | 556 | 75
782 | Revision_782/jscript.c | U | 1391 | 1395 | 5 | 186015 | 24 | 342 | 75
782 | Revision_782/jscript.c | U | 1474 | 1478 | 5 | 186016 | 24 | 291 | 75
782 | Revision_782/jscript.c | U | 294 | 298 | 5 | 186017 | 24 | 280 | 75
782 | Revision_782/flex.c | U | 1884 | 1888 | 5 | 186018 | 24 | 537 | 75
782 | Revision_782/flex.c | U | 366 | 370 | 5 | 186019 | 24 | 538 | 75
782 | Revision_782/jscript.c | U | 267 | 271 | 5 | 186020 | 24 | 361 | 75
782 | Revision_782/flex.c | U | 343 | 347 | 5 | 186021 | 24 | 539 | 75
782 | Revision_782/flex.c | U | 390 | 408 | 16 | 186022 | 25 | 447 | 78
782 | Revision_782/jscript.c | U | 318 | 336 | 16 | 186023 | 25 | 398 | 78
782 | Revision_782/vhdl.c | U | 368 | 386 | 16 | 186024 | 25 | 409 | 78
782 | Revision_782/sql.c | U | 492 | 512 | 16 | 186025 | 25 | 296 | 78
782 | Revision_782/tex.c | U | 231 | 249 | 16 | 186026 | 25 | 540 | 78
782 | Revision_782/flex.c | U | 414 | 425 | 12 | 186027 | 26 | 448 | 100
782 | Revision_782/vhdl.c | U | 391 | 402 | 12 | 186028 | 26 | 410 | 100
782 | Revision_782/tex.c | U | 256 | 268 | 12 | 186029 | 26 | 541 | 100
782 | Revision_782/sql.c | U | 517 | 528 | 12 | 186030 | 26 | 296 | 100
782 | Revision_782/jscript.c | U | 342 | 353 | 12 | 186031 | 26 | 295 | 100
782 | Revision_782/flex.c | U | 437 | 441 | 6 | 186032 | 27 | 449 | 71
782 | Revision_782/flex.c | U | 510 | 514 | 6 | 186033 | 27 | 450 | 71
782 | Revision_782/sql.c | U | 540 | 553 | 6 | 186034 | 27 | 206 | 71
782 | Revision_782/tex.c | U | 280 | 284 | 6 | 186035 | 27 | 542 | 71
782 | Revision_782/vhdl.c | U | 414 | 418 | 6 | 186036 | 27 | 411 | 71
782 | Revision_782/jscript.c | U | 365 | 369 | 6 | 186037 | 27 | 291 | 71
782 | Revision_782/flex.c | U | 688 | 693 | 6 | 186038 | 27 | 451 | 71
782 | Revision_782/flex.c | U | 696 | 701 | 6 | 186039 | 27 | 452 | 71
782 | Revision_782/flex.c | U | 623 | 628 | 6 | 186040 | 27 | 450 | 71
782 | Revision_782/flex.c | U | 483 | 488 | 6 | 186041 | 27 | 451 | 71
782 | Revision_782/flex.c | U | 631 | 636 | 6 | 186042 | 27 | 453 | 71
782 | Revision_782/flex.c | U | 532 | 538 | 6 | 186043 | 27 | 455 | 71
782 | Revision_782/flex.c | U | 703 | 710 | 6 | 186044 | 27 | 454 | 71
782 | Revision_782/flex.c | U | 652 | 659 | 6 | 186045 | 27 | 456 | 71
782 | Revision_782/flex.c | U | 664 | 671 | 6 | 186046 | 27 | 457 | 71
782 | Revision_782/flex.c | U | 638 | 645 | 6 | 186047 | 27 | 458 | 71
782 | Revision_782/flex.c | U | 599 | 606 | 6 | 186048 | 27 | 459 | 71
782 | Revision_782/flex.c | U | 558 | 565 | 6 | 186049 | 27 | 460 | 71
782 | Revision_782/flex.c | U | 545 | 551 | 6 | 186050 | 27 | 461 | 71
782 | Revision_782/flex.c | U | 678 | 686 | 6 | 186051 | 27 | 632 | 71
782 | Revision_782/flex.c | U | 613 | 621 | 6 | 186052 | 27 | 450 | 71
782 | Revision_782/flex.c | U | 490 | 515 | 25 | 186053 | 28 | 462 | 70
782 | Revision_782/jscript.c | U | 405 | 435 | 25 | 186054 | 28 | 463 | 70
782 | Revision_782/sql.c | U | 625 | 655 | 25 | 186055 | 28 | 464 | 70
782 | Revision_782/flex.c | U | 596 | 647 | 51 | 186056 | 29 | 633 | 78
782 | Revision_782/flex.c | U | 649 | 713 | 51 | 186057 | 29 | 634 | 78
782 | Revision_782/flex.c | U | 734 | 743 | 10 | 186058 | 30 | 467 | 100
782 | Revision_782/tex.c | U | 317 | 326 | 10 | 186059 | 30 | 543 | 100
782 | Revision_782/jscript.c | U | 441 | 450 | 10 | 186060 | 30 | 412 | 100
782 | Revision_782/vhdl.c | U | 467 | 476 | 10 | 186061 | 30 | 413 | 100
782 | Revision_782/flex.c | U | 749 | 758 | 9 | 186062 | 31 | 468 | 77
782 | Revision_782/jscript.c | U | 456 | 464 | 9 | 186063 | 31 | 301 | 77
782 | Revision_782/sql.c | U | 787 | 794 | 9 | 186064 | 31 | 313 | 77
782 | Revision_782/tex.c | U | 349 | 356 | 9 | 186065 | 31 | 544 | 77
782 | Revision_782/flex.c | U | 765 | 795 | 17 | 186066 | 32 | 469 | 83
782 | Revision_782/sql.c | U | 765 | 783 | 17 | 186067 | 32 | 400 | 83
782 | Revision_782/jscript.c | U | 504 | 533 | 17 | 186068 | 32 | 371 | 83
782 | Revision_782/flex.c | U | 798 | 827 | 17 | 186069 | 32 | 470 | 83
782 | Revision_782/vhdl.c | U | 514 | 532 | 17 | 186070 | 32 | 414 | 83
782 | Revision_782/jscript.c | U | 471 | 501 | 17 | 186071 | 32 | 284 | 83
782 | Revision_782/flex.c | U | 830 | 837 | 7 | 186072 | 33 | 471 | 80
782 | Revision_782/sql.c | U | 698 | 705 | 7 | 186073 | 33 | 304 | 80
782 | Revision_782/flex.c | U | 840 | 847 | 7 | 186074 | 33 | 472 | 80
782 | Revision_782/jscript.c | U | 536 | 543 | 7 | 186075 | 33 | 301 | 80
782 | Revision_782/jscript.c | U | 546 | 553 | 7 | 186076 | 33 | 302 | 80
782 | Revision_782/flex.c | U | 854 | 876 | 13 | 186077 | 34 | 473 | 100
782 | Revision_782/jscript.c | U | 560 | 582 | 13 | 186078 | 34 | 316 | 100
782 | Revision_782/flex.c | U | 861 | 875 | 9 | 186079 | 35 | 474 | 70
782 | Revision_782/flex.c | U | 1235 | 1263 | 9 | 186080 | 35 | 475 | 70
782 | Revision_782/vhdl.c | U | 656 | 668 | 9 | 186081 | 35 | 415 | 70
782 | Revision_782/sql.c | U | 935 | 947 | 9 | 186082 | 35 | 358 | 70
782 | Revision_782/jscript.c | U | 567 | 581 | 9 | 186083 | 35 | 306 | 70
782 | Revision_782/vhdl.c | U | 746 | 759 | 9 | 186084 | 35 | 430 | 70
782 | Revision_782/vhdl.c | U | 727 | 740 | 9 | 186085 | 35 | 427 | 70
782 | Revision_782/flex.c | U | 1797 | 1812 | 9 | 186086 | 35 | 477 | 70
782 | Revision_782/sql.c | U | 2256 | 2284 | 9 | 186087 | 35 | 314 | 70
782 | Revision_782/jscript.c | U | 647 | 673 | 9 | 186088 | 35 | 309 | 70
782 | Revision_782/jscript.c | U | 585 | 620 | 9 | 186089 | 35 | 315 | 70
782 | Revision_782/jscript.c | U | 837 | 847 | 9 | 186090 | 35 | 307 | 70
782 | Revision_782/sql.c | U | 1809 | 1816 | 9 | 186091 | 35 | 311 | 70
782 | Revision_782/sql.c | U | 1176 | 1193 | 9 | 186092 | 35 | 319 | 70
782 | Revision_782/jscript.c | U | 1341 | 1356 | 9 | 186093 | 35 | 281 | 70
782 | Revision_782/vhdl.c | U | 617 | 625 | 9 | 186094 | 35 | 416 | 70
782 | Revision_782/sql.c | U | 1209 | 1232 | 9 | 186095 | 35 | 337 | 70
782 | Revision_782/flex.c | U | 2079 | 2093 | 9 | 186096 | 35 | 635 | 70
782 | Revision_782/sql.c | U | 1705 | 1715 | 9 | 186097 | 35 | 397 | 70
782 | Revision_782/sql.c | U | 1694 | 1702 | 9 | 186098 | 35 | 396 | 70
782 | Revision_782/flex.c | U | 937 | 963 | 9 | 186099 | 35 | 476 | 70
782 | Revision_782/flex.c | U | 2239 | 2258 | 9 | 186100 | 35 | 479 | 70
782 | Revision_782/flex.c | U | 2003 | 2017 | 9 | 186101 | 35 | 481 | 70
782 | Revision_782/jscript.c | U | 839 | 846 | 9 | 186102 | 35 | 307 | 70
782 | Revision_782/flex.c | U | 1304 | 1323 | 9 | 186103 | 35 | 478 | 70
782 | Revision_782/jscript.c | U | 997 | 1017 | 9 | 186104 | 35 | 318 | 70
782 | Revision_782/flex.c | U | 2006 | 2016 | 9 | 186105 | 35 | 481 | 70
782 | Revision_782/flex.c | U | 2260 | 2276 | 9 | 186106 | 35 | 480 | 70
782 | Revision_782/sql.c | U | 1762 | 1772 | 9 | 186107 | 35 | 345 | 70
782 | Revision_782/flex.c | U | 1994 | 2019 | 9 | 186108 | 35 | 484 | 70
782 | Revision_782/jscript.c | U | 696 | 707 | 9 | 186109 | 35 | 312 | 70
782 | Revision_782/vhdl.c | U | 704 | 715 | 9 | 186110 | 35 | 417 | 70
782 | Revision_782/sql.c | U | 903 | 917 | 9 | 186111 | 35 | 313 | 70
782 | Revision_782/flex.c | U | 986 | 997 | 9 | 186112 | 35 | 486 | 70
782 | Revision_782/sql.c | U | 1032 | 1052 | 9 | 186113 | 35 | 310 | 70
782 | Revision_782/jscript.c | U | 1101 | 1107 | 9 | 186114 | 35 | 309 | 70
782 | Revision_782/sql.c | U | 1623 | 1629 | 9 | 186115 | 35 | 356 | 70
782 | Revision_782/flex.c | U | 879 | 910 | 9 | 186116 | 35 | 476 | 70
782 | Revision_782/sql.c | U | 901 | 918 | 9 | 186117 | 35 | 313 | 70
782 | Revision_782/flex.c | U | 2009 | 2015 | 9 | 186118 | 35 | 481 | 70
782 | Revision_782/sql.c | U | 937 | 944 | 9 | 186119 | 35 | 358 | 70
782 | Revision_782/flex.c | U | 2248 | 2257 | 9 | 186120 | 35 | 485 | 70
782 | Revision_782/vhdl.c | U | 635 | 640 | 9 | 186121 | 35 | 416 | 70
782 | Revision_782/sql.c | U | 1926 | 1952 | 9 | 186122 | 35 | 320 | 70
782 | Revision_782/sql.c | U | 1955 | 1976 | 9 | 186123 | 35 | 324 | 70
782 | Revision_782/vhdl.c | U | 586 | 600 | 9 | 186124 | 35 | 418 | 70
782 | Revision_782/jscript.c | U | 675 | 708 | 9 | 186125 | 35 | 487 | 70
782 | Revision_782/vhdl.c | U | 706 | 714 | 9 | 186126 | 35 | 425 | 70
782 | Revision_782/sql.c | U | 797 | 809 | 9 | 186127 | 35 | 313 | 70
782 | Revision_782/ruby.c | U | 214 | 218 | 9 | 186128 | 35 | 265 | 70
782 | Revision_782/flex.c | U | 2129 | 2137 | 9 | 186129 | 35 | 489 | 70
782 | Revision_782/flex.c | U | 2269 | 2275 | 9 | 186130 | 35 | 490 | 70
782 | Revision_782/flex.c | U | 2278 | 2285 | 9 | 186131 | 35 | 488 | 70
782 | Revision_782/flex.c | U | 2361 | 2372 | 9 | 186132 | 35 | 438 | 70
782 | Revision_782/flex.c | U | 2349 | 2359 | 9 | 186133 | 35 | 524 | 70
782 | Revision_782/sql.c | U | 1895 | 1923 | 9 | 186134 | 35 | 323 | 70
782 | Revision_782/sql.c | U | 1994 | 2015 | 9 | 186135 | 35 | 321 | 70
782 | Revision_782/sql.c | U | 2018 | 2039 | 9 | 186136 | 35 | 322 | 70
782 | Revision_782/flex.c | U | 2250 | 2256 | 9 | 186137 | 35 | 485 | 70
782 | Revision_782/vim.c | U | 411 | 419 | 9 | 186138 | 35 | 365 | 70
782 | Revision_782/ruby.c | U | 195 | 200 | 9 | 186139 | 35 | 491 | 70
782 | Revision_782/gnu_regex/regcomp.c | U | 3586 | 3593 | 9 | 186140 | 35 | 562 | 70
782 | Revision_782/flex.c | U | 2054 | 2060 | 9 | 186141 | 35 | 636 | 70
782 | Revision_782/sql.c | U | 712 | 717 | 9 | 186142 | 35 | 304 | 70
782 | Revision_782/sql.c | U | 2042 | 2082 | 9 | 186143 | 35 | 327 | 70
782 | Revision_782/vhdl.c | U | 647 | 670 | 9 | 186144 | 35 | 431 | 70
782 | Revision_782/get.c | U | 594 | 598 | 9 | 186145 | 35 | 364 | 70
782 | Revision_782/sql.c | U | 1779 | 1818 | 9 | 186146 | 35 | 329 | 70
782 | Revision_782/flex.c | U | 1301 | 1335 | 9 | 186147 | 35 | 492 | 70
782 | Revision_782/readtags.c | U | 363 | 367 | 9 | 186148 | 35 | 391 | 70
782 | Revision_782/sql.c | U | 1601 | 1641 | 9 | 186149 | 35 | 328 | 70
782 | Revision_782/flex.c | U | 913 | 999 | 30 | 186150 | 36 | 493 | 90
782 | Revision_782/jscript.c | U | 623 | 709 | 30 | 186151 | 36 | 494 | 90
782 | Revision_782/flex.c | U | 965 | 998 | 17 | 186152 | 37 | 495 | 75
782 | Revision_782/flex.c | U | 1985 | 2020 | 17 | 186153 | 37 | 496 | 75
782 | Revision_782/flex.c | U | 1002 | 1109 | 30 | 186154 | 38 | 497 | 100
782 | Revision_782/jscript.c | U | 712 | 819 | 30 | 186155 | 38 | 498 | 100
782 | Revision_782/flex.c | U | 1281 | 1342 | 38 | 186156 | 39 | 504 | 75
782 | Revision_782/jscript.c | U | 963 | 1040 | 38 | 186157 | 39 | 505 | 75
782 | Revision_782/flex.c | U | 1312 | 1322 | 5 | 186158 | 40 | 506 | 71
782 | Revision_782/flex.c | U | 1325 | 1334 | 5 | 186159 | 40 | 507 | 71
782 | Revision_782/options.c | U | 352 | 357 | 5 | 186160 | 40 | 107 | 71
782 | Revision_782/sql.c | U | 1413 | 1424 | 5 | 186161 | 40 | 627 | 71
782 | Revision_782/sql.c | U | 1569 | 1574 | 5 | 186162 | 40 | 397 | 71
782 | Revision_782/sql.c | U | 1866 | 1870 | 5 | 186163 | 40 | 335 | 71
782 | Revision_782/sql.c | U | 2127 | 2131 | 5 | 186164 | 40 | 334 | 71
782 | Revision_782/sql.c | U | 2237 | 2241 | 5 | 186165 | 40 | 628 | 71
782 | Revision_782/vhdl.c | U | 611 | 615 | 5 | 186166 | 40 | 416 | 71
782 | Revision_782/vhdl.c | U | 620 | 624 | 5 | 186167 | 40 | 419 | 71
782 | Revision_782/sql.c | U | 952 | 961 | 5 | 186168 | 40 | 359 | 71
782 | Revision_782/jscript.c | U | 909 | 918 | 5 | 186169 | 40 | 332 | 71
782 | Revision_782/options.c | U | 674 | 678 | 5 | 186170 | 40 | 116 | 71
782 | Revision_782/vhdl.c | U | 730 | 735 | 5 | 186171 | 40 | 427 | 71
782 | Revision_782/vhdl.c | U | 749 | 754 | 5 | 186172 | 40 | 429 | 71
782 | Revision_782/sql.c | U | 970 | 980 | 5 | 186173 | 40 | 560 | 71
782 | Revision_782/jscript.c | U | 920 | 925 | 5 | 186174 | 40 | 333 | 71
782 | Revision_782/jscript.c | U | 891 | 907 | 5 | 186175 | 40 | 338 | 71
782 | Revision_782/options.c | U | 1221 | 1225 | 5 | 186176 | 40 | 117 | 71
782 | Revision_782/sql.c | U | 1877 | 1886 | 5 | 186177 | 40 | 350 | 71
782 | Revision_782/sql.c | U | 1631 | 1638 | 5 | 186178 | 40 | 311 | 71
782 | Revision_782/flex.c | U | 1384 | 1394 | 5 | 186179 | 41 | 508 | 75
782 | Revision_782/jscript.c | U | 1486 | 1490 | 5 | 186180 | 41 | 342 | 75
782 | Revision_782/flex.c | U | 1896 | 1900 | 5 | 186181 | 41 | 509 | 75
782 | Revision_782/tex.c | U | 427 | 431 | 5 | 186182 | 41 | 557 | 75
782 | Revision_782/sql.c | U | 1185 | 1192 | 5 | 186183 | 41 | 343 | 75
782 | Revision_782/sql.c | U | 1101 | 1107 | 5 | 186184 | 41 | 344 | 75
782 | Revision_782/sql.c | U | 1914 | 1920 | 5 | 186185 | 41 | 345 | 75
782 | Revision_782/sql.c | U | 1943 | 1949 | 5 | 186186 | 41 | 346 | 75
782 | Revision_782/flex.c | U | 1461 | 1930 | 210 | 186187 | 42 | 510 | 77
782 | Revision_782/jscript.c | U | 1043 | 1520 | 210 | 186188 | 42 | 511 | 77
782 | Revision_782/flex.c | U | 1527 | 1562 | 34 | 186189 | 43 | 512 | 71
782 | Revision_782/vhdl.c | U | 768 | 801 | 34 | 186190 | 43 | 513 | 71
782 | Revision_782/flex.c | U | 1624 | 1650 | 12 | 186191 | 44 | 514 | 72
782 | Revision_782/flex.c | U | 1652 | 1674 | 12 | 186192 | 44 | 515 | 72
782 | Revision_782/flex.c | U | 1814 | 1831 | 5 | 186193 | 45 | 516 | 75
782 | Revision_782/ocaml.c | U | 1130 | 1136 | 5 | 186194 | 45 | 602 | 75
782 | Revision_782/objc.c | U | 907 | 911 | 5 | 186195 | 45 | 640 | 75
782 | Revision_782/objc.c | U | 829 | 833 | 5 | 186196 | 45 | 641 | 75
782 | Revision_782/readtags.c | U | 502 | 506 | 5 | 186197 | 45 | 87 | 75
782 | Revision_782/readtags.c | U | 681 | 685 | 5 | 186198 | 45 | 88 | 75
782 | Revision_782/flex.c | U | 1933 | 1980 | 29 | 186199 | 46 | 517 | 92
782 | Revision_782/jscript.c | U | 1523 | 1570 | 29 | 186200 | 46 | 518 | 92
782 | Revision_782/flex.c | U | 1946 | 1969 | 21 | 186201 | 47 | 519 | 70
782 | Revision_782/get.c | U | 406 | 413 | 21 | 186202 | 47 | 520 | 70
782 | Revision_782/flex.c | U | 1983 | 2026 | 23 | 186203 | 48 | 502 | 70
782 | Revision_782/sql.c | U | 1678 | 1716 | 23 | 186204 | 48 | 500 | 70
782 | Revision_782/flex.c | U | 2338 | 2378 | 23 | 186205 | 48 | 624 | 70
782 | Revision_782/flex.c | U | 2116 | 2169 | 23 | 186206 | 48 | 501 | 70
782 | Revision_782/flex.c | U | 2322 | 2325 | 8 | 186207 | 49 | 522 | 71
782 | Revision_782/Test/local.c | U | 14 | 20 | 8 | 186208 | 49 | 362 | 71
782 | Revision_782/jscript.c | U | 1579 | 1585 | 8 | 186209 | 49 | 361 | 71
782 | Revision_782/jscript.c | U | 1581 | 1584 | 8 | 186210 | 49 | 361 | 71
782 | Revision_782/vhdl.c | U | 499 | 506 | 8 | 186211 | 49 | 420 | 71
782 | Revision_782/flex.c | U | 2382 | 2386 | 5 | 186212 | 50 | 523 | 75
782 | Revision_782/jscript.c | U | 1594 | 1598 | 5 | 186213 | 50 | 348 | 75
782 | Revision_782/make.c | U | 191 | 195 | 5 | 186214 | 50 | 273 | 75
782 | Revision_782/ocaml.c | U | 1874 | 1879 | 5 | 186215 | 50 | 603 | 75
782 | Revision_782/tex.c | U | 481 | 485 | 5 | 186216 | 50 | 549 | 75
782 | Revision_782/ocaml.c | U | 922 | 928 | 5 | 186217 | 50 | 604 | 75
782 | Revision_782/sql.c | U | 2342 | 2346 | 5 | 186218 | 50 | 274 | 75
782 | Revision_782/options.c | U | 1773 | 1779 | 5 | 186219 | 50 | 605 | 75
782 | Revision_782/flex.c | U | 2389 | 2405 | 14 | 186220 | 51 | 524 | 100
782 | Revision_782/jscript.c | U | 1601 | 1617 | 14 | 186221 | 51 | 525 | 100
782 | Revision_782/get.c | U | 305 | 314 | 10 | 186222 | 52 | 74 | 70
782 | Revision_782/read.c | U | 220 | 231 | 10 | 186223 | 52 | 75 | 70
782 | Revision_782/parse.c | U | 586 | 600 | 10 | 186224 | 52 | 76 | 70
782 | Revision_782/get.c | U | 467 | 478 | 10 | 186225 | 53 | 77 | 87
782 | Revision_782/get.c | U | 484 | 495 | 10 | 186226 | 53 | 79 | 87
782 | Revision_782/get.c | U | 541 | 546 | 6 | 186227 | 54 | 80 | 80
782 | Revision_782/read.c | U | 423 | 427 | 6 | 186228 | 54 | 81 | 80
782 | Revision_782/get.c | U | 649 | 653 | 5 | 186229 | 55 | 394 | 75
782 | Revision_782/python.c | U | 265 | 268 | 5 | 186230 | 55 | 395 | 75
782 | Revision_782/gnu_regex/regcomp.c | U | 258 | 263 | 5 | 186231 | 56 | 563 | 75
782 | Revision_782/main.c | U | 126 | 139 | 5 | 186232 | 56 | 243 | 75
782 | Revision_782/routines.c | U | 621 | 644 | 5 | 186233 | 56 | 377 | 75
782 | Revision_782/options.c | U | 397 | 402 | 5 | 186234 | 56 | 244 | 75
782 | Revision_782/gnu_regex/regcomp.c | U | 765 | 770 | 5 | 186235 | 57 | 564 | 75
782 | Revision_782/gnu_regex/regcomp.c | U | 817 | 821 | 5 | 186236 | 57 | 565 | 75
782 | Revision_782/strlist.c | U | 150 | 154 | 5 | 186237 | 57 | 62 | 75
782 | Revision_782/sql.c | U | 588 | 592 | 5 | 186238 | 57 | 206 | 75
782 | Revision_782/vhdl.c | U | 457 | 461 | 5 | 186239 | 57 | 421 | 75
782 | Revision_782/routines.c | U | 453 | 459 | 5 | 186240 | 57 | 167 | 75
782 | Revision_782/gnu_regex/regcomp.c | U | 1222 | 1232 | 11 | 186241 | 58 | 566 | 70
782 | Revision_782/gnu_regex/regcomp.c | U | 3804 | 3816 | 11 | 186242 | 58 | 567 | 70
782 | Revision_782/gnu_regex/regcomp.c | U | 1277 | 1281 | 5 | 186243 | 59 | 568 | 100
782 | Revision_782/gnu_regex/regcomp.c | U | 1283 | 1287 | 5 | 186244 | 59 | 569 | 100
782 | Revision_782/gnu_regex/regcomp.c | U | 1477 | 1482 | 6 | 186245 | 60 | 570 | 80
782 | Revision_782/gnu_regex/regcomp.c | U | 1516 | 1522 | 6 | 186246 | 60 | 571 | 80
782 | Revision_782/gnu_regex/regcomp.c | U | 1662 | 1667 | 5 | 186247 | 61 | 572 | 75
782 | Revision_782/gnu_regex/regcomp.c | U | 1685 | 1689 | 5 | 186248 | 61 | 573 | 75
782 | Revision_782/gnu_regex/regex_internal.c | U | 76 | 80 | 5 | 186249 | 61 | 574 | 75
782 | Revision_782/gnu_regex/regcomp.c | U | 2011 | 2030 | 16 | 186250 | 62 | 575 | 75
782 | Revision_782/gnu_regex/regcomp.c | U | 2034 | 2046 | 16 | 186251 | 62 | 576 | 75
782 | Revision_782/gnu_regex/regcomp.c | U | 2158 | 2165 | 7 | 186252 | 63 | 577 | 80
782 | Revision_782/gnu_regex/regcomp.c | U | 2312 | 2319 | 7 | 186253 | 63 | 578 | 80
782 | Revision_782/gnu_regex/regcomp.c | U | 2292 | 2296 | 5 | 186254 | 64 | 579 | 75
782 | Revision_782/gnu_regex/regcomp.c | U | 2298 | 2302 | 5 | 186255 | 64 | 580 | 75
782 | Revision_782/readtags.c | U | 242 | 246 | 5 | 186256 | 64 | 581 | 75
782 | Revision_782/gnu_regex/regex_internal.c | U | 1048 | 1055 | 8 | 186257 | 65 | 582 | 71
782 | Revision_782/gnu_regex/regex_internal.c | U | 1562 | 1570 | 8 | 186258 | 65 | 583 | 71
782 | Revision_782/gnu_regex/regex_internal.c | U | 1188 | 1195 | 8 | 186259 | 65 | 584 | 71
782 | Revision_782/gnu_regex/regex_internal.c | U | 1101 | 1116 | 13 | 186260 | 66 | 585 | 80
782 | Revision_782/gnu_regex/regex_internal.c | U | 1234 | 1254 | 13 | 186261 | 66 | 586 | 80
782 | Revision_782/gnu_regex/regex_internal.c | U | 1287 | 1294 | 8 | 186262 | 67 | 587 | 85
782 | Revision_782/gnu_regex/regex_internal.c | U | 1326 | 1333 | 8 | 186263 | 67 | 588 | 85
782 | Revision_782/gnu_regex/regex_internal.c | U | 1464 | 1492 | 22 | 186264 | 68 | 589 | 70
782 | Revision_782/gnu_regex/regex_internal.c | U | 1508 | 1535 | 22 | 186265 | 68 | 590 | 70
782 | Revision_782/jscript.c | U | 356 | 453 | 126 | 186266 | 69 | 299 | 74
782 | Revision_782/sql.c | U | 531 | 679 | 126 | 186267 | 69 | 300 | 74
782 | Revision_782/jscript.c | U | 1005 | 1016 | 7 | 186268 | 70 | 399 | 83
782 | Revision_782/jscript.c | U | 1019 | 1029 | 7 | 186269 | 70 | 336 | 83
782 | Revision_782/jscript.c | U | 1089 | 1098 | 6 | 186270 | 71 | 360 | 75
782 | Revision_782/options.c | U | 1683 | 1687 | 6 | 186271 | 71 | 223 | 75
782 | Revision_782/jscript.c | U | 1169 | 1195 | 12 | 186272 | 72 | 372 | 72
782 | Revision_782/jscript.c | U | 1197 | 1219 | 12 | 186273 | 72 | 373 | 72
782 | Revision_782/keyword.c | U | 184 | 188 | 5 | 186274 | 73 | 85 | 75
782 | Revision_782/readtags.c | U | 452 | 456 | 5 | 186275 | 73 | 87 | 75
782 | Revision_782/sql.c | U | 1355 | 1359 | 5 | 186276 | 73 | 397 | 75
782 | Revision_782/options.c | U | 1042 | 1046 | 5 | 186277 | 73 | 86 | 75
782 | Revision_782/lisp.c | U | 91 | 97 | 7 | 186278 | 74 | 89 | 83
782 | Revision_782/lisp.c | U | 112 | 118 | 7 | 186279 | 74 | 90 | 83
782 | Revision_782/make.c | U | 44 | 48 | 5 | 186280 | 75 | 267 | 75
782 | Revision_782/verilog.c | U | 287 | 291 | 5 | 186281 | 75 | 268 | 75
782 | Revision_782/make.c | U | 77 | 87 | 11 | 186282 | 76 | 269 | 77
782 | Revision_782/verilog.c | U | 199 | 212 | 11 | 186283 | 76 | 270 | 77
782 | Revision_782/make.c | U | 97 | 105 | 8 | 186284 | 77 | 271 | 75
782 | Revision_782/verilog.c | U | 187 | 193 | 8 | 186285 | 77 | 272 | 75
782 | Revision_782/objc.c | U | 154 | 163 | 7 | 186286 | 78 | 642 | 100
782 | Revision_782/ocaml.c | U | 182 | 191 | 7 | 186287 | 78 | 643 | 100
782 | Revision_782/objc.c | U | 199 | 205 | 6 | 186288 | 79 | 644 | 100
782 | Revision_782/ocaml.c | U | 251 | 257 | 6 | 186289 | 79 | 645 | 100
782 | Revision_782/objc.c | U | 208 | 228 | 15 | 186290 | 80 | 646 | 100
782 | Revision_782/ocaml.c | U | 260 | 280 | 15 | 186291 | 80 | 647 | 100
782 | Revision_782/objc.c | U | 241 | 249 | 6 | 186292 | 81 | 679 | 100
782 | Revision_782/ocaml.c | U | 293 | 301 | 6 | 186293 | 81 | 680 | 100
782 | Revision_782/objc.c | U | 264 | 279 | 10 | 186294 | 82 | 650 | 88
782 | Revision_782/objc.c | U | 283 | 298 | 10 | 186295 | 82 | 652 | 88
782 | Revision_782/ocaml.c | U | 344 | 359 | 10 | 186296 | 82 | 651 | 88
782 | Revision_782/objc.c | U | 304 | 426 | 89 | 186297 | 83 | 653 | 75
782 | Revision_782/ocaml.c | U | 408 | 508 | 89 | 186298 | 83 | 654 | 75
782 | Revision_782/objc.c | U | 318 | 330 | 10 | 186299 | 84 | 655 | 100
782 | Revision_782/objc.c | U | 332 | 344 | 10 | 186300 | 84 | 656 | 100
782 | Revision_782/objc.c | U | 484 | 488 | 6 | 186301 | 85 | 657 | 80
782 | Revision_782/ocaml.c | U | 906 | 913 | 6 | 186302 | 85 | 658 | 80
782 | Revision_782/objc.c | U | 539 | 567 | 22 | 186303 | 86 | 659 | 70
782 | Revision_782/objc.c | U | 945 | 972 | 22 | 186304 | 86 | 660 | 70
782 | Revision_782/ocaml.c | U | 1274 | 1304 | 22 | 186305 | 86 | 638 | 70
782 | Revision_782/ocaml.c | U | 1436 | 1469 | 22 | 186306 | 86 | 621 | 70
782 | Revision_782/objc.c | U | 658 | 685 | 22 | 186307 | 86 | 661 | 70
782 | Revision_782/objc.c | U | 688 | 711 | 22 | 186308 | 86 | 662 | 70
782 | Revision_782/ocaml.c | U | 1037 | 1064 | 22 | 186309 | 86 | 664 | 70
782 | Revision_782/objc.c | U | 714 | 743 | 22 | 186310 | 86 | 663 | 70
782 | Revision_782/ocaml.c | U | 1569 | 1609 | 22 | 186311 | 86 | 615 | 70
782 | Revision_782/ocaml.c | U | 1484 | 1511 | 22 | 186312 | 86 | 665 | 70
782 | Revision_782/ocaml.c | U | 946 | 969 | 22 | 186313 | 86 | 616 | 70
782 | Revision_782/ocaml.c | U | 1076 | 1115 | 22 | 186314 | 86 | 666 | 70
782 | Revision_782/ocaml.c | U | 1214 | 1262 | 22 | 186315 | 86 | 620 | 70
782 | Revision_782/objc.c | U | 875 | 895 | 22 | 186316 | 86 | 667 | 70
782 | Revision_782/ocaml.c | U | 1542 | 1562 | 22 | 186317 | 86 | 617 | 70
782 | Revision_782/objc.c | U | 576 | 614 | 31 | 186318 | 87 | 668 | 100
782 | Revision_782/objc.c | U | 617 | 655 | 31 | 186319 | 87 | 669 | 100
782 | Revision_782/objc.c | U | 747 | 754 | 7 | 186320 | 88 | 670 | 83
782 | Revision_782/objc.c | U | 767 | 775 | 7 | 186321 | 88 | 671 | 83
782 | Revision_782/ocaml.c | U | 974 | 984 | 7 | 186322 | 88 | 618 | 83
782 | Revision_782/objc.c | U | 757 | 764 | 7 | 186323 | 88 | 672 | 83
782 | Revision_782/objc.c | U | 822 | 861 | 30 | 186324 | 89 | 673 | 96
782 | Revision_782/objc.c | U | 900 | 937 | 30 | 186325 | 89 | 674 | 96
782 | Revision_782/objc.c | U | 1002 | 1007 | 5 | 186326 | 90 | 675 | 75
782 | Revision_782/ocaml.c | U | 1081 | 1089 | 5 | 186327 | 90 | 619 | 75
782 | Revision_782/sort.c | U | 144 | 148 | 5 | 186328 | 90 | 676 | 75
782 | Revision_782/objc.c | U | 1095 | 1124 | 26 | 186329 | 91 | 677 | 83
782 | Revision_782/ocaml.c | U | 1842 | 1871 | 26 | 186330 | 91 | 678 | 83
782 | Revision_782/ocaml.c | U | 695 | 699 | 5 | 186331 | 92 | 606 | 75
782 | Revision_782/ocaml.c | U | 739 | 744 | 5 | 186332 | 92 | 608 | 75
782 | Revision_782/ocaml.c | U | 718 | 722 | 5 | 186333 | 92 | 607 | 75
782 | Revision_782/ocaml.c | U | 775 | 797 | 22 | 186334 | 93 | 609 | 71
782 | Revision_782/ocaml.c | U | 851 | 875 | 22 | 186335 | 93 | 610 | 71
782 | Revision_782/ocaml.c | U | 812 | 817 | 7 | 186336 | 94 | 611 | 71
782 | Revision_782/ocaml.c | U | 824 | 831 | 7 | 186337 | 94 | 612 | 71
782 | Revision_782/sql.c | U | 495 | 510 | 7 | 186338 | 94 | 296 | 71
782 | Revision_782/options.c | U | 369 | 375 | 6 | 186339 | 95 | 107 | 100
782 | Revision_782/options.c | U | 378 | 384 | 6 | 186340 | 95 | 108 | 100
782 | Revision_782/options.c | U | 543 | 549 | 7 | 186341 | 96 | 112 | 100
782 | Revision_782/options.c | U | 552 | 558 | 7 | 186342 | 96 | 115 | 100
782 | Revision_782/options.c | U | 561 | 567 | 7 | 186343 | 96 | 114 | 100
782 | Revision_782/options.c | U | 570 | 576 | 7 | 186344 | 96 | 113 | 100
782 | Revision_782/options.c | U | 982 | 986 | 5 | 186345 | 97 | 118 | 75
782 | Revision_782/options.c | U | 1008 | 1012 | 5 | 186346 | 97 | 119 | 75
782 | Revision_782/options.c | U | 1102 | 1106 | 5 | 186347 | 98 | 120 | 100
782 | Revision_782/options.c | U | 1108 | 1112 | 5 | 186348 | 98 | 120 | 100
782 | Revision_782/options.c | U | 1154 | 1166 | 12 | 186349 | 99 | 245 | 100
782 | Revision_782/options.c | U | 1171 | 1183 | 12 | 186350 | 99 | 123 | 100
782 | Revision_782/options.c | U | 1425 | 1442 | 15 | 186351 | 100 | 124 | 91
782 | Revision_782/options.c | U | 1463 | 1480 | 15 | 186352 | 100 | 125 | 91
782 | Revision_782/parse.c | U | 96 | 106 | 11 | 186353 | 101 | 126 | 88
782 | Revision_782/parse.c | U | 109 | 120 | 11 | 186354 | 101 | 127 | 88
782 | Revision_782/parse.c | U | 299 | 303 | 5 | 186355 | 102 | 246 | 75
782 | Revision_782/parse.c | U | 575 | 579 | 5 | 186356 | 102 | 247 | 75
782 | Revision_782/parse.c | U | 556 | 560 | 5 | 186357 | 102 | 248 | 75
782 | Revision_782/pascal.c | U | 134 | 138 | 5 | 186358 | 103 | 128 | 75
782 | Revision_782/perl.c | U | 187 | 191 | 5 | 186359 | 103 | 129 | 75
782 | Revision_782/pascal.c | U | 150 | 154 | 5 | 186360 | 104 | 212 | 75
782 | Revision_782/pascal.c | U | 176 | 182 | 5 | 186361 | 104 | 130 | 75
782 | Revision_782/pascal.c | U | 184 | 190 | 5 | 186362 | 104 | 131 | 75
782 | Revision_782/python.c | U | 754 | 758 | 5 | 186363 | 104 | 370 | 75
782 | Revision_782/perl.c | U | 208 | 214 | 7 | 186364 | 105 | 262 | 83
782 | Revision_782/perl.c | U | 254 | 259 | 7 | 186365 | 105 | 367 | 83
782 | Revision_782/python.c | U | 148 | 161 | 11 | 186366 | 106 | 39 | 77
782 | Revision_782/python.c | U | 191 | 202 | 11 | 186367 | 106 | 14 | 77
782 | Revision_782/python.c | U | 611 | 615 | 7 | 186368 | 107 | 370 | 80
782 | Revision_782/python.c | U | 616 | 621 | 7 | 186369 | 107 | 370 | 80
782 | Revision_782/python.c | U | 760 | 769 | 8 | 186370 | 108 | 436 | 83
782 | Revision_782/python.c | U | 771 | 779 | 8 | 186371 | 108 | 14 | 83
782 | Revision_782/readtags.c | U | 106 | 113 | 8 | 186372 | 109 | 149 | 83
782 | Revision_782/readtags.c | U | 116 | 123 | 8 | 186373 | 109 | 134 | 83
782 | Revision_782/routines.c | U | 288 | 295 | 8 | 186374 | 109 | 155 | 83
782 | Revision_782/routines.c | U | 298 | 305 | 8 | 186375 | 109 | 156 | 83
782 | Revision_782/readtags.c | U | 144 | 148 | 5 | 186376 | 110 | 110 | 75
782 | Revision_782/vstring.c | U | 35 | 40 | 5 | 186377 | 110 | 111 | 75
782 | Revision_782/readtags.c | U | 541 | 547 | 6 | 186378 | 111 | 150 | 100
782 | Revision_782/readtags.c | U | 549 | 555 | 6 | 186379 | 111 | 151 | 100
782 | Revision_782/readtags.c | U | 584 | 588 | 6 | 186380 | 112 | 134 | 75
782 | Revision_782/readtags.c | U | 639 | 645 | 6 | 186381 | 112 | 135 | 75
782 | Revision_782/readtags.c | U | 718 | 726 | 8 | 186382 | 113 | 136 | 83
782 | Revision_782/readtags.c | U | 773 | 781 | 8 | 186383 | 113 | 139 | 83
782 | Revision_782/readtags.c | U | 729 | 737 | 8 | 186384 | 113 | 139 | 83
782 | Revision_782/readtags.c | U | 740 | 745 | 6 | 186385 | 114 | 152 | 80
782 | Revision_782/readtags.c | U | 757 | 762 | 6 | 186386 | 114 | 153 | 80
782 | Revision_782/readtags.c | U | 765 | 770 | 6 | 186387 | 114 | 187 | 80
782 | Revision_782/routines.c | U | 237 | 244 | 6 | 186388 | 115 | 157 | 80
782 | Revision_782/routines.c | U | 247 | 254 | 6 | 186389 | 115 | 158 | 80
782 | Revision_782/routines.c | U | 322 | 326 | 5 | 186390 | 116 | 159 | 75
782 | Revision_782/vstring.c | U | 125 | 129 | 5 | 186391 | 116 | 94 | 75
782 | Revision_782/vstring.c | U | 118 | 122 | 5 | 186392 | 116 | 95 | 75
782 | Revision_782/routines.c | U | 329 | 335 | 6 | 186393 | 117 | 160 | 100
782 | Revision_782/routines.c | U | 338 | 344 | 6 | 186394 | 117 | 161 | 100
782 | Revision_782/routines.c | U | 349 | 356 | 8 | 186395 | 118 | 162 | 100
782 | Revision_782/routines.c | U | 361 | 368 | 8 | 186396 | 118 | 163 | 100
782 | Revision_782/scheme.c | U | 70 | 78 | 8 | 186397 | 119 | 140 | 71
782 | Revision_782/scheme.c | U | 85 | 93 | 8 | 186398 | 119 | 141 | 71
782 | Revision_782/sort.c | U | 118 | 123 | 5 | 186399 | 120 | 182 | 100
782 | Revision_782/sort.c | U | 126 | 131 | 5 | 186400 | 120 | 183 | 100
782 | Revision_782/sql.c | U | 735 | 784 | 32 | 186401 | 121 | 422 | 72
782 | Revision_782/vhdl.c | U | 493 | 533 | 32 | 186402 | 121 | 423 | 72
782 | Revision_782/sql.c | U | 1127 | 1148 | 29 | 186403 | 122 | 337 | 70
782 | Revision_782/tex.c | U | 448 | 475 | 29 | 186404 | 122 | 614 | 70
782 | Revision_782/sql.c | U | 1740 | 1776 | 24 | 186405 | 123 | 351 | 78
782 | Revision_782/sql.c | U | 2146 | 2189 | 24 | 186406 | 123 | 352 | 78
782 | Revision_782/sql.c | U | 2085 | 2143 | 34 | 186407 | 124 | 629 | 100
782 | Revision_782/sql.c | U | 2192 | 2253 | 34 | 186408 | 124 | 630 | 100
782 | Revision_782/sql.c | U | 2110 | 2135 | 17 | 186409 | 125 | 353 | 84
782 | Revision_782/sql.c | U | 2159 | 2183 | 17 | 186410 | 125 | 354 | 84
782 | Revision_782/sql.c | U | 2220 | 2245 | 17 | 186411 | 125 | 631 | 84
782 | Revision_782/sql.c | U | 2349 | 2357 | 7 | 186412 | 126 | 426 | 71
782 | Revision_782/vhdl.c | U | 813 | 821 | 7 | 186413 | 126 | 427 | 71
782 | Revision_782/tex.c | U | 488 | 497 | 7 | 186414 | 126 | 554 | 71
782 | Revision_782/strlist.c | U | 32 | 38 | 8 | 186415 | 127 | 142 | 71
782 | Revision_782/vstring.c | U | 77 | 87 | 8 | 186416 | 127 | 143 | 71
782 | Revision_782/strlist.c | U | 191 | 196 | 7 | 186417 | 128 | 146 | 83
782 | Revision_782/strlist.c | U | 200 | 206 | 7 | 186418 | 128 | 264 | 83
782 | Revision_782/tex.c | U | 271 | 346 | 73 | 186419 | 129 | 550 | 72
782 | Revision_782/vhdl.c | U | 405 | 479 | 73 | 186420 | 129 | 625 | 72
782 | Revision_782/tex.c | U | 388 | 405 | 16 | 186421 | 130 | 558 | 83
782 | Revision_782/tex.c | U | 413 | 432 | 16 | 186422 | 130 | 559 | 83
782 | Revision_782/verilog.c | U | 142 | 146 | 5 | 186423 | 131 | 259 | 75
782 | Revision_782/verilog.c | U | 239 | 243 | 5 | 186424 | 131 | 260 | 75
782 | Revision_782/vhdl.c | U | 724 | 741 | 15 | 186425 | 132 | 430 | 100
782 | Revision_782/vhdl.c | U | 743 | 760 | 15 | 186426 | 132 | 427 | 100
782 | Revision_782/vim.c | U | 97 | 101 | 5 | 186427 | 133 | 192 | 100
782 | Revision_782/vim.c | U | 103 | 107 | 5 | 186428 | 133 | 193 | 100
782 | Revision_782/vim.c | U | 244 | 267 | 17 | 186429 | 134 | 224 | 76
782 | Revision_782/vim.c | U | 294 | 312 | 17 | 186430 | 134 | 147 | 76
