Revision | filePath | changeType | StartLine | EndLine | Nlines | cloneId | classId | globalCloneId | Similarity
783 | Revision_783/lisp.c | U | 91 | 97 | 7 | 289171 | 1 | 1 | 83
783 | Revision_783/lisp.c | U | 112 | 118 | 7 | 289172 | 1 | 2 | 83
783 | Revision_783/lisp.c | U | 127 | 137 | 9 | 289173 | 2 | 3 | 70
783 | Revision_783/verilog.c | U | 330 | 339 | 9 | 289174 | 2 | 283 | 70
783 | Revision_783/sml.c | U | 202 | 210 | 9 | 289175 | 2 | 321 | 70
783 | Revision_783/asp.c | U | 317 | 325 | 9 | 289176 | 2 | 4 | 70
783 | Revision_783/ruby.c | U | 398 | 406 | 9 | 289177 | 2 | 19 | 70
783 | Revision_783/cobol.c | U | 40 | 48 | 9 | 289178 | 2 | 320 | 70
783 | Revision_783/c.c | U | 2870 | 2879 | 9 | 289179 | 2 | 12 | 70
783 | Revision_783/scheme.c | U | 99 | 109 | 9 | 289180 | 2 | 16 | 70
783 | Revision_783/erlang.c | U | 179 | 187 | 9 | 289181 | 2 | 340 | 70
783 | Revision_783/perl.c | U | 372 | 380 | 9 | 289182 | 2 | 7 | 70
783 | Revision_783/php.c | U | 91 | 98 | 9 | 289183 | 2 | 501 | 70
783 | Revision_783/c.c | U | 2882 | 2897 | 9 | 289184 | 2 | 8 | 70
783 | Revision_783/tcl.c | U | 106 | 114 | 9 | 289185 | 2 | 18 | 70
783 | Revision_783/basic.c | U | 193 | 201 | 9 | 289186 | 2 | 408 | 70
783 | Revision_783/pascal.c | U | 257 | 265 | 9 | 289187 | 2 | 14 | 70
783 | Revision_783/python.c | U | 841 | 849 | 9 | 289188 | 2 | 13 | 70
783 | Revision_783/eiffel.c | U | 1259 | 1268 | 9 | 289189 | 2 | 9 | 70
783 | Revision_783/c.c | U | 2900 | 2909 | 9 | 289190 | 2 | 15 | 70
783 | Revision_783/objc.c | U | 1134 | 1144 | 9 | 289191 | 2 | 783 | 70
783 | Revision_783/ocaml.c | U | 1882 | 1892 | 9 | 289192 | 2 | 745 | 70
783 | Revision_783/c.c | U | 2924 | 2933 | 9 | 289193 | 2 | 315 | 70
783 | Revision_783/sh.c | U | 103 | 113 | 9 | 289194 | 2 | 17 | 70
783 | Revision_783/awk.c | U | 71 | 79 | 9 | 289195 | 2 | 10 | 70
783 | Revision_783/beta.c | U | 311 | 319 | 9 | 289196 | 2 | 5 | 70
783 | Revision_783/fortran.c | U | 2180 | 2195 | 9 | 289197 | 2 | 21 | 70
783 | Revision_783/lua.c | U | 123 | 131 | 9 | 289198 | 2 | 243 | 70
783 | Revision_783/sql.c | U | 2360 | 2369 | 9 | 289199 | 2 | 296 | 70
783 | Revision_783/c.c | U | 2912 | 2921 | 9 | 289200 | 2 | 330 | 70
783 | Revision_783/vhdl.c | U | 824 | 833 | 9 | 289201 | 2 | 539 | 70
783 | Revision_783/vim.c | U | 637 | 645 | 9 | 289202 | 2 | 20 | 70
783 | Revision_783/jscript.c | U | 1621 | 1634 | 9 | 289203 | 2 | 413 | 70
783 | Revision_783/asm.c | U | 366 | 385 | 9 | 289204 | 2 | 274 | 70
783 | Revision_783/make.c | U | 205 | 215 | 9 | 289205 | 2 | 25 | 70
783 | Revision_783/tex.c | U | 501 | 514 | 9 | 289206 | 2 | 665 | 70
783 | Revision_783/html.c | U | 40 | 47 | 9 | 289207 | 2 | 365 | 70
783 | Revision_783/dosbatch.c | U | 33 | 40 | 9 | 289208 | 2 | 667 | 70
783 | Revision_783/flex.c | U | 2409 | 2422 | 9 | 289209 | 2 | 575 | 70
783 | Revision_783/slang.c | U | 34 | 41 | 9 | 289210 | 2 | 24 | 70
783 | Revision_783/matlab.c | U | 35 | 42 | 9 | 289211 | 2 | 668 | 70
783 | Revision_783/rexx.c | U | 30 | 37 | 9 | 289212 | 2 | 26 | 70
783 | Revision_783/yacc.c | U | 31 | 38 | 9 | 289213 | 2 | 23 | 70
783 | Revision_783/ant.c | U | 33 | 40 | 9 | 289214 | 2 | 666 | 70
783 | Revision_783/keyword.c | U | 107 | 116 | 9 | 289215 | 2 | 27 | 70
783 | Revision_783/options.c | U | 626 | 632 | 9 | 289216 | 2 | 29 | 70
783 | Revision_783/c.c | U | 2254 | 2259 | 9 | 289217 | 2 | 28 | 70
783 | Revision_783/fortran.c | U | 414 | 426 | 9 | 289218 | 2 | 158 | 70
783 | Revision_783/options.c | U | 533 | 538 | 9 | 289219 | 2 | 30 | 70
783 | Revision_783/c.c | U | 2283 | 2291 | 9 | 289220 | 2 | 31 | 70
783 | Revision_783/vhdl.c | U | 342 | 351 | 9 | 289221 | 2 | 540 | 70
783 | Revision_783/jscript.c | U | 192 | 205 | 9 | 289222 | 2 | 414 | 70
783 | Revision_783/flex.c | U | 228 | 242 | 9 | 289223 | 2 | 576 | 70
783 | Revision_783/sql.c | U | 421 | 433 | 9 | 289224 | 2 | 309 | 70
783 | Revision_783/tex.c | U | 161 | 172 | 9 | 289225 | 2 | 669 | 70
783 | Revision_783/eiffel.c | U | 622 | 634 | 9 | 289226 | 2 | 157 | 70
783 | Revision_783/asp.c | U | 72 | 91 | 15 | 289227 | 3 | 33 | 100
783 | Revision_783/asp.c | U | 95 | 114 | 15 | 289228 | 3 | 34 | 100
783 | Revision_783/asp.c | U | 118 | 163 | 40 | 289229 | 4 | 736 | 100
783 | Revision_783/asp.c | U | 165 | 210 | 40 | 289230 | 4 | 737 | 100
783 | Revision_783/asp.c | U | 125 | 137 | 11 | 289231 | 5 | 35 | 70
783 | Revision_783/asp.c | U | 291 | 306 | 11 | 289232 | 5 | 36 | 70
783 | Revision_783/asp.c | U | 253 | 268 | 11 | 289233 | 5 | 36 | 70
783 | Revision_783/asp.c | U | 272 | 287 | 11 | 289234 | 5 | 36 | 70
783 | Revision_783/asp.c | U | 152 | 161 | 11 | 289235 | 5 | 738 | 70
783 | Revision_783/asp.c | U | 214 | 230 | 11 | 289236 | 5 | 739 | 70
783 | Revision_783/asp.c | U | 139 | 151 | 11 | 289237 | 5 | 740 | 70
783 | Revision_783/asp.c | U | 234 | 249 | 11 | 289238 | 5 | 36 | 70
783 | Revision_783/asp.c | U | 172 | 184 | 11 | 289239 | 5 | 741 | 70
783 | Revision_783/asp.c | U | 186 | 198 | 11 | 289240 | 5 | 742 | 70
783 | Revision_783/asp.c | U | 218 | 229 | 11 | 289241 | 5 | 36 | 70
783 | Revision_783/lua.c | U | 81 | 88 | 11 | 289242 | 5 | 285 | 70
783 | Revision_783/asp.c | U | 294 | 305 | 11 | 289243 | 5 | 36 | 70
783 | Revision_783/vim.c | U | 301 | 310 | 11 | 289244 | 5 | 743 | 70
783 | Revision_783/asp.c | U | 275 | 286 | 11 | 289245 | 5 | 739 | 70
783 | Revision_783/vim.c | U | 256 | 265 | 11 | 289246 | 5 | 744 | 70
783 | Revision_783/asp.c | U | 256 | 267 | 11 | 289247 | 5 | 36 | 70
783 | Revision_783/asp.c | U | 237 | 248 | 11 | 289248 | 5 | 740 | 70
783 | Revision_783/asp.c | U | 199 | 208 | 11 | 289249 | 5 | 4 | 70
783 | Revision_783/args.c | U | 85 | 92 | 8 | 289250 | 6 | 43 | 100
783 | Revision_783/args.c | U | 160 | 167 | 8 | 289251 | 6 | 44 | 100
783 | Revision_783/args.c | U | 182 | 190 | 9 | 289252 | 7 | 45 | 75
783 | Revision_783/args.c | U | 203 | 211 | 9 | 289253 | 7 | 46 | 75
783 | Revision_783/args.c | U | 193 | 200 | 9 | 289254 | 7 | 47 | 75
783 | Revision_783/args.c | U | 266 | 272 | 7 | 289255 | 8 | 48 | 83
783 | Revision_783/options.c | U | 579 | 584 | 7 | 289256 | 8 | 49 | 83
783 | Revision_783/c.c | U | 536 | 542 | 5 | 289257 | 9 | 51 | 71
783 | Revision_783/vstring.c | U | 67 | 74 | 5 | 289258 | 9 | 52 | 71
783 | Revision_783/sql.c | U | 436 | 440 | 5 | 289259 | 9 | 416 | 71
783 | Revision_783/fortran.c | U | 888 | 892 | 5 | 289260 | 9 | 50 | 71
783 | Revision_783/vhdl.c | U | 354 | 361 | 5 | 289261 | 9 | 541 | 71
783 | Revision_783/tex.c | U | 175 | 179 | 5 | 289262 | 9 | 670 | 71
783 | Revision_783/flex.c | U | 245 | 249 | 5 | 289263 | 9 | 577 | 71
783 | Revision_783/jscript.c | U | 208 | 212 | 5 | 289264 | 9 | 415 | 71
783 | Revision_783/fortran.c | U | 440 | 445 | 5 | 289265 | 9 | 363 | 71
783 | Revision_783/vstring.c | U | 69 | 73 | 5 | 289266 | 9 | 52 | 71
783 | Revision_783/eiffel.c | U | 637 | 643 | 5 | 289267 | 9 | 362 | 71
783 | Revision_783/fortran.c | U | 1060 | 1064 | 5 | 289268 | 9 | 312 | 71
783 | Revision_783/sql.c | U | 1569 | 1574 | 5 | 289269 | 9 | 462 | 71
783 | Revision_783/vhdl.c | U | 356 | 360 | 5 | 289270 | 9 | 541 | 71
783 | Revision_783/vhdl.c | U | 620 | 624 | 5 | 289271 | 9 | 542 | 71
783 | Revision_783/sql.c | U | 1413 | 1424 | 5 | 289272 | 9 | 771 | 71
783 | Revision_783/vhdl.c | U | 611 | 615 | 5 | 289273 | 9 | 543 | 71
783 | Revision_783/flex.c | U | 1325 | 1334 | 5 | 289274 | 9 | 578 | 71
783 | Revision_783/fortran.c | U | 438 | 446 | 5 | 289275 | 9 | 363 | 71
783 | Revision_783/vhdl.c | U | 749 | 754 | 5 | 289276 | 9 | 539 | 71
783 | Revision_783/options.c | U | 674 | 678 | 5 | 289277 | 9 | 127 | 71
783 | Revision_783/vhdl.c | U | 730 | 735 | 5 | 289278 | 9 | 560 | 71
783 | Revision_783/c.c | U | 2221 | 2225 | 5 | 289279 | 9 | 125 | 71
783 | Revision_783/sql.c | U | 1866 | 1870 | 5 | 289280 | 9 | 454 | 71
783 | Revision_783/flex.c | U | 1312 | 1322 | 5 | 289281 | 9 | 579 | 71
783 | Revision_783/sql.c | U | 2127 | 2131 | 5 | 289282 | 9 | 455 | 71
783 | Revision_783/sql.c | U | 2237 | 2241 | 5 | 289283 | 9 | 772 | 71
783 | Revision_783/options.c | U | 1221 | 1225 | 5 | 289284 | 9 | 129 | 71
783 | Revision_783/strlist.c | U | 150 | 154 | 5 | 289285 | 9 | 126 | 71
783 | Revision_783/gnu_regex/regcomp.c | U | 817 | 821 | 5 | 289286 | 9 | 707 | 71
783 | Revision_783/vhdl.c | U | 457 | 461 | 5 | 289287 | 9 | 544 | 71
783 | Revision_783/eiffel.c | U | 691 | 695 | 5 | 289288 | 9 | 250 | 71
783 | Revision_783/sql.c | U | 588 | 592 | 5 | 289289 | 9 | 300 | 71
783 | Revision_783/sql.c | U | 952 | 961 | 5 | 289290 | 9 | 493 | 71
783 | Revision_783/c.c | U | 2494 | 2501 | 5 | 289291 | 9 | 94 | 71
783 | Revision_783/eiffel.c | U | 429 | 434 | 5 | 289292 | 9 | 119 | 71
783 | Revision_783/fortran.c | U | 813 | 818 | 5 | 289293 | 9 | 116 | 71
783 | Revision_783/options.c | U | 352 | 357 | 5 | 289294 | 9 | 224 | 71
783 | Revision_783/jscript.c | U | 909 | 918 | 5 | 289295 | 9 | 456 | 71
783 | Revision_783/routines.c | U | 453 | 459 | 5 | 289296 | 9 | 266 | 71
783 | Revision_783/fortran.c | U | 990 | 994 | 5 | 289297 | 9 | 128 | 71
783 | Revision_783/gnu_regex/regcomp.c | U | 765 | 770 | 5 | 289298 | 9 | 708 | 71
783 | Revision_783/sql.c | U | 970 | 980 | 5 | 289299 | 9 | 698 | 71
783 | Revision_783/eiffel.c | U | 421 | 427 | 5 | 289300 | 9 | 119 | 71
783 | Revision_783/fortran.c | U | 805 | 811 | 5 | 289301 | 9 | 50 | 71
783 | Revision_783/jscript.c | U | 920 | 925 | 5 | 289302 | 9 | 457 | 71
783 | Revision_783/jscript.c | U | 891 | 907 | 5 | 289303 | 9 | 480 | 71
783 | Revision_783/sql.c | U | 1877 | 1886 | 5 | 289304 | 9 | 486 | 71
783 | Revision_783/sql.c | U | 1631 | 1638 | 5 | 289305 | 9 | 430 | 71
783 | Revision_783/c.c | U | 545 | 552 | 6 | 289306 | 10 | 53 | 80
783 | Revision_783/c.c | U | 555 | 562 | 6 | 289307 | 10 | 54 | 80
783 | Revision_783/c.c | U | 664 | 680 | 18 | 289308 | 11 | 55 | 70
783 | Revision_783/c.c | U | 1245 | 1259 | 18 | 289309 | 11 | 56 | 70
783 | Revision_783/c.c | U | 1168 | 1186 | 18 | 289310 | 11 | 60 | 70
783 | Revision_783/fortran.c | U | 1118 | 1133 | 18 | 289311 | 11 | 375 | 70
783 | Revision_783/fortran.c | U | 1854 | 1870 | 18 | 289312 | 11 | 59 | 70
783 | Revision_783/c.c | U | 683 | 699 | 18 | 289313 | 11 | 57 | 70
783 | Revision_783/fortran.c | U | 1095 | 1115 | 18 | 289314 | 11 | 58 | 70
783 | Revision_783/c.c | U | 1171 | 1184 | 18 | 289315 | 11 | 63 | 70
783 | Revision_783/c.c | U | 686 | 697 | 18 | 289316 | 11 | 57 | 70
783 | Revision_783/objc.c | U | 516 | 532 | 18 | 289317 | 11 | 784 | 70
783 | Revision_783/fortran.c | U | 1098 | 1113 | 18 | 289318 | 11 | 58 | 70
783 | Revision_783/Test/local.c | U | 9 | 22 | 18 | 289319 | 11 | 384 | 70
783 | Revision_783/eiffel.c | U | 1151 | 1170 | 18 | 289320 | 11 | 307 | 70
783 | Revision_783/jscript.c | U | 1536 | 1559 | 18 | 289321 | 11 | 463 | 70
783 | Revision_783/fortran.c | U | 1771 | 1799 | 18 | 289322 | 11 | 366 | 70
783 | Revision_783/flex.c | U | 1946 | 1969 | 18 | 289323 | 11 | 601 | 70
783 | Revision_783/fortran.c | U | 1857 | 1868 | 18 | 289324 | 11 | 65 | 70
783 | Revision_783/c.c | U | 667 | 678 | 18 | 289325 | 11 | 55 | 70
783 | Revision_783/eiffel.c | U | 1148 | 1173 | 18 | 289326 | 11 | 307 | 70
783 | Revision_783/fortran.c | U | 1251 | 1276 | 18 | 289327 | 11 | 369 | 70
783 | Revision_783/fortran.c | U | 1571 | 1608 | 18 | 289328 | 11 | 367 | 70
783 | Revision_783/get.c | U | 406 | 413 | 18 | 289329 | 11 | 602 | 70
783 | Revision_783/fortran.c | U | 1254 | 1275 | 18 | 289330 | 11 | 369 | 70
783 | Revision_783/eiffel.c | U | 1227 | 1232 | 18 | 289331 | 11 | 362 | 70
783 | Revision_783/eiffel.c | U | 947 | 987 | 18 | 289332 | 11 | 700 | 70
783 | Revision_783/fortran.c | U | 1774 | 1797 | 18 | 289333 | 11 | 366 | 70
783 | Revision_783/eiffel.c | U | 1153 | 1169 | 18 | 289334 | 11 | 307 | 70
783 | Revision_783/c.c | U | 717 | 739 | 21 | 289335 | 12 | 72 | 70
783 | Revision_783/fortran.c | U | 1285 | 1295 | 21 | 289336 | 12 | 337 | 70
783 | Revision_783/c.c | U | 749 | 755 | 8 | 289337 | 13 | 74 | 71
783 | Revision_783/options.c | U | 472 | 479 | 8 | 289338 | 13 | 75 | 71
783 | Revision_783/c.c | U | 790 | 794 | 8 | 289339 | 14 | 76 | 70
783 | Revision_783/c.c | U | 2174 | 2178 | 8 | 289340 | 14 | 80 | 70
783 | Revision_783/ocaml.c | U | 328 | 332 | 8 | 289341 | 14 | 826 | 70
783 | Revision_783/flex.c | U | 1896 | 1900 | 8 | 289342 | 14 | 580 | 70
783 | Revision_783/fortran.c | U | 1899 | 1903 | 8 | 289343 | 14 | 79 | 70
783 | Revision_783/sql.c | U | 1101 | 1107 | 8 | 289344 | 14 | 419 | 70
783 | Revision_783/tex.c | U | 427 | 431 | 8 | 289345 | 14 | 693 | 70
783 | Revision_783/sql.c | U | 1185 | 1192 | 8 | 289346 | 14 | 418 | 70
783 | Revision_783/jscript.c | U | 1486 | 1490 | 8 | 289347 | 14 | 417 | 70
783 | Revision_783/readtags.c | U | 144 | 148 | 8 | 289348 | 14 | 87 | 70
783 | Revision_783/fortran.c | U | 1326 | 1330 | 8 | 289349 | 14 | 85 | 70
783 | Revision_783/flex.c | U | 1384 | 1394 | 8 | 289350 | 14 | 581 | 70
783 | Revision_783/eiffel.c | U | 1014 | 1018 | 8 | 289351 | 14 | 269 | 70
783 | Revision_783/eiffel.c | U | 1074 | 1078 | 8 | 289352 | 14 | 269 | 70
783 | Revision_783/sql.c | U | 1943 | 1949 | 8 | 289353 | 14 | 420 | 70
783 | Revision_783/sql.c | U | 1914 | 1920 | 8 | 289354 | 14 | 421 | 70
783 | Revision_783/vstring.c | U | 35 | 40 | 8 | 289355 | 14 | 98 | 70
783 | Revision_783/c.c | U | 2244 | 2251 | 8 | 289356 | 14 | 244 | 70
783 | Revision_783/c.c | U | 1790 | 1794 | 8 | 289357 | 14 | 121 | 70
783 | Revision_783/c.c | U | 1781 | 1785 | 8 | 289358 | 14 | 331 | 70
783 | Revision_783/fortran.c | U | 1707 | 1711 | 8 | 289359 | 14 | 373 | 70
783 | Revision_783/flex.c | U | 2278 | 2285 | 8 | 289360 | 14 | 583 | 70
783 | Revision_783/eiffel.c | U | 993 | 997 | 8 | 289361 | 14 | 496 | 70
783 | Revision_783/vhdl.c | U | 706 | 714 | 8 | 289362 | 14 | 563 | 70
783 | Revision_783/flex.c | U | 2361 | 2372 | 8 | 289363 | 14 | 575 | 70
783 | Revision_783/jscript.c | U | 1101 | 1107 | 8 | 289364 | 14 | 417 | 70
783 | Revision_783/ruby.c | U | 214 | 218 | 8 | 289365 | 14 | 392 | 70
783 | Revision_783/flex.c | U | 986 | 997 | 8 | 289366 | 14 | 586 | 70
783 | Revision_783/fortran.c | U | 1194 | 1198 | 8 | 289367 | 14 | 85 | 70
783 | Revision_783/jscript.c | U | 696 | 707 | 8 | 289368 | 14 | 426 | 70
783 | Revision_783/flex.c | U | 2129 | 2137 | 8 | 289369 | 14 | 584 | 70
783 | Revision_783/flex.c | U | 2250 | 2256 | 8 | 289370 | 14 | 582 | 70
783 | Revision_783/flex.c | U | 2009 | 2015 | 8 | 289371 | 14 | 585 | 70
783 | Revision_783/sql.c | U | 1623 | 1629 | 8 | 289372 | 14 | 492 | 70
783 | Revision_783/sql.c | U | 1032 | 1052 | 8 | 289373 | 14 | 423 | 70
783 | Revision_783/sql.c | U | 937 | 944 | 8 | 289374 | 14 | 493 | 70
783 | Revision_783/eiffel.c | U | 1092 | 1096 | 8 | 289375 | 14 | 151 | 70
783 | Revision_783/sql.c | U | 1355 | 1359 | 8 | 289376 | 14 | 462 | 70
783 | Revision_783/readtags.c | U | 452 | 456 | 8 | 289377 | 14 | 90 | 70
783 | Revision_783/keyword.c | U | 184 | 188 | 8 | 289378 | 14 | 91 | 70
783 | Revision_783/options.c | U | 1042 | 1046 | 8 | 289379 | 14 | 89 | 70
783 | Revision_783/fortran.c | U | 1323 | 1331 | 8 | 289380 | 14 | 84 | 70
783 | Revision_783/fortran.c | U | 1535 | 1540 | 8 | 289381 | 14 | 79 | 70
783 | Revision_783/eiffel.c | U | 1056 | 1063 | 8 | 289382 | 14 | 701 | 70
783 | Revision_783/c.c | U | 2788 | 2793 | 8 | 289383 | 14 | 94 | 70
783 | Revision_783/fortran.c | U | 1528 | 1533 | 8 | 289384 | 14 | 79 | 70
783 | Revision_783/flex.c | U | 2054 | 2060 | 8 | 289385 | 14 | 588 | 70
783 | Revision_783/flex.c | U | 2269 | 2275 | 8 | 289386 | 14 | 776 | 70
783 | Revision_783/gnu_regex/regcomp.c | U | 3586 | 3593 | 8 | 289387 | 14 | 709 | 70
783 | Revision_783/flex.c | U | 2349 | 2359 | 8 | 289388 | 14 | 652 | 70
783 | Revision_783/sql.c | U | 712 | 717 | 8 | 289389 | 14 | 476 | 70
783 | Revision_783/sql.c | U | 797 | 809 | 8 | 289390 | 14 | 493 | 70
783 | Revision_783/sql.c | U | 903 | 917 | 8 | 289391 | 14 | 423 | 70
783 | Revision_783/sql.c | U | 1694 | 1702 | 8 | 289392 | 14 | 462 | 70
783 | Revision_783/jscript.c | U | 839 | 846 | 8 | 289393 | 14 | 427 | 70
783 | Revision_783/flex.c | U | 2248 | 2257 | 8 | 289394 | 14 | 585 | 70
783 | Revision_783/eiffel.c | U | 1129 | 1138 | 8 | 289395 | 14 | 101 | 70
783 | Revision_783/vim.c | U | 411 | 419 | 8 | 289396 | 14 | 500 | 70
783 | Revision_783/fortran.c | U | 1367 | 1373 | 8 | 289397 | 14 | 337 | 70
783 | Revision_783/fortran.c | U | 1308 | 1314 | 8 | 289398 | 14 | 85 | 70
783 | Revision_783/sql.c | U | 2331 | 2338 | 8 | 289399 | 14 | 538 | 70
783 | Revision_783/ruby.c | U | 195 | 200 | 8 | 289400 | 14 | 591 | 70
783 | Revision_783/sql.c | U | 935 | 947 | 8 | 289401 | 14 | 308 | 70
783 | Revision_783/eiffel.c | U | 1126 | 1139 | 8 | 289402 | 14 | 156 | 70
783 | Revision_783/sql.c | U | 1705 | 1715 | 8 | 289403 | 14 | 462 | 70
783 | Revision_783/flex.c | U | 2239 | 2258 | 8 | 289404 | 14 | 589 | 70
783 | Revision_783/vhdl.c | U | 704 | 715 | 8 | 289405 | 14 | 545 | 70
783 | Revision_783/vhdl.c | U | 635 | 640 | 8 | 289406 | 14 | 542 | 70
783 | Revision_783/jscript.c | U | 1341 | 1356 | 8 | 289407 | 14 | 413 | 70
783 | Revision_783/flex.c | U | 1797 | 1812 | 8 | 289408 | 14 | 590 | 70
783 | Revision_783/sql.c | U | 1809 | 1816 | 8 | 289409 | 14 | 430 | 70
783 | Revision_783/get.c | U | 594 | 598 | 8 | 289410 | 14 | 122 | 70
783 | Revision_783/c.c | U | 2069 | 2075 | 8 | 289411 | 14 | 12 | 70
783 | Revision_783/eiffel.c | U | 918 | 926 | 8 | 289412 | 14 | 702 | 70
783 | Revision_783/sql.c | U | 2329 | 2339 | 8 | 289413 | 14 | 538 | 70
783 | Revision_783/flex.c | U | 2079 | 2093 | 8 | 289414 | 14 | 777 | 70
783 | Revision_783/flex.c | U | 861 | 875 | 8 | 289415 | 14 | 598 | 70
783 | Revision_783/flex.c | U | 937 | 963 | 8 | 289416 | 14 | 593 | 70
783 | Revision_783/vhdl.c | U | 656 | 668 | 8 | 289417 | 14 | 546 | 70
783 | Revision_783/jscript.c | U | 567 | 581 | 8 | 289418 | 14 | 428 | 70
783 | Revision_783/flex.c | U | 2003 | 2017 | 8 | 289419 | 14 | 582 | 70
783 | Revision_783/c.c | U | 2200 | 2207 | 8 | 289420 | 14 | 28 | 70
783 | Revision_783/fortran.c | U | 1473 | 1482 | 8 | 289421 | 14 | 65 | 70
783 | Revision_783/fortran.c | U | 1434 | 1442 | 8 | 289422 | 14 | 314 | 70
783 | Revision_783/flex.c | U | 2260 | 2276 | 8 | 289423 | 14 | 592 | 70
783 | Revision_783/sql.c | U | 901 | 918 | 8 | 289424 | 14 | 423 | 70
783 | Revision_783/jscript.c | U | 585 | 620 | 8 | 289425 | 14 | 429 | 70
783 | Revision_783/flex.c | U | 1994 | 2019 | 8 | 289426 | 14 | 595 | 70
783 | Revision_783/flex.c | U | 879 | 910 | 8 | 289427 | 14 | 593 | 70
783 | Revision_783/sql.c | U | 2256 | 2284 | 8 | 289428 | 14 | 431 | 70
783 | Revision_783/fortran.c | U | 1401 | 1409 | 8 | 289429 | 14 | 59 | 70
783 | Revision_783/readtags.c | U | 363 | 367 | 8 | 289430 | 14 | 529 | 70
783 | Revision_783/c.c | U | 1992 | 1996 | 8 | 289431 | 14 | 121 | 70
783 | Revision_783/eiffel.c | U | 1045 | 1053 | 8 | 289432 | 14 | 496 | 70
783 | Revision_783/sql.c | U | 1762 | 1772 | 8 | 289433 | 14 | 462 | 70
783 | Revision_783/flex.c | U | 1235 | 1263 | 8 | 289434 | 14 | 599 | 70
783 | Revision_783/jscript.c | U | 997 | 1017 | 8 | 289435 | 14 | 438 | 70
783 | Revision_783/flex.c | U | 1304 | 1323 | 8 | 289436 | 14 | 596 | 70
783 | Revision_783/vhdl.c | U | 727 | 740 | 8 | 289437 | 14 | 539 | 70
783 | Revision_783/sql.c | U | 1176 | 1193 | 8 | 289438 | 14 | 435 | 70
783 | Revision_783/vhdl.c | U | 746 | 759 | 8 | 289439 | 14 | 560 | 70
783 | Revision_783/jscript.c | U | 647 | 673 | 8 | 289440 | 14 | 432 | 70
783 | Revision_783/sql.c | U | 1209 | 1232 | 8 | 289441 | 14 | 437 | 70
783 | Revision_783/vhdl.c | U | 617 | 625 | 8 | 289442 | 14 | 542 | 70
783 | Revision_783/jscript.c | U | 837 | 847 | 8 | 289443 | 14 | 427 | 70
783 | Revision_783/eiffel.c | U | 900 | 907 | 8 | 289444 | 14 | 703 | 70
783 | Revision_783/flex.c | U | 2006 | 2016 | 8 | 289445 | 14 | 582 | 70
783 | Revision_783/fortran.c | U | 1696 | 1705 | 8 | 289446 | 14 | 221 | 70
783 | Revision_783/eiffel.c | U | 1123 | 1140 | 8 | 289447 | 14 | 156 | 70
783 | Revision_783/jscript.c | U | 675 | 708 | 8 | 289448 | 14 | 597 | 70
783 | Revision_783/fortran.c | U | 729 | 733 | 8 | 289449 | 14 | 144 | 70
783 | Revision_783/fortran.c | U | 620 | 624 | 8 | 289450 | 14 | 112 | 70
783 | Revision_783/sql.c | U | 1926 | 1952 | 8 | 289451 | 14 | 439 | 70
783 | Revision_783/sql.c | U | 1955 | 1976 | 8 | 289452 | 14 | 440 | 70
783 | Revision_783/vhdl.c | U | 586 | 600 | 8 | 289453 | 14 | 547 | 70
783 | Revision_783/fortran.c | U | 1741 | 1747 | 8 | 289454 | 14 | 314 | 70
783 | Revision_783/fortran.c | U | 1067 | 1073 | 8 | 289455 | 14 | 350 | 70
783 | Revision_783/fortran.c | U | 1520 | 1526 | 8 | 289456 | 14 | 65 | 70
783 | Revision_783/perl.c | U | 187 | 191 | 8 | 289457 | 14 | 163 | 70
783 | Revision_783/pascal.c | U | 134 | 138 | 8 | 289458 | 14 | 164 | 70
783 | Revision_783/sql.c | U | 1994 | 2015 | 8 | 289459 | 14 | 442 | 70
783 | Revision_783/sql.c | U | 1895 | 1923 | 8 | 289460 | 14 | 441 | 70
783 | Revision_783/sql.c | U | 2018 | 2039 | 8 | 289461 | 14 | 443 | 70
783 | Revision_783/vhdl.c | U | 647 | 670 | 8 | 289462 | 14 | 569 | 70
783 | Revision_783/sql.c | U | 2042 | 2082 | 8 | 289463 | 14 | 445 | 70
783 | Revision_783/flex.c | U | 1301 | 1335 | 8 | 289464 | 14 | 600 | 70
783 | Revision_783/sql.c | U | 1779 | 1818 | 8 | 289465 | 14 | 448 | 70
783 | Revision_783/sql.c | U | 1601 | 1641 | 8 | 289466 | 14 | 447 | 70
783 | Revision_783/c.c | U | 800 | 821 | 44 | 289467 | 15 | 103 | 72
783 | Revision_783/c.c | U | 865 | 885 | 44 | 289468 | 15 | 316 | 72
783 | Revision_783/c.c | U | 932 | 951 | 44 | 289469 | 15 | 103 | 72
783 | Revision_783/c.c | U | 824 | 844 | 44 | 289470 | 15 | 332 | 72
783 | Revision_783/c.c | U | 847 | 863 | 44 | 289471 | 15 | 316 | 72
783 | Revision_783/c.c | U | 888 | 899 | 12 | 289472 | 16 | 317 | 90
783 | Revision_783/c.c | U | 902 | 913 | 12 | 289473 | 16 | 318 | 90
783 | Revision_783/c.c | U | 1053 | 1058 | 6 | 289474 | 17 | 407 | 80
783 | Revision_783/flex.c | U | 1775 | 1780 | 6 | 289475 | 17 | 603 | 80
783 | Revision_783/jscript.c | U | 1316 | 1321 | 6 | 289476 | 17 | 417 | 80
783 | Revision_783/c.c | U | 1308 | 1314 | 7 | 289477 | 18 | 385 | 71
783 | Revision_783/fortran.c | U | 502 | 510 | 7 | 289478 | 18 | 112 | 71
783 | Revision_783/make.c | U | 63 | 69 | 7 | 289479 | 18 | 394 | 71
783 | Revision_783/make.c | U | 53 | 60 | 7 | 289480 | 18 | 395 | 71
783 | Revision_783/c.c | U | 1381 | 1388 | 7 | 289481 | 19 | 108 | 80
783 | Revision_783/c.c | U | 1390 | 1397 | 7 | 289482 | 19 | 109 | 80
783 | Revision_783/c.c | U | 1411 | 1418 | 7 | 289483 | 20 | 110 | 71
783 | Revision_783/c.c | U | 1421 | 1428 | 7 | 289484 | 20 | 111 | 71
783 | Revision_783/c.c | U | 2212 | 2219 | 7 | 289485 | 20 | 405 | 71
783 | Revision_783/fortran.c | U | 626 | 632 | 7 | 289486 | 20 | 112 | 71
783 | Revision_783/flex.c | U | 494 | 501 | 7 | 289487 | 20 | 604 | 71
783 | Revision_783/jscript.c | U | 418 | 425 | 7 | 289488 | 20 | 450 | 71
783 | Revision_783/sql.c | U | 638 | 645 | 7 | 289489 | 20 | 406 | 71
783 | Revision_783/c.c | U | 1459 | 1464 | 6 | 289490 | 21 | 386 | 80
783 | Revision_783/c.c | U | 1802 | 1807 | 6 | 289491 | 21 | 80 | 80
783 | Revision_783/c.c | U | 1485 | 1494 | 9 | 289492 | 22 | 294 | 71
783 | Revision_783/eiffel.c | U | 563 | 571 | 9 | 289493 | 22 | 295 | 71
783 | Revision_783/c.c | U | 1488 | 1492 | 5 | 289494 | 23 | 294 | 75
783 | Revision_783/flex.c | U | 1814 | 1831 | 5 | 289495 | 23 | 605 | 75
783 | Revision_783/objc.c | U | 907 | 911 | 5 | 289496 | 23 | 785 | 75
783 | Revision_783/objc.c | U | 829 | 833 | 5 | 289497 | 23 | 786 | 75
783 | Revision_783/readtags.c | U | 502 | 506 | 5 | 289498 | 23 | 90 | 75
783 | Revision_783/ocaml.c | U | 1130 | 1136 | 5 | 289499 | 23 | 746 | 75
783 | Revision_783/readtags.c | U | 681 | 685 | 5 | 289500 | 23 | 99 | 75
783 | Revision_783/c.c | U | 1502 | 1515 | 10 | 289501 | 24 | 396 | 75
783 | Revision_783/make.c | U | 77 | 87 | 10 | 289502 | 24 | 397 | 75
783 | Revision_783/fortran.c | U | 854 | 865 | 10 | 289503 | 24 | 116 | 75
783 | Revision_783/verilog.c | U | 199 | 212 | 10 | 289504 | 24 | 398 | 75
783 | Revision_783/eiffel.c | U | 581 | 593 | 10 | 289505 | 24 | 114 | 75
783 | Revision_783/tex.c | U | 256 | 268 | 10 | 289506 | 24 | 671 | 75
783 | Revision_783/flex.c | U | 414 | 425 | 10 | 289507 | 24 | 606 | 75
783 | Revision_783/eiffel.c | U | 596 | 608 | 10 | 289508 | 24 | 117 | 75
783 | Revision_783/vhdl.c | U | 391 | 402 | 10 | 289509 | 24 | 548 | 75
783 | Revision_783/jscript.c | U | 342 | 353 | 10 | 289510 | 24 | 451 | 75
783 | Revision_783/sql.c | U | 517 | 528 | 10 | 289511 | 24 | 306 | 75
783 | Revision_783/c.c | U | 1619 | 1625 | 8 | 289512 | 25 | 452 | 71
783 | Revision_783/jscript.c | U | 456 | 464 | 8 | 289513 | 25 | 453 | 71
783 | Revision_783/eiffel.c | U | 611 | 619 | 8 | 289514 | 25 | 146 | 71
783 | Revision_783/tex.c | U | 349 | 356 | 8 | 289515 | 25 | 672 | 71
783 | Revision_783/sql.c | U | 787 | 794 | 8 | 289516 | 25 | 493 | 71
783 | Revision_783/flex.c | U | 749 | 758 | 8 | 289517 | 25 | 607 | 71
783 | Revision_783/c.c | U | 2507 | 2511 | 5 | 289518 | 26 | 387 | 100
783 | Revision_783/c.c | U | 2514 | 2518 | 5 | 289519 | 26 | 94 | 100
783 | Revision_783/c.c | U | 2737 | 2742 | 6 | 289520 | 27 | 94 | 80
783 | Revision_783/sql.c | U | 1196 | 1201 | 6 | 289521 | 27 | 301 | 80
783 | Revision_783/c.c | U | 2828 | 2837 | 9 | 289522 | 28 | 130 | 71
783 | Revision_783/eiffel.c | U | 222 | 231 | 9 | 289523 | 28 | 131 | 71
783 | Revision_783/fortran.c | U | 398 | 407 | 9 | 289524 | 28 | 132 | 71
783 | Revision_783/sql.c | U | 409 | 418 | 9 | 289525 | 28 | 302 | 71
783 | Revision_783/verilog.c | U | 108 | 118 | 9 | 289526 | 28 | 381 | 71
783 | Revision_783/flex.c | U | 216 | 225 | 9 | 289527 | 28 | 608 | 71
783 | Revision_783/tex.c | U | 149 | 158 | 9 | 289528 | 28 | 673 | 71
783 | Revision_783/asm.c | U | 120 | 128 | 9 | 289529 | 28 | 288 | 71
783 | Revision_783/vhdl.c | U | 573 | 583 | 9 | 289530 | 28 | 549 | 71
783 | Revision_783/jscript.c | U | 180 | 189 | 9 | 289531 | 28 | 458 | 71
783 | Revision_783/eiffel.c | U | 294 | 308 | 10 | 289532 | 29 | 133 | 70
783 | Revision_783/sql.c | U | 447 | 461 | 10 | 289533 | 29 | 303 | 70
783 | Revision_783/beta.c | U | 71 | 80 | 10 | 289534 | 29 | 134 | 70
783 | Revision_783/tex.c | U | 186 | 200 | 10 | 289535 | 29 | 674 | 70
783 | Revision_783/vhdl.c | U | 536 | 548 | 10 | 289536 | 29 | 550 | 70
783 | Revision_783/jscript.c | U | 219 | 233 | 10 | 289537 | 29 | 459 | 70
783 | Revision_783/flex.c | U | 256 | 270 | 10 | 289538 | 29 | 609 | 70
783 | Revision_783/parse.c | U | 43 | 54 | 10 | 289539 | 29 | 135 | 70
783 | Revision_783/sml.c | U | 75 | 81 | 10 | 289540 | 29 | 324 | 70
783 | Revision_783/eiffel.c | U | 296 | 306 | 10 | 289541 | 29 | 136 | 70
783 | Revision_783/eiffel.c | U | 374 | 383 | 8 | 289542 | 30 | 304 | 100
783 | Revision_783/read.c | U | 452 | 459 | 8 | 289543 | 30 | 704 | 100
783 | Revision_783/eiffel.c | U | 389 | 410 | 20 | 289544 | 31 | 139 | 70
783 | Revision_783/fortran.c | U | 768 | 794 | 20 | 289545 | 31 | 140 | 70
783 | Revision_783/eiffel.c | U | 413 | 441 | 24 | 289546 | 32 | 141 | 95
783 | Revision_783/fortran.c | U | 797 | 825 | 24 | 289547 | 32 | 505 | 95
783 | Revision_783/eiffel.c | U | 554 | 558 | 5 | 289548 | 33 | 143 | 75
783 | Revision_783/verilog.c | U | 142 | 146 | 5 | 289549 | 33 | 383 | 75
783 | Revision_783/fortran.c | U | 786 | 790 | 5 | 289550 | 33 | 145 | 75
783 | Revision_783/verilog.c | U | 239 | 243 | 5 | 289551 | 33 | 382 | 75
783 | Revision_783/fortran.c | U | 969 | 973 | 5 | 289552 | 33 | 144 | 75
783 | Revision_783/eiffel.c | U | 705 | 712 | 7 | 289553 | 34 | 705 | 71
783 | Revision_783/sql.c | U | 601 | 606 | 7 | 289554 | 34 | 300 | 71
783 | Revision_783/eiffel.c | U | 756 | 763 | 9 | 289555 | 35 | 148 | 77
783 | Revision_783/flex.c | U | 734 | 743 | 9 | 289556 | 35 | 610 | 77
783 | Revision_783/tex.c | U | 317 | 326 | 9 | 289557 | 35 | 675 | 77
783 | Revision_783/jscript.c | U | 441 | 450 | 9 | 289558 | 35 | 461 | 77
783 | Revision_783/vhdl.c | U | 467 | 476 | 9 | 289559 | 35 | 553 | 77
783 | Revision_783/eiffel.c | U | 765 | 770 | 6 | 289560 | 36 | 506 | 100
783 | Revision_783/fortran.c | U | 1027 | 1032 | 6 | 289561 | 36 | 312 | 100
783 | Revision_783/eiffel.c | U | 1055 | 1080 | 23 | 289562 | 37 | 706 | 70
783 | Revision_783/sql.c | U | 1678 | 1716 | 23 | 289563 | 37 | 658 | 70
783 | Revision_783/flex.c | U | 1983 | 2026 | 23 | 289564 | 37 | 656 | 70
783 | Revision_783/flex.c | U | 2116 | 2169 | 23 | 289565 | 37 | 659 | 70
783 | Revision_783/flex.c | U | 2338 | 2378 | 23 | 289566 | 37 | 768 | 70
783 | Revision_783/eiffel.c | U | 1243 | 1254 | 8 | 289567 | 38 | 9 | 71
783 | Revision_783/tex.c | U | 488 | 497 | 8 | 289568 | 38 | 676 | 71
783 | Revision_783/vhdl.c | U | 813 | 821 | 8 | 289569 | 38 | 567 | 71
783 | Revision_783/sql.c | U | 2349 | 2357 | 8 | 289570 | 38 | 568 | 71
783 | Revision_783/basic.c | U | 135 | 140 | 6 | 289571 | 39 | 411 | 80
783 | Revision_783/basic.c | U | 147 | 152 | 6 | 289572 | 39 | 412 | 80
783 | Revision_783/verilog.c | U | 187 | 193 | 8 | 289573 | 40 | 399 | 75
783 | Revision_783/make.c | U | 97 | 105 | 8 | 289574 | 40 | 400 | 75
783 | Revision_783/verilog.c | U | 287 | 291 | 5 | 289575 | 41 | 401 | 75
783 | Revision_783/make.c | U | 44 | 48 | 5 | 289576 | 41 | 402 | 75
783 | Revision_783/jscript.c | U | 236 | 257 | 15 | 289577 | 42 | 467 | 75
783 | Revision_783/sql.c | U | 464 | 485 | 15 | 289578 | 42 | 468 | 75
783 | Revision_783/vhdl.c | U | 551 | 570 | 15 | 289579 | 42 | 554 | 75
783 | Revision_783/tex.c | U | 203 | 224 | 15 | 289580 | 42 | 677 | 75
783 | Revision_783/flex.c | U | 273 | 306 | 15 | 289581 | 42 | 611 | 75
783 | Revision_783/jscript.c | U | 260 | 284 | 20 | 289582 | 43 | 572 | 71
783 | Revision_783/flex.c | U | 1863 | 1903 | 20 | 289583 | 43 | 614 | 71
783 | Revision_783/flex.c | U | 359 | 383 | 20 | 289584 | 43 | 612 | 71
783 | Revision_783/flex.c | U | 309 | 333 | 20 | 289585 | 43 | 613 | 71
783 | Revision_783/jscript.c | U | 1453 | 1493 | 20 | 289586 | 43 | 573 | 71
783 | Revision_783/flex.c | U | 336 | 356 | 20 | 289587 | 43 | 615 | 71
783 | Revision_783/jscript.c | U | 287 | 311 | 20 | 289588 | 43 | 534 | 71
783 | Revision_783/jscript.c | U | 1358 | 1421 | 20 | 289589 | 43 | 781 | 71
783 | Revision_783/jscript.c | U | 267 | 271 | 5 | 289590 | 44 | 458 | 75
783 | Revision_783/tex.c | U | 395 | 399 | 5 | 289591 | 44 | 694 | 75
783 | Revision_783/jscript.c | U | 1391 | 1395 | 5 | 289592 | 44 | 460 | 75
783 | Revision_783/tex.c | U | 419 | 423 | 5 | 289593 | 44 | 695 | 75
783 | Revision_783/jscript.c | U | 1474 | 1478 | 5 | 289594 | 44 | 417 | 75
783 | Revision_783/flex.c | U | 343 | 347 | 5 | 289595 | 44 | 679 | 75
783 | Revision_783/flex.c | U | 316 | 320 | 5 | 289596 | 44 | 680 | 75
783 | Revision_783/jscript.c | U | 294 | 298 | 5 | 289597 | 44 | 498 | 75
783 | Revision_783/flex.c | U | 1884 | 1888 | 5 | 289598 | 44 | 681 | 75
783 | Revision_783/flex.c | U | 366 | 370 | 5 | 289599 | 44 | 682 | 75
783 | Revision_783/jscript.c | U | 318 | 336 | 16 | 289600 | 45 | 534 | 78
783 | Revision_783/sql.c | U | 492 | 512 | 16 | 289601 | 45 | 306 | 78
783 | Revision_783/tex.c | U | 231 | 249 | 16 | 289602 | 45 | 683 | 78
783 | Revision_783/vhdl.c | U | 368 | 386 | 16 | 289603 | 45 | 555 | 78
783 | Revision_783/flex.c | U | 390 | 408 | 16 | 289604 | 45 | 616 | 78
783 | Revision_783/jscript.c | U | 356 | 453 | 126 | 289605 | 46 | 472 | 74
783 | Revision_783/sql.c | U | 531 | 679 | 126 | 289606 | 46 | 473 | 74
783 | Revision_783/jscript.c | U | 365 | 369 | 6 | 289607 | 47 | 471 | 71
783 | Revision_783/flex.c | U | 437 | 441 | 6 | 289608 | 47 | 618 | 71
783 | Revision_783/tex.c | U | 280 | 284 | 6 | 289609 | 47 | 685 | 71
783 | Revision_783/vhdl.c | U | 414 | 418 | 6 | 289610 | 47 | 556 | 71
783 | Revision_783/flex.c | U | 510 | 514 | 6 | 289611 | 47 | 617 | 71
783 | Revision_783/sql.c | U | 540 | 553 | 6 | 289612 | 47 | 380 | 71
783 | Revision_783/flex.c | U | 483 | 488 | 6 | 289613 | 47 | 619 | 71
783 | Revision_783/flex.c | U | 696 | 701 | 6 | 289614 | 47 | 620 | 71
783 | Revision_783/flex.c | U | 688 | 693 | 6 | 289615 | 47 | 621 | 71
783 | Revision_783/flex.c | U | 623 | 628 | 6 | 289616 | 47 | 617 | 71
783 | Revision_783/flex.c | U | 631 | 636 | 6 | 289617 | 47 | 622 | 71
783 | Revision_783/flex.c | U | 532 | 538 | 6 | 289618 | 47 | 619 | 71
783 | Revision_783/flex.c | U | 545 | 551 | 6 | 289619 | 47 | 623 | 71
783 | Revision_783/flex.c | U | 652 | 659 | 6 | 289620 | 47 | 624 | 71
783 | Revision_783/flex.c | U | 638 | 645 | 6 | 289621 | 47 | 626 | 71
783 | Revision_783/flex.c | U | 664 | 671 | 6 | 289622 | 47 | 625 | 71
783 | Revision_783/flex.c | U | 703 | 710 | 6 | 289623 | 47 | 627 | 71
783 | Revision_783/flex.c | U | 599 | 606 | 6 | 289624 | 47 | 628 | 71
783 | Revision_783/flex.c | U | 558 | 565 | 6 | 289625 | 47 | 629 | 71
783 | Revision_783/flex.c | U | 678 | 686 | 6 | 289626 | 47 | 778 | 71
783 | Revision_783/flex.c | U | 613 | 621 | 6 | 289627 | 47 | 619 | 71
783 | Revision_783/jscript.c | U | 405 | 435 | 25 | 289628 | 48 | 630 | 70
783 | Revision_783/flex.c | U | 490 | 515 | 25 | 289629 | 48 | 631 | 70
783 | Revision_783/sql.c | U | 625 | 655 | 25 | 289630 | 48 | 632 | 70
783 | Revision_783/jscript.c | U | 471 | 501 | 17 | 289631 | 49 | 465 | 83
783 | Revision_783/vhdl.c | U | 514 | 532 | 17 | 289632 | 49 | 557 | 83
783 | Revision_783/sql.c | U | 765 | 783 | 17 | 289633 | 49 | 536 | 83
783 | Revision_783/flex.c | U | 765 | 795 | 17 | 289634 | 49 | 633 | 83
783 | Revision_783/flex.c | U | 798 | 827 | 17 | 289635 | 49 | 634 | 83
783 | Revision_783/jscript.c | U | 504 | 533 | 17 | 289636 | 49 | 507 | 83
783 | Revision_783/jscript.c | U | 536 | 543 | 7 | 289637 | 50 | 474 | 80
783 | Revision_783/sql.c | U | 698 | 705 | 7 | 289638 | 50 | 476 | 80
783 | Revision_783/flex.c | U | 830 | 837 | 7 | 289639 | 50 | 636 | 80
783 | Revision_783/jscript.c | U | 546 | 553 | 7 | 289640 | 50 | 475 | 80
783 | Revision_783/flex.c | U | 840 | 847 | 7 | 289641 | 50 | 635 | 80
783 | Revision_783/jscript.c | U | 560 | 582 | 13 | 289642 | 51 | 433 | 100
783 | Revision_783/flex.c | U | 854 | 876 | 13 | 289643 | 51 | 637 | 100
783 | Revision_783/jscript.c | U | 623 | 709 | 30 | 289644 | 52 | 638 | 90
783 | Revision_783/flex.c | U | 913 | 999 | 30 | 289645 | 52 | 639 | 90
783 | Revision_783/jscript.c | U | 712 | 819 | 30 | 289646 | 53 | 640 | 100
783 | Revision_783/flex.c | U | 1002 | 1109 | 30 | 289647 | 53 | 641 | 100
783 | Revision_783/jscript.c | U | 963 | 1040 | 38 | 289648 | 54 | 642 | 75
783 | Revision_783/flex.c | U | 1281 | 1342 | 38 | 289649 | 54 | 643 | 75
783 | Revision_783/jscript.c | U | 1005 | 1016 | 7 | 289650 | 55 | 479 | 83
783 | Revision_783/jscript.c | U | 1019 | 1029 | 7 | 289651 | 55 | 463 | 83
783 | Revision_783/jscript.c | U | 1043 | 1520 | 210 | 289652 | 56 | 644 | 77
783 | Revision_783/flex.c | U | 1461 | 1930 | 210 | 289653 | 56 | 645 | 77
783 | Revision_783/jscript.c | U | 1089 | 1098 | 6 | 289654 | 57 | 497 | 75
783 | Revision_783/options.c | U | 1683 | 1687 | 6 | 289655 | 57 | 333 | 75
783 | Revision_783/jscript.c | U | 1169 | 1195 | 12 | 289656 | 58 | 508 | 72
783 | Revision_783/jscript.c | U | 1197 | 1219 | 12 | 289657 | 58 | 509 | 72
783 | Revision_783/jscript.c | U | 1523 | 1570 | 29 | 289658 | 59 | 646 | 92
783 | Revision_783/flex.c | U | 1933 | 1980 | 29 | 289659 | 59 | 647 | 92
783 | Revision_783/jscript.c | U | 1579 | 1585 | 8 | 289660 | 60 | 498 | 71
783 | Revision_783/flex.c | U | 2322 | 2325 | 8 | 289661 | 60 | 649 | 71
783 | Revision_783/Test/local.c | U | 14 | 20 | 8 | 289662 | 60 | 384 | 71
783 | Revision_783/jscript.c | U | 1581 | 1584 | 8 | 289663 | 60 | 498 | 71
783 | Revision_783/vhdl.c | U | 499 | 506 | 8 | 289664 | 60 | 558 | 71
783 | Revision_783/jscript.c | U | 1594 | 1598 | 5 | 289665 | 61 | 484 | 75
783 | Revision_783/make.c | U | 191 | 195 | 5 | 289666 | 61 | 403 | 75
783 | Revision_783/ocaml.c | U | 1874 | 1879 | 5 | 289667 | 61 | 748 | 75
783 | Revision_783/ocaml.c | U | 922 | 928 | 5 | 289668 | 61 | 747 | 75
783 | Revision_783/flex.c | U | 2382 | 2386 | 5 | 289669 | 61 | 650 | 75
783 | Revision_783/tex.c | U | 481 | 485 | 5 | 289670 | 61 | 690 | 75
783 | Revision_783/sql.c | U | 2342 | 2346 | 5 | 289671 | 61 | 404 | 75
783 | Revision_783/options.c | U | 1773 | 1779 | 5 | 289672 | 61 | 749 | 75
783 | Revision_783/jscript.c | U | 1601 | 1617 | 14 | 289673 | 62 | 651 | 100
783 | Revision_783/flex.c | U | 2389 | 2405 | 14 | 289674 | 62 | 652 | 100
783 | Revision_783/gnu_regex/regcomp.c | U | 258 | 263 | 5 | 289675 | 63 | 710 | 75
783 | Revision_783/routines.c | U | 621 | 644 | 5 | 289676 | 63 | 514 | 75
783 | Revision_783/main.c | U | 126 | 139 | 5 | 289677 | 63 | 354 | 75
783 | Revision_783/options.c | U | 397 | 402 | 5 | 289678 | 63 | 355 | 75
783 | Revision_783/gnu_regex/regcomp.c | U | 1222 | 1232 | 11 | 289679 | 64 | 711 | 70
783 | Revision_783/gnu_regex/regcomp.c | U | 3804 | 3816 | 11 | 289680 | 64 | 712 | 70
783 | Revision_783/gnu_regex/regcomp.c | U | 1277 | 1281 | 5 | 289681 | 65 | 713 | 100
783 | Revision_783/gnu_regex/regcomp.c | U | 1283 | 1287 | 5 | 289682 | 65 | 714 | 100
783 | Revision_783/gnu_regex/regcomp.c | U | 1477 | 1482 | 6 | 289683 | 66 | 715 | 80
783 | Revision_783/gnu_regex/regcomp.c | U | 1516 | 1522 | 6 | 289684 | 66 | 716 | 80
783 | Revision_783/gnu_regex/regcomp.c | U | 1662 | 1667 | 5 | 289685 | 67 | 717 | 75
783 | Revision_783/gnu_regex/regex_internal.c | U | 76 | 80 | 5 | 289686 | 67 | 719 | 75
783 | Revision_783/gnu_regex/regcomp.c | U | 1685 | 1689 | 5 | 289687 | 67 | 718 | 75
783 | Revision_783/gnu_regex/regcomp.c | U | 2011 | 2030 | 16 | 289688 | 68 | 720 | 75
783 | Revision_783/gnu_regex/regcomp.c | U | 2034 | 2046 | 16 | 289689 | 68 | 721 | 75
783 | Revision_783/gnu_regex/regcomp.c | U | 2158 | 2165 | 7 | 289690 | 69 | 722 | 80
783 | Revision_783/gnu_regex/regcomp.c | U | 2312 | 2319 | 7 | 289691 | 69 | 723 | 80
783 | Revision_783/gnu_regex/regcomp.c | U | 2292 | 2296 | 5 | 289692 | 70 | 724 | 75
783 | Revision_783/readtags.c | U | 242 | 246 | 5 | 289693 | 70 | 726 | 75
783 | Revision_783/gnu_regex/regcomp.c | U | 2298 | 2302 | 5 | 289694 | 70 | 725 | 75
783 | Revision_783/gnu_regex/regex_internal.c | U | 1048 | 1055 | 8 | 289695 | 71 | 727 | 71
783 | Revision_783/gnu_regex/regex_internal.c | U | 1188 | 1195 | 8 | 289696 | 71 | 729 | 71
783 | Revision_783/gnu_regex/regex_internal.c | U | 1562 | 1570 | 8 | 289697 | 71 | 728 | 71
783 | Revision_783/gnu_regex/regex_internal.c | U | 1101 | 1116 | 13 | 289698 | 72 | 730 | 80
783 | Revision_783/gnu_regex/regex_internal.c | U | 1234 | 1254 | 13 | 289699 | 72 | 731 | 80
783 | Revision_783/gnu_regex/regex_internal.c | U | 1287 | 1294 | 8 | 289700 | 73 | 732 | 85
783 | Revision_783/gnu_regex/regex_internal.c | U | 1326 | 1333 | 8 | 289701 | 73 | 733 | 85
783 | Revision_783/gnu_regex/regex_internal.c | U | 1464 | 1492 | 22 | 289702 | 74 | 734 | 70
783 | Revision_783/gnu_regex/regex_internal.c | U | 1508 | 1535 | 22 | 289703 | 74 | 735 | 70
783 | Revision_783/vim.c | U | 97 | 101 | 5 | 289704 | 75 | 290 | 100
783 | Revision_783/vim.c | U | 103 | 107 | 5 | 289705 | 75 | 291 | 100
783 | Revision_783/vim.c | U | 244 | 267 | 17 | 289706 | 76 | 334 | 76
783 | Revision_783/vim.c | U | 294 | 312 | 17 | 289707 | 76 | 159 | 76
783 | Revision_783/python.c | U | 148 | 161 | 11 | 289708 | 77 | 37 | 77
783 | Revision_783/python.c | U | 191 | 202 | 11 | 289709 | 77 | 13 | 77
783 | Revision_783/python.c | U | 265 | 268 | 5 | 289710 | 78 | 532 | 75
783 | Revision_783/get.c | U | 649 | 653 | 5 | 289711 | 78 | 533 | 75
783 | Revision_783/python.c | U | 277 | 281 | 5 | 289712 | 79 | 278 | 75
783 | Revision_783/python.c | U | 299 | 303 | 5 | 289713 | 79 | 326 | 75
783 | Revision_783/erlang.c | U | 58 | 62 | 5 | 289714 | 79 | 341 | 75
783 | Revision_783/sml.c | U | 84 | 88 | 5 | 289715 | 79 | 325 | 75
783 | Revision_783/options.c | U | 963 | 968 | 5 | 289716 | 79 | 280 | 75
783 | Revision_783/python.c | U | 307 | 316 | 9 | 289717 | 80 | 292 | 75
783 | Revision_783/tcl.c | U | 44 | 54 | 9 | 289718 | 80 | 293 | 75
783 | Revision_783/erlang.c | U | 66 | 75 | 9 | 289719 | 80 | 342 | 75
783 | Revision_783/python.c | U | 611 | 615 | 7 | 289720 | 81 | 504 | 80
783 | Revision_783/python.c | U | 616 | 621 | 7 | 289721 | 81 | 504 | 80
783 | Revision_783/python.c | U | 754 | 758 | 5 | 289722 | 82 | 504 | 75
783 | Revision_783/pascal.c | U | 184 | 190 | 5 | 289723 | 82 | 171 | 75
783 | Revision_783/pascal.c | U | 176 | 182 | 5 | 289724 | 82 | 170 | 75
783 | Revision_783/pascal.c | U | 150 | 154 | 5 | 289725 | 82 | 319 | 75
783 | Revision_783/python.c | U | 760 | 769 | 8 | 289726 | 83 | 574 | 83
783 | Revision_783/python.c | U | 771 | 779 | 8 | 289727 | 83 | 13 | 83
783 | Revision_783/perl.c | U | 208 | 214 | 7 | 289728 | 84 | 389 | 83
783 | Revision_783/perl.c | U | 254 | 259 | 7 | 289729 | 84 | 502 | 83
783 | Revision_783/perl.c | U | 339 | 346 | 7 | 289730 | 85 | 389 | 71
783 | Revision_783/main.c | U | 260 | 267 | 7 | 289731 | 85 | 377 | 71
783 | Revision_783/perl.c | U | 353 | 359 | 7 | 289732 | 85 | 7 | 71
783 | Revision_783/erlang.c | U | 97 | 105 | 7 | 289733 | 85 | 344 | 71
783 | Revision_783/main.c | U | 179 | 185 | 7 | 289734 | 85 | 376 | 71
783 | Revision_783/erlang.c | U | 108 | 113 | 7 | 289735 | 85 | 346 | 71
783 | Revision_783/erlang.c | U | 116 | 121 | 7 | 289736 | 85 | 344 | 71
783 | Revision_783/sort.c | U | 118 | 123 | 5 | 289737 | 86 | 281 | 100
783 | Revision_783/sort.c | U | 126 | 131 | 5 | 289738 | 86 | 282 | 100
783 | Revision_783/sort.c | U | 144 | 148 | 5 | 289739 | 87 | 787 | 75
783 | Revision_783/objc.c | U | 1002 | 1007 | 5 | 289740 | 87 | 788 | 75
783 | Revision_783/ocaml.c | U | 1081 | 1089 | 5 | 289741 | 87 | 763 | 75
783 | Revision_783/strlist.c | U | 32 | 38 | 8 | 289742 | 88 | 165 | 71
783 | Revision_783/vstring.c | U | 77 | 87 | 8 | 289743 | 88 | 166 | 71
783 | Revision_783/strlist.c | U | 191 | 196 | 7 | 289744 | 89 | 168 | 83
783 | Revision_783/strlist.c | U | 200 | 206 | 7 | 289745 | 89 | 390 | 83
783 | Revision_783/get.c | U | 305 | 314 | 10 | 289746 | 90 | 174 | 70
783 | Revision_783/parse.c | U | 586 | 600 | 10 | 289747 | 90 | 175 | 70
783 | Revision_783/read.c | U | 220 | 231 | 10 | 289748 | 90 | 176 | 70
783 | Revision_783/get.c | U | 467 | 478 | 10 | 289749 | 91 | 177 | 87
783 | Revision_783/get.c | U | 484 | 495 | 10 | 289750 | 91 | 178 | 87
783 | Revision_783/get.c | U | 541 | 546 | 6 | 289751 | 92 | 180 | 80
783 | Revision_783/read.c | U | 423 | 427 | 6 | 289752 | 92 | 181 | 80
783 | Revision_783/keyword.c | U | 195 | 202 | 8 | 289753 | 93 | 570 | 71
783 | Revision_783/asm.c | U | 131 | 139 | 8 | 289754 | 93 | 270 | 71
783 | Revision_783/ocaml.c | U | 182 | 191 | 7 | 289755 | 94 | 789 | 100
783 | Revision_783/objc.c | U | 154 | 163 | 7 | 289756 | 94 | 790 | 100
783 | Revision_783/ocaml.c | U | 251 | 257 | 6 | 289757 | 95 | 791 | 100
783 | Revision_783/objc.c | U | 199 | 205 | 6 | 289758 | 95 | 792 | 100
783 | Revision_783/ocaml.c | U | 260 | 280 | 15 | 289759 | 96 | 793 | 100
783 | Revision_783/objc.c | U | 208 | 228 | 15 | 289760 | 96 | 794 | 100
783 | Revision_783/ocaml.c | U | 293 | 301 | 6 | 289761 | 97 | 824 | 100
783 | Revision_783/objc.c | U | 241 | 249 | 6 | 289762 | 97 | 825 | 100
783 | Revision_783/ocaml.c | U | 344 | 359 | 10 | 289763 | 98 | 797 | 88
783 | Revision_783/objc.c | U | 283 | 298 | 10 | 289764 | 98 | 798 | 88
783 | Revision_783/objc.c | U | 264 | 279 | 10 | 289765 | 98 | 799 | 88
783 | Revision_783/ocaml.c | U | 408 | 508 | 89 | 289766 | 99 | 800 | 75
783 | Revision_783/objc.c | U | 304 | 426 | 89 | 289767 | 99 | 801 | 75
783 | Revision_783/ocaml.c | U | 695 | 699 | 5 | 289768 | 100 | 750 | 75
783 | Revision_783/ocaml.c | U | 718 | 722 | 5 | 289769 | 100 | 751 | 75
783 | Revision_783/ocaml.c | U | 739 | 744 | 5 | 289770 | 100 | 752 | 75
783 | Revision_783/ocaml.c | U | 775 | 797 | 22 | 289771 | 101 | 753 | 71
783 | Revision_783/ocaml.c | U | 851 | 875 | 22 | 289772 | 101 | 754 | 71
783 | Revision_783/ocaml.c | U | 812 | 817 | 7 | 289773 | 102 | 755 | 71
783 | Revision_783/ocaml.c | U | 824 | 831 | 7 | 289774 | 102 | 756 | 71
783 | Revision_783/sql.c | U | 495 | 510 | 7 | 289775 | 102 | 306 | 71
783 | Revision_783/ocaml.c | U | 906 | 913 | 6 | 289776 | 103 | 802 | 80
783 | Revision_783/objc.c | U | 484 | 488 | 6 | 289777 | 103 | 803 | 80
783 | Revision_783/ocaml.c | U | 946 | 969 | 21 | 289778 | 104 | 760 | 70
783 | Revision_783/objc.c | U | 688 | 711 | 21 | 289779 | 104 | 805 | 70
783 | Revision_783/ocaml.c | U | 1542 | 1562 | 21 | 289780 | 104 | 761 | 70
783 | Revision_783/objc.c | U | 875 | 895 | 21 | 289781 | 104 | 804 | 70
783 | Revision_783/objc.c | U | 539 | 567 | 21 | 289782 | 104 | 807 | 70
783 | Revision_783/objc.c | U | 945 | 972 | 21 | 289783 | 104 | 806 | 70
783 | Revision_783/objc.c | U | 658 | 685 | 21 | 289784 | 104 | 808 | 70
783 | Revision_783/ocaml.c | U | 1436 | 1469 | 21 | 289785 | 104 | 765 | 70
783 | Revision_783/ocaml.c | U | 1274 | 1304 | 21 | 289786 | 104 | 782 | 70
783 | Revision_783/objc.c | U | 714 | 743 | 21 | 289787 | 104 | 809 | 70
783 | Revision_783/ocaml.c | U | 1037 | 1064 | 21 | 289788 | 104 | 810 | 70
783 | Revision_783/ocaml.c | U | 1484 | 1511 | 21 | 289789 | 104 | 812 | 70
783 | Revision_783/ocaml.c | U | 1569 | 1609 | 21 | 289790 | 104 | 759 | 70
783 | Revision_783/ocaml.c | U | 1076 | 1115 | 21 | 289791 | 104 | 811 | 70
783 | Revision_783/ocaml.c | U | 1214 | 1262 | 21 | 289792 | 104 | 764 | 70
783 | Revision_783/ocaml.c | U | 974 | 984 | 8 | 289793 | 105 | 762 | 83
783 | Revision_783/objc.c | U | 767 | 775 | 8 | 289794 | 105 | 814 | 83
783 | Revision_783/objc.c | U | 747 | 754 | 8 | 289795 | 105 | 813 | 83
783 | Revision_783/objc.c | U | 757 | 764 | 8 | 289796 | 105 | 815 | 83
783 | Revision_783/ocaml.c | U | 1842 | 1871 | 26 | 289797 | 106 | 816 | 83
783 | Revision_783/objc.c | U | 1095 | 1124 | 26 | 289798 | 106 | 817 | 83
783 | Revision_783/routines.c | U | 237 | 244 | 6 | 289799 | 107 | 254 | 80
783 | Revision_783/routines.c | U | 247 | 254 | 6 | 289800 | 107 | 255 | 80
783 | Revision_783/routines.c | U | 288 | 295 | 8 | 289801 | 108 | 256 | 83
783 | Revision_783/readtags.c | U | 106 | 113 | 8 | 289802 | 108 | 123 | 83
783 | Revision_783/readtags.c | U | 116 | 123 | 8 | 289803 | 108 | 238 | 83
783 | Revision_783/routines.c | U | 298 | 305 | 8 | 289804 | 108 | 257 | 83
783 | Revision_783/routines.c | U | 322 | 326 | 5 | 289805 | 109 | 258 | 75
783 | Revision_783/vstring.c | U | 125 | 129 | 5 | 289806 | 109 | 188 | 75
783 | Revision_783/vstring.c | U | 118 | 122 | 5 | 289807 | 109 | 189 | 75
783 | Revision_783/routines.c | U | 329 | 335 | 6 | 289808 | 110 | 259 | 100
783 | Revision_783/routines.c | U | 338 | 344 | 6 | 289809 | 110 | 260 | 100
783 | Revision_783/routines.c | U | 349 | 356 | 8 | 289810 | 111 | 261 | 100
783 | Revision_783/routines.c | U | 361 | 368 | 8 | 289811 | 111 | 262 | 100
783 | Revision_783/flex.c | U | 295 | 303 | 11 | 289812 | 112 | 699 | 70
783 | Revision_783/vhdl.c | U | 553 | 569 | 11 | 289813 | 112 | 554 | 70
783 | Revision_783/flex.c | U | 596 | 647 | 51 | 289814 | 113 | 779 | 78
783 | Revision_783/flex.c | U | 649 | 713 | 51 | 289815 | 113 | 780 | 78
783 | Revision_783/flex.c | U | 965 | 998 | 17 | 289816 | 114 | 655 | 75
783 | Revision_783/flex.c | U | 1985 | 2020 | 17 | 289817 | 114 | 660 | 75
783 | Revision_783/flex.c | U | 1527 | 1562 | 34 | 289818 | 115 | 662 | 71
783 | Revision_783/vhdl.c | U | 768 | 801 | 34 | 289819 | 115 | 565 | 71
783 | Revision_783/fortran.c | U | 2114 | 2138 | 34 | 289820 | 115 | 566 | 71
783 | Revision_783/flex.c | U | 1624 | 1650 | 12 | 289821 | 116 | 663 | 72
783 | Revision_783/flex.c | U | 1652 | 1674 | 12 | 289822 | 116 | 664 | 72
783 | Revision_783/sh.c | U | 89 | 94 | 6 | 289823 | 117 | 378 | 80
783 | Revision_783/asm.c | U | 347 | 352 | 6 | 289824 | 117 | 379 | 80
783 | Revision_783/vhdl.c | U | 405 | 479 | 73 | 289825 | 118 | 769 | 72
783 | Revision_783/tex.c | U | 271 | 346 | 73 | 289826 | 118 | 684 | 72
783 | Revision_783/vhdl.c | U | 493 | 533 | 32 | 289827 | 119 | 561 | 72
783 | Revision_783/sql.c | U | 735 | 784 | 32 | 289828 | 119 | 562 | 72
783 | Revision_783/vhdl.c | U | 724 | 741 | 15 | 289829 | 120 | 560 | 100
783 | Revision_783/vhdl.c | U | 743 | 760 | 15 | 289830 | 120 | 539 | 100
783 | Revision_783/beta.c | U | 134 | 141 | 6 | 289831 | 121 | 201 | 75
783 | Revision_783/beta.c | U | 204 | 212 | 6 | 289832 | 121 | 202 | 75
783 | Revision_783/beta.c | U | 152 | 156 | 5 | 289833 | 122 | 203 | 75
783 | Revision_783/beta.c | U | 271 | 275 | 5 | 289834 | 122 | 205 | 75
783 | Revision_783/beta.c | U | 277 | 281 | 5 | 289835 | 122 | 207 | 75
783 | Revision_783/beta.c | U | 165 | 169 | 5 | 289836 | 122 | 204 | 75
783 | Revision_783/beta.c | U | 158 | 162 | 5 | 289837 | 122 | 206 | 75
783 | Revision_783/sql.c | U | 741 | 756 | 17 | 289838 | 123 | 537 | 75
783 | Revision_783/fortran.c | U | 1288 | 1294 | 17 | 289839 | 123 | 85 | 75
783 | Revision_783/sql.c | U | 1127 | 1148 | 29 | 289840 | 124 | 437 | 70
783 | Revision_783/tex.c | U | 448 | 475 | 29 | 289841 | 124 | 758 | 70
783 | Revision_783/sql.c | U | 1740 | 1776 | 24 | 289842 | 125 | 487 | 78
783 | Revision_783/sql.c | U | 2146 | 2189 | 24 | 289843 | 125 | 488 | 78
783 | Revision_783/sql.c | U | 2085 | 2143 | 34 | 289844 | 126 | 773 | 100
783 | Revision_783/sql.c | U | 2192 | 2253 | 34 | 289845 | 126 | 774 | 100
783 | Revision_783/sql.c | U | 2110 | 2135 | 17 | 289846 | 127 | 489 | 84
783 | Revision_783/sql.c | U | 2159 | 2183 | 17 | 289847 | 127 | 490 | 84
783 | Revision_783/sql.c | U | 2220 | 2245 | 17 | 289848 | 127 | 775 | 84
783 | Revision_783/parse.c | U | 96 | 106 | 11 | 289849 | 128 | 208 | 88
783 | Revision_783/parse.c | U | 109 | 120 | 11 | 289850 | 128 | 209 | 88
783 | Revision_783/parse.c | U | 299 | 303 | 5 | 289851 | 129 | 356 | 75
783 | Revision_783/parse.c | U | 575 | 579 | 5 | 289852 | 129 | 357 | 75
783 | Revision_783/parse.c | U | 556 | 560 | 5 | 289853 | 129 | 358 | 75
783 | Revision_783/readtags.c | U | 541 | 547 | 6 | 289854 | 130 | 239 | 100
783 | Revision_783/readtags.c | U | 549 | 555 | 6 | 289855 | 130 | 240 | 100
783 | Revision_783/readtags.c | U | 584 | 588 | 6 | 289856 | 131 | 123 | 75
783 | Revision_783/readtags.c | U | 639 | 645 | 6 | 289857 | 131 | 124 | 75
783 | Revision_783/readtags.c | U | 718 | 726 | 8 | 289858 | 132 | 210 | 83
783 | Revision_783/readtags.c | U | 773 | 781 | 8 | 289859 | 132 | 211 | 83
783 | Revision_783/readtags.c | U | 729 | 737 | 8 | 289860 | 132 | 212 | 83
783 | Revision_783/readtags.c | U | 740 | 745 | 6 | 289861 | 133 | 241 | 80
783 | Revision_783/readtags.c | U | 757 | 762 | 6 | 289862 | 133 | 242 | 80
783 | Revision_783/readtags.c | U | 765 | 770 | 6 | 289863 | 133 | 287 | 80
783 | Revision_783/fortran.c | U | 1363 | 1376 | 11 | 289864 | 134 | 336 | 72
783 | Revision_783/fortran.c | U | 1617 | 1625 | 11 | 289865 | 134 | 84 | 72
783 | Revision_783/fortran.c | U | 1714 | 1729 | 20 | 289866 | 135 | 21 | 84
783 | Revision_783/fortran.c | U | 1930 | 1946 | 20 | 289867 | 135 | 374 | 84
783 | Revision_783/fortran.c | U | 1895 | 1913 | 16 | 289868 | 136 | 220 | 73
783 | Revision_783/fortran.c | U | 2041 | 2061 | 16 | 289869 | 136 | 372 | 73
783 | Revision_783/fortran.c | U | 1965 | 1981 | 16 | 289870 | 136 | 221 | 73
783 | Revision_783/tex.c | U | 388 | 405 | 16 | 289871 | 137 | 696 | 83
783 | Revision_783/tex.c | U | 413 | 432 | 16 | 289872 | 137 | 697 | 83
783 | Revision_783/asm.c | U | 243 | 256 | 11 | 289873 | 138 | 289 | 77
783 | Revision_783/asm.c | U | 261 | 271 | 11 | 289874 | 138 | 279 | 77
783 | Revision_783/scheme.c | U | 70 | 78 | 8 | 289875 | 139 | 222 | 71
783 | Revision_783/scheme.c | U | 85 | 93 | 8 | 289876 | 139 | 223 | 71
783 | Revision_783/options.c | U | 369 | 375 | 6 | 289877 | 140 | 224 | 100
783 | Revision_783/options.c | U | 378 | 384 | 6 | 289878 | 140 | 225 | 100
783 | Revision_783/options.c | U | 543 | 549 | 7 | 289879 | 141 | 226 | 100
783 | Revision_783/options.c | U | 552 | 558 | 7 | 289880 | 141 | 227 | 100
783 | Revision_783/options.c | U | 561 | 567 | 7 | 289881 | 141 | 228 | 100
783 | Revision_783/options.c | U | 570 | 576 | 7 | 289882 | 141 | 229 | 100
783 | Revision_783/options.c | U | 982 | 986 | 5 | 289883 | 142 | 230 | 75
783 | Revision_783/options.c | U | 1008 | 1012 | 5 | 289884 | 142 | 231 | 75
783 | Revision_783/options.c | U | 1102 | 1106 | 5 | 289885 | 143 | 232 | 100
783 | Revision_783/options.c | U | 1108 | 1112 | 5 | 289886 | 143 | 233 | 100
783 | Revision_783/options.c | U | 1154 | 1166 | 12 | 289887 | 144 | 360 | 100
783 | Revision_783/options.c | U | 1171 | 1183 | 12 | 289888 | 144 | 235 | 100
783 | Revision_783/options.c | U | 1425 | 1442 | 15 | 289889 | 145 | 236 | 91
783 | Revision_783/options.c | U | 1463 | 1480 | 15 | 289890 | 145 | 237 | 91
783 | Revision_783/objc.c | U | 318 | 330 | 10 | 289891 | 146 | 818 | 100
783 | Revision_783/objc.c | U | 332 | 344 | 10 | 289892 | 146 | 819 | 100
783 | Revision_783/objc.c | U | 576 | 614 | 31 | 289893 | 147 | 820 | 100
783 | Revision_783/objc.c | U | 617 | 655 | 31 | 289894 | 147 | 821 | 100
783 | Revision_783/objc.c | U | 822 | 861 | 30 | 289895 | 148 | 822 | 96
783 | Revision_783/objc.c | U | 900 | 937 | 30 | 289896 | 148 | 823 | 96
