Revision | filePath | changeType | StartLine | EndLine | Nlines | cloneId | classId | globalCloneId | Similarity
792 | Revision_792/lisp.c | U | 91 | 97 | 7 | 295707 | 1 | 1 | 83
792 | Revision_792/lisp.c | U | 112 | 118 | 7 | 295708 | 1 | 2 | 83
792 | Revision_792/lisp.c | U | 127 | 137 | 9 | 295709 | 2 | 3 | 70
792 | Revision_792/c.c | U | 2900 | 2909 | 9 | 295710 | 2 | 12 | 70
792 | Revision_792/erlang.c | U | 179 | 187 | 9 | 295711 | 2 | 340 | 70
792 | Revision_792/sql.c | U | 2360 | 2369 | 9 | 295712 | 2 | 296 | 70
792 | Revision_792/c.c | U | 2882 | 2897 | 9 | 295713 | 2 | 8 | 70
792 | Revision_792/asp.c | U | 317 | 325 | 9 | 295714 | 2 | 4 | 70
792 | Revision_792/awk.c | U | 71 | 79 | 9 | 295715 | 2 | 10 | 70
792 | Revision_792/lua.c | U | 123 | 131 | 9 | 295716 | 2 | 243 | 70
792 | Revision_792/vim.c | U | 731 | 739 | 9 | 295717 | 2 | 20 | 70
792 | Revision_792/c.c | U | 2924 | 2933 | 9 | 295718 | 2 | 15 | 70
792 | Revision_792/objc.c | U | 1141 | 1151 | 9 | 295719 | 2 | 783 | 70
792 | Revision_792/tcl.c | U | 106 | 114 | 9 | 295720 | 2 | 18 | 70
792 | Revision_792/beta.c | U | 311 | 319 | 9 | 295721 | 2 | 5 | 70
792 | Revision_792/eiffel.c | U | 1259 | 1268 | 9 | 295722 | 2 | 9 | 70
792 | Revision_792/perl.c | U | 372 | 380 | 9 | 295723 | 2 | 7 | 70
792 | Revision_792/python.c | U | 856 | 864 | 9 | 295724 | 2 | 13 | 70
792 | Revision_792/c.c | U | 2870 | 2879 | 9 | 295725 | 2 | 315 | 70
792 | Revision_792/fortran.c | U | 2180 | 2195 | 9 | 295726 | 2 | 21 | 70
792 | Revision_792/vhdl.c | U | 824 | 833 | 9 | 295727 | 2 | 539 | 70
792 | Revision_792/ocaml.c | U | 1882 | 1892 | 9 | 295728 | 2 | 745 | 70
792 | Revision_792/pascal.c | U | 257 | 265 | 9 | 295729 | 2 | 14 | 70
792 | Revision_792/sml.c | U | 202 | 210 | 9 | 295730 | 2 | 321 | 70
792 | Revision_792/verilog.c | U | 330 | 339 | 9 | 295731 | 2 | 283 | 70
792 | Revision_792/basic.c | U | 193 | 201 | 9 | 295732 | 2 | 408 | 70
792 | Revision_792/php.c | U | 91 | 98 | 9 | 295733 | 2 | 501 | 70
792 | Revision_792/scheme.c | U | 99 | 109 | 9 | 295734 | 2 | 16 | 70
792 | Revision_792/c.c | U | 2912 | 2921 | 9 | 295735 | 2 | 330 | 70
792 | Revision_792/sh.c | U | 103 | 113 | 9 | 295736 | 2 | 17 | 70
792 | Revision_792/cobol.c | U | 40 | 48 | 9 | 295737 | 2 | 320 | 70
792 | Revision_792/ruby.c | U | 398 | 406 | 9 | 295738 | 2 | 19 | 70
792 | Revision_792/make.c | U | 205 | 215 | 9 | 295739 | 2 | 25 | 70
792 | Revision_792/asm.c | U | 366 | 385 | 9 | 295740 | 2 | 274 | 70
792 | Revision_792/tex.c | U | 570 | 583 | 9 | 295741 | 2 | 665 | 70
792 | Revision_792/jscript.c | U | 1670 | 1683 | 9 | 295742 | 2 | 413 | 70
792 | Revision_792/dosbatch.c | U | 33 | 40 | 9 | 295743 | 2 | 667 | 70
792 | Revision_792/html.c | U | 40 | 47 | 9 | 295744 | 2 | 365 | 70
792 | Revision_792/flex.c | U | 2409 | 2422 | 9 | 295745 | 2 | 575 | 70
792 | Revision_792/rexx.c | U | 30 | 37 | 9 | 295746 | 2 | 26 | 70
792 | Revision_792/matlab.c | U | 35 | 42 | 9 | 295747 | 2 | 668 | 70
792 | Revision_792/ant.c | U | 33 | 40 | 9 | 295748 | 2 | 666 | 70
792 | Revision_792/yacc.c | U | 31 | 38 | 9 | 295749 | 2 | 23 | 70
792 | Revision_792/slang.c | U | 34 | 41 | 9 | 295750 | 2 | 24 | 70
792 | Revision_792/keyword.c | U | 107 | 116 | 9 | 295751 | 2 | 27 | 70
792 | Revision_792/fortran.c | U | 414 | 426 | 9 | 295752 | 2 | 158 | 70
792 | Revision_792/options.c | U | 626 | 632 | 9 | 295753 | 2 | 29 | 70
792 | Revision_792/options.c | U | 533 | 538 | 9 | 295754 | 2 | 30 | 70
792 | Revision_792/c.c | U | 2254 | 2259 | 9 | 295755 | 2 | 28 | 70
792 | Revision_792/tex.c | U | 172 | 183 | 9 | 295756 | 2 | 669 | 70
792 | Revision_792/flex.c | U | 228 | 242 | 9 | 295757 | 2 | 576 | 70
792 | Revision_792/vhdl.c | U | 342 | 351 | 9 | 295758 | 2 | 540 | 70
792 | Revision_792/eiffel.c | U | 622 | 634 | 9 | 295759 | 2 | 157 | 70
792 | Revision_792/sql.c | U | 421 | 433 | 9 | 295760 | 2 | 309 | 70
792 | Revision_792/jscript.c | U | 192 | 205 | 9 | 295761 | 2 | 414 | 70
792 | Revision_792/c.c | U | 2283 | 2291 | 9 | 295762 | 2 | 31 | 70
792 | Revision_792/asp.c | U | 72 | 91 | 15 | 295763 | 3 | 33 | 100
792 | Revision_792/asp.c | U | 95 | 114 | 15 | 295764 | 3 | 34 | 100
792 | Revision_792/asp.c | U | 118 | 163 | 40 | 295765 | 4 | 736 | 100
792 | Revision_792/asp.c | U | 165 | 210 | 40 | 295766 | 4 | 737 | 100
792 | Revision_792/asp.c | U | 125 | 137 | 11 | 295767 | 5 | 35 | 70
792 | Revision_792/asp.c | U | 139 | 151 | 11 | 295768 | 5 | 36 | 70
792 | Revision_792/asp.c | U | 234 | 249 | 11 | 295769 | 5 | 36 | 70
792 | Revision_792/asp.c | U | 291 | 306 | 11 | 295770 | 5 | 36 | 70
792 | Revision_792/asp.c | U | 214 | 230 | 11 | 295771 | 5 | 739 | 70
792 | Revision_792/asp.c | U | 272 | 287 | 11 | 295772 | 5 | 740 | 70
792 | Revision_792/asp.c | U | 253 | 268 | 11 | 295773 | 5 | 36 | 70
792 | Revision_792/asp.c | U | 152 | 161 | 11 | 295774 | 5 | 738 | 70
792 | Revision_792/asp.c | U | 172 | 184 | 11 | 295775 | 5 | 741 | 70
792 | Revision_792/asp.c | U | 186 | 198 | 11 | 295776 | 5 | 742 | 70
792 | Revision_792/vim.c | U | 270 | 279 | 11 | 295777 | 5 | 743 | 70
792 | Revision_792/lua.c | U | 81 | 88 | 11 | 295778 | 5 | 285 | 70
792 | Revision_792/vim.c | U | 315 | 324 | 11 | 295779 | 5 | 744 | 70
792 | Revision_792/asp.c | U | 275 | 286 | 11 | 295780 | 5 | 36 | 70
792 | Revision_792/asp.c | U | 218 | 229 | 11 | 295781 | 5 | 36 | 70
792 | Revision_792/asp.c | U | 294 | 305 | 11 | 295782 | 5 | 739 | 70
792 | Revision_792/asp.c | U | 256 | 267 | 11 | 295783 | 5 | 36 | 70
792 | Revision_792/asp.c | U | 237 | 248 | 11 | 295784 | 5 | 740 | 70
792 | Revision_792/asp.c | U | 199 | 208 | 11 | 295785 | 5 | 4 | 70
792 | Revision_792/args.c | U | 85 | 92 | 8 | 295786 | 6 | 43 | 100
792 | Revision_792/args.c | U | 160 | 167 | 8 | 295787 | 6 | 44 | 100
792 | Revision_792/args.c | U | 182 | 190 | 9 | 295788 | 7 | 45 | 75
792 | Revision_792/args.c | U | 193 | 200 | 9 | 295789 | 7 | 46 | 75
792 | Revision_792/args.c | U | 203 | 211 | 9 | 295790 | 7 | 47 | 75
792 | Revision_792/args.c | U | 266 | 272 | 7 | 295791 | 8 | 48 | 83
792 | Revision_792/options.c | U | 579 | 584 | 7 | 295792 | 8 | 49 | 83
792 | Revision_792/c.c | U | 536 | 542 | 5 | 295793 | 9 | 51 | 71
792 | Revision_792/flex.c | U | 245 | 249 | 5 | 295794 | 9 | 577 | 71
792 | Revision_792/vhdl.c | U | 354 | 361 | 5 | 295795 | 9 | 541 | 71
792 | Revision_792/sql.c | U | 436 | 440 | 5 | 295796 | 9 | 416 | 71
792 | Revision_792/vstring.c | U | 67 | 74 | 5 | 295797 | 9 | 52 | 71
792 | Revision_792/tex.c | U | 186 | 190 | 5 | 295798 | 9 | 670 | 71
792 | Revision_792/fortran.c | U | 888 | 892 | 5 | 295799 | 9 | 50 | 71
792 | Revision_792/jscript.c | U | 208 | 212 | 5 | 295800 | 9 | 415 | 71
792 | Revision_792/eiffel.c | U | 637 | 643 | 5 | 295801 | 9 | 362 | 71
792 | Revision_792/vstring.c | U | 69 | 73 | 5 | 295802 | 9 | 52 | 71
792 | Revision_792/fortran.c | U | 440 | 445 | 5 | 295803 | 9 | 363 | 71
792 | Revision_792/fortran.c | U | 438 | 446 | 5 | 295804 | 9 | 363 | 71
792 | Revision_792/vhdl.c | U | 611 | 615 | 5 | 295805 | 9 | 542 | 71
792 | Revision_792/vhdl.c | U | 620 | 624 | 5 | 295806 | 9 | 543 | 71
792 | Revision_792/fortran.c | U | 1060 | 1064 | 5 | 295807 | 9 | 312 | 71
792 | Revision_792/vhdl.c | U | 356 | 360 | 5 | 295808 | 9 | 541 | 71
792 | Revision_792/sql.c | U | 1569 | 1574 | 5 | 295809 | 9 | 462 | 71
792 | Revision_792/flex.c | U | 1325 | 1334 | 5 | 295810 | 9 | 578 | 71
792 | Revision_792/sql.c | U | 1413 | 1424 | 5 | 295811 | 9 | 771 | 71
792 | Revision_792/vhdl.c | U | 749 | 754 | 5 | 295812 | 9 | 539 | 71
792 | Revision_792/vhdl.c | U | 730 | 735 | 5 | 295813 | 9 | 560 | 71
792 | Revision_792/c.c | U | 2221 | 2225 | 5 | 295814 | 9 | 125 | 71
792 | Revision_792/options.c | U | 674 | 678 | 5 | 295815 | 9 | 127 | 71
792 | Revision_792/flex.c | U | 1312 | 1322 | 5 | 295816 | 9 | 579 | 71
792 | Revision_792/sql.c | U | 1866 | 1870 | 5 | 295817 | 9 | 454 | 71
792 | Revision_792/sql.c | U | 2127 | 2131 | 5 | 295818 | 9 | 455 | 71
792 | Revision_792/sql.c | U | 2237 | 2241 | 5 | 295819 | 9 | 772 | 71
792 | Revision_792/gnu_regex/regcomp.c | U | 817 | 821 | 5 | 295820 | 9 | 707 | 71
792 | Revision_792/sql.c | U | 588 | 592 | 5 | 295821 | 9 | 300 | 71
792 | Revision_792/strlist.c | U | 150 | 154 | 5 | 295822 | 9 | 126 | 71
792 | Revision_792/eiffel.c | U | 691 | 695 | 5 | 295823 | 9 | 250 | 71
792 | Revision_792/vhdl.c | U | 457 | 461 | 5 | 295824 | 9 | 544 | 71
792 | Revision_792/options.c | U | 1221 | 1225 | 5 | 295825 | 9 | 129 | 71
792 | Revision_792/options.c | U | 352 | 357 | 5 | 295826 | 9 | 224 | 71
792 | Revision_792/fortran.c | U | 813 | 818 | 5 | 295827 | 9 | 116 | 71
792 | Revision_792/eiffel.c | U | 429 | 434 | 5 | 295828 | 9 | 119 | 71
792 | Revision_792/c.c | U | 2494 | 2501 | 5 | 295829 | 9 | 94 | 71
792 | Revision_792/sql.c | U | 952 | 961 | 5 | 295830 | 9 | 493 | 71
792 | Revision_792/jscript.c | U | 958 | 967 | 5 | 295831 | 9 | 456 | 71
792 | Revision_792/gnu_regex/regcomp.c | U | 765 | 770 | 5 | 295832 | 9 | 708 | 71
792 | Revision_792/fortran.c | U | 990 | 994 | 5 | 295833 | 9 | 128 | 71
792 | Revision_792/routines.c | U | 453 | 459 | 5 | 295834 | 9 | 266 | 71
792 | Revision_792/fortran.c | U | 805 | 811 | 5 | 295835 | 9 | 50 | 71
792 | Revision_792/eiffel.c | U | 421 | 427 | 5 | 295836 | 9 | 119 | 71
792 | Revision_792/sql.c | U | 970 | 980 | 5 | 295837 | 9 | 698 | 71
792 | Revision_792/jscript.c | U | 940 | 956 | 5 | 295838 | 9 | 480 | 71
792 | Revision_792/jscript.c | U | 969 | 974 | 5 | 295839 | 9 | 457 | 71
792 | Revision_792/sql.c | U | 1877 | 1886 | 5 | 295840 | 9 | 486 | 71
792 | Revision_792/sql.c | U | 1631 | 1638 | 5 | 295841 | 9 | 430 | 71
792 | Revision_792/c.c | U | 545 | 552 | 6 | 295842 | 10 | 53 | 80
792 | Revision_792/c.c | U | 555 | 562 | 6 | 295843 | 10 | 54 | 80
792 | Revision_792/c.c | U | 664 | 680 | 18 | 295844 | 11 | 55 | 70
792 | Revision_792/fortran.c | U | 1854 | 1870 | 18 | 295845 | 11 | 59 | 70
792 | Revision_792/fortran.c | U | 1095 | 1115 | 18 | 295846 | 11 | 58 | 70
792 | Revision_792/c.c | U | 1245 | 1259 | 18 | 295847 | 11 | 56 | 70
792 | Revision_792/c.c | U | 1168 | 1186 | 18 | 295848 | 11 | 60 | 70
792 | Revision_792/fortran.c | U | 1118 | 1133 | 18 | 295849 | 11 | 375 | 70
792 | Revision_792/c.c | U | 683 | 699 | 18 | 295850 | 11 | 57 | 70
792 | Revision_792/eiffel.c | U | 1151 | 1170 | 18 | 295851 | 11 | 307 | 70
792 | Revision_792/fortran.c | U | 1771 | 1799 | 18 | 295852 | 11 | 366 | 70
792 | Revision_792/flex.c | U | 1946 | 1969 | 18 | 295853 | 11 | 601 | 70
792 | Revision_792/jscript.c | U | 1585 | 1608 | 18 | 295854 | 11 | 463 | 70
792 | Revision_792/fortran.c | U | 1098 | 1113 | 18 | 295855 | 11 | 58 | 70
792 | Revision_792/c.c | U | 1171 | 1184 | 18 | 295856 | 11 | 63 | 70
792 | Revision_792/objc.c | U | 516 | 532 | 18 | 295857 | 11 | 784 | 70
792 | Revision_792/c.c | U | 686 | 697 | 18 | 295858 | 11 | 57 | 70
792 | Revision_792/Test/local.c | U | 9 | 22 | 18 | 295859 | 11 | 384 | 70
792 | Revision_792/fortran.c | U | 1571 | 1608 | 18 | 295860 | 11 | 367 | 70
792 | Revision_792/get.c | U | 406 | 413 | 18 | 295861 | 11 | 602 | 70
792 | Revision_792/eiffel.c | U | 1148 | 1173 | 18 | 295862 | 11 | 307 | 70
792 | Revision_792/fortran.c | U | 1254 | 1275 | 18 | 295863 | 11 | 369 | 70
792 | Revision_792/fortran.c | U | 1251 | 1276 | 18 | 295864 | 11 | 369 | 70
792 | Revision_792/fortran.c | U | 1857 | 1868 | 18 | 295865 | 11 | 65 | 70
792 | Revision_792/c.c | U | 667 | 678 | 18 | 295866 | 11 | 55 | 70
792 | Revision_792/eiffel.c | U | 947 | 987 | 18 | 295867 | 11 | 700 | 70
792 | Revision_792/fortran.c | U | 1774 | 1797 | 18 | 295868 | 11 | 366 | 70
792 | Revision_792/eiffel.c | U | 1227 | 1232 | 18 | 295869 | 11 | 362 | 70
792 | Revision_792/eiffel.c | U | 1153 | 1169 | 18 | 295870 | 11 | 307 | 70
792 | Revision_792/c.c | U | 717 | 739 | 21 | 295871 | 12 | 72 | 70
792 | Revision_792/fortran.c | U | 1285 | 1295 | 21 | 295872 | 12 | 337 | 70
792 | Revision_792/c.c | U | 749 | 755 | 8 | 295873 | 13 | 74 | 71
792 | Revision_792/options.c | U | 472 | 479 | 8 | 295874 | 13 | 75 | 71
792 | Revision_792/c.c | U | 790 | 794 | 8 | 295875 | 14 | 76 | 70
792 | Revision_792/sql.c | U | 1101 | 1107 | 8 | 295876 | 14 | 419 | 70
792 | Revision_792/flex.c | U | 1896 | 1900 | 8 | 295877 | 14 | 580 | 70
792 | Revision_792/ocaml.c | U | 328 | 332 | 8 | 295878 | 14 | 826 | 70
792 | Revision_792/jscript.c | U | 1535 | 1539 | 8 | 295879 | 14 | 417 | 70
792 | Revision_792/c.c | U | 2174 | 2178 | 8 | 295880 | 14 | 80 | 70
792 | Revision_792/tex.c | U | 452 | 456 | 8 | 295881 | 14 | 693 | 70
792 | Revision_792/sql.c | U | 1185 | 1192 | 8 | 295882 | 14 | 418 | 70
792 | Revision_792/fortran.c | U | 1899 | 1903 | 8 | 295883 | 14 | 79 | 70
792 | Revision_792/flex.c | U | 1384 | 1394 | 8 | 295884 | 14 | 581 | 70
792 | Revision_792/eiffel.c | U | 1074 | 1078 | 8 | 295885 | 14 | 269 | 70
792 | Revision_792/eiffel.c | U | 1014 | 1018 | 8 | 295886 | 14 | 269 | 70
792 | Revision_792/fortran.c | U | 1326 | 1330 | 8 | 295887 | 14 | 85 | 70
792 | Revision_792/readtags.c | U | 144 | 148 | 8 | 295888 | 14 | 87 | 70
792 | Revision_792/sql.c | U | 1943 | 1949 | 8 | 295889 | 14 | 420 | 70
792 | Revision_792/sql.c | U | 1914 | 1920 | 8 | 295890 | 14 | 421 | 70
792 | Revision_792/fortran.c | U | 1535 | 1540 | 8 | 295891 | 14 | 79 | 70
792 | Revision_792/vhdl.c | U | 706 | 714 | 8 | 295892 | 14 | 563 | 70
792 | Revision_792/sql.c | U | 1623 | 1629 | 8 | 295893 | 14 | 492 | 70
792 | Revision_792/ruby.c | U | 214 | 218 | 8 | 295894 | 14 | 392 | 70
792 | Revision_792/fortran.c | U | 1323 | 1331 | 8 | 295895 | 14 | 84 | 70
792 | Revision_792/sql.c | U | 1032 | 1052 | 8 | 295896 | 14 | 423 | 70
792 | Revision_792/eiffel.c | U | 1092 | 1096 | 8 | 295897 | 14 | 151 | 70
792 | Revision_792/sql.c | U | 937 | 944 | 8 | 295898 | 14 | 493 | 70
792 | Revision_792/flex.c | U | 2009 | 2015 | 8 | 295899 | 14 | 582 | 70
792 | Revision_792/jscript.c | U | 1150 | 1156 | 8 | 295900 | 14 | 417 | 70
792 | Revision_792/flex.c | U | 2361 | 2372 | 8 | 295901 | 14 | 575 | 70
792 | Revision_792/eiffel.c | U | 1056 | 1063 | 8 | 295902 | 14 | 701 | 70
792 | Revision_792/fortran.c | U | 1194 | 1198 | 8 | 295903 | 14 | 85 | 70
792 | Revision_792/c.c | U | 2788 | 2793 | 8 | 295904 | 14 | 94 | 70
792 | Revision_792/eiffel.c | U | 993 | 997 | 8 | 295905 | 14 | 496 | 70
792 | Revision_792/flex.c | U | 986 | 997 | 8 | 295906 | 14 | 586 | 70
792 | Revision_792/flex.c | U | 2250 | 2256 | 8 | 295907 | 14 | 585 | 70
792 | Revision_792/jscript.c | U | 745 | 756 | 8 | 295908 | 14 | 426 | 70
792 | Revision_792/flex.c | U | 2129 | 2137 | 8 | 295909 | 14 | 584 | 70
792 | Revision_792/flex.c | U | 2278 | 2285 | 8 | 295910 | 14 | 583 | 70
792 | Revision_792/keyword.c | U | 184 | 188 | 8 | 295911 | 14 | 91 | 70
792 | Revision_792/sql.c | U | 1355 | 1359 | 8 | 295912 | 14 | 462 | 70
792 | Revision_792/readtags.c | U | 452 | 456 | 8 | 295913 | 14 | 90 | 70
792 | Revision_792/options.c | U | 1042 | 1046 | 8 | 295914 | 14 | 89 | 70
792 | Revision_792/vstring.c | U | 35 | 40 | 8 | 295915 | 14 | 98 | 70
792 | Revision_792/c.c | U | 2244 | 2251 | 8 | 295916 | 14 | 244 | 70
792 | Revision_792/c.c | U | 1781 | 1785 | 8 | 295917 | 14 | 121 | 70
792 | Revision_792/c.c | U | 1790 | 1794 | 8 | 295918 | 14 | 331 | 70
792 | Revision_792/fortran.c | U | 1707 | 1711 | 8 | 295919 | 14 | 373 | 70
792 | Revision_792/flex.c | U | 2248 | 2257 | 8 | 295920 | 14 | 585 | 70
792 | Revision_792/jscript.c | U | 888 | 895 | 8 | 295921 | 14 | 427 | 70
792 | Revision_792/sql.c | U | 1694 | 1702 | 8 | 295922 | 14 | 462 | 70
792 | Revision_792/sql.c | U | 903 | 917 | 8 | 295923 | 14 | 423 | 70
792 | Revision_792/flex.c | U | 2269 | 2275 | 8 | 295924 | 14 | 588 | 70
792 | Revision_792/sql.c | U | 797 | 809 | 8 | 295925 | 14 | 493 | 70
792 | Revision_792/flex.c | U | 2349 | 2359 | 8 | 295926 | 14 | 652 | 70
792 | Revision_792/sql.c | U | 712 | 717 | 8 | 295927 | 14 | 476 | 70
792 | Revision_792/eiffel.c | U | 1129 | 1138 | 8 | 295928 | 14 | 101 | 70
792 | Revision_792/sql.c | U | 2331 | 2338 | 8 | 295929 | 14 | 538 | 70
792 | Revision_792/fortran.c | U | 1308 | 1314 | 8 | 295930 | 14 | 85 | 70
792 | Revision_792/fortran.c | U | 1367 | 1373 | 8 | 295931 | 14 | 337 | 70
792 | Revision_792/vim.c | U | 425 | 433 | 8 | 295932 | 14 | 500 | 70
792 | Revision_792/gnu_regex/regcomp.c | U | 3586 | 3593 | 8 | 295933 | 14 | 709 | 70
792 | Revision_792/flex.c | U | 2054 | 2060 | 8 | 295934 | 14 | 776 | 70
792 | Revision_792/fortran.c | U | 1528 | 1533 | 8 | 295935 | 14 | 79 | 70
792 | Revision_792/vhdl.c | U | 704 | 715 | 8 | 295936 | 14 | 545 | 70
792 | Revision_792/flex.c | U | 1797 | 1812 | 8 | 295937 | 14 | 590 | 70
792 | Revision_792/jscript.c | U | 1390 | 1405 | 8 | 295938 | 14 | 413 | 70
792 | Revision_792/sql.c | U | 1809 | 1816 | 8 | 295939 | 14 | 430 | 70
792 | Revision_792/vhdl.c | U | 635 | 640 | 8 | 295940 | 14 | 542 | 70
792 | Revision_792/eiffel.c | U | 1126 | 1139 | 8 | 295941 | 14 | 156 | 70
792 | Revision_792/sql.c | U | 1705 | 1715 | 8 | 295942 | 14 | 462 | 70
792 | Revision_792/sql.c | U | 935 | 947 | 8 | 295943 | 14 | 308 | 70
792 | Revision_792/flex.c | U | 2239 | 2258 | 8 | 295944 | 14 | 589 | 70
792 | Revision_792/ruby.c | U | 195 | 200 | 8 | 295945 | 14 | 591 | 70
792 | Revision_792/sql.c | U | 2329 | 2339 | 8 | 295946 | 14 | 538 | 70
792 | Revision_792/eiffel.c | U | 918 | 926 | 8 | 295947 | 14 | 702 | 70
792 | Revision_792/get.c | U | 594 | 598 | 8 | 295948 | 14 | 122 | 70
792 | Revision_792/c.c | U | 2069 | 2075 | 8 | 295949 | 14 | 12 | 70
792 | Revision_792/vhdl.c | U | 656 | 668 | 8 | 295950 | 14 | 546 | 70
792 | Revision_792/fortran.c | U | 1401 | 1409 | 8 | 295951 | 14 | 59 | 70
792 | Revision_792/sql.c | U | 2256 | 2284 | 8 | 295952 | 14 | 431 | 70
792 | Revision_792/c.c | U | 2200 | 2207 | 8 | 295953 | 14 | 28 | 70
792 | Revision_792/fortran.c | U | 1473 | 1482 | 8 | 295954 | 14 | 65 | 70
792 | Revision_792/fortran.c | U | 1434 | 1442 | 8 | 295955 | 14 | 314 | 70
792 | Revision_792/flex.c | U | 2003 | 2017 | 8 | 295956 | 14 | 582 | 70
792 | Revision_792/flex.c | U | 861 | 875 | 8 | 295957 | 14 | 598 | 70
792 | Revision_792/flex.c | U | 937 | 963 | 8 | 295958 | 14 | 593 | 70
792 | Revision_792/flex.c | U | 2079 | 2093 | 8 | 295959 | 14 | 777 | 70
792 | Revision_792/jscript.c | U | 616 | 630 | 8 | 295960 | 14 | 428 | 70
792 | Revision_792/flex.c | U | 2260 | 2276 | 8 | 295961 | 14 | 592 | 70
792 | Revision_792/flex.c | U | 1994 | 2019 | 8 | 295962 | 14 | 595 | 70
792 | Revision_792/jscript.c | U | 634 | 669 | 8 | 295963 | 14 | 429 | 70
792 | Revision_792/sql.c | U | 901 | 918 | 8 | 295964 | 14 | 423 | 70
792 | Revision_792/flex.c | U | 879 | 910 | 8 | 295965 | 14 | 593 | 70
792 | Revision_792/eiffel.c | U | 1045 | 1053 | 8 | 295966 | 14 | 496 | 70
792 | Revision_792/readtags.c | U | 363 | 367 | 8 | 295967 | 14 | 529 | 70
792 | Revision_792/c.c | U | 1992 | 1996 | 8 | 295968 | 14 | 121 | 70
792 | Revision_792/jscript.c | U | 886 | 896 | 8 | 295969 | 14 | 427 | 70
792 | Revision_792/jscript.c | U | 696 | 722 | 8 | 295970 | 14 | 432 | 70
792 | Revision_792/vhdl.c | U | 727 | 740 | 8 | 295971 | 14 | 539 | 70
792 | Revision_792/sql.c | U | 1209 | 1232 | 8 | 295972 | 14 | 437 | 70
792 | Revision_792/vhdl.c | U | 617 | 625 | 8 | 295973 | 14 | 542 | 70
792 | Revision_792/sql.c | U | 1176 | 1193 | 8 | 295974 | 14 | 435 | 70
792 | Revision_792/vhdl.c | U | 746 | 759 | 8 | 295975 | 14 | 560 | 70
792 | Revision_792/fortran.c | U | 1696 | 1705 | 8 | 295976 | 14 | 221 | 70
792 | Revision_792/eiffel.c | U | 900 | 907 | 8 | 295977 | 14 | 703 | 70
792 | Revision_792/sql.c | U | 1762 | 1772 | 8 | 295978 | 14 | 462 | 70
792 | Revision_792/flex.c | U | 1235 | 1263 | 8 | 295979 | 14 | 599 | 70
792 | Revision_792/flex.c | U | 1304 | 1323 | 8 | 295980 | 14 | 596 | 70
792 | Revision_792/jscript.c | U | 1046 | 1066 | 8 | 295981 | 14 | 438 | 70
792 | Revision_792/flex.c | U | 2006 | 2016 | 8 | 295982 | 14 | 582 | 70
792 | Revision_792/jscript.c | U | 724 | 757 | 8 | 295983 | 14 | 597 | 70
792 | Revision_792/eiffel.c | U | 1123 | 1140 | 8 | 295984 | 14 | 156 | 70
792 | Revision_792/fortran.c | U | 620 | 624 | 8 | 295985 | 14 | 112 | 70
792 | Revision_792/fortran.c | U | 729 | 733 | 8 | 295986 | 14 | 144 | 70
792 | Revision_792/fortran.c | U | 1067 | 1073 | 8 | 295987 | 14 | 350 | 70
792 | Revision_792/fortran.c | U | 1741 | 1747 | 8 | 295988 | 14 | 314 | 70
792 | Revision_792/fortran.c | U | 1520 | 1526 | 8 | 295989 | 14 | 65 | 70
792 | Revision_792/vhdl.c | U | 586 | 600 | 8 | 295990 | 14 | 547 | 70
792 | Revision_792/sql.c | U | 1955 | 1976 | 8 | 295991 | 14 | 440 | 70
792 | Revision_792/sql.c | U | 1926 | 1952 | 8 | 295992 | 14 | 439 | 70
792 | Revision_792/perl.c | U | 187 | 191 | 8 | 295993 | 14 | 163 | 70
792 | Revision_792/pascal.c | U | 134 | 138 | 8 | 295994 | 14 | 164 | 70
792 | Revision_792/sql.c | U | 1994 | 2015 | 8 | 295995 | 14 | 442 | 70
792 | Revision_792/sql.c | U | 2018 | 2039 | 8 | 295996 | 14 | 443 | 70
792 | Revision_792/sql.c | U | 1895 | 1923 | 8 | 295997 | 14 | 441 | 70
792 | Revision_792/sql.c | U | 2042 | 2082 | 8 | 295998 | 14 | 445 | 70
792 | Revision_792/vhdl.c | U | 647 | 670 | 8 | 295999 | 14 | 569 | 70
792 | Revision_792/sql.c | U | 1779 | 1818 | 8 | 296000 | 14 | 448 | 70
792 | Revision_792/flex.c | U | 1301 | 1335 | 8 | 296001 | 14 | 600 | 70
792 | Revision_792/sql.c | U | 1601 | 1641 | 8 | 296002 | 14 | 447 | 70
792 | Revision_792/c.c | U | 800 | 821 | 44 | 296003 | 15 | 103 | 72
792 | Revision_792/c.c | U | 865 | 885 | 44 | 296004 | 15 | 316 | 72
792 | Revision_792/c.c | U | 932 | 951 | 44 | 296005 | 15 | 103 | 72
792 | Revision_792/c.c | U | 824 | 844 | 44 | 296006 | 15 | 332 | 72
792 | Revision_792/c.c | U | 847 | 863 | 44 | 296007 | 15 | 316 | 72
792 | Revision_792/c.c | U | 888 | 899 | 12 | 296008 | 16 | 317 | 90
792 | Revision_792/c.c | U | 902 | 913 | 12 | 296009 | 16 | 318 | 90
792 | Revision_792/c.c | U | 1053 | 1058 | 6 | 296010 | 17 | 407 | 80
792 | Revision_792/jscript.c | U | 1365 | 1370 | 6 | 296011 | 17 | 417 | 80
792 | Revision_792/flex.c | U | 1775 | 1780 | 6 | 296012 | 17 | 603 | 80
792 | Revision_792/c.c | U | 1308 | 1314 | 7 | 296013 | 18 | 385 | 71
792 | Revision_792/make.c | U | 63 | 69 | 7 | 296014 | 18 | 394 | 71
792 | Revision_792/fortran.c | U | 502 | 510 | 7 | 296015 | 18 | 112 | 71
792 | Revision_792/make.c | U | 53 | 60 | 7 | 296016 | 18 | 395 | 71
792 | Revision_792/c.c | U | 1381 | 1388 | 7 | 296017 | 19 | 108 | 80
792 | Revision_792/c.c | U | 1390 | 1397 | 7 | 296018 | 19 | 109 | 80
792 | Revision_792/c.c | U | 1411 | 1418 | 7 | 296019 | 20 | 110 | 71
792 | Revision_792/c.c | U | 2212 | 2219 | 7 | 296020 | 20 | 111 | 71
792 | Revision_792/fortran.c | U | 626 | 632 | 7 | 296021 | 20 | 112 | 71
792 | Revision_792/c.c | U | 1421 | 1428 | 7 | 296022 | 20 | 405 | 71
792 | Revision_792/jscript.c | U | 467 | 474 | 7 | 296023 | 20 | 450 | 71
792 | Revision_792/flex.c | U | 494 | 501 | 7 | 296024 | 20 | 604 | 71
792 | Revision_792/sql.c | U | 638 | 645 | 7 | 296025 | 20 | 406 | 71
792 | Revision_792/c.c | U | 1459 | 1464 | 6 | 296026 | 21 | 386 | 80
792 | Revision_792/c.c | U | 1802 | 1807 | 6 | 296027 | 21 | 80 | 80
792 | Revision_792/c.c | U | 1485 | 1494 | 9 | 296028 | 22 | 294 | 71
792 | Revision_792/eiffel.c | U | 563 | 571 | 9 | 296029 | 22 | 295 | 71
792 | Revision_792/c.c | U | 1488 | 1492 | 5 | 296030 | 23 | 294 | 75
792 | Revision_792/flex.c | U | 1814 | 1831 | 5 | 296031 | 23 | 605 | 75
792 | Revision_792/ocaml.c | U | 1130 | 1136 | 5 | 296032 | 23 | 746 | 75
792 | Revision_792/readtags.c | U | 502 | 506 | 5 | 296033 | 23 | 90 | 75
792 | Revision_792/objc.c | U | 904 | 908 | 5 | 296034 | 23 | 785 | 75
792 | Revision_792/objc.c | U | 828 | 832 | 5 | 296035 | 23 | 786 | 75
792 | Revision_792/readtags.c | U | 681 | 685 | 5 | 296036 | 23 | 99 | 75
792 | Revision_792/c.c | U | 1502 | 1515 | 10 | 296037 | 24 | 396 | 75
792 | Revision_792/make.c | U | 77 | 87 | 10 | 296038 | 24 | 397 | 75
792 | Revision_792/verilog.c | U | 199 | 212 | 10 | 296039 | 24 | 398 | 75
792 | Revision_792/fortran.c | U | 854 | 865 | 10 | 296040 | 24 | 116 | 75
792 | Revision_792/eiffel.c | U | 581 | 593 | 10 | 296041 | 24 | 114 | 75
792 | Revision_792/sql.c | U | 517 | 528 | 10 | 296042 | 24 | 306 | 75
792 | Revision_792/tex.c | U | 289 | 301 | 10 | 296043 | 24 | 671 | 75
792 | Revision_792/flex.c | U | 414 | 425 | 10 | 296044 | 24 | 606 | 75
792 | Revision_792/vhdl.c | U | 391 | 402 | 10 | 296045 | 24 | 548 | 75
792 | Revision_792/eiffel.c | U | 596 | 608 | 10 | 296046 | 24 | 117 | 75
792 | Revision_792/jscript.c | U | 390 | 401 | 10 | 296047 | 24 | 451 | 75
792 | Revision_792/c.c | U | 1619 | 1625 | 8 | 296048 | 25 | 452 | 71
792 | Revision_792/sql.c | U | 787 | 794 | 8 | 296049 | 25 | 493 | 71
792 | Revision_792/eiffel.c | U | 611 | 619 | 8 | 296050 | 25 | 146 | 71
792 | Revision_792/tex.c | U | 374 | 381 | 8 | 296051 | 25 | 672 | 71
792 | Revision_792/jscript.c | U | 505 | 513 | 8 | 296052 | 25 | 453 | 71
792 | Revision_792/flex.c | U | 749 | 758 | 8 | 296053 | 25 | 607 | 71
792 | Revision_792/c.c | U | 2507 | 2511 | 5 | 296054 | 26 | 387 | 100
792 | Revision_792/c.c | U | 2514 | 2518 | 5 | 296055 | 26 | 94 | 100
792 | Revision_792/c.c | U | 2737 | 2742 | 6 | 296056 | 27 | 94 | 80
792 | Revision_792/sql.c | U | 1196 | 1201 | 6 | 296057 | 27 | 301 | 80
792 | Revision_792/c.c | U | 2828 | 2837 | 9 | 296058 | 28 | 130 | 71
792 | Revision_792/tex.c | U | 160 | 169 | 9 | 296059 | 28 | 673 | 71
792 | Revision_792/flex.c | U | 216 | 225 | 9 | 296060 | 28 | 608 | 71
792 | Revision_792/asm.c | U | 120 | 128 | 9 | 296061 | 28 | 288 | 71
792 | Revision_792/eiffel.c | U | 222 | 231 | 9 | 296062 | 28 | 131 | 71
792 | Revision_792/vhdl.c | U | 573 | 583 | 9 | 296063 | 28 | 549 | 71
792 | Revision_792/fortran.c | U | 398 | 407 | 9 | 296064 | 28 | 132 | 71
792 | Revision_792/verilog.c | U | 108 | 118 | 9 | 296065 | 28 | 381 | 71
792 | Revision_792/sql.c | U | 409 | 418 | 9 | 296066 | 28 | 302 | 71
792 | Revision_792/jscript.c | U | 180 | 189 | 9 | 296067 | 28 | 458 | 71
792 | Revision_792/eiffel.c | U | 294 | 308 | 10 | 296068 | 29 | 133 | 70
792 | Revision_792/beta.c | U | 71 | 80 | 10 | 296069 | 29 | 134 | 70
792 | Revision_792/vhdl.c | U | 536 | 548 | 10 | 296070 | 29 | 550 | 70
792 | Revision_792/flex.c | U | 256 | 270 | 10 | 296071 | 29 | 609 | 70
792 | Revision_792/sql.c | U | 447 | 461 | 10 | 296072 | 29 | 303 | 70
792 | Revision_792/parse.c | U | 43 | 54 | 10 | 296073 | 29 | 135 | 70
792 | Revision_792/sml.c | U | 75 | 81 | 10 | 296074 | 29 | 324 | 70
792 | Revision_792/eiffel.c | U | 296 | 306 | 10 | 296075 | 29 | 136 | 70
792 | Revision_792/eiffel.c | U | 374 | 383 | 8 | 296076 | 30 | 304 | 100
792 | Revision_792/read.c | U | 452 | 459 | 8 | 296077 | 30 | 704 | 100
792 | Revision_792/eiffel.c | U | 389 | 410 | 20 | 296078 | 31 | 139 | 70
792 | Revision_792/fortran.c | U | 768 | 794 | 20 | 296079 | 31 | 140 | 70
792 | Revision_792/eiffel.c | U | 413 | 441 | 24 | 296080 | 32 | 141 | 95
792 | Revision_792/fortran.c | U | 797 | 825 | 24 | 296081 | 32 | 505 | 95
792 | Revision_792/eiffel.c | U | 554 | 558 | 5 | 296082 | 33 | 143 | 75
792 | Revision_792/fortran.c | U | 786 | 790 | 5 | 296083 | 33 | 145 | 75
792 | Revision_792/fortran.c | U | 969 | 973 | 5 | 296084 | 33 | 144 | 75
792 | Revision_792/verilog.c | U | 142 | 146 | 5 | 296085 | 33 | 383 | 75
792 | Revision_792/verilog.c | U | 239 | 243 | 5 | 296086 | 33 | 382 | 75
792 | Revision_792/eiffel.c | U | 705 | 712 | 7 | 296087 | 34 | 705 | 71
792 | Revision_792/sql.c | U | 601 | 606 | 7 | 296088 | 34 | 300 | 71
792 | Revision_792/eiffel.c | U | 756 | 763 | 9 | 296089 | 35 | 148 | 77
792 | Revision_792/jscript.c | U | 490 | 499 | 9 | 296090 | 35 | 461 | 77
792 | Revision_792/tex.c | U | 342 | 351 | 9 | 296091 | 35 | 675 | 77
792 | Revision_792/flex.c | U | 734 | 743 | 9 | 296092 | 35 | 610 | 77
792 | Revision_792/vhdl.c | U | 467 | 476 | 9 | 296093 | 35 | 553 | 77
792 | Revision_792/eiffel.c | U | 765 | 770 | 6 | 296094 | 36 | 506 | 100
792 | Revision_792/fortran.c | U | 1027 | 1032 | 6 | 296095 | 36 | 312 | 100
792 | Revision_792/eiffel.c | U | 1055 | 1080 | 23 | 296096 | 37 | 706 | 70
792 | Revision_792/sql.c | U | 1678 | 1716 | 23 | 296097 | 37 | 658 | 70
792 | Revision_792/flex.c | U | 2116 | 2169 | 23 | 296098 | 37 | 659 | 70
792 | Revision_792/flex.c | U | 1983 | 2026 | 23 | 296099 | 37 | 656 | 70
792 | Revision_792/flex.c | U | 2338 | 2378 | 23 | 296100 | 37 | 768 | 70
792 | Revision_792/eiffel.c | U | 1243 | 1254 | 8 | 296101 | 38 | 9 | 71
792 | Revision_792/tex.c | U | 557 | 566 | 8 | 296102 | 38 | 676 | 71
792 | Revision_792/sql.c | U | 2349 | 2357 | 8 | 296103 | 38 | 568 | 71
792 | Revision_792/vhdl.c | U | 813 | 821 | 8 | 296104 | 38 | 567 | 71
792 | Revision_792/basic.c | U | 135 | 140 | 6 | 296105 | 39 | 411 | 80
792 | Revision_792/basic.c | U | 147 | 152 | 6 | 296106 | 39 | 412 | 80
792 | Revision_792/verilog.c | U | 187 | 193 | 8 | 296107 | 40 | 399 | 75
792 | Revision_792/make.c | U | 97 | 105 | 8 | 296108 | 40 | 400 | 75
792 | Revision_792/verilog.c | U | 287 | 291 | 5 | 296109 | 41 | 401 | 75
792 | Revision_792/make.c | U | 44 | 48 | 5 | 296110 | 41 | 402 | 75
792 | Revision_792/jscript.c | U | 308 | 332 | 20 | 296111 | 42 | 572 | 71
792 | Revision_792/flex.c | U | 309 | 333 | 20 | 296112 | 42 | 612 | 71
792 | Revision_792/flex.c | U | 359 | 383 | 20 | 296113 | 42 | 613 | 71
792 | Revision_792/jscript.c | U | 1502 | 1542 | 20 | 296114 | 42 | 573 | 71
792 | Revision_792/flex.c | U | 1863 | 1903 | 20 | 296115 | 42 | 614 | 71
792 | Revision_792/flex.c | U | 336 | 356 | 20 | 296116 | 42 | 615 | 71
792 | Revision_792/jscript.c | U | 335 | 359 | 20 | 296117 | 42 | 534 | 71
792 | Revision_792/jscript.c | U | 1407 | 1470 | 20 | 296118 | 42 | 781 | 71
792 | Revision_792/jscript.c | U | 315 | 319 | 5 | 296119 | 43 | 458 | 75
792 | Revision_792/tex.c | U | 420 | 424 | 5 | 296120 | 43 | 694 | 75
792 | Revision_792/tex.c | U | 444 | 448 | 5 | 296121 | 43 | 695 | 75
792 | Revision_792/jscript.c | U | 1440 | 1444 | 5 | 296122 | 43 | 460 | 75
792 | Revision_792/jscript.c | U | 1523 | 1527 | 5 | 296123 | 43 | 417 | 75
792 | Revision_792/flex.c | U | 366 | 370 | 5 | 296124 | 43 | 679 | 75
792 | Revision_792/flex.c | U | 343 | 347 | 5 | 296125 | 43 | 680 | 75
792 | Revision_792/flex.c | U | 1884 | 1888 | 5 | 296126 | 43 | 681 | 75
792 | Revision_792/jscript.c | U | 342 | 346 | 5 | 296127 | 43 | 498 | 75
792 | Revision_792/flex.c | U | 316 | 320 | 5 | 296128 | 43 | 682 | 75
792 | Revision_792/jscript.c | U | 366 | 384 | 16 | 296129 | 44 | 534 | 78
792 | Revision_792/vhdl.c | U | 368 | 386 | 16 | 296130 | 44 | 555 | 78
792 | Revision_792/sql.c | U | 492 | 512 | 16 | 296131 | 44 | 306 | 78
792 | Revision_792/flex.c | U | 390 | 408 | 16 | 296132 | 44 | 616 | 78
792 | Revision_792/jscript.c | U | 404 | 502 | 126 | 296133 | 45 | 472 | 73
792 | Revision_792/sql.c | U | 531 | 679 | 126 | 296134 | 45 | 473 | 73
792 | Revision_792/jscript.c | U | 454 | 484 | 25 | 296135 | 46 | 630 | 70
792 | Revision_792/flex.c | U | 490 | 515 | 25 | 296136 | 46 | 631 | 70
792 | Revision_792/sql.c | U | 625 | 655 | 25 | 296137 | 46 | 632 | 70
792 | Revision_792/jscript.c | U | 520 | 550 | 17 | 296138 | 47 | 465 | 83
792 | Revision_792/vhdl.c | U | 514 | 532 | 17 | 296139 | 47 | 557 | 83
792 | Revision_792/flex.c | U | 765 | 795 | 17 | 296140 | 47 | 633 | 83
792 | Revision_792/flex.c | U | 798 | 827 | 17 | 296141 | 47 | 634 | 83
792 | Revision_792/sql.c | U | 765 | 783 | 17 | 296142 | 47 | 536 | 83
792 | Revision_792/jscript.c | U | 553 | 582 | 17 | 296143 | 47 | 507 | 83
792 | Revision_792/jscript.c | U | 585 | 592 | 7 | 296144 | 48 | 474 | 80
792 | Revision_792/jscript.c | U | 595 | 602 | 7 | 296145 | 48 | 475 | 80
792 | Revision_792/flex.c | U | 840 | 847 | 7 | 296146 | 48 | 635 | 80
792 | Revision_792/sql.c | U | 698 | 705 | 7 | 296147 | 48 | 476 | 80
792 | Revision_792/flex.c | U | 830 | 837 | 7 | 296148 | 48 | 636 | 80
792 | Revision_792/jscript.c | U | 609 | 631 | 13 | 296149 | 49 | 433 | 100
792 | Revision_792/flex.c | U | 854 | 876 | 13 | 296150 | 49 | 637 | 100
792 | Revision_792/jscript.c | U | 672 | 758 | 30 | 296151 | 50 | 638 | 90
792 | Revision_792/flex.c | U | 913 | 999 | 30 | 296152 | 50 | 639 | 90
792 | Revision_792/jscript.c | U | 761 | 868 | 30 | 296153 | 51 | 640 | 100
792 | Revision_792/flex.c | U | 1002 | 1109 | 30 | 296154 | 51 | 641 | 100
792 | Revision_792/jscript.c | U | 1012 | 1089 | 38 | 296155 | 52 | 642 | 75
792 | Revision_792/flex.c | U | 1281 | 1342 | 38 | 296156 | 52 | 643 | 75
792 | Revision_792/jscript.c | U | 1054 | 1065 | 7 | 296157 | 53 | 479 | 83
792 | Revision_792/jscript.c | U | 1068 | 1078 | 7 | 296158 | 53 | 463 | 83
792 | Revision_792/jscript.c | U | 1092 | 1569 | 210 | 296159 | 54 | 644 | 77
792 | Revision_792/flex.c | U | 1461 | 1930 | 210 | 296160 | 54 | 645 | 77
792 | Revision_792/jscript.c | U | 1138 | 1147 | 6 | 296161 | 55 | 497 | 75
792 | Revision_792/options.c | U | 1683 | 1687 | 6 | 296162 | 55 | 333 | 75
792 | Revision_792/jscript.c | U | 1218 | 1244 | 12 | 296163 | 56 | 508 | 72
792 | Revision_792/jscript.c | U | 1246 | 1268 | 12 | 296164 | 56 | 509 | 72
792 | Revision_792/jscript.c | U | 1572 | 1619 | 29 | 296165 | 57 | 646 | 92
792 | Revision_792/flex.c | U | 1933 | 1980 | 29 | 296166 | 57 | 647 | 92
792 | Revision_792/jscript.c | U | 1628 | 1634 | 8 | 296167 | 58 | 498 | 71
792 | Revision_792/flex.c | U | 2322 | 2325 | 8 | 296168 | 58 | 649 | 71
792 | Revision_792/Test/local.c | U | 14 | 20 | 8 | 296169 | 58 | 384 | 71
792 | Revision_792/vhdl.c | U | 499 | 506 | 8 | 296170 | 58 | 558 | 71
792 | Revision_792/jscript.c | U | 1630 | 1633 | 8 | 296171 | 58 | 498 | 71
792 | Revision_792/jscript.c | U | 1643 | 1647 | 5 | 296172 | 59 | 484 | 75
792 | Revision_792/sql.c | U | 2342 | 2346 | 5 | 296173 | 59 | 404 | 75
792 | Revision_792/ocaml.c | U | 1874 | 1879 | 5 | 296174 | 59 | 748 | 75
792 | Revision_792/flex.c | U | 2382 | 2386 | 5 | 296175 | 59 | 650 | 75
792 | Revision_792/ocaml.c | U | 922 | 928 | 5 | 296176 | 59 | 747 | 75
792 | Revision_792/make.c | U | 191 | 195 | 5 | 296177 | 59 | 403 | 75
792 | Revision_792/options.c | U | 1773 | 1779 | 5 | 296178 | 59 | 749 | 75
792 | Revision_792/jscript.c | U | 1650 | 1666 | 14 | 296179 | 60 | 651 | 100
792 | Revision_792/flex.c | U | 2389 | 2405 | 14 | 296180 | 60 | 652 | 100
792 | Revision_792/gnu_regex/regcomp.c | U | 258 | 263 | 5 | 296181 | 61 | 710 | 75
792 | Revision_792/main.c | U | 126 | 139 | 5 | 296182 | 61 | 354 | 75
792 | Revision_792/routines.c | U | 621 | 644 | 5 | 296183 | 61 | 514 | 75
792 | Revision_792/options.c | U | 397 | 402 | 5 | 296184 | 61 | 355 | 75
792 | Revision_792/gnu_regex/regcomp.c | U | 1222 | 1232 | 11 | 296185 | 62 | 711 | 70
792 | Revision_792/gnu_regex/regcomp.c | U | 3804 | 3816 | 11 | 296186 | 62 | 712 | 70
792 | Revision_792/gnu_regex/regcomp.c | U | 1277 | 1281 | 5 | 296187 | 63 | 713 | 100
792 | Revision_792/gnu_regex/regcomp.c | U | 1283 | 1287 | 5 | 296188 | 63 | 714 | 100
792 | Revision_792/gnu_regex/regcomp.c | U | 1477 | 1482 | 6 | 296189 | 64 | 715 | 80
792 | Revision_792/gnu_regex/regcomp.c | U | 1516 | 1522 | 6 | 296190 | 64 | 716 | 80
792 | Revision_792/gnu_regex/regcomp.c | U | 1662 | 1667 | 5 | 296191 | 65 | 717 | 75
792 | Revision_792/gnu_regex/regex_internal.c | U | 76 | 80 | 5 | 296192 | 65 | 719 | 75
792 | Revision_792/gnu_regex/regcomp.c | U | 1685 | 1689 | 5 | 296193 | 65 | 718 | 75
792 | Revision_792/gnu_regex/regcomp.c | U | 2011 | 2030 | 16 | 296194 | 66 | 720 | 75
792 | Revision_792/gnu_regex/regcomp.c | U | 2034 | 2046 | 16 | 296195 | 66 | 721 | 75
792 | Revision_792/gnu_regex/regcomp.c | U | 2158 | 2165 | 7 | 296196 | 67 | 722 | 80
792 | Revision_792/gnu_regex/regcomp.c | U | 2312 | 2319 | 7 | 296197 | 67 | 723 | 80
792 | Revision_792/gnu_regex/regcomp.c | U | 2292 | 2296 | 5 | 296198 | 68 | 724 | 75
792 | Revision_792/readtags.c | U | 242 | 246 | 5 | 296199 | 68 | 726 | 75
792 | Revision_792/gnu_regex/regcomp.c | U | 2298 | 2302 | 5 | 296200 | 68 | 725 | 75
792 | Revision_792/gnu_regex/regex_internal.c | U | 1048 | 1055 | 8 | 296201 | 69 | 727 | 71
792 | Revision_792/gnu_regex/regex_internal.c | U | 1188 | 1195 | 8 | 296202 | 69 | 729 | 71
792 | Revision_792/gnu_regex/regex_internal.c | U | 1562 | 1570 | 8 | 296203 | 69 | 728 | 71
792 | Revision_792/gnu_regex/regex_internal.c | U | 1101 | 1116 | 13 | 296204 | 70 | 730 | 80
792 | Revision_792/gnu_regex/regex_internal.c | U | 1234 | 1254 | 13 | 296205 | 70 | 731 | 80
792 | Revision_792/gnu_regex/regex_internal.c | U | 1287 | 1294 | 8 | 296206 | 71 | 732 | 85
792 | Revision_792/gnu_regex/regex_internal.c | U | 1326 | 1333 | 8 | 296207 | 71 | 733 | 85
792 | Revision_792/gnu_regex/regex_internal.c | U | 1464 | 1492 | 22 | 296208 | 72 | 734 | 70
792 | Revision_792/gnu_regex/regex_internal.c | U | 1508 | 1535 | 22 | 296209 | 72 | 735 | 70
792 | Revision_792/vim.c | U | 99 | 103 | 5 | 296210 | 73 | 290 | 100
792 | Revision_792/vim.c | U | 105 | 109 | 5 | 296211 | 73 | 291 | 100
792 | Revision_792/vim.c | U | 258 | 281 | 17 | 296212 | 74 | 334 | 76
792 | Revision_792/vim.c | U | 308 | 326 | 17 | 296213 | 74 | 159 | 76
792 | Revision_792/vim.c | U | 263 | 280 | 12 | 296214 | 75 | 334 | 77
792 | Revision_792/vim.c | U | 675 | 685 | 12 | 296215 | 75 | 829 | 77
792 | Revision_792/vim.c | U | 313 | 325 | 12 | 296216 | 75 | 743 | 77
792 | Revision_792/python.c | U | 148 | 161 | 11 | 296217 | 76 | 37 | 77
792 | Revision_792/python.c | U | 191 | 202 | 11 | 296218 | 76 | 13 | 77
792 | Revision_792/python.c | U | 265 | 268 | 5 | 296219 | 77 | 532 | 75
792 | Revision_792/get.c | U | 649 | 653 | 5 | 296220 | 77 | 533 | 75
792 | Revision_792/python.c | U | 277 | 281 | 5 | 296221 | 78 | 278 | 75
792 | Revision_792/sml.c | U | 84 | 88 | 5 | 296222 | 78 | 325 | 75
792 | Revision_792/erlang.c | U | 58 | 62 | 5 | 296223 | 78 | 341 | 75
792 | Revision_792/python.c | U | 299 | 303 | 5 | 296224 | 78 | 326 | 75
792 | Revision_792/options.c | U | 963 | 968 | 5 | 296225 | 78 | 280 | 75
792 | Revision_792/python.c | U | 307 | 316 | 9 | 296226 | 79 | 292 | 75
792 | Revision_792/erlang.c | U | 66 | 75 | 9 | 296227 | 79 | 342 | 75
792 | Revision_792/tcl.c | U | 44 | 54 | 9 | 296228 | 79 | 293 | 75
792 | Revision_792/python.c | U | 626 | 630 | 7 | 296229 | 80 | 504 | 80
792 | Revision_792/python.c | U | 631 | 636 | 7 | 296230 | 80 | 504 | 80
792 | Revision_792/python.c | U | 769 | 773 | 5 | 296231 | 81 | 504 | 75
792 | Revision_792/pascal.c | U | 176 | 182 | 5 | 296232 | 81 | 170 | 75
792 | Revision_792/pascal.c | U | 184 | 190 | 5 | 296233 | 81 | 171 | 75
792 | Revision_792/pascal.c | U | 150 | 154 | 5 | 296234 | 81 | 319 | 75
792 | Revision_792/python.c | U | 775 | 784 | 8 | 296235 | 82 | 574 | 83
792 | Revision_792/python.c | U | 786 | 794 | 8 | 296236 | 82 | 13 | 83
792 | Revision_792/perl.c | U | 208 | 214 | 7 | 296237 | 83 | 389 | 83
792 | Revision_792/perl.c | U | 254 | 259 | 7 | 296238 | 83 | 502 | 83
792 | Revision_792/perl.c | U | 339 | 346 | 7 | 296239 | 84 | 389 | 71
792 | Revision_792/perl.c | U | 353 | 359 | 7 | 296240 | 84 | 7 | 71
792 | Revision_792/erlang.c | U | 97 | 105 | 7 | 296241 | 84 | 344 | 71
792 | Revision_792/main.c | U | 260 | 267 | 7 | 296242 | 84 | 377 | 71
792 | Revision_792/erlang.c | U | 108 | 113 | 7 | 296243 | 84 | 346 | 71
792 | Revision_792/erlang.c | U | 116 | 121 | 7 | 296244 | 84 | 344 | 71
792 | Revision_792/main.c | U | 179 | 185 | 7 | 296245 | 84 | 376 | 71
792 | Revision_792/sort.c | U | 118 | 123 | 5 | 296246 | 85 | 281 | 100
792 | Revision_792/sort.c | U | 126 | 131 | 5 | 296247 | 85 | 282 | 100
792 | Revision_792/sort.c | U | 144 | 148 | 5 | 296248 | 86 | 787 | 75
792 | Revision_792/objc.c | U | 998 | 1003 | 5 | 296249 | 86 | 788 | 75
792 | Revision_792/ocaml.c | U | 1081 | 1089 | 5 | 296250 | 86 | 763 | 75
792 | Revision_792/strlist.c | U | 32 | 38 | 8 | 296251 | 87 | 165 | 71
792 | Revision_792/vstring.c | U | 77 | 87 | 8 | 296252 | 87 | 166 | 71
792 | Revision_792/strlist.c | U | 191 | 196 | 7 | 296253 | 88 | 168 | 83
792 | Revision_792/strlist.c | U | 200 | 206 | 7 | 296254 | 88 | 390 | 83
792 | Revision_792/get.c | U | 305 | 314 | 10 | 296255 | 89 | 174 | 70
792 | Revision_792/parse.c | U | 586 | 600 | 10 | 296256 | 89 | 175 | 70
792 | Revision_792/read.c | U | 220 | 231 | 10 | 296257 | 89 | 176 | 70
792 | Revision_792/get.c | U | 467 | 478 | 10 | 296258 | 90 | 177 | 87
792 | Revision_792/get.c | U | 484 | 495 | 10 | 296259 | 90 | 178 | 87
792 | Revision_792/get.c | U | 541 | 546 | 6 | 296260 | 91 | 180 | 80
792 | Revision_792/read.c | U | 423 | 427 | 6 | 296261 | 91 | 181 | 80
792 | Revision_792/keyword.c | U | 195 | 202 | 8 | 296262 | 92 | 570 | 71
792 | Revision_792/asm.c | U | 131 | 139 | 8 | 296263 | 92 | 270 | 71
792 | Revision_792/ocaml.c | U | 182 | 191 | 7 | 296264 | 93 | 789 | 100
792 | Revision_792/objc.c | U | 154 | 163 | 7 | 296265 | 93 | 790 | 100
792 | Revision_792/ocaml.c | U | 251 | 257 | 6 | 296266 | 94 | 791 | 100
792 | Revision_792/objc.c | U | 199 | 205 | 6 | 296267 | 94 | 792 | 100
792 | Revision_792/ocaml.c | U | 260 | 280 | 15 | 296268 | 95 | 793 | 100
792 | Revision_792/objc.c | U | 208 | 228 | 15 | 296269 | 95 | 794 | 100
792 | Revision_792/ocaml.c | U | 293 | 301 | 6 | 296270 | 96 | 824 | 100
792 | Revision_792/objc.c | U | 241 | 249 | 6 | 296271 | 96 | 825 | 100
792 | Revision_792/ocaml.c | U | 344 | 359 | 10 | 296272 | 97 | 797 | 88
792 | Revision_792/objc.c | U | 264 | 279 | 10 | 296273 | 97 | 798 | 88
792 | Revision_792/objc.c | U | 283 | 298 | 10 | 296274 | 97 | 799 | 88
792 | Revision_792/ocaml.c | U | 408 | 508 | 89 | 296275 | 98 | 800 | 75
792 | Revision_792/objc.c | U | 304 | 426 | 89 | 296276 | 98 | 801 | 75
792 | Revision_792/ocaml.c | U | 695 | 699 | 5 | 296277 | 99 | 750 | 75
792 | Revision_792/ocaml.c | U | 739 | 744 | 5 | 296278 | 99 | 752 | 75
792 | Revision_792/ocaml.c | U | 718 | 722 | 5 | 296279 | 99 | 751 | 75
792 | Revision_792/ocaml.c | U | 775 | 797 | 22 | 296280 | 100 | 753 | 71
792 | Revision_792/ocaml.c | U | 851 | 875 | 22 | 296281 | 100 | 754 | 71
792 | Revision_792/ocaml.c | U | 812 | 817 | 7 | 296282 | 101 | 755 | 71
792 | Revision_792/ocaml.c | U | 824 | 831 | 7 | 296283 | 101 | 756 | 71
792 | Revision_792/sql.c | U | 495 | 510 | 7 | 296284 | 101 | 306 | 71
792 | Revision_792/ocaml.c | U | 906 | 913 | 6 | 296285 | 102 | 802 | 80
792 | Revision_792/objc.c | U | 484 | 488 | 6 | 296286 | 102 | 803 | 80
792 | Revision_792/ocaml.c | U | 946 | 969 | 21 | 296287 | 103 | 760 | 70
792 | Revision_792/objc.c | U | 688 | 711 | 21 | 296288 | 103 | 805 | 70
792 | Revision_792/objc.c | U | 873 | 893 | 21 | 296289 | 103 | 804 | 70
792 | Revision_792/ocaml.c | U | 1542 | 1562 | 21 | 296290 | 103 | 761 | 70
792 | Revision_792/objc.c | U | 539 | 567 | 21 | 296291 | 103 | 807 | 70
792 | Revision_792/objc.c | U | 942 | 969 | 21 | 296292 | 103 | 806 | 70
792 | Revision_792/ocaml.c | U | 1436 | 1469 | 21 | 296293 | 103 | 765 | 70
792 | Revision_792/objc.c | U | 658 | 685 | 21 | 296294 | 103 | 808 | 70
792 | Revision_792/ocaml.c | U | 1274 | 1304 | 21 | 296295 | 103 | 782 | 70
792 | Revision_792/ocaml.c | U | 1037 | 1064 | 21 | 296296 | 103 | 810 | 70
792 | Revision_792/objc.c | U | 714 | 743 | 21 | 296297 | 103 | 809 | 70
792 | Revision_792/ocaml.c | U | 1569 | 1609 | 21 | 296298 | 103 | 759 | 70
792 | Revision_792/ocaml.c | U | 1484 | 1511 | 21 | 296299 | 103 | 812 | 70
792 | Revision_792/ocaml.c | U | 1076 | 1115 | 21 | 296300 | 103 | 811 | 70
792 | Revision_792/ocaml.c | U | 1214 | 1262 | 21 | 296301 | 103 | 764 | 70
792 | Revision_792/ocaml.c | U | 974 | 984 | 8 | 296302 | 104 | 762 | 83
792 | Revision_792/objc.c | U | 767 | 775 | 8 | 296303 | 104 | 814 | 83
792 | Revision_792/objc.c | U | 747 | 754 | 8 | 296304 | 104 | 813 | 83
792 | Revision_792/objc.c | U | 757 | 764 | 8 | 296305 | 104 | 815 | 83
792 | Revision_792/ocaml.c | U | 1517 | 1535 | 17 | 296306 | 105 | 830 | 71
792 | Revision_792/objc.c | U | 973 | 995 | 17 | 296307 | 105 | 831 | 71
792 | Revision_792/routines.c | U | 237 | 244 | 6 | 296308 | 106 | 254 | 80
792 | Revision_792/routines.c | U | 247 | 254 | 6 | 296309 | 106 | 255 | 80
792 | Revision_792/routines.c | U | 288 | 295 | 8 | 296310 | 107 | 256 | 83
792 | Revision_792/readtags.c | U | 116 | 123 | 8 | 296311 | 107 | 123 | 83
792 | Revision_792/routines.c | U | 298 | 305 | 8 | 296312 | 107 | 257 | 83
792 | Revision_792/readtags.c | U | 106 | 113 | 8 | 296313 | 107 | 238 | 83
792 | Revision_792/routines.c | U | 322 | 326 | 5 | 296314 | 108 | 258 | 75
792 | Revision_792/vstring.c | U | 125 | 129 | 5 | 296315 | 108 | 188 | 75
792 | Revision_792/vstring.c | U | 118 | 122 | 5 | 296316 | 108 | 189 | 75
792 | Revision_792/routines.c | U | 329 | 335 | 6 | 296317 | 109 | 259 | 100
792 | Revision_792/routines.c | U | 338 | 344 | 6 | 296318 | 109 | 260 | 100
792 | Revision_792/routines.c | U | 349 | 356 | 8 | 296319 | 110 | 261 | 100
792 | Revision_792/routines.c | U | 361 | 368 | 8 | 296320 | 110 | 262 | 100
792 | Revision_792/flex.c | U | 273 | 306 | 16 | 296321 | 111 | 611 | 73
792 | Revision_792/sql.c | U | 464 | 485 | 16 | 296322 | 111 | 468 | 73
792 | Revision_792/vhdl.c | U | 551 | 570 | 16 | 296323 | 111 | 554 | 73
792 | Revision_792/flex.c | U | 295 | 303 | 11 | 296324 | 112 | 699 | 70
792 | Revision_792/vhdl.c | U | 553 | 569 | 11 | 296325 | 112 | 554 | 70
792 | Revision_792/flex.c | U | 437 | 441 | 6 | 296326 | 113 | 618 | 71
792 | Revision_792/flex.c | U | 510 | 514 | 6 | 296327 | 113 | 617 | 71
792 | Revision_792/vhdl.c | U | 414 | 418 | 6 | 296328 | 113 | 556 | 71
792 | Revision_792/tex.c | U | 313 | 317 | 6 | 296329 | 113 | 685 | 71
792 | Revision_792/sql.c | U | 540 | 553 | 6 | 296330 | 113 | 380 | 71
792 | Revision_792/flex.c | U | 623 | 628 | 6 | 296331 | 113 | 619 | 71
792 | Revision_792/flex.c | U | 696 | 701 | 6 | 296332 | 113 | 620 | 71
792 | Revision_792/flex.c | U | 688 | 693 | 6 | 296333 | 113 | 621 | 71
792 | Revision_792/flex.c | U | 631 | 636 | 6 | 296334 | 113 | 617 | 71
792 | Revision_792/flex.c | U | 483 | 488 | 6 | 296335 | 113 | 622 | 71
792 | Revision_792/flex.c | U | 599 | 606 | 6 | 296336 | 113 | 619 | 71
792 | Revision_792/flex.c | U | 532 | 538 | 6 | 296337 | 113 | 623 | 71
792 | Revision_792/flex.c | U | 638 | 645 | 6 | 296338 | 113 | 624 | 71
792 | Revision_792/flex.c | U | 664 | 671 | 6 | 296339 | 113 | 626 | 71
792 | Revision_792/flex.c | U | 652 | 659 | 6 | 296340 | 113 | 625 | 71
792 | Revision_792/flex.c | U | 703 | 710 | 6 | 296341 | 113 | 627 | 71
792 | Revision_792/flex.c | U | 558 | 565 | 6 | 296342 | 113 | 628 | 71
792 | Revision_792/flex.c | U | 545 | 551 | 6 | 296343 | 113 | 629 | 71
792 | Revision_792/flex.c | U | 613 | 621 | 6 | 296344 | 113 | 778 | 71
792 | Revision_792/flex.c | U | 678 | 686 | 6 | 296345 | 113 | 619 | 71
792 | Revision_792/flex.c | U | 596 | 647 | 51 | 296346 | 114 | 779 | 78
792 | Revision_792/flex.c | U | 649 | 713 | 51 | 296347 | 114 | 780 | 78
792 | Revision_792/flex.c | U | 965 | 998 | 17 | 296348 | 115 | 655 | 75
792 | Revision_792/flex.c | U | 1985 | 2020 | 17 | 296349 | 115 | 660 | 75
792 | Revision_792/flex.c | U | 1527 | 1562 | 33 | 296350 | 116 | 662 | 70
792 | Revision_792/vhdl.c | U | 768 | 801 | 33 | 296351 | 116 | 565 | 70
792 | Revision_792/fortran.c | U | 2114 | 2138 | 33 | 296352 | 116 | 566 | 70
792 | Revision_792/tex.c | U | 506 | 539 | 33 | 296353 | 116 | 758 | 70
792 | Revision_792/flex.c | U | 1624 | 1650 | 12 | 296354 | 117 | 663 | 72
792 | Revision_792/flex.c | U | 1652 | 1674 | 12 | 296355 | 117 | 664 | 72
792 | Revision_792/sh.c | U | 89 | 94 | 6 | 296356 | 118 | 378 | 80
792 | Revision_792/asm.c | U | 347 | 352 | 6 | 296357 | 118 | 379 | 80
792 | Revision_792/vhdl.c | U | 405 | 479 | 69 | 296358 | 119 | 769 | 77
792 | Revision_792/tex.c | U | 304 | 371 | 69 | 296359 | 119 | 684 | 77
792 | Revision_792/vhdl.c | U | 493 | 533 | 32 | 296360 | 120 | 561 | 72
792 | Revision_792/sql.c | U | 735 | 784 | 32 | 296361 | 120 | 562 | 72
792 | Revision_792/vhdl.c | U | 724 | 741 | 15 | 296362 | 121 | 560 | 100
792 | Revision_792/vhdl.c | U | 743 | 760 | 15 | 296363 | 121 | 539 | 100
792 | Revision_792/beta.c | U | 134 | 141 | 6 | 296364 | 122 | 201 | 75
792 | Revision_792/beta.c | U | 204 | 212 | 6 | 296365 | 122 | 202 | 75
792 | Revision_792/beta.c | U | 152 | 156 | 5 | 296366 | 123 | 203 | 75
792 | Revision_792/beta.c | U | 165 | 169 | 5 | 296367 | 123 | 204 | 75
792 | Revision_792/beta.c | U | 277 | 281 | 5 | 296368 | 123 | 205 | 75
792 | Revision_792/beta.c | U | 158 | 162 | 5 | 296369 | 123 | 206 | 75
792 | Revision_792/beta.c | U | 271 | 275 | 5 | 296370 | 123 | 207 | 75
792 | Revision_792/sql.c | U | 741 | 756 | 17 | 296371 | 124 | 537 | 75
792 | Revision_792/fortran.c | U | 1288 | 1294 | 17 | 296372 | 124 | 85 | 75
792 | Revision_792/sql.c | U | 1740 | 1776 | 24 | 296373 | 125 | 487 | 78
792 | Revision_792/sql.c | U | 2146 | 2189 | 24 | 296374 | 125 | 488 | 78
792 | Revision_792/sql.c | U | 2085 | 2143 | 34 | 296375 | 126 | 773 | 100
792 | Revision_792/sql.c | U | 2192 | 2253 | 34 | 296376 | 126 | 774 | 100
792 | Revision_792/sql.c | U | 2110 | 2135 | 17 | 296377 | 127 | 489 | 84
792 | Revision_792/sql.c | U | 2159 | 2183 | 17 | 296378 | 127 | 490 | 84
792 | Revision_792/sql.c | U | 2220 | 2245 | 17 | 296379 | 127 | 775 | 84
792 | Revision_792/parse.c | U | 96 | 106 | 11 | 296380 | 128 | 208 | 88
792 | Revision_792/parse.c | U | 109 | 120 | 11 | 296381 | 128 | 209 | 88
792 | Revision_792/parse.c | U | 299 | 303 | 5 | 296382 | 129 | 356 | 75
792 | Revision_792/parse.c | U | 575 | 579 | 5 | 296383 | 129 | 357 | 75
792 | Revision_792/parse.c | U | 556 | 560 | 5 | 296384 | 129 | 358 | 75
792 | Revision_792/readtags.c | U | 541 | 547 | 6 | 296385 | 130 | 239 | 100
792 | Revision_792/readtags.c | U | 549 | 555 | 6 | 296386 | 130 | 240 | 100
792 | Revision_792/readtags.c | U | 584 | 588 | 6 | 296387 | 131 | 123 | 75
792 | Revision_792/readtags.c | U | 639 | 645 | 6 | 296388 | 131 | 124 | 75
792 | Revision_792/readtags.c | U | 718 | 726 | 8 | 296389 | 132 | 210 | 83
792 | Revision_792/readtags.c | U | 773 | 781 | 8 | 296390 | 132 | 211 | 83
792 | Revision_792/readtags.c | U | 729 | 737 | 8 | 296391 | 132 | 212 | 83
792 | Revision_792/readtags.c | U | 740 | 745 | 6 | 296392 | 133 | 241 | 80
792 | Revision_792/readtags.c | U | 757 | 762 | 6 | 296393 | 133 | 242 | 80
792 | Revision_792/readtags.c | U | 765 | 770 | 6 | 296394 | 133 | 287 | 80
792 | Revision_792/fortran.c | U | 1363 | 1376 | 11 | 296395 | 134 | 336 | 72
792 | Revision_792/fortran.c | U | 1617 | 1625 | 11 | 296396 | 134 | 84 | 72
792 | Revision_792/fortran.c | U | 1714 | 1729 | 20 | 296397 | 135 | 21 | 84
792 | Revision_792/fortran.c | U | 1930 | 1946 | 20 | 296398 | 135 | 374 | 84
792 | Revision_792/fortran.c | U | 1895 | 1913 | 16 | 296399 | 136 | 220 | 73
792 | Revision_792/fortran.c | U | 1965 | 1981 | 16 | 296400 | 136 | 221 | 73
792 | Revision_792/fortran.c | U | 2041 | 2061 | 16 | 296401 | 136 | 372 | 73
792 | Revision_792/tex.c | U | 232 | 237 | 6 | 296402 | 137 | 827 | 100
792 | Revision_792/tex.c | U | 242 | 247 | 6 | 296403 | 137 | 828 | 100
792 | Revision_792/tex.c | U | 237 | 242 | 6 | 296404 | 137 | 828 | 100
792 | Revision_792/tex.c | U | 413 | 430 | 16 | 296405 | 138 | 696 | 83
792 | Revision_792/tex.c | U | 438 | 457 | 16 | 296406 | 138 | 697 | 83
792 | Revision_792/asm.c | U | 243 | 256 | 11 | 296407 | 139 | 289 | 77
792 | Revision_792/asm.c | U | 261 | 271 | 11 | 296408 | 139 | 279 | 77
792 | Revision_792/scheme.c | U | 70 | 78 | 8 | 296409 | 140 | 222 | 71
792 | Revision_792/scheme.c | U | 85 | 93 | 8 | 296410 | 140 | 223 | 71
792 | Revision_792/options.c | U | 369 | 375 | 6 | 296411 | 141 | 224 | 100
792 | Revision_792/options.c | U | 378 | 384 | 6 | 296412 | 141 | 225 | 100
792 | Revision_792/options.c | U | 543 | 549 | 7 | 296413 | 142 | 226 | 100
792 | Revision_792/options.c | U | 570 | 576 | 7 | 296414 | 142 | 227 | 100
792 | Revision_792/options.c | U | 561 | 567 | 7 | 296415 | 142 | 228 | 100
792 | Revision_792/options.c | U | 552 | 558 | 7 | 296416 | 142 | 229 | 100
792 | Revision_792/options.c | U | 982 | 986 | 5 | 296417 | 143 | 230 | 75
792 | Revision_792/options.c | U | 1008 | 1012 | 5 | 296418 | 143 | 231 | 75
792 | Revision_792/options.c | U | 1102 | 1106 | 5 | 296419 | 144 | 232 | 100
792 | Revision_792/options.c | U | 1108 | 1112 | 5 | 296420 | 144 | 233 | 100
792 | Revision_792/options.c | U | 1154 | 1166 | 12 | 296421 | 145 | 360 | 100
792 | Revision_792/options.c | U | 1171 | 1183 | 12 | 296422 | 145 | 235 | 100
792 | Revision_792/options.c | U | 1425 | 1442 | 15 | 296423 | 146 | 236 | 91
792 | Revision_792/options.c | U | 1463 | 1480 | 15 | 296424 | 146 | 237 | 91
792 | Revision_792/objc.c | U | 318 | 330 | 10 | 296425 | 147 | 818 | 100
792 | Revision_792/objc.c | U | 332 | 344 | 10 | 296426 | 147 | 819 | 100
792 | Revision_792/objc.c | U | 576 | 614 | 31 | 296427 | 148 | 820 | 100
792 | Revision_792/objc.c | U | 617 | 655 | 31 | 296428 | 148 | 821 | 100
792 | Revision_792/objc.c | U | 823 | 860 | 29 | 296429 | 149 | 822 | 96
792 | Revision_792/objc.c | U | 899 | 934 | 29 | 296430 | 149 | 823 | 96
