Revision | filePath | changeType | StartLine | EndLine | Nlines | cloneId | classId | globalCloneId | Similarity
794 | Revision_794/lisp.c | U | 91 | 97 | 7 | 297155 | 1 | 1 | 83
794 | Revision_794/lisp.c | U | 112 | 118 | 7 | 297156 | 1 | 2 | 83
794 | Revision_794/lisp.c | U | 127 | 137 | 9 | 297157 | 2 | 3 | 70
794 | Revision_794/awk.c | U | 71 | 79 | 9 | 297158 | 2 | 10 | 70
794 | Revision_794/sh.c | U | 103 | 113 | 9 | 297159 | 2 | 17 | 70
794 | Revision_794/beta.c | U | 311 | 319 | 9 | 297160 | 2 | 5 | 70
794 | Revision_794/basic.c | U | 193 | 201 | 9 | 297161 | 2 | 408 | 70
794 | Revision_794/cobol.c | U | 40 | 48 | 9 | 297162 | 2 | 320 | 70
794 | Revision_794/ocaml.c | U | 1882 | 1892 | 9 | 297163 | 2 | 745 | 70
794 | Revision_794/erlang.c | U | 179 | 187 | 9 | 297164 | 2 | 340 | 70
794 | Revision_794/ruby.c | U | 398 | 406 | 9 | 297165 | 2 | 19 | 70
794 | Revision_794/php.c | U | 91 | 98 | 9 | 297166 | 2 | 501 | 70
794 | Revision_794/c.c | U | 2924 | 2933 | 9 | 297167 | 2 | 12 | 70
794 | Revision_794/vim.c | U | 731 | 739 | 9 | 297168 | 2 | 20 | 70
794 | Revision_794/objc.c | U | 1141 | 1151 | 9 | 297169 | 2 | 783 | 70
794 | Revision_794/c.c | U | 2870 | 2879 | 9 | 297170 | 2 | 15 | 70
794 | Revision_794/scheme.c | U | 99 | 109 | 9 | 297171 | 2 | 16 | 70
794 | Revision_794/c.c | U | 2882 | 2897 | 9 | 297172 | 2 | 8 | 70
794 | Revision_794/vhdl.c | U | 824 | 833 | 9 | 297173 | 2 | 539 | 70
794 | Revision_794/eiffel.c | U | 1259 | 1268 | 9 | 297174 | 2 | 9 | 70
794 | Revision_794/tcl.c | U | 106 | 114 | 9 | 297175 | 2 | 18 | 70
794 | Revision_794/c.c | U | 2900 | 2909 | 9 | 297176 | 2 | 315 | 70
794 | Revision_794/lua.c | U | 123 | 131 | 9 | 297177 | 2 | 243 | 70
794 | Revision_794/pascal.c | U | 257 | 265 | 9 | 297178 | 2 | 14 | 70
794 | Revision_794/perl.c | U | 372 | 380 | 9 | 297179 | 2 | 7 | 70
794 | Revision_794/verilog.c | U | 330 | 339 | 9 | 297180 | 2 | 283 | 70
794 | Revision_794/asp.c | U | 317 | 325 | 9 | 297181 | 2 | 4 | 70
794 | Revision_794/c.c | U | 2912 | 2921 | 9 | 297182 | 2 | 330 | 70
794 | Revision_794/python.c | U | 856 | 864 | 9 | 297183 | 2 | 13 | 70
794 | Revision_794/sql.c | U | 2360 | 2369 | 9 | 297184 | 2 | 296 | 70
794 | Revision_794/sml.c | U | 202 | 210 | 9 | 297185 | 2 | 321 | 70
794 | Revision_794/fortran.c | U | 2180 | 2195 | 9 | 297186 | 2 | 21 | 70
794 | Revision_794/rexx.c | U | 30 | 37 | 9 | 297187 | 2 | 26 | 70
794 | Revision_794/jscript.c | U | 1624 | 1637 | 9 | 297188 | 2 | 413 | 70
794 | Revision_794/ant.c | U | 33 | 40 | 9 | 297189 | 2 | 666 | 70
794 | Revision_794/yacc.c | U | 31 | 38 | 9 | 297190 | 2 | 23 | 70
794 | Revision_794/slang.c | U | 34 | 41 | 9 | 297191 | 2 | 24 | 70
794 | Revision_794/matlab.c | U | 35 | 42 | 9 | 297192 | 2 | 668 | 70
794 | Revision_794/tex.c | U | 570 | 583 | 9 | 297193 | 2 | 665 | 70
794 | Revision_794/html.c | U | 40 | 47 | 9 | 297194 | 2 | 365 | 70
794 | Revision_794/keyword.c | U | 107 | 116 | 9 | 297195 | 2 | 27 | 70
794 | Revision_794/dosbatch.c | U | 33 | 40 | 9 | 297196 | 2 | 667 | 70
794 | Revision_794/flex.c | U | 2409 | 2422 | 9 | 297197 | 2 | 575 | 70
794 | Revision_794/make.c | U | 205 | 215 | 9 | 297198 | 2 | 25 | 70
794 | Revision_794/asm.c | U | 366 | 385 | 9 | 297199 | 2 | 274 | 70
794 | Revision_794/fortran.c | U | 414 | 426 | 9 | 297200 | 2 | 158 | 70
794 | Revision_794/c.c | U | 2254 | 2259 | 9 | 297201 | 2 | 28 | 70
794 | Revision_794/options.c | U | 533 | 538 | 9 | 297202 | 2 | 29 | 70
794 | Revision_794/options.c | U | 626 | 632 | 9 | 297203 | 2 | 30 | 70
794 | Revision_794/jscript.c | U | 192 | 205 | 9 | 297204 | 2 | 414 | 70
794 | Revision_794/vhdl.c | U | 342 | 351 | 9 | 297205 | 2 | 540 | 70
794 | Revision_794/eiffel.c | U | 622 | 634 | 9 | 297206 | 2 | 157 | 70
794 | Revision_794/flex.c | U | 228 | 242 | 9 | 297207 | 2 | 576 | 70
794 | Revision_794/sql.c | U | 421 | 433 | 9 | 297208 | 2 | 309 | 70
794 | Revision_794/tex.c | U | 172 | 183 | 9 | 297209 | 2 | 669 | 70
794 | Revision_794/c.c | U | 2283 | 2291 | 9 | 297210 | 2 | 31 | 70
794 | Revision_794/asp.c | U | 72 | 91 | 15 | 297211 | 3 | 33 | 100
794 | Revision_794/asp.c | U | 95 | 114 | 15 | 297212 | 3 | 34 | 100
794 | Revision_794/asp.c | U | 118 | 163 | 40 | 297213 | 4 | 736 | 100
794 | Revision_794/asp.c | U | 165 | 210 | 40 | 297214 | 4 | 737 | 100
794 | Revision_794/asp.c | U | 125 | 137 | 11 | 297215 | 5 | 35 | 70
794 | Revision_794/asp.c | U | 152 | 161 | 11 | 297216 | 5 | 738 | 70
794 | Revision_794/asp.c | U | 139 | 151 | 11 | 297217 | 5 | 36 | 70
794 | Revision_794/asp.c | U | 291 | 306 | 11 | 297218 | 5 | 36 | 70
794 | Revision_794/asp.c | U | 234 | 249 | 11 | 297219 | 5 | 36 | 70
794 | Revision_794/asp.c | U | 272 | 287 | 11 | 297220 | 5 | 739 | 70
794 | Revision_794/asp.c | U | 253 | 268 | 11 | 297221 | 5 | 740 | 70
794 | Revision_794/asp.c | U | 214 | 230 | 11 | 297222 | 5 | 36 | 70
794 | Revision_794/asp.c | U | 256 | 267 | 11 | 297223 | 5 | 741 | 70
794 | Revision_794/lua.c | U | 81 | 88 | 11 | 297224 | 5 | 285 | 70
794 | Revision_794/vim.c | U | 270 | 279 | 11 | 297225 | 5 | 743 | 70
794 | Revision_794/asp.c | U | 294 | 305 | 11 | 297226 | 5 | 742 | 70
794 | Revision_794/asp.c | U | 218 | 229 | 11 | 297227 | 5 | 36 | 70
794 | Revision_794/asp.c | U | 275 | 286 | 11 | 297228 | 5 | 36 | 70
794 | Revision_794/asp.c | U | 237 | 248 | 11 | 297229 | 5 | 739 | 70
794 | Revision_794/vim.c | U | 315 | 324 | 11 | 297230 | 5 | 744 | 70
794 | Revision_794/asp.c | U | 172 | 184 | 11 | 297231 | 5 | 36 | 70
794 | Revision_794/asp.c | U | 186 | 198 | 11 | 297232 | 5 | 740 | 70
794 | Revision_794/asp.c | U | 199 | 208 | 11 | 297233 | 5 | 4 | 70
794 | Revision_794/args.c | U | 85 | 92 | 8 | 297234 | 6 | 43 | 100
794 | Revision_794/args.c | U | 160 | 167 | 8 | 297235 | 6 | 44 | 100
794 | Revision_794/args.c | U | 182 | 190 | 9 | 297236 | 7 | 45 | 75
794 | Revision_794/args.c | U | 203 | 211 | 9 | 297237 | 7 | 46 | 75
794 | Revision_794/args.c | U | 193 | 200 | 9 | 297238 | 7 | 47 | 75
794 | Revision_794/args.c | U | 266 | 272 | 7 | 297239 | 8 | 48 | 83
794 | Revision_794/options.c | U | 579 | 584 | 7 | 297240 | 8 | 49 | 83
794 | Revision_794/c.c | U | 536 | 542 | 5 | 297241 | 9 | 51 | 71
794 | Revision_794/vhdl.c | U | 354 | 361 | 5 | 297242 | 9 | 541 | 71
794 | Revision_794/sql.c | U | 436 | 440 | 5 | 297243 | 9 | 416 | 71
794 | Revision_794/jscript.c | U | 208 | 212 | 5 | 297244 | 9 | 415 | 71
794 | Revision_794/fortran.c | U | 888 | 892 | 5 | 297245 | 9 | 50 | 71
794 | Revision_794/vstring.c | U | 67 | 74 | 5 | 297246 | 9 | 52 | 71
794 | Revision_794/flex.c | U | 245 | 249 | 5 | 297247 | 9 | 577 | 71
794 | Revision_794/tex.c | U | 186 | 190 | 5 | 297248 | 9 | 670 | 71
794 | Revision_794/eiffel.c | U | 637 | 643 | 5 | 297249 | 9 | 362 | 71
794 | Revision_794/fortran.c | U | 438 | 446 | 5 | 297250 | 9 | 363 | 71
794 | Revision_794/vstring.c | U | 69 | 73 | 5 | 297251 | 9 | 52 | 71
794 | Revision_794/fortran.c | U | 440 | 445 | 5 | 297252 | 9 | 363 | 71
794 | Revision_794/flex.c | U | 1325 | 1334 | 5 | 297253 | 9 | 578 | 71
794 | Revision_794/sql.c | U | 1569 | 1574 | 5 | 297254 | 9 | 462 | 71
794 | Revision_794/sql.c | U | 1413 | 1424 | 5 | 297255 | 9 | 771 | 71
794 | Revision_794/vhdl.c | U | 356 | 360 | 5 | 297256 | 9 | 541 | 71
794 | Revision_794/fortran.c | U | 1060 | 1064 | 5 | 297257 | 9 | 312 | 71
794 | Revision_794/vhdl.c | U | 611 | 615 | 5 | 297258 | 9 | 542 | 71
794 | Revision_794/vhdl.c | U | 620 | 624 | 5 | 297259 | 9 | 543 | 71
794 | Revision_794/sql.c | U | 1866 | 1870 | 5 | 297260 | 9 | 454 | 71
794 | Revision_794/sql.c | U | 2127 | 2131 | 5 | 297261 | 9 | 455 | 71
794 | Revision_794/flex.c | U | 1312 | 1322 | 5 | 297262 | 9 | 579 | 71
794 | Revision_794/sql.c | U | 2237 | 2241 | 5 | 297263 | 9 | 772 | 71
794 | Revision_794/options.c | U | 674 | 678 | 5 | 297264 | 9 | 127 | 71
794 | Revision_794/vhdl.c | U | 730 | 735 | 5 | 297265 | 9 | 539 | 71
794 | Revision_794/c.c | U | 2221 | 2225 | 5 | 297266 | 9 | 125 | 71
794 | Revision_794/vhdl.c | U | 749 | 754 | 5 | 297267 | 9 | 560 | 71
794 | Revision_794/c.c | U | 2494 | 2501 | 5 | 297268 | 9 | 94 | 71
794 | Revision_794/sql.c | U | 952 | 961 | 5 | 297269 | 9 | 493 | 71
794 | Revision_794/jscript.c | U | 914 | 923 | 5 | 297270 | 9 | 456 | 71
794 | Revision_794/fortran.c | U | 813 | 818 | 5 | 297271 | 9 | 116 | 71
794 | Revision_794/options.c | U | 352 | 357 | 5 | 297272 | 9 | 224 | 71
794 | Revision_794/eiffel.c | U | 429 | 434 | 5 | 297273 | 9 | 119 | 71
794 | Revision_794/options.c | U | 1221 | 1225 | 5 | 297274 | 9 | 129 | 71
794 | Revision_794/eiffel.c | U | 691 | 695 | 5 | 297275 | 9 | 250 | 71
794 | Revision_794/strlist.c | U | 150 | 154 | 5 | 297276 | 9 | 126 | 71
794 | Revision_794/vhdl.c | U | 457 | 461 | 5 | 297277 | 9 | 544 | 71
794 | Revision_794/gnu_regex/regcomp.c | U | 817 | 821 | 5 | 297278 | 9 | 707 | 71
794 | Revision_794/sql.c | U | 588 | 592 | 5 | 297279 | 9 | 300 | 71
794 | Revision_794/sql.c | U | 970 | 980 | 5 | 297280 | 9 | 698 | 71
794 | Revision_794/jscript.c | U | 925 | 930 | 5 | 297281 | 9 | 457 | 71
794 | Revision_794/jscript.c | U | 896 | 912 | 5 | 297282 | 9 | 480 | 71
794 | Revision_794/fortran.c | U | 805 | 811 | 5 | 297283 | 9 | 50 | 71
794 | Revision_794/eiffel.c | U | 421 | 427 | 5 | 297284 | 9 | 119 | 71
794 | Revision_794/fortran.c | U | 990 | 994 | 5 | 297285 | 9 | 128 | 71
794 | Revision_794/routines.c | U | 453 | 459 | 5 | 297286 | 9 | 266 | 71
794 | Revision_794/gnu_regex/regcomp.c | U | 765 | 770 | 5 | 297287 | 9 | 708 | 71
794 | Revision_794/sql.c | U | 1877 | 1886 | 5 | 297288 | 9 | 486 | 71
794 | Revision_794/sql.c | U | 1631 | 1638 | 5 | 297289 | 9 | 430 | 71
794 | Revision_794/c.c | U | 545 | 552 | 6 | 297290 | 10 | 53 | 80
794 | Revision_794/c.c | U | 555 | 562 | 6 | 297291 | 10 | 54 | 80
794 | Revision_794/c.c | U | 664 | 680 | 18 | 297292 | 11 | 55 | 70
794 | Revision_794/fortran.c | U | 1095 | 1115 | 18 | 297293 | 11 | 58 | 70
794 | Revision_794/c.c | U | 683 | 699 | 18 | 297294 | 11 | 60 | 70
794 | Revision_794/fortran.c | U | 1854 | 1870 | 18 | 297295 | 11 | 59 | 70
794 | Revision_794/c.c | U | 1168 | 1186 | 18 | 297296 | 11 | 57 | 70
794 | Revision_794/fortran.c | U | 1118 | 1133 | 18 | 297297 | 11 | 375 | 70
794 | Revision_794/c.c | U | 1245 | 1259 | 18 | 297298 | 11 | 56 | 70
794 | Revision_794/jscript.c | U | 1539 | 1562 | 18 | 297299 | 11 | 463 | 70
794 | Revision_794/flex.c | U | 1946 | 1969 | 18 | 297300 | 11 | 601 | 70
794 | Revision_794/fortran.c | U | 1771 | 1799 | 18 | 297301 | 11 | 366 | 70
794 | Revision_794/eiffel.c | U | 1151 | 1170 | 18 | 297302 | 11 | 307 | 70
794 | Revision_794/Test/local.c | U | 9 | 22 | 18 | 297303 | 11 | 384 | 70
794 | Revision_794/fortran.c | U | 1098 | 1113 | 18 | 297304 | 11 | 58 | 70
794 | Revision_794/c.c | U | 1171 | 1184 | 18 | 297305 | 11 | 63 | 70
794 | Revision_794/c.c | U | 686 | 697 | 18 | 297306 | 11 | 57 | 70
794 | Revision_794/objc.c | U | 516 | 532 | 18 | 297307 | 11 | 784 | 70
794 | Revision_794/fortran.c | U | 1251 | 1276 | 18 | 297308 | 11 | 369 | 70
794 | Revision_794/eiffel.c | U | 1148 | 1173 | 18 | 297309 | 11 | 307 | 70
794 | Revision_794/fortran.c | U | 1254 | 1275 | 18 | 297310 | 11 | 369 | 70
794 | Revision_794/get.c | U | 406 | 413 | 18 | 297311 | 11 | 602 | 70
794 | Revision_794/fortran.c | U | 1571 | 1608 | 18 | 297312 | 11 | 367 | 70
794 | Revision_794/fortran.c | U | 1857 | 1868 | 18 | 297313 | 11 | 65 | 70
794 | Revision_794/c.c | U | 667 | 678 | 18 | 297314 | 11 | 55 | 70
794 | Revision_794/eiffel.c | U | 947 | 987 | 18 | 297315 | 11 | 700 | 70
794 | Revision_794/fortran.c | U | 1774 | 1797 | 18 | 297316 | 11 | 366 | 70
794 | Revision_794/eiffel.c | U | 1227 | 1232 | 18 | 297317 | 11 | 362 | 70
794 | Revision_794/eiffel.c | U | 1153 | 1169 | 18 | 297318 | 11 | 307 | 70
794 | Revision_794/c.c | U | 717 | 739 | 21 | 297319 | 12 | 72 | 70
794 | Revision_794/fortran.c | U | 1285 | 1295 | 21 | 297320 | 12 | 337 | 70
794 | Revision_794/c.c | U | 749 | 755 | 8 | 297321 | 13 | 74 | 71
794 | Revision_794/options.c | U | 472 | 479 | 8 | 297322 | 13 | 75 | 71
794 | Revision_794/c.c | U | 790 | 794 | 7 | 297323 | 14 | 76 | 70
794 | Revision_794/jscript.c | U | 1489 | 1493 | 7 | 297324 | 14 | 417 | 70
794 | Revision_794/c.c | U | 2174 | 2178 | 7 | 297325 | 14 | 80 | 70
794 | Revision_794/fortran.c | U | 1899 | 1903 | 7 | 297326 | 14 | 79 | 70
794 | Revision_794/flex.c | U | 1896 | 1900 | 7 | 297327 | 14 | 580 | 70
794 | Revision_794/tex.c | U | 452 | 456 | 7 | 297328 | 14 | 693 | 70
794 | Revision_794/ocaml.c | U | 328 | 332 | 7 | 297329 | 14 | 826 | 70
794 | Revision_794/sql.c | U | 1185 | 1192 | 7 | 297330 | 14 | 418 | 70
794 | Revision_794/sql.c | U | 1101 | 1107 | 7 | 297331 | 14 | 419 | 70
794 | Revision_794/eiffel.c | U | 1014 | 1018 | 7 | 297332 | 14 | 269 | 70
794 | Revision_794/fortran.c | U | 1326 | 1330 | 7 | 297333 | 14 | 85 | 70
794 | Revision_794/eiffel.c | U | 1074 | 1078 | 7 | 297334 | 14 | 269 | 70
794 | Revision_794/flex.c | U | 1384 | 1394 | 7 | 297335 | 14 | 581 | 70
794 | Revision_794/readtags.c | U | 144 | 148 | 7 | 297336 | 14 | 87 | 70
794 | Revision_794/sql.c | U | 1914 | 1920 | 7 | 297337 | 14 | 420 | 70
794 | Revision_794/sql.c | U | 1943 | 1949 | 7 | 297338 | 14 | 421 | 70
794 | Revision_794/sql.c | U | 1355 | 1359 | 7 | 297339 | 14 | 462 | 70
794 | Revision_794/keyword.c | U | 184 | 188 | 7 | 297340 | 14 | 91 | 70
794 | Revision_794/options.c | U | 1042 | 1046 | 7 | 297341 | 14 | 89 | 70
794 | Revision_794/readtags.c | U | 452 | 456 | 7 | 297342 | 14 | 90 | 70
794 | Revision_794/fortran.c | U | 1194 | 1198 | 7 | 297343 | 14 | 85 | 70
794 | Revision_794/eiffel.c | U | 1092 | 1096 | 7 | 297344 | 14 | 151 | 70
794 | Revision_794/eiffel.c | U | 993 | 997 | 7 | 297345 | 14 | 496 | 70
794 | Revision_794/flex.c | U | 2278 | 2285 | 7 | 297346 | 14 | 583 | 70
794 | Revision_794/flex.c | U | 2250 | 2256 | 7 | 297347 | 14 | 582 | 70
794 | Revision_794/flex.c | U | 2009 | 2015 | 7 | 297348 | 14 | 585 | 70
794 | Revision_794/vhdl.c | U | 706 | 714 | 7 | 297349 | 14 | 563 | 70
794 | Revision_794/sql.c | U | 1623 | 1629 | 7 | 297350 | 14 | 492 | 70
794 | Revision_794/ruby.c | U | 214 | 218 | 7 | 297351 | 14 | 392 | 70
794 | Revision_794/flex.c | U | 2129 | 2137 | 7 | 297352 | 14 | 584 | 70
794 | Revision_794/sql.c | U | 1032 | 1052 | 7 | 297353 | 14 | 423 | 70
794 | Revision_794/jscript.c | U | 701 | 712 | 7 | 297354 | 14 | 426 | 70
794 | Revision_794/flex.c | U | 986 | 997 | 7 | 297355 | 14 | 586 | 70
794 | Revision_794/flex.c | U | 2361 | 2372 | 7 | 297356 | 14 | 575 | 70
794 | Revision_794/jscript.c | U | 1105 | 1111 | 7 | 297357 | 14 | 417 | 70
794 | Revision_794/sql.c | U | 937 | 944 | 7 | 297358 | 14 | 493 | 70
794 | Revision_794/c.c | U | 2788 | 2793 | 7 | 297359 | 14 | 94 | 70
794 | Revision_794/fortran.c | U | 1535 | 1540 | 7 | 297360 | 14 | 79 | 70
794 | Revision_794/fortran.c | U | 1323 | 1331 | 7 | 297361 | 14 | 84 | 70
794 | Revision_794/eiffel.c | U | 1056 | 1063 | 7 | 297362 | 14 | 701 | 70
794 | Revision_794/fortran.c | U | 1707 | 1711 | 7 | 297363 | 14 | 373 | 70
794 | Revision_794/c.c | U | 2244 | 2251 | 7 | 297364 | 14 | 244 | 70
794 | Revision_794/vstring.c | U | 35 | 40 | 7 | 297365 | 14 | 98 | 70
794 | Revision_794/c.c | U | 1790 | 1794 | 7 | 297366 | 14 | 121 | 70
794 | Revision_794/c.c | U | 1781 | 1785 | 7 | 297367 | 14 | 331 | 70
794 | Revision_794/flex.c | U | 2349 | 2359 | 7 | 297368 | 14 | 652 | 70
794 | Revision_794/sql.c | U | 1694 | 1702 | 7 | 297369 | 14 | 462 | 70
794 | Revision_794/eiffel.c | U | 1129 | 1138 | 7 | 297370 | 14 | 101 | 70
794 | Revision_794/sql.c | U | 903 | 917 | 7 | 297371 | 14 | 423 | 70
794 | Revision_794/flex.c | U | 2269 | 2275 | 7 | 297372 | 14 | 588 | 70
794 | Revision_794/flex.c | U | 2054 | 2060 | 7 | 297373 | 14 | 776 | 70
794 | Revision_794/gnu_regex/regcomp.c | U | 3586 | 3593 | 7 | 297374 | 14 | 709 | 70
794 | Revision_794/sql.c | U | 797 | 809 | 7 | 297375 | 14 | 493 | 70
794 | Revision_794/jscript.c | U | 844 | 851 | 7 | 297376 | 14 | 427 | 70
794 | Revision_794/flex.c | U | 2248 | 2257 | 7 | 297377 | 14 | 585 | 70
794 | Revision_794/vim.c | U | 425 | 433 | 7 | 297378 | 14 | 500 | 70
794 | Revision_794/sql.c | U | 712 | 717 | 7 | 297379 | 14 | 476 | 70
794 | Revision_794/fortran.c | U | 1308 | 1314 | 7 | 297380 | 14 | 85 | 70
794 | Revision_794/fortran.c | U | 1367 | 1373 | 7 | 297381 | 14 | 337 | 70
794 | Revision_794/sql.c | U | 2331 | 2338 | 7 | 297382 | 14 | 538 | 70
794 | Revision_794/fortran.c | U | 1528 | 1533 | 7 | 297383 | 14 | 79 | 70
794 | Revision_794/sql.c | U | 935 | 947 | 7 | 297384 | 14 | 308 | 70
794 | Revision_794/vhdl.c | U | 704 | 715 | 7 | 297385 | 14 | 545 | 70
794 | Revision_794/sql.c | U | 1705 | 1715 | 7 | 297386 | 14 | 462 | 70
794 | Revision_794/flex.c | U | 2239 | 2258 | 7 | 297387 | 14 | 589 | 70
794 | Revision_794/eiffel.c | U | 1126 | 1139 | 7 | 297388 | 14 | 156 | 70
794 | Revision_794/ruby.c | U | 195 | 200 | 7 | 297389 | 14 | 591 | 70
794 | Revision_794/jscript.c | U | 1344 | 1359 | 7 | 297390 | 14 | 413 | 70
794 | Revision_794/flex.c | U | 1797 | 1812 | 7 | 297391 | 14 | 590 | 70
794 | Revision_794/vhdl.c | U | 635 | 640 | 7 | 297392 | 14 | 542 | 70
794 | Revision_794/sql.c | U | 1809 | 1816 | 7 | 297393 | 14 | 430 | 70
794 | Revision_794/c.c | U | 2069 | 2075 | 7 | 297394 | 14 | 12 | 70
794 | Revision_794/get.c | U | 594 | 598 | 7 | 297395 | 14 | 122 | 70
794 | Revision_794/sql.c | U | 2329 | 2339 | 7 | 297396 | 14 | 538 | 70
794 | Revision_794/eiffel.c | U | 918 | 926 | 7 | 297397 | 14 | 702 | 70
794 | Revision_794/jscript.c | U | 572 | 586 | 7 | 297398 | 14 | 428 | 70
794 | Revision_794/vhdl.c | U | 656 | 668 | 7 | 297399 | 14 | 546 | 70
794 | Revision_794/flex.c | U | 937 | 963 | 7 | 297400 | 14 | 593 | 70
794 | Revision_794/flex.c | U | 861 | 875 | 7 | 297401 | 14 | 598 | 70
794 | Revision_794/flex.c | U | 2003 | 2017 | 7 | 297402 | 14 | 582 | 70
794 | Revision_794/flex.c | U | 2079 | 2093 | 7 | 297403 | 14 | 777 | 70
794 | Revision_794/c.c | U | 2200 | 2207 | 7 | 297404 | 14 | 28 | 70
794 | Revision_794/fortran.c | U | 1434 | 1442 | 7 | 297405 | 14 | 314 | 70
794 | Revision_794/fortran.c | U | 1473 | 1482 | 7 | 297406 | 14 | 65 | 70
794 | Revision_794/flex.c | U | 1994 | 2019 | 7 | 297407 | 14 | 595 | 70
794 | Revision_794/jscript.c | U | 590 | 625 | 7 | 297408 | 14 | 429 | 70
794 | Revision_794/flex.c | U | 879 | 910 | 7 | 297409 | 14 | 593 | 70
794 | Revision_794/flex.c | U | 2260 | 2276 | 7 | 297410 | 14 | 592 | 70
794 | Revision_794/sql.c | U | 901 | 918 | 7 | 297411 | 14 | 423 | 70
794 | Revision_794/sql.c | U | 2256 | 2284 | 7 | 297412 | 14 | 431 | 70
794 | Revision_794/fortran.c | U | 1401 | 1409 | 7 | 297413 | 14 | 59 | 70
794 | Revision_794/c.c | U | 1992 | 1996 | 7 | 297414 | 14 | 121 | 70
794 | Revision_794/readtags.c | U | 363 | 367 | 7 | 297415 | 14 | 529 | 70
794 | Revision_794/eiffel.c | U | 1045 | 1053 | 7 | 297416 | 14 | 496 | 70
794 | Revision_794/flex.c | U | 1235 | 1263 | 7 | 297417 | 14 | 599 | 70
794 | Revision_794/jscript.c | U | 842 | 852 | 7 | 297418 | 14 | 427 | 70
794 | Revision_794/jscript.c | U | 652 | 678 | 7 | 297419 | 14 | 432 | 70
794 | Revision_794/vhdl.c | U | 727 | 740 | 7 | 297420 | 14 | 539 | 70
794 | Revision_794/sql.c | U | 1209 | 1232 | 7 | 297421 | 14 | 437 | 70
794 | Revision_794/sql.c | U | 1176 | 1193 | 7 | 297422 | 14 | 435 | 70
794 | Revision_794/vhdl.c | U | 746 | 759 | 7 | 297423 | 14 | 560 | 70
794 | Revision_794/vhdl.c | U | 617 | 625 | 7 | 297424 | 14 | 542 | 70
794 | Revision_794/jscript.c | U | 1002 | 1022 | 7 | 297425 | 14 | 438 | 70
794 | Revision_794/flex.c | U | 1304 | 1323 | 7 | 297426 | 14 | 596 | 70
794 | Revision_794/sql.c | U | 1762 | 1772 | 7 | 297427 | 14 | 462 | 70
794 | Revision_794/eiffel.c | U | 900 | 907 | 7 | 297428 | 14 | 703 | 70
794 | Revision_794/eiffel.c | U | 1123 | 1140 | 7 | 297429 | 14 | 156 | 70
794 | Revision_794/jscript.c | U | 680 | 713 | 7 | 297430 | 14 | 597 | 70
794 | Revision_794/fortran.c | U | 1696 | 1705 | 7 | 297431 | 14 | 221 | 70
794 | Revision_794/flex.c | U | 2006 | 2016 | 7 | 297432 | 14 | 582 | 70
794 | Revision_794/fortran.c | U | 729 | 733 | 7 | 297433 | 14 | 144 | 70
794 | Revision_794/fortran.c | U | 620 | 624 | 7 | 297434 | 14 | 112 | 70
794 | Revision_794/fortran.c | U | 1067 | 1073 | 7 | 297435 | 14 | 350 | 70
794 | Revision_794/fortran.c | U | 1741 | 1747 | 7 | 297436 | 14 | 314 | 70
794 | Revision_794/vhdl.c | U | 586 | 600 | 7 | 297437 | 14 | 547 | 70
794 | Revision_794/sql.c | U | 1955 | 1976 | 7 | 297438 | 14 | 440 | 70
794 | Revision_794/sql.c | U | 1926 | 1952 | 7 | 297439 | 14 | 439 | 70
794 | Revision_794/fortran.c | U | 1520 | 1526 | 7 | 297440 | 14 | 65 | 70
794 | Revision_794/pascal.c | U | 134 | 138 | 7 | 297441 | 14 | 164 | 70
794 | Revision_794/perl.c | U | 187 | 191 | 7 | 297442 | 14 | 163 | 70
794 | Revision_794/sql.c | U | 1994 | 2015 | 7 | 297443 | 14 | 442 | 70
794 | Revision_794/sql.c | U | 2018 | 2039 | 7 | 297444 | 14 | 443 | 70
794 | Revision_794/sql.c | U | 1895 | 1923 | 7 | 297445 | 14 | 441 | 70
794 | Revision_794/sql.c | U | 2042 | 2082 | 7 | 297446 | 14 | 445 | 70
794 | Revision_794/vhdl.c | U | 647 | 670 | 7 | 297447 | 14 | 569 | 70
794 | Revision_794/sql.c | U | 1779 | 1818 | 7 | 297448 | 14 | 448 | 70
794 | Revision_794/flex.c | U | 1301 | 1335 | 7 | 297449 | 14 | 600 | 70
794 | Revision_794/sql.c | U | 1601 | 1641 | 7 | 297450 | 14 | 447 | 70
794 | Revision_794/c.c | U | 800 | 821 | 44 | 297451 | 15 | 103 | 72
794 | Revision_794/c.c | U | 865 | 885 | 44 | 297452 | 15 | 316 | 72
794 | Revision_794/c.c | U | 824 | 844 | 44 | 297453 | 15 | 332 | 72
794 | Revision_794/c.c | U | 932 | 951 | 44 | 297454 | 15 | 103 | 72
794 | Revision_794/c.c | U | 847 | 863 | 44 | 297455 | 15 | 316 | 72
794 | Revision_794/c.c | U | 888 | 899 | 12 | 297456 | 16 | 317 | 90
794 | Revision_794/c.c | U | 902 | 913 | 12 | 297457 | 16 | 318 | 90
794 | Revision_794/c.c | U | 1053 | 1058 | 6 | 297458 | 17 | 407 | 80
794 | Revision_794/jscript.c | U | 1319 | 1324 | 6 | 297459 | 17 | 417 | 80
794 | Revision_794/flex.c | U | 1775 | 1780 | 6 | 297460 | 17 | 603 | 80
794 | Revision_794/c.c | U | 1308 | 1314 | 7 | 297461 | 18 | 385 | 71
794 | Revision_794/fortran.c | U | 502 | 510 | 7 | 297462 | 18 | 112 | 71
794 | Revision_794/make.c | U | 63 | 69 | 7 | 297463 | 18 | 394 | 71
794 | Revision_794/make.c | U | 53 | 60 | 7 | 297464 | 18 | 395 | 71
794 | Revision_794/c.c | U | 1381 | 1388 | 7 | 297465 | 19 | 108 | 80
794 | Revision_794/c.c | U | 1390 | 1397 | 7 | 297466 | 19 | 109 | 80
794 | Revision_794/c.c | U | 1411 | 1418 | 7 | 297467 | 20 | 110 | 71
794 | Revision_794/c.c | U | 1421 | 1428 | 7 | 297468 | 20 | 111 | 71
794 | Revision_794/c.c | U | 2212 | 2219 | 7 | 297469 | 20 | 405 | 71
794 | Revision_794/fortran.c | U | 626 | 632 | 7 | 297470 | 20 | 112 | 71
794 | Revision_794/jscript.c | U | 423 | 430 | 7 | 297471 | 20 | 450 | 71
794 | Revision_794/flex.c | U | 494 | 501 | 7 | 297472 | 20 | 604 | 71
794 | Revision_794/sql.c | U | 638 | 645 | 7 | 297473 | 20 | 406 | 71
794 | Revision_794/c.c | U | 1459 | 1464 | 6 | 297474 | 21 | 386 | 80
794 | Revision_794/c.c | U | 1802 | 1807 | 6 | 297475 | 21 | 80 | 80
794 | Revision_794/c.c | U | 1485 | 1494 | 9 | 297476 | 22 | 294 | 71
794 | Revision_794/eiffel.c | U | 563 | 571 | 9 | 297477 | 22 | 295 | 71
794 | Revision_794/c.c | U | 1488 | 1492 | 5 | 297478 | 23 | 294 | 75
794 | Revision_794/objc.c | U | 904 | 908 | 5 | 297479 | 23 | 785 | 75
794 | Revision_794/flex.c | U | 1814 | 1831 | 5 | 297480 | 23 | 605 | 75
794 | Revision_794/objc.c | U | 828 | 832 | 5 | 297481 | 23 | 786 | 75
794 | Revision_794/readtags.c | U | 502 | 506 | 5 | 297482 | 23 | 90 | 75
794 | Revision_794/ocaml.c | U | 1130 | 1136 | 5 | 297483 | 23 | 746 | 75
794 | Revision_794/readtags.c | U | 681 | 685 | 5 | 297484 | 23 | 99 | 75
794 | Revision_794/c.c | U | 1502 | 1515 | 10 | 297485 | 24 | 396 | 75
794 | Revision_794/make.c | U | 77 | 87 | 10 | 297486 | 24 | 397 | 75
794 | Revision_794/verilog.c | U | 199 | 212 | 10 | 297487 | 24 | 398 | 75
794 | Revision_794/fortran.c | U | 854 | 865 | 10 | 297488 | 24 | 116 | 75
794 | Revision_794/eiffel.c | U | 596 | 608 | 10 | 297489 | 24 | 114 | 75
794 | Revision_794/vhdl.c | U | 391 | 402 | 10 | 297490 | 24 | 548 | 75
794 | Revision_794/tex.c | U | 289 | 301 | 10 | 297491 | 24 | 671 | 75
794 | Revision_794/sql.c | U | 517 | 528 | 10 | 297492 | 24 | 306 | 75
794 | Revision_794/flex.c | U | 414 | 425 | 10 | 297493 | 24 | 606 | 75
794 | Revision_794/eiffel.c | U | 581 | 593 | 10 | 297494 | 24 | 117 | 75
794 | Revision_794/jscript.c | U | 346 | 357 | 10 | 297495 | 24 | 451 | 75
794 | Revision_794/c.c | U | 1619 | 1625 | 8 | 297496 | 25 | 452 | 71
794 | Revision_794/eiffel.c | U | 611 | 619 | 8 | 297497 | 25 | 146 | 71
794 | Revision_794/sql.c | U | 787 | 794 | 8 | 297498 | 25 | 493 | 71
794 | Revision_794/tex.c | U | 374 | 381 | 8 | 297499 | 25 | 672 | 71
794 | Revision_794/jscript.c | U | 461 | 469 | 8 | 297500 | 25 | 453 | 71
794 | Revision_794/flex.c | U | 749 | 758 | 8 | 297501 | 25 | 607 | 71
794 | Revision_794/c.c | U | 2507 | 2511 | 5 | 297502 | 26 | 387 | 100
794 | Revision_794/c.c | U | 2514 | 2518 | 5 | 297503 | 26 | 94 | 100
794 | Revision_794/c.c | U | 2737 | 2742 | 6 | 297504 | 27 | 94 | 80
794 | Revision_794/sql.c | U | 1196 | 1201 | 6 | 297505 | 27 | 301 | 80
794 | Revision_794/c.c | U | 2828 | 2837 | 9 | 297506 | 28 | 130 | 71
794 | Revision_794/fortran.c | U | 398 | 407 | 9 | 297507 | 28 | 132 | 71
794 | Revision_794/asm.c | U | 120 | 128 | 9 | 297508 | 28 | 288 | 71
794 | Revision_794/vhdl.c | U | 573 | 583 | 9 | 297509 | 28 | 549 | 71
794 | Revision_794/jscript.c | U | 180 | 189 | 9 | 297510 | 28 | 458 | 71
794 | Revision_794/sql.c | U | 409 | 418 | 9 | 297511 | 28 | 302 | 71
794 | Revision_794/verilog.c | U | 108 | 118 | 9 | 297512 | 28 | 381 | 71
794 | Revision_794/flex.c | U | 216 | 225 | 9 | 297513 | 28 | 608 | 71
794 | Revision_794/tex.c | U | 160 | 169 | 9 | 297514 | 28 | 673 | 71
794 | Revision_794/eiffel.c | U | 222 | 231 | 9 | 297515 | 28 | 131 | 71
794 | Revision_794/eiffel.c | U | 294 | 308 | 10 | 297516 | 29 | 133 | 70
794 | Revision_794/flex.c | U | 256 | 270 | 10 | 297517 | 29 | 609 | 70
794 | Revision_794/vhdl.c | U | 536 | 548 | 10 | 297518 | 29 | 550 | 70
794 | Revision_794/beta.c | U | 71 | 80 | 10 | 297519 | 29 | 134 | 70
794 | Revision_794/sql.c | U | 447 | 461 | 10 | 297520 | 29 | 303 | 70
794 | Revision_794/sml.c | U | 75 | 81 | 10 | 297521 | 29 | 324 | 70
794 | Revision_794/parse.c | U | 43 | 54 | 10 | 297522 | 29 | 135 | 70
794 | Revision_794/eiffel.c | U | 296 | 306 | 10 | 297523 | 29 | 136 | 70
794 | Revision_794/eiffel.c | U | 374 | 383 | 8 | 297524 | 30 | 304 | 100
794 | Revision_794/read.c | U | 452 | 459 | 8 | 297525 | 30 | 704 | 100
794 | Revision_794/eiffel.c | U | 389 | 410 | 20 | 297526 | 31 | 139 | 70
794 | Revision_794/fortran.c | U | 768 | 794 | 20 | 297527 | 31 | 140 | 70
794 | Revision_794/eiffel.c | U | 413 | 441 | 24 | 297528 | 32 | 141 | 95
794 | Revision_794/fortran.c | U | 797 | 825 | 24 | 297529 | 32 | 505 | 95
794 | Revision_794/eiffel.c | U | 554 | 558 | 5 | 297530 | 33 | 143 | 75
794 | Revision_794/fortran.c | U | 786 | 790 | 5 | 297531 | 33 | 145 | 75
794 | Revision_794/verilog.c | U | 239 | 243 | 5 | 297532 | 33 | 382 | 75
794 | Revision_794/fortran.c | U | 969 | 973 | 5 | 297533 | 33 | 144 | 75
794 | Revision_794/verilog.c | U | 142 | 146 | 5 | 297534 | 33 | 383 | 75
794 | Revision_794/eiffel.c | U | 705 | 712 | 7 | 297535 | 34 | 705 | 71
794 | Revision_794/sql.c | U | 601 | 606 | 7 | 297536 | 34 | 300 | 71
794 | Revision_794/eiffel.c | U | 756 | 763 | 9 | 297537 | 35 | 148 | 77
794 | Revision_794/flex.c | U | 734 | 743 | 9 | 297538 | 35 | 610 | 77
794 | Revision_794/jscript.c | U | 446 | 455 | 9 | 297539 | 35 | 461 | 77
794 | Revision_794/tex.c | U | 342 | 351 | 9 | 297540 | 35 | 675 | 77
794 | Revision_794/vhdl.c | U | 467 | 476 | 9 | 297541 | 35 | 553 | 77
794 | Revision_794/eiffel.c | U | 765 | 770 | 6 | 297542 | 36 | 506 | 100
794 | Revision_794/fortran.c | U | 1027 | 1032 | 6 | 297543 | 36 | 312 | 100
794 | Revision_794/eiffel.c | U | 1055 | 1080 | 23 | 297544 | 37 | 706 | 70
794 | Revision_794/sql.c | U | 1678 | 1716 | 23 | 297545 | 37 | 658 | 70
794 | Revision_794/flex.c | U | 2116 | 2169 | 23 | 297546 | 37 | 659 | 70
794 | Revision_794/flex.c | U | 2338 | 2378 | 23 | 297547 | 37 | 768 | 70
794 | Revision_794/flex.c | U | 1983 | 2026 | 23 | 297548 | 37 | 656 | 70
794 | Revision_794/eiffel.c | U | 1243 | 1254 | 8 | 297549 | 38 | 9 | 71
794 | Revision_794/tex.c | U | 557 | 566 | 8 | 297550 | 38 | 676 | 71
794 | Revision_794/vhdl.c | U | 813 | 821 | 8 | 297551 | 38 | 567 | 71
794 | Revision_794/sql.c | U | 2349 | 2357 | 8 | 297552 | 38 | 568 | 71
794 | Revision_794/basic.c | U | 135 | 140 | 6 | 297553 | 39 | 411 | 80
794 | Revision_794/basic.c | U | 147 | 152 | 6 | 297554 | 39 | 412 | 80
794 | Revision_794/verilog.c | U | 187 | 193 | 8 | 297555 | 40 | 399 | 75
794 | Revision_794/make.c | U | 97 | 105 | 8 | 297556 | 40 | 400 | 75
794 | Revision_794/verilog.c | U | 287 | 291 | 5 | 297557 | 41 | 401 | 75
794 | Revision_794/make.c | U | 44 | 48 | 5 | 297558 | 41 | 402 | 75
794 | Revision_794/jscript.c | U | 264 | 288 | 20 | 297559 | 42 | 572 | 71
794 | Revision_794/flex.c | U | 309 | 333 | 20 | 297560 | 42 | 612 | 71
794 | Revision_794/jscript.c | U | 1456 | 1496 | 20 | 297561 | 42 | 573 | 71
794 | Revision_794/jscript.c | U | 291 | 315 | 20 | 297562 | 42 | 534 | 71
794 | Revision_794/flex.c | U | 359 | 383 | 20 | 297563 | 42 | 613 | 71
794 | Revision_794/flex.c | U | 336 | 356 | 20 | 297564 | 42 | 615 | 71
794 | Revision_794/flex.c | U | 1863 | 1903 | 20 | 297565 | 42 | 614 | 71
794 | Revision_794/jscript.c | U | 1361 | 1424 | 20 | 297566 | 42 | 781 | 71
794 | Revision_794/jscript.c | U | 271 | 275 | 5 | 297567 | 43 | 458 | 75
794 | Revision_794/jscript.c | U | 1394 | 1398 | 5 | 297568 | 43 | 460 | 75
794 | Revision_794/tex.c | U | 444 | 448 | 5 | 297569 | 43 | 694 | 75
794 | Revision_794/tex.c | U | 420 | 424 | 5 | 297570 | 43 | 695 | 75
794 | Revision_794/flex.c | U | 316 | 320 | 5 | 297571 | 43 | 679 | 75
794 | Revision_794/flex.c | U | 366 | 370 | 5 | 297572 | 43 | 680 | 75
794 | Revision_794/flex.c | U | 343 | 347 | 5 | 297573 | 43 | 681 | 75
794 | Revision_794/jscript.c | U | 298 | 302 | 5 | 297574 | 43 | 417 | 75
794 | Revision_794/flex.c | U | 1884 | 1888 | 5 | 297575 | 43 | 682 | 75
794 | Revision_794/jscript.c | U | 1477 | 1481 | 5 | 297576 | 43 | 498 | 75
794 | Revision_794/jscript.c | U | 322 | 340 | 16 | 297577 | 44 | 534 | 78
794 | Revision_794/flex.c | U | 390 | 408 | 16 | 297578 | 44 | 616 | 78
794 | Revision_794/sql.c | U | 492 | 512 | 16 | 297579 | 44 | 306 | 78
794 | Revision_794/vhdl.c | U | 368 | 386 | 16 | 297580 | 44 | 555 | 78
794 | Revision_794/jscript.c | U | 360 | 458 | 126 | 297581 | 45 | 472 | 73
794 | Revision_794/sql.c | U | 531 | 679 | 126 | 297582 | 45 | 473 | 73
794 | Revision_794/jscript.c | U | 410 | 440 | 25 | 297583 | 46 | 630 | 70
794 | Revision_794/flex.c | U | 490 | 515 | 25 | 297584 | 46 | 631 | 70
794 | Revision_794/sql.c | U | 625 | 655 | 25 | 297585 | 46 | 632 | 70
794 | Revision_794/jscript.c | U | 476 | 506 | 17 | 297586 | 47 | 465 | 83
794 | Revision_794/sql.c | U | 765 | 783 | 17 | 297587 | 47 | 536 | 83
794 | Revision_794/flex.c | U | 798 | 827 | 17 | 297588 | 47 | 634 | 83
794 | Revision_794/vhdl.c | U | 514 | 532 | 17 | 297589 | 47 | 557 | 83
794 | Revision_794/flex.c | U | 765 | 795 | 17 | 297590 | 47 | 633 | 83
794 | Revision_794/jscript.c | U | 509 | 538 | 17 | 297591 | 47 | 507 | 83
794 | Revision_794/jscript.c | U | 541 | 548 | 7 | 297592 | 48 | 474 | 80
794 | Revision_794/jscript.c | U | 551 | 558 | 7 | 297593 | 48 | 475 | 80
794 | Revision_794/flex.c | U | 840 | 847 | 7 | 297594 | 48 | 635 | 80
794 | Revision_794/sql.c | U | 698 | 705 | 7 | 297595 | 48 | 476 | 80
794 | Revision_794/flex.c | U | 830 | 837 | 7 | 297596 | 48 | 636 | 80
794 | Revision_794/jscript.c | U | 565 | 587 | 13 | 297597 | 49 | 433 | 100
794 | Revision_794/flex.c | U | 854 | 876 | 13 | 297598 | 49 | 637 | 100
794 | Revision_794/jscript.c | U | 628 | 714 | 30 | 297599 | 50 | 638 | 90
794 | Revision_794/flex.c | U | 913 | 999 | 30 | 297600 | 50 | 639 | 90
794 | Revision_794/jscript.c | U | 717 | 824 | 30 | 297601 | 51 | 640 | 100
794 | Revision_794/flex.c | U | 1002 | 1109 | 30 | 297602 | 51 | 641 | 100
794 | Revision_794/jscript.c | U | 968 | 1045 | 38 | 297603 | 52 | 642 | 75
794 | Revision_794/flex.c | U | 1281 | 1342 | 38 | 297604 | 52 | 643 | 75
794 | Revision_794/jscript.c | U | 1010 | 1021 | 7 | 297605 | 53 | 479 | 83
794 | Revision_794/jscript.c | U | 1024 | 1034 | 7 | 297606 | 53 | 463 | 83
794 | Revision_794/jscript.c | U | 1048 | 1523 | 209 | 297607 | 54 | 644 | 76
794 | Revision_794/flex.c | U | 1461 | 1930 | 209 | 297608 | 54 | 645 | 76
794 | Revision_794/jscript.c | U | 1093 | 1102 | 6 | 297609 | 55 | 497 | 75
794 | Revision_794/options.c | U | 1683 | 1687 | 6 | 297610 | 55 | 333 | 75
794 | Revision_794/jscript.c | U | 1172 | 1198 | 12 | 297611 | 56 | 508 | 72
794 | Revision_794/jscript.c | U | 1200 | 1222 | 12 | 297612 | 56 | 509 | 72
794 | Revision_794/jscript.c | U | 1526 | 1573 | 29 | 297613 | 57 | 646 | 92
794 | Revision_794/flex.c | U | 1933 | 1980 | 29 | 297614 | 57 | 647 | 92
794 | Revision_794/jscript.c | U | 1582 | 1588 | 8 | 297615 | 58 | 498 | 71
794 | Revision_794/flex.c | U | 2322 | 2325 | 8 | 297616 | 58 | 649 | 71
794 | Revision_794/Test/local.c | U | 14 | 20 | 8 | 297617 | 58 | 384 | 71
794 | Revision_794/jscript.c | U | 1584 | 1587 | 8 | 297618 | 58 | 498 | 71
794 | Revision_794/vhdl.c | U | 499 | 506 | 8 | 297619 | 58 | 558 | 71
794 | Revision_794/jscript.c | U | 1597 | 1601 | 5 | 297620 | 59 | 484 | 75
794 | Revision_794/ocaml.c | U | 922 | 928 | 5 | 297621 | 59 | 747 | 75
794 | Revision_794/flex.c | U | 2382 | 2386 | 5 | 297622 | 59 | 650 | 75
794 | Revision_794/make.c | U | 191 | 195 | 5 | 297623 | 59 | 403 | 75
794 | Revision_794/sql.c | U | 2342 | 2346 | 5 | 297624 | 59 | 404 | 75
794 | Revision_794/ocaml.c | U | 1874 | 1879 | 5 | 297625 | 59 | 748 | 75
794 | Revision_794/options.c | U | 1773 | 1779 | 5 | 297626 | 59 | 749 | 75
794 | Revision_794/jscript.c | U | 1604 | 1620 | 14 | 297627 | 60 | 651 | 100
794 | Revision_794/flex.c | U | 2389 | 2405 | 14 | 297628 | 60 | 652 | 100
794 | Revision_794/gnu_regex/regcomp.c | U | 258 | 263 | 5 | 297629 | 61 | 710 | 75
794 | Revision_794/routines.c | U | 621 | 644 | 5 | 297630 | 61 | 514 | 75
794 | Revision_794/options.c | U | 397 | 402 | 5 | 297631 | 61 | 355 | 75
794 | Revision_794/main.c | U | 126 | 139 | 5 | 297632 | 61 | 354 | 75
794 | Revision_794/gnu_regex/regcomp.c | U | 1222 | 1232 | 11 | 297633 | 62 | 711 | 70
794 | Revision_794/gnu_regex/regcomp.c | U | 3804 | 3816 | 11 | 297634 | 62 | 712 | 70
794 | Revision_794/gnu_regex/regcomp.c | U | 1277 | 1281 | 5 | 297635 | 63 | 713 | 100
794 | Revision_794/gnu_regex/regcomp.c | U | 1283 | 1287 | 5 | 297636 | 63 | 714 | 100
794 | Revision_794/gnu_regex/regcomp.c | U | 1477 | 1482 | 6 | 297637 | 64 | 715 | 80
794 | Revision_794/gnu_regex/regcomp.c | U | 1516 | 1522 | 6 | 297638 | 64 | 716 | 80
794 | Revision_794/gnu_regex/regcomp.c | U | 1662 | 1667 | 5 | 297639 | 65 | 717 | 75
794 | Revision_794/gnu_regex/regcomp.c | U | 1685 | 1689 | 5 | 297640 | 65 | 718 | 75
794 | Revision_794/gnu_regex/regex_internal.c | U | 76 | 80 | 5 | 297641 | 65 | 719 | 75
794 | Revision_794/gnu_regex/regcomp.c | U | 2011 | 2030 | 16 | 297642 | 66 | 720 | 75
794 | Revision_794/gnu_regex/regcomp.c | U | 2034 | 2046 | 16 | 297643 | 66 | 721 | 75
794 | Revision_794/gnu_regex/regcomp.c | U | 2158 | 2165 | 7 | 297644 | 67 | 722 | 80
794 | Revision_794/gnu_regex/regcomp.c | U | 2312 | 2319 | 7 | 297645 | 67 | 723 | 80
794 | Revision_794/gnu_regex/regcomp.c | U | 2292 | 2296 | 5 | 297646 | 68 | 724 | 75
794 | Revision_794/readtags.c | U | 242 | 246 | 5 | 297647 | 68 | 726 | 75
794 | Revision_794/gnu_regex/regcomp.c | U | 2298 | 2302 | 5 | 297648 | 68 | 725 | 75
794 | Revision_794/gnu_regex/regex_internal.c | U | 1048 | 1055 | 8 | 297649 | 69 | 727 | 71
794 | Revision_794/gnu_regex/regex_internal.c | U | 1562 | 1570 | 8 | 297650 | 69 | 728 | 71
794 | Revision_794/gnu_regex/regex_internal.c | U | 1188 | 1195 | 8 | 297651 | 69 | 729 | 71
794 | Revision_794/gnu_regex/regex_internal.c | U | 1101 | 1116 | 13 | 297652 | 70 | 730 | 80
794 | Revision_794/gnu_regex/regex_internal.c | U | 1234 | 1254 | 13 | 297653 | 70 | 731 | 80
794 | Revision_794/gnu_regex/regex_internal.c | U | 1287 | 1294 | 8 | 297654 | 71 | 732 | 85
794 | Revision_794/gnu_regex/regex_internal.c | U | 1326 | 1333 | 8 | 297655 | 71 | 733 | 85
794 | Revision_794/gnu_regex/regex_internal.c | U | 1464 | 1492 | 22 | 297656 | 72 | 734 | 70
794 | Revision_794/gnu_regex/regex_internal.c | U | 1508 | 1535 | 22 | 297657 | 72 | 735 | 70
794 | Revision_794/vim.c | U | 99 | 103 | 5 | 297658 | 73 | 290 | 100
794 | Revision_794/vim.c | U | 105 | 109 | 5 | 297659 | 73 | 291 | 100
794 | Revision_794/vim.c | U | 258 | 281 | 17 | 297660 | 74 | 334 | 76
794 | Revision_794/vim.c | U | 308 | 326 | 17 | 297661 | 74 | 159 | 76
794 | Revision_794/vim.c | U | 263 | 280 | 12 | 297662 | 75 | 334 | 77
794 | Revision_794/vim.c | U | 675 | 685 | 12 | 297663 | 75 | 829 | 77
794 | Revision_794/vim.c | U | 313 | 325 | 12 | 297664 | 75 | 743 | 77
794 | Revision_794/python.c | U | 148 | 161 | 11 | 297665 | 76 | 37 | 77
794 | Revision_794/python.c | U | 191 | 202 | 11 | 297666 | 76 | 13 | 77
794 | Revision_794/python.c | U | 265 | 268 | 5 | 297667 | 77 | 532 | 75
794 | Revision_794/get.c | U | 649 | 653 | 5 | 297668 | 77 | 533 | 75
794 | Revision_794/python.c | U | 277 | 281 | 5 | 297669 | 78 | 278 | 75
794 | Revision_794/sml.c | U | 84 | 88 | 5 | 297670 | 78 | 325 | 75
794 | Revision_794/erlang.c | U | 58 | 62 | 5 | 297671 | 78 | 341 | 75
794 | Revision_794/python.c | U | 299 | 303 | 5 | 297672 | 78 | 326 | 75
794 | Revision_794/options.c | U | 963 | 968 | 5 | 297673 | 78 | 280 | 75
794 | Revision_794/python.c | U | 307 | 316 | 9 | 297674 | 79 | 292 | 75
794 | Revision_794/tcl.c | U | 44 | 54 | 9 | 297675 | 79 | 293 | 75
794 | Revision_794/erlang.c | U | 66 | 75 | 9 | 297676 | 79 | 342 | 75
794 | Revision_794/python.c | U | 626 | 630 | 7 | 297677 | 80 | 504 | 80
794 | Revision_794/python.c | U | 631 | 636 | 7 | 297678 | 80 | 504 | 80
794 | Revision_794/python.c | U | 769 | 773 | 5 | 297679 | 81 | 504 | 75
794 | Revision_794/pascal.c | U | 176 | 182 | 5 | 297680 | 81 | 170 | 75
794 | Revision_794/pascal.c | U | 184 | 190 | 5 | 297681 | 81 | 171 | 75
794 | Revision_794/pascal.c | U | 150 | 154 | 5 | 297682 | 81 | 319 | 75
794 | Revision_794/python.c | U | 775 | 784 | 8 | 297683 | 82 | 574 | 83
794 | Revision_794/python.c | U | 786 | 794 | 8 | 297684 | 82 | 13 | 83
794 | Revision_794/perl.c | U | 208 | 214 | 7 | 297685 | 83 | 389 | 83
794 | Revision_794/perl.c | U | 254 | 259 | 7 | 297686 | 83 | 502 | 83
794 | Revision_794/perl.c | U | 339 | 346 | 7 | 297687 | 84 | 389 | 71
794 | Revision_794/erlang.c | U | 97 | 105 | 7 | 297688 | 84 | 344 | 71
794 | Revision_794/perl.c | U | 353 | 359 | 7 | 297689 | 84 | 7 | 71
794 | Revision_794/main.c | U | 260 | 267 | 7 | 297690 | 84 | 377 | 71
794 | Revision_794/erlang.c | U | 116 | 121 | 7 | 297691 | 84 | 346 | 71
794 | Revision_794/erlang.c | U | 108 | 113 | 7 | 297692 | 84 | 344 | 71
794 | Revision_794/main.c | U | 179 | 185 | 7 | 297693 | 84 | 376 | 71
794 | Revision_794/sort.c | U | 118 | 123 | 5 | 297694 | 85 | 281 | 100
794 | Revision_794/sort.c | U | 126 | 131 | 5 | 297695 | 85 | 282 | 100
794 | Revision_794/sort.c | U | 144 | 148 | 5 | 297696 | 86 | 787 | 75
794 | Revision_794/objc.c | U | 998 | 1003 | 5 | 297697 | 86 | 788 | 75
794 | Revision_794/ocaml.c | U | 1081 | 1089 | 5 | 297698 | 86 | 763 | 75
794 | Revision_794/strlist.c | U | 32 | 38 | 8 | 297699 | 87 | 165 | 71
794 | Revision_794/vstring.c | U | 77 | 87 | 8 | 297700 | 87 | 166 | 71
794 | Revision_794/strlist.c | U | 191 | 196 | 7 | 297701 | 88 | 168 | 83
794 | Revision_794/strlist.c | U | 200 | 206 | 7 | 297702 | 88 | 390 | 83
794 | Revision_794/get.c | U | 305 | 314 | 10 | 297703 | 89 | 174 | 70
794 | Revision_794/parse.c | U | 586 | 600 | 10 | 297704 | 89 | 175 | 70
794 | Revision_794/read.c | U | 220 | 231 | 10 | 297705 | 89 | 176 | 70
794 | Revision_794/get.c | U | 467 | 478 | 10 | 297706 | 90 | 177 | 87
794 | Revision_794/get.c | U | 484 | 495 | 10 | 297707 | 90 | 178 | 87
794 | Revision_794/get.c | U | 541 | 546 | 6 | 297708 | 91 | 180 | 80
794 | Revision_794/read.c | U | 423 | 427 | 6 | 297709 | 91 | 181 | 80
794 | Revision_794/keyword.c | U | 195 | 202 | 8 | 297710 | 92 | 570 | 71
794 | Revision_794/asm.c | U | 131 | 139 | 8 | 297711 | 92 | 270 | 71
794 | Revision_794/ocaml.c | U | 182 | 191 | 7 | 297712 | 93 | 789 | 100
794 | Revision_794/objc.c | U | 154 | 163 | 7 | 297713 | 93 | 790 | 100
794 | Revision_794/ocaml.c | U | 251 | 257 | 6 | 297714 | 94 | 791 | 100
794 | Revision_794/objc.c | U | 199 | 205 | 6 | 297715 | 94 | 792 | 100
794 | Revision_794/ocaml.c | U | 260 | 280 | 15 | 297716 | 95 | 793 | 100
794 | Revision_794/objc.c | U | 208 | 228 | 15 | 297717 | 95 | 794 | 100
794 | Revision_794/ocaml.c | U | 293 | 301 | 6 | 297718 | 96 | 824 | 100
794 | Revision_794/objc.c | U | 241 | 249 | 6 | 297719 | 96 | 825 | 100
794 | Revision_794/ocaml.c | U | 344 | 359 | 10 | 297720 | 97 | 797 | 88
794 | Revision_794/objc.c | U | 283 | 298 | 10 | 297721 | 97 | 798 | 88
794 | Revision_794/objc.c | U | 264 | 279 | 10 | 297722 | 97 | 799 | 88
794 | Revision_794/ocaml.c | U | 408 | 508 | 89 | 297723 | 98 | 800 | 75
794 | Revision_794/objc.c | U | 304 | 426 | 89 | 297724 | 98 | 801 | 75
794 | Revision_794/ocaml.c | U | 695 | 699 | 5 | 297725 | 99 | 750 | 75
794 | Revision_794/ocaml.c | U | 718 | 722 | 5 | 297726 | 99 | 751 | 75
794 | Revision_794/ocaml.c | U | 739 | 744 | 5 | 297727 | 99 | 752 | 75
794 | Revision_794/ocaml.c | U | 775 | 797 | 22 | 297728 | 100 | 753 | 71
794 | Revision_794/ocaml.c | U | 851 | 875 | 22 | 297729 | 100 | 754 | 71
794 | Revision_794/ocaml.c | U | 812 | 817 | 7 | 297730 | 101 | 755 | 71
794 | Revision_794/ocaml.c | U | 824 | 831 | 7 | 297731 | 101 | 756 | 71
794 | Revision_794/sql.c | U | 495 | 510 | 7 | 297732 | 101 | 306 | 71
794 | Revision_794/ocaml.c | U | 906 | 913 | 6 | 297733 | 102 | 802 | 80
794 | Revision_794/objc.c | U | 484 | 488 | 6 | 297734 | 102 | 803 | 80
794 | Revision_794/ocaml.c | U | 946 | 969 | 21 | 297735 | 103 | 760 | 70
794 | Revision_794/objc.c | U | 873 | 893 | 21 | 297736 | 103 | 804 | 70
794 | Revision_794/objc.c | U | 688 | 711 | 21 | 297737 | 103 | 805 | 70
794 | Revision_794/ocaml.c | U | 1542 | 1562 | 21 | 297738 | 103 | 761 | 70
794 | Revision_794/objc.c | U | 942 | 969 | 21 | 297739 | 103 | 806 | 70
794 | Revision_794/objc.c | U | 539 | 567 | 21 | 297740 | 103 | 807 | 70
794 | Revision_794/ocaml.c | U | 1037 | 1064 | 21 | 297741 | 103 | 810 | 70
794 | Revision_794/objc.c | U | 714 | 743 | 21 | 297742 | 103 | 808 | 70
794 | Revision_794/objc.c | U | 658 | 685 | 21 | 297743 | 103 | 809 | 70
794 | Revision_794/ocaml.c | U | 1274 | 1304 | 21 | 297744 | 103 | 782 | 70
794 | Revision_794/ocaml.c | U | 1436 | 1469 | 21 | 297745 | 103 | 765 | 70
794 | Revision_794/ocaml.c | U | 1076 | 1115 | 21 | 297746 | 103 | 811 | 70
794 | Revision_794/ocaml.c | U | 1484 | 1511 | 21 | 297747 | 103 | 812 | 70
794 | Revision_794/ocaml.c | U | 1569 | 1609 | 21 | 297748 | 103 | 759 | 70
794 | Revision_794/ocaml.c | U | 1214 | 1262 | 21 | 297749 | 103 | 764 | 70
794 | Revision_794/ocaml.c | U | 974 | 984 | 8 | 297750 | 104 | 762 | 83
794 | Revision_794/objc.c | U | 757 | 764 | 8 | 297751 | 104 | 814 | 83
794 | Revision_794/objc.c | U | 767 | 775 | 8 | 297752 | 104 | 815 | 83
794 | Revision_794/objc.c | U | 747 | 754 | 8 | 297753 | 104 | 813 | 83
794 | Revision_794/ocaml.c | U | 1517 | 1535 | 17 | 297754 | 105 | 830 | 71
794 | Revision_794/objc.c | U | 973 | 995 | 17 | 297755 | 105 | 831 | 71
794 | Revision_794/routines.c | U | 237 | 244 | 6 | 297756 | 106 | 254 | 80
794 | Revision_794/routines.c | U | 247 | 254 | 6 | 297757 | 106 | 255 | 80
794 | Revision_794/routines.c | U | 288 | 295 | 8 | 297758 | 107 | 256 | 83
794 | Revision_794/readtags.c | U | 106 | 113 | 8 | 297759 | 107 | 123 | 83
794 | Revision_794/readtags.c | U | 116 | 123 | 8 | 297760 | 107 | 238 | 83
794 | Revision_794/routines.c | U | 298 | 305 | 8 | 297761 | 107 | 257 | 83
794 | Revision_794/routines.c | U | 322 | 326 | 5 | 297762 | 108 | 258 | 75
794 | Revision_794/vstring.c | U | 125 | 129 | 5 | 297763 | 108 | 188 | 75
794 | Revision_794/vstring.c | U | 118 | 122 | 5 | 297764 | 108 | 189 | 75
794 | Revision_794/routines.c | U | 329 | 335 | 6 | 297765 | 109 | 259 | 100
794 | Revision_794/routines.c | U | 338 | 344 | 6 | 297766 | 109 | 260 | 100
794 | Revision_794/routines.c | U | 349 | 356 | 8 | 297767 | 110 | 261 | 100
794 | Revision_794/routines.c | U | 361 | 368 | 8 | 297768 | 110 | 262 | 100
794 | Revision_794/flex.c | U | 273 | 306 | 16 | 297769 | 111 | 611 | 73
794 | Revision_794/sql.c | U | 464 | 485 | 16 | 297770 | 111 | 468 | 73
794 | Revision_794/vhdl.c | U | 551 | 570 | 16 | 297771 | 111 | 554 | 73
794 | Revision_794/flex.c | U | 295 | 303 | 11 | 297772 | 112 | 699 | 70
794 | Revision_794/vhdl.c | U | 553 | 569 | 11 | 297773 | 112 | 554 | 70
794 | Revision_794/flex.c | U | 437 | 441 | 6 | 297774 | 113 | 618 | 71
794 | Revision_794/sql.c | U | 540 | 553 | 6 | 297775 | 113 | 380 | 71
794 | Revision_794/tex.c | U | 313 | 317 | 6 | 297776 | 113 | 685 | 71
794 | Revision_794/flex.c | U | 510 | 514 | 6 | 297777 | 113 | 617 | 71
794 | Revision_794/vhdl.c | U | 414 | 418 | 6 | 297778 | 113 | 556 | 71
794 | Revision_794/flex.c | U | 483 | 488 | 6 | 297779 | 113 | 619 | 71
794 | Revision_794/flex.c | U | 696 | 701 | 6 | 297780 | 113 | 620 | 71
794 | Revision_794/flex.c | U | 623 | 628 | 6 | 297781 | 113 | 621 | 71
794 | Revision_794/flex.c | U | 631 | 636 | 6 | 297782 | 113 | 617 | 71
794 | Revision_794/flex.c | U | 688 | 693 | 6 | 297783 | 113 | 622 | 71
794 | Revision_794/flex.c | U | 558 | 565 | 6 | 297784 | 113 | 619 | 71
794 | Revision_794/flex.c | U | 703 | 710 | 6 | 297785 | 113 | 623 | 71
794 | Revision_794/flex.c | U | 638 | 645 | 6 | 297786 | 113 | 624 | 71
794 | Revision_794/flex.c | U | 599 | 606 | 6 | 297787 | 113 | 626 | 71
794 | Revision_794/flex.c | U | 532 | 538 | 6 | 297788 | 113 | 625 | 71
794 | Revision_794/flex.c | U | 545 | 551 | 6 | 297789 | 113 | 627 | 71
794 | Revision_794/flex.c | U | 652 | 659 | 6 | 297790 | 113 | 628 | 71
794 | Revision_794/flex.c | U | 664 | 671 | 6 | 297791 | 113 | 629 | 71
794 | Revision_794/flex.c | U | 678 | 686 | 6 | 297792 | 113 | 778 | 71
794 | Revision_794/flex.c | U | 613 | 621 | 6 | 297793 | 113 | 619 | 71
794 | Revision_794/flex.c | U | 596 | 647 | 51 | 297794 | 114 | 779 | 78
794 | Revision_794/flex.c | U | 649 | 713 | 51 | 297795 | 114 | 780 | 78
794 | Revision_794/flex.c | U | 965 | 998 | 17 | 297796 | 115 | 655 | 75
794 | Revision_794/flex.c | U | 1985 | 2020 | 17 | 297797 | 115 | 660 | 75
794 | Revision_794/flex.c | U | 1527 | 1562 | 33 | 297798 | 116 | 662 | 70
794 | Revision_794/vhdl.c | U | 768 | 801 | 33 | 297799 | 116 | 565 | 70
794 | Revision_794/tex.c | U | 506 | 539 | 33 | 297800 | 116 | 758 | 70
794 | Revision_794/fortran.c | U | 2114 | 2138 | 33 | 297801 | 116 | 566 | 70
794 | Revision_794/flex.c | U | 1624 | 1650 | 12 | 297802 | 117 | 663 | 72
794 | Revision_794/flex.c | U | 1652 | 1674 | 12 | 297803 | 117 | 664 | 72
794 | Revision_794/sh.c | U | 89 | 94 | 6 | 297804 | 118 | 378 | 80
794 | Revision_794/asm.c | U | 347 | 352 | 6 | 297805 | 118 | 379 | 80
794 | Revision_794/vhdl.c | U | 405 | 479 | 69 | 297806 | 119 | 769 | 77
794 | Revision_794/tex.c | U | 304 | 371 | 69 | 297807 | 119 | 684 | 77
794 | Revision_794/vhdl.c | U | 493 | 533 | 32 | 297808 | 120 | 561 | 72
794 | Revision_794/sql.c | U | 735 | 784 | 32 | 297809 | 120 | 562 | 72
794 | Revision_794/vhdl.c | U | 724 | 741 | 15 | 297810 | 121 | 560 | 100
794 | Revision_794/vhdl.c | U | 743 | 760 | 15 | 297811 | 121 | 539 | 100
794 | Revision_794/beta.c | U | 134 | 141 | 6 | 297812 | 122 | 201 | 75
794 | Revision_794/beta.c | U | 204 | 212 | 6 | 297813 | 122 | 202 | 75
794 | Revision_794/beta.c | U | 152 | 156 | 5 | 297814 | 123 | 203 | 75
794 | Revision_794/beta.c | U | 271 | 275 | 5 | 297815 | 123 | 205 | 75
794 | Revision_794/beta.c | U | 165 | 169 | 5 | 297816 | 123 | 204 | 75
794 | Revision_794/beta.c | U | 158 | 162 | 5 | 297817 | 123 | 206 | 75
794 | Revision_794/beta.c | U | 277 | 281 | 5 | 297818 | 123 | 207 | 75
794 | Revision_794/sql.c | U | 741 | 756 | 17 | 297819 | 124 | 537 | 75
794 | Revision_794/fortran.c | U | 1288 | 1294 | 17 | 297820 | 124 | 85 | 75
794 | Revision_794/sql.c | U | 1740 | 1776 | 24 | 297821 | 125 | 487 | 78
794 | Revision_794/sql.c | U | 2146 | 2189 | 24 | 297822 | 125 | 488 | 78
794 | Revision_794/sql.c | U | 2085 | 2143 | 34 | 297823 | 126 | 773 | 100
794 | Revision_794/sql.c | U | 2192 | 2253 | 34 | 297824 | 126 | 774 | 100
794 | Revision_794/sql.c | U | 2110 | 2135 | 17 | 297825 | 127 | 489 | 84
794 | Revision_794/sql.c | U | 2159 | 2183 | 17 | 297826 | 127 | 490 | 84
794 | Revision_794/sql.c | U | 2220 | 2245 | 17 | 297827 | 127 | 775 | 84
794 | Revision_794/parse.c | U | 96 | 106 | 11 | 297828 | 128 | 208 | 88
794 | Revision_794/parse.c | U | 109 | 120 | 11 | 297829 | 128 | 209 | 88
794 | Revision_794/parse.c | U | 299 | 303 | 5 | 297830 | 129 | 356 | 75
794 | Revision_794/parse.c | U | 575 | 579 | 5 | 297831 | 129 | 357 | 75
794 | Revision_794/parse.c | U | 556 | 560 | 5 | 297832 | 129 | 358 | 75
794 | Revision_794/readtags.c | U | 541 | 547 | 6 | 297833 | 130 | 239 | 100
794 | Revision_794/readtags.c | U | 549 | 555 | 6 | 297834 | 130 | 240 | 100
794 | Revision_794/readtags.c | U | 584 | 588 | 6 | 297835 | 131 | 123 | 75
794 | Revision_794/readtags.c | U | 639 | 645 | 6 | 297836 | 131 | 124 | 75
794 | Revision_794/readtags.c | U | 718 | 726 | 8 | 297837 | 132 | 210 | 83
794 | Revision_794/readtags.c | U | 773 | 781 | 8 | 297838 | 132 | 211 | 83
794 | Revision_794/readtags.c | U | 729 | 737 | 8 | 297839 | 132 | 212 | 83
794 | Revision_794/readtags.c | U | 740 | 745 | 6 | 297840 | 133 | 241 | 80
794 | Revision_794/readtags.c | U | 757 | 762 | 6 | 297841 | 133 | 242 | 80
794 | Revision_794/readtags.c | U | 765 | 770 | 6 | 297842 | 133 | 287 | 80
794 | Revision_794/fortran.c | U | 1363 | 1376 | 11 | 297843 | 134 | 336 | 72
794 | Revision_794/fortran.c | U | 1617 | 1625 | 11 | 297844 | 134 | 84 | 72
794 | Revision_794/fortran.c | U | 1714 | 1729 | 20 | 297845 | 135 | 21 | 84
794 | Revision_794/fortran.c | U | 1930 | 1946 | 20 | 297846 | 135 | 374 | 84
794 | Revision_794/fortran.c | U | 1895 | 1913 | 16 | 297847 | 136 | 220 | 73
794 | Revision_794/fortran.c | U | 1965 | 1981 | 16 | 297848 | 136 | 221 | 73
794 | Revision_794/fortran.c | U | 2041 | 2061 | 16 | 297849 | 136 | 372 | 73
794 | Revision_794/tex.c | U | 232 | 237 | 6 | 297850 | 137 | 827 | 100
794 | Revision_794/tex.c | U | 242 | 247 | 6 | 297851 | 137 | 828 | 100
794 | Revision_794/tex.c | U | 237 | 242 | 6 | 297852 | 137 | 828 | 100
794 | Revision_794/tex.c | U | 413 | 430 | 16 | 297853 | 138 | 696 | 83
794 | Revision_794/tex.c | U | 438 | 457 | 16 | 297854 | 138 | 697 | 83
794 | Revision_794/asm.c | U | 243 | 256 | 11 | 297855 | 139 | 289 | 77
794 | Revision_794/asm.c | U | 261 | 271 | 11 | 297856 | 139 | 279 | 77
794 | Revision_794/scheme.c | U | 70 | 78 | 8 | 297857 | 140 | 222 | 71
794 | Revision_794/scheme.c | U | 85 | 93 | 8 | 297858 | 140 | 223 | 71
794 | Revision_794/options.c | U | 369 | 375 | 6 | 297859 | 141 | 224 | 100
794 | Revision_794/options.c | U | 378 | 384 | 6 | 297860 | 141 | 225 | 100
794 | Revision_794/options.c | U | 543 | 549 | 7 | 297861 | 142 | 226 | 100
794 | Revision_794/options.c | U | 570 | 576 | 7 | 297862 | 142 | 227 | 100
794 | Revision_794/options.c | U | 561 | 567 | 7 | 297863 | 142 | 228 | 100
794 | Revision_794/options.c | U | 552 | 558 | 7 | 297864 | 142 | 229 | 100
794 | Revision_794/options.c | U | 982 | 986 | 5 | 297865 | 143 | 230 | 75
794 | Revision_794/options.c | U | 1008 | 1012 | 5 | 297866 | 143 | 231 | 75
794 | Revision_794/options.c | U | 1102 | 1106 | 5 | 297867 | 144 | 232 | 100
794 | Revision_794/options.c | U | 1108 | 1112 | 5 | 297868 | 144 | 233 | 100
794 | Revision_794/options.c | U | 1154 | 1166 | 12 | 297869 | 145 | 360 | 100
794 | Revision_794/options.c | U | 1171 | 1183 | 12 | 297870 | 145 | 235 | 100
794 | Revision_794/options.c | U | 1425 | 1442 | 15 | 297871 | 146 | 236 | 91
794 | Revision_794/options.c | U | 1463 | 1480 | 15 | 297872 | 146 | 237 | 91
794 | Revision_794/objc.c | U | 318 | 330 | 10 | 297873 | 147 | 818 | 100
794 | Revision_794/objc.c | U | 332 | 344 | 10 | 297874 | 147 | 819 | 100
794 | Revision_794/objc.c | U | 576 | 614 | 31 | 297875 | 148 | 820 | 100
794 | Revision_794/objc.c | U | 617 | 655 | 31 | 297876 | 148 | 821 | 100
794 | Revision_794/objc.c | U | 823 | 860 | 29 | 297877 | 149 | 822 | 96
794 | Revision_794/objc.c | U | 899 | 934 | 29 | 297878 | 149 | 823 | 96
