Revision | filePath | changeType | StartLine | EndLine | Nlines | cloneId | classId | globalCloneId | Similarity
796 | Revision_796/ant.c | U | 33 | 40 | 8 | 193692 | 1 | 526 | 70
796 | Revision_796/dosbatch.c | U | 33 | 40 | 8 | 193693 | 1 | 529 | 70
796 | Revision_796/beta.c | U | 311 | 319 | 8 | 193694 | 1 | 15 | 70
796 | Revision_796/cobol.c | U | 40 | 48 | 8 | 193695 | 1 | 213 | 70
796 | Revision_796/matlab.c | U | 35 | 42 | 8 | 193696 | 1 | 527 | 70
796 | Revision_796/yacc.c | U | 31 | 38 | 8 | 193697 | 1 | 28 | 70
796 | Revision_796/tex.c | U | 570 | 583 | 8 | 193698 | 1 | 528 | 70
796 | Revision_796/keyword.c | U | 107 | 116 | 8 | 193699 | 1 | 29 | 70
796 | Revision_796/jscript.c | U | 1624 | 1637 | 8 | 193700 | 1 | 281 | 70
796 | Revision_796/rexx.c | U | 30 | 37 | 8 | 193701 | 1 | 25 | 70
796 | Revision_796/lua.c | U | 123 | 131 | 8 | 193702 | 1 | 154 | 70
796 | Revision_796/php.c | U | 91 | 98 | 8 | 193703 | 1 | 366 | 70
796 | Revision_796/slang.c | U | 34 | 41 | 8 | 193704 | 1 | 27 | 70
796 | Revision_796/html.c | U | 40 | 47 | 8 | 193705 | 1 | 253 | 70
796 | Revision_796/sml.c | U | 202 | 210 | 8 | 193706 | 1 | 216 | 70
796 | Revision_796/pascal.c | U | 257 | 265 | 8 | 193707 | 1 | 13 | 70
796 | Revision_796/asp.c | U | 317 | 325 | 8 | 193708 | 1 | 18 | 70
796 | Revision_796/make.c | U | 205 | 215 | 8 | 193709 | 1 | 26 | 70
796 | Revision_796/flex.c | U | 2409 | 2422 | 8 | 193710 | 1 | 438 | 70
796 | Revision_796/vim.c | U | 731 | 739 | 8 | 193711 | 1 | 20 | 70
796 | Revision_796/ruby.c | U | 398 | 406 | 8 | 193712 | 1 | 16 | 70
796 | Revision_796/lisp.c | U | 127 | 137 | 8 | 193713 | 1 | 11 | 70
796 | Revision_796/tcl.c | U | 106 | 114 | 8 | 193714 | 1 | 22 | 70
796 | Revision_796/awk.c | U | 71 | 79 | 8 | 193715 | 1 | 10 | 70
796 | Revision_796/sql.c | U | 2360 | 2369 | 8 | 193716 | 1 | 197 | 70
796 | Revision_796/ocaml.c | U | 1888 | 1898 | 8 | 193717 | 1 | 601 | 70
796 | Revision_796/perl.c | U | 372 | 380 | 8 | 193718 | 1 | 19 | 70
796 | Revision_796/verilog.c | U | 330 | 339 | 8 | 193719 | 1 | 184 | 70
796 | Revision_796/scheme.c | U | 99 | 109 | 8 | 193720 | 1 | 17 | 70
796 | Revision_796/vhdl.c | U | 824 | 833 | 8 | 193721 | 1 | 403 | 70
796 | Revision_796/erlang.c | U | 179 | 187 | 8 | 193722 | 1 | 230 | 70
796 | Revision_796/basic.c | U | 193 | 201 | 8 | 193723 | 1 | 275 | 70
796 | Revision_796/sh.c | U | 103 | 113 | 8 | 193724 | 1 | 24 | 70
796 | Revision_796/python.c | U | 856 | 864 | 8 | 193725 | 1 | 14 | 70
796 | Revision_796/objc.c | U | 1141 | 1151 | 8 | 193726 | 1 | 639 | 70
796 | Revision_796/options.c | U | 533 | 538 | 8 | 193727 | 1 | 30 | 70
796 | Revision_796/options.c | U | 626 | 632 | 8 | 193728 | 1 | 242 | 70
796 | Revision_796/asm.c | U | 366 | 385 | 8 | 193729 | 1 | 174 | 70
796 | Revision_796/args.c | U | 85 | 92 | 8 | 193730 | 2 | 1 | 100
796 | Revision_796/args.c | U | 160 | 167 | 8 | 193731 | 2 | 2 | 100
796 | Revision_796/args.c | U | 182 | 190 | 9 | 193732 | 3 | 3 | 75
796 | Revision_796/args.c | U | 203 | 211 | 9 | 193733 | 3 | 4 | 75
796 | Revision_796/args.c | U | 193 | 200 | 9 | 193734 | 3 | 5 | 75
796 | Revision_796/args.c | U | 266 | 272 | 7 | 193735 | 4 | 6 | 83
796 | Revision_796/options.c | U | 579 | 584 | 7 | 193736 | 4 | 7 | 83
796 | Revision_796/asm.c | U | 120 | 128 | 8 | 193737 | 5 | 188 | 71
796 | Revision_796/sql.c | U | 409 | 418 | 8 | 193738 | 5 | 196 | 71
796 | Revision_796/tex.c | U | 160 | 169 | 8 | 193739 | 5 | 530 | 71
796 | Revision_796/jscript.c | U | 181 | 190 | 8 | 193740 | 5 | 280 | 71
796 | Revision_796/flex.c | U | 216 | 225 | 8 | 193741 | 5 | 437 | 71
796 | Revision_796/vhdl.c | U | 573 | 583 | 8 | 193742 | 5 | 401 | 71
796 | Revision_796/verilog.c | U | 108 | 118 | 8 | 193743 | 5 | 258 | 71
796 | Revision_796/asm.c | U | 131 | 139 | 8 | 193744 | 6 | 170 | 71
796 | Revision_796/keyword.c | U | 195 | 202 | 8 | 193745 | 6 | 432 | 71
796 | Revision_796/asm.c | U | 243 | 256 | 11 | 193746 | 7 | 191 | 77
796 | Revision_796/asm.c | U | 261 | 271 | 11 | 193747 | 7 | 179 | 77
796 | Revision_796/asm.c | U | 347 | 352 | 6 | 193748 | 8 | 256 | 80
796 | Revision_796/sh.c | U | 89 | 94 | 6 | 193749 | 8 | 257 | 80
796 | Revision_796/asp.c | U | 72 | 91 | 15 | 193750 | 9 | 31 | 100
796 | Revision_796/asp.c | U | 95 | 114 | 15 | 193751 | 9 | 32 | 100
796 | Revision_796/asp.c | U | 118 | 163 | 40 | 193752 | 10 | 591 | 100
796 | Revision_796/asp.c | U | 165 | 210 | 40 | 193753 | 10 | 592 | 100
796 | Revision_796/asp.c | U | 125 | 137 | 11 | 193754 | 11 | 33 | 70
796 | Revision_796/asp.c | U | 139 | 151 | 11 | 193755 | 11 | 34 | 70
796 | Revision_796/asp.c | U | 272 | 287 | 11 | 193756 | 11 | 34 | 70
796 | Revision_796/asp.c | U | 152 | 161 | 11 | 193757 | 11 | 594 | 70
796 | Revision_796/asp.c | U | 234 | 249 | 11 | 193758 | 11 | 34 | 70
796 | Revision_796/asp.c | U | 291 | 306 | 11 | 193759 | 11 | 593 | 70
796 | Revision_796/asp.c | U | 214 | 230 | 11 | 193760 | 11 | 595 | 70
796 | Revision_796/asp.c | U | 253 | 268 | 11 | 193761 | 11 | 596 | 70
796 | Revision_796/asp.c | U | 172 | 184 | 11 | 193762 | 11 | 597 | 70
796 | Revision_796/asp.c | U | 186 | 198 | 11 | 193763 | 11 | 598 | 70
796 | Revision_796/asp.c | U | 294 | 305 | 11 | 193764 | 11 | 596 | 70
796 | Revision_796/lua.c | U | 81 | 88 | 11 | 193765 | 11 | 185 | 70
796 | Revision_796/asp.c | U | 237 | 248 | 11 | 193766 | 11 | 595 | 70
796 | Revision_796/vim.c | U | 270 | 279 | 11 | 193767 | 11 | 599 | 70
796 | Revision_796/asp.c | U | 256 | 267 | 11 | 193768 | 11 | 593 | 70
796 | Revision_796/asp.c | U | 275 | 286 | 11 | 193769 | 11 | 34 | 70
796 | Revision_796/vim.c | U | 315 | 324 | 11 | 193770 | 11 | 600 | 70
796 | Revision_796/asp.c | U | 218 | 229 | 11 | 193771 | 11 | 34 | 70
796 | Revision_796/asp.c | U | 199 | 208 | 11 | 193772 | 11 | 18 | 70
796 | Revision_796/basic.c | U | 135 | 140 | 6 | 193773 | 12 | 278 | 80
796 | Revision_796/basic.c | U | 147 | 152 | 6 | 193774 | 12 | 279 | 80
796 | Revision_796/beta.c | U | 71 | 80 | 10 | 193775 | 13 | 43 | 70
796 | Revision_796/vhdl.c | U | 536 | 548 | 10 | 193776 | 13 | 404 | 70
796 | Revision_796/parse.c | U | 43 | 54 | 10 | 193777 | 13 | 44 | 70
796 | Revision_796/sml.c | U | 75 | 81 | 10 | 193778 | 13 | 217 | 70
796 | Revision_796/sql.c | U | 447 | 461 | 10 | 193779 | 13 | 198 | 70
796 | Revision_796/flex.c | U | 256 | 270 | 10 | 193780 | 13 | 439 | 70
796 | Revision_796/beta.c | U | 134 | 141 | 6 | 193781 | 14 | 45 | 75
796 | Revision_796/beta.c | U | 204 | 212 | 6 | 193782 | 14 | 46 | 75
796 | Revision_796/beta.c | U | 152 | 156 | 5 | 193783 | 15 | 47 | 75
796 | Revision_796/beta.c | U | 277 | 281 | 5 | 193784 | 15 | 48 | 75
796 | Revision_796/beta.c | U | 271 | 275 | 5 | 193785 | 15 | 50 | 75
796 | Revision_796/beta.c | U | 158 | 162 | 5 | 193786 | 15 | 49 | 75
796 | Revision_796/beta.c | U | 165 | 169 | 5 | 193787 | 15 | 51 | 75
796 | Revision_796/erlang.c | U | 58 | 62 | 5 | 193788 | 16 | 231 | 75
796 | Revision_796/sml.c | U | 84 | 88 | 5 | 193789 | 16 | 218 | 75
796 | Revision_796/python.c | U | 277 | 281 | 5 | 193790 | 16 | 180 | 75
796 | Revision_796/options.c | U | 963 | 968 | 5 | 193791 | 16 | 181 | 75
796 | Revision_796/python.c | U | 299 | 303 | 5 | 193792 | 16 | 368 | 75
796 | Revision_796/erlang.c | U | 66 | 75 | 9 | 193793 | 17 | 232 | 75
796 | Revision_796/tcl.c | U | 44 | 54 | 9 | 193794 | 17 | 195 | 75
796 | Revision_796/python.c | U | 307 | 316 | 9 | 193795 | 17 | 194 | 75
796 | Revision_796/erlang.c | U | 97 | 105 | 7 | 193796 | 18 | 237 | 71
796 | Revision_796/main.c | U | 179 | 185 | 7 | 193797 | 18 | 255 | 71
796 | Revision_796/perl.c | U | 339 | 346 | 7 | 193798 | 18 | 262 | 71
796 | Revision_796/erlang.c | U | 116 | 121 | 7 | 193799 | 18 | 235 | 71
796 | Revision_796/main.c | U | 260 | 267 | 7 | 193800 | 18 | 254 | 71
796 | Revision_796/perl.c | U | 353 | 359 | 7 | 193801 | 18 | 19 | 71
796 | Revision_796/erlang.c | U | 108 | 113 | 7 | 193802 | 18 | 239 | 71
796 | Revision_796/flex.c | U | 228 | 242 | 12 | 193803 | 19 | 440 | 75
796 | Revision_796/vhdl.c | U | 342 | 351 | 12 | 193804 | 19 | 405 | 75
796 | Revision_796/jscript.c | U | 193 | 206 | 12 | 193805 | 19 | 282 | 75
796 | Revision_796/tex.c | U | 172 | 183 | 12 | 193806 | 19 | 532 | 75
796 | Revision_796/sql.c | U | 421 | 433 | 12 | 193807 | 19 | 205 | 75
796 | Revision_796/flex.c | U | 245 | 249 | 5 | 193808 | 20 | 441 | 75
796 | Revision_796/sql.c | U | 436 | 440 | 5 | 193809 | 20 | 288 | 75
796 | Revision_796/vstring.c | U | 69 | 73 | 5 | 193810 | 20 | 287 | 75
796 | Revision_796/tex.c | U | 186 | 190 | 5 | 193811 | 20 | 533 | 75
796 | Revision_796/jscript.c | U | 209 | 213 | 5 | 193812 | 20 | 286 | 75
796 | Revision_796/vhdl.c | U | 354 | 361 | 5 | 193813 | 20 | 406 | 75
796 | Revision_796/vstring.c | U | 67 | 74 | 5 | 193814 | 20 | 287 | 75
796 | Revision_796/flex.c | U | 273 | 306 | 16 | 193815 | 21 | 442 | 73
796 | Revision_796/sql.c | U | 464 | 485 | 16 | 193816 | 21 | 290 | 73
796 | Revision_796/vhdl.c | U | 551 | 570 | 16 | 193817 | 21 | 407 | 73
796 | Revision_796/flex.c | U | 295 | 303 | 11 | 193818 | 22 | 561 | 70
796 | Revision_796/vhdl.c | U | 553 | 569 | 11 | 193819 | 22 | 407 | 70
796 | Revision_796/flex.c | U | 309 | 333 | 20 | 193820 | 23 | 443 | 71
796 | Revision_796/flex.c | U | 359 | 383 | 20 | 193821 | 23 | 445 | 71
796 | Revision_796/flex.c | U | 1863 | 1903 | 20 | 193822 | 23 | 444 | 71
796 | Revision_796/jscript.c | U | 1456 | 1496 | 20 | 193823 | 23 | 434 | 71
796 | Revision_796/flex.c | U | 336 | 356 | 20 | 193824 | 23 | 446 | 71
796 | Revision_796/jscript.c | U | 291 | 315 | 20 | 193825 | 23 | 433 | 71
796 | Revision_796/jscript.c | U | 264 | 288 | 20 | 193826 | 23 | 398 | 71
796 | Revision_796/jscript.c | U | 1361 | 1424 | 20 | 193827 | 23 | 637 | 71
796 | Revision_796/flex.c | U | 316 | 320 | 5 | 193828 | 24 | 535 | 75
796 | Revision_796/tex.c | U | 444 | 448 | 5 | 193829 | 24 | 555 | 75
796 | Revision_796/jscript.c | U | 1394 | 1398 | 5 | 193830 | 24 | 342 | 75
796 | Revision_796/tex.c | U | 420 | 424 | 5 | 193831 | 24 | 556 | 75
796 | Revision_796/jscript.c | U | 1477 | 1481 | 5 | 193832 | 24 | 291 | 75
796 | Revision_796/jscript.c | U | 298 | 302 | 5 | 193833 | 24 | 280 | 75
796 | Revision_796/flex.c | U | 1884 | 1888 | 5 | 193834 | 24 | 537 | 75
796 | Revision_796/flex.c | U | 366 | 370 | 5 | 193835 | 24 | 538 | 75
796 | Revision_796/flex.c | U | 343 | 347 | 5 | 193836 | 24 | 539 | 75
796 | Revision_796/jscript.c | U | 271 | 275 | 5 | 193837 | 24 | 361 | 75
796 | Revision_796/flex.c | U | 390 | 408 | 16 | 193838 | 25 | 447 | 78
796 | Revision_796/jscript.c | U | 322 | 340 | 16 | 193839 | 25 | 398 | 78
796 | Revision_796/vhdl.c | U | 368 | 386 | 16 | 193840 | 25 | 409 | 78
796 | Revision_796/sql.c | U | 492 | 512 | 16 | 193841 | 25 | 296 | 78
796 | Revision_796/flex.c | U | 414 | 425 | 12 | 193842 | 26 | 448 | 100
796 | Revision_796/vhdl.c | U | 391 | 402 | 12 | 193843 | 26 | 410 | 100
796 | Revision_796/jscript.c | U | 346 | 357 | 12 | 193844 | 26 | 295 | 100
796 | Revision_796/sql.c | U | 517 | 528 | 12 | 193845 | 26 | 296 | 100
796 | Revision_796/tex.c | U | 289 | 301 | 12 | 193846 | 26 | 541 | 100
796 | Revision_796/flex.c | U | 437 | 441 | 6 | 193847 | 27 | 449 | 71
796 | Revision_796/tex.c | U | 313 | 317 | 6 | 193848 | 27 | 542 | 71
796 | Revision_796/vhdl.c | U | 414 | 418 | 6 | 193849 | 27 | 411 | 71
796 | Revision_796/sql.c | U | 540 | 553 | 6 | 193850 | 27 | 206 | 71
796 | Revision_796/flex.c | U | 510 | 514 | 6 | 193851 | 27 | 450 | 71
796 | Revision_796/flex.c | U | 483 | 488 | 6 | 193852 | 27 | 451 | 71
796 | Revision_796/flex.c | U | 696 | 701 | 6 | 193853 | 27 | 452 | 71
796 | Revision_796/flex.c | U | 688 | 693 | 6 | 193854 | 27 | 450 | 71
796 | Revision_796/flex.c | U | 623 | 628 | 6 | 193855 | 27 | 451 | 71
796 | Revision_796/flex.c | U | 631 | 636 | 6 | 193856 | 27 | 453 | 71
796 | Revision_796/flex.c | U | 532 | 538 | 6 | 193857 | 27 | 455 | 71
796 | Revision_796/flex.c | U | 545 | 551 | 6 | 193858 | 27 | 454 | 71
796 | Revision_796/flex.c | U | 638 | 645 | 6 | 193859 | 27 | 456 | 71
796 | Revision_796/flex.c | U | 558 | 565 | 6 | 193860 | 27 | 457 | 71
796 | Revision_796/flex.c | U | 599 | 606 | 6 | 193861 | 27 | 458 | 71
796 | Revision_796/flex.c | U | 703 | 710 | 6 | 193862 | 27 | 459 | 71
796 | Revision_796/flex.c | U | 652 | 659 | 6 | 193863 | 27 | 460 | 71
796 | Revision_796/flex.c | U | 664 | 671 | 6 | 193864 | 27 | 461 | 71
796 | Revision_796/flex.c | U | 678 | 686 | 6 | 193865 | 27 | 632 | 71
796 | Revision_796/flex.c | U | 613 | 621 | 6 | 193866 | 27 | 450 | 71
796 | Revision_796/flex.c | U | 490 | 515 | 25 | 193867 | 28 | 462 | 70
796 | Revision_796/jscript.c | U | 410 | 440 | 25 | 193868 | 28 | 463 | 70
796 | Revision_796/sql.c | U | 625 | 655 | 25 | 193869 | 28 | 464 | 70
796 | Revision_796/flex.c | U | 596 | 647 | 51 | 193870 | 29 | 633 | 78
796 | Revision_796/flex.c | U | 649 | 713 | 51 | 193871 | 29 | 634 | 78
796 | Revision_796/flex.c | U | 734 | 743 | 10 | 193872 | 30 | 467 | 100
796 | Revision_796/vhdl.c | U | 467 | 476 | 10 | 193873 | 30 | 413 | 100
796 | Revision_796/tex.c | U | 342 | 351 | 10 | 193874 | 30 | 543 | 100
796 | Revision_796/jscript.c | U | 446 | 455 | 10 | 193875 | 30 | 412 | 100
796 | Revision_796/flex.c | U | 749 | 758 | 9 | 193876 | 31 | 468 | 77
796 | Revision_796/tex.c | U | 374 | 381 | 9 | 193877 | 31 | 544 | 77
796 | Revision_796/jscript.c | U | 461 | 469 | 9 | 193878 | 31 | 301 | 77
796 | Revision_796/sql.c | U | 787 | 794 | 9 | 193879 | 31 | 313 | 77
796 | Revision_796/flex.c | U | 765 | 795 | 17 | 193880 | 32 | 469 | 83
796 | Revision_796/jscript.c | U | 476 | 506 | 17 | 193881 | 32 | 284 | 83
796 | Revision_796/jscript.c | U | 509 | 538 | 17 | 193882 | 32 | 371 | 83
796 | Revision_796/flex.c | U | 798 | 827 | 17 | 193883 | 32 | 470 | 83
796 | Revision_796/vhdl.c | U | 514 | 532 | 17 | 193884 | 32 | 414 | 83
796 | Revision_796/sql.c | U | 765 | 783 | 17 | 193885 | 32 | 400 | 83
796 | Revision_796/flex.c | U | 830 | 837 | 7 | 193886 | 33 | 471 | 80
796 | Revision_796/jscript.c | U | 551 | 558 | 7 | 193887 | 33 | 302 | 80
796 | Revision_796/flex.c | U | 840 | 847 | 7 | 193888 | 33 | 472 | 80
796 | Revision_796/jscript.c | U | 541 | 548 | 7 | 193889 | 33 | 301 | 80
796 | Revision_796/sql.c | U | 698 | 705 | 7 | 193890 | 33 | 304 | 80
796 | Revision_796/flex.c | U | 854 | 876 | 13 | 193891 | 34 | 473 | 100
796 | Revision_796/jscript.c | U | 565 | 587 | 13 | 193892 | 34 | 316 | 100
796 | Revision_796/flex.c | U | 861 | 875 | 9 | 193893 | 35 | 474 | 70
796 | Revision_796/sql.c | U | 935 | 947 | 9 | 193894 | 35 | 358 | 70
796 | Revision_796/flex.c | U | 1235 | 1263 | 9 | 193895 | 35 | 475 | 70
796 | Revision_796/vhdl.c | U | 656 | 668 | 9 | 193896 | 35 | 415 | 70
796 | Revision_796/flex.c | U | 937 | 963 | 9 | 193897 | 35 | 476 | 70
796 | Revision_796/flex.c | U | 2079 | 2093 | 9 | 193898 | 35 | 635 | 70
796 | Revision_796/flex.c | U | 2239 | 2258 | 9 | 193899 | 35 | 479 | 70
796 | Revision_796/sql.c | U | 1705 | 1715 | 9 | 193900 | 35 | 397 | 70
796 | Revision_796/flex.c | U | 2003 | 2017 | 9 | 193901 | 35 | 481 | 70
796 | Revision_796/jscript.c | U | 572 | 586 | 9 | 193902 | 35 | 306 | 70
796 | Revision_796/sql.c | U | 1694 | 1702 | 9 | 193903 | 35 | 396 | 70
796 | Revision_796/sql.c | U | 1809 | 1816 | 9 | 193904 | 35 | 311 | 70
796 | Revision_796/vhdl.c | U | 617 | 625 | 9 | 193905 | 35 | 416 | 70
796 | Revision_796/jscript.c | U | 1344 | 1359 | 9 | 193906 | 35 | 281 | 70
796 | Revision_796/flex.c | U | 1797 | 1812 | 9 | 193907 | 35 | 477 | 70
796 | Revision_796/sql.c | U | 1209 | 1232 | 9 | 193908 | 35 | 337 | 70
796 | Revision_796/jscript.c | U | 590 | 625 | 9 | 193909 | 35 | 309 | 70
796 | Revision_796/sql.c | U | 1176 | 1193 | 9 | 193910 | 35 | 319 | 70
796 | Revision_796/sql.c | U | 2256 | 2284 | 9 | 193911 | 35 | 314 | 70
796 | Revision_796/jscript.c | U | 842 | 852 | 9 | 193912 | 35 | 307 | 70
796 | Revision_796/vhdl.c | U | 746 | 759 | 9 | 193913 | 35 | 430 | 70
796 | Revision_796/vhdl.c | U | 727 | 740 | 9 | 193914 | 35 | 427 | 70
796 | Revision_796/jscript.c | U | 652 | 678 | 9 | 193915 | 35 | 315 | 70
796 | Revision_796/flex.c | U | 1304 | 1323 | 9 | 193916 | 35 | 478 | 70
796 | Revision_796/jscript.c | U | 1002 | 1022 | 9 | 193917 | 35 | 318 | 70
796 | Revision_796/flex.c | U | 879 | 910 | 9 | 193918 | 35 | 476 | 70
796 | Revision_796/sql.c | U | 1762 | 1772 | 9 | 193919 | 35 | 345 | 70
796 | Revision_796/flex.c | U | 1994 | 2019 | 9 | 193920 | 35 | 484 | 70
796 | Revision_796/sql.c | U | 901 | 918 | 9 | 193921 | 35 | 313 | 70
796 | Revision_796/flex.c | U | 2260 | 2276 | 9 | 193922 | 35 | 480 | 70
796 | Revision_796/sql.c | U | 1623 | 1629 | 9 | 193923 | 35 | 356 | 70
796 | Revision_796/sql.c | U | 1032 | 1052 | 9 | 193924 | 35 | 310 | 70
796 | Revision_796/jscript.c | U | 701 | 712 | 9 | 193925 | 35 | 312 | 70
796 | Revision_796/flex.c | U | 986 | 997 | 9 | 193926 | 35 | 486 | 70
796 | Revision_796/vhdl.c | U | 704 | 715 | 9 | 193927 | 35 | 417 | 70
796 | Revision_796/jscript.c | U | 844 | 851 | 9 | 193928 | 35 | 307 | 70
796 | Revision_796/jscript.c | U | 1105 | 1111 | 9 | 193929 | 35 | 309 | 70
796 | Revision_796/sql.c | U | 903 | 917 | 9 | 193930 | 35 | 313 | 70
796 | Revision_796/flex.c | U | 2006 | 2016 | 9 | 193931 | 35 | 481 | 70
796 | Revision_796/sql.c | U | 1926 | 1952 | 9 | 193932 | 35 | 320 | 70
796 | Revision_796/sql.c | U | 1955 | 1976 | 9 | 193933 | 35 | 324 | 70
796 | Revision_796/vhdl.c | U | 586 | 600 | 9 | 193934 | 35 | 418 | 70
796 | Revision_796/jscript.c | U | 680 | 713 | 9 | 193935 | 35 | 487 | 70
796 | Revision_796/vhdl.c | U | 706 | 714 | 9 | 193936 | 35 | 425 | 70
796 | Revision_796/flex.c | U | 2248 | 2257 | 9 | 193937 | 35 | 485 | 70
796 | Revision_796/flex.c | U | 2009 | 2015 | 9 | 193938 | 35 | 481 | 70
796 | Revision_796/flex.c | U | 2269 | 2275 | 9 | 193939 | 35 | 490 | 70
796 | Revision_796/sql.c | U | 937 | 944 | 9 | 193940 | 35 | 358 | 70
796 | Revision_796/flex.c | U | 2129 | 2137 | 9 | 193941 | 35 | 489 | 70
796 | Revision_796/ruby.c | U | 214 | 218 | 9 | 193942 | 35 | 265 | 70
796 | Revision_796/flex.c | U | 2361 | 2372 | 9 | 193943 | 35 | 438 | 70
796 | Revision_796/sql.c | U | 797 | 809 | 9 | 193944 | 35 | 313 | 70
796 | Revision_796/flex.c | U | 2278 | 2285 | 9 | 193945 | 35 | 488 | 70
796 | Revision_796/vhdl.c | U | 635 | 640 | 9 | 193946 | 35 | 416 | 70
796 | Revision_796/flex.c | U | 2349 | 2359 | 9 | 193947 | 35 | 524 | 70
796 | Revision_796/sql.c | U | 1994 | 2015 | 9 | 193948 | 35 | 321 | 70
796 | Revision_796/sql.c | U | 2018 | 2039 | 9 | 193949 | 35 | 322 | 70
796 | Revision_796/sql.c | U | 1895 | 1923 | 9 | 193950 | 35 | 323 | 70
796 | Revision_796/gnu_regex/regcomp.c | U | 3586 | 3593 | 9 | 193951 | 35 | 562 | 70
796 | Revision_796/ruby.c | U | 195 | 200 | 9 | 193952 | 35 | 491 | 70
796 | Revision_796/flex.c | U | 2054 | 2060 | 9 | 193953 | 35 | 636 | 70
796 | Revision_796/vim.c | U | 425 | 433 | 9 | 193954 | 35 | 365 | 70
796 | Revision_796/flex.c | U | 2250 | 2256 | 9 | 193955 | 35 | 485 | 70
796 | Revision_796/sql.c | U | 712 | 717 | 9 | 193956 | 35 | 304 | 70
796 | Revision_796/vhdl.c | U | 647 | 670 | 9 | 193957 | 35 | 431 | 70
796 | Revision_796/sql.c | U | 2042 | 2082 | 9 | 193958 | 35 | 327 | 70
796 | Revision_796/get.c | U | 594 | 598 | 9 | 193959 | 35 | 364 | 70
796 | Revision_796/flex.c | U | 1301 | 1335 | 9 | 193960 | 35 | 492 | 70
796 | Revision_796/sql.c | U | 1779 | 1818 | 9 | 193961 | 35 | 329 | 70
796 | Revision_796/readtags.c | U | 363 | 367 | 9 | 193962 | 35 | 391 | 70
796 | Revision_796/sql.c | U | 1601 | 1641 | 9 | 193963 | 35 | 328 | 70
796 | Revision_796/flex.c | U | 913 | 999 | 30 | 193964 | 36 | 493 | 90
796 | Revision_796/jscript.c | U | 628 | 714 | 30 | 193965 | 36 | 494 | 90
796 | Revision_796/flex.c | U | 965 | 998 | 17 | 193966 | 37 | 495 | 75
796 | Revision_796/flex.c | U | 1985 | 2020 | 17 | 193967 | 37 | 496 | 75
796 | Revision_796/flex.c | U | 1002 | 1109 | 30 | 193968 | 38 | 497 | 100
796 | Revision_796/jscript.c | U | 717 | 824 | 30 | 193969 | 38 | 498 | 100
796 | Revision_796/flex.c | U | 1281 | 1342 | 38 | 193970 | 39 | 504 | 75
796 | Revision_796/jscript.c | U | 968 | 1045 | 38 | 193971 | 39 | 505 | 75
796 | Revision_796/flex.c | U | 1312 | 1322 | 5 | 193972 | 40 | 506 | 71
796 | Revision_796/options.c | U | 352 | 357 | 5 | 193973 | 40 | 107 | 71
796 | Revision_796/flex.c | U | 1325 | 1334 | 5 | 193974 | 40 | 507 | 71
796 | Revision_796/vhdl.c | U | 620 | 624 | 5 | 193975 | 40 | 416 | 71
796 | Revision_796/sql.c | U | 1866 | 1870 | 5 | 193976 | 40 | 335 | 71
796 | Revision_796/sql.c | U | 2237 | 2241 | 5 | 193977 | 40 | 628 | 71
796 | Revision_796/sql.c | U | 1569 | 1574 | 5 | 193978 | 40 | 397 | 71
796 | Revision_796/sql.c | U | 2127 | 2131 | 5 | 193979 | 40 | 334 | 71
796 | Revision_796/vhdl.c | U | 611 | 615 | 5 | 193980 | 40 | 419 | 71
796 | Revision_796/sql.c | U | 1413 | 1424 | 5 | 193981 | 40 | 627 | 71
796 | Revision_796/vhdl.c | U | 730 | 735 | 5 | 193982 | 40 | 427 | 71
796 | Revision_796/options.c | U | 674 | 678 | 5 | 193983 | 40 | 116 | 71
796 | Revision_796/vhdl.c | U | 749 | 754 | 5 | 193984 | 40 | 429 | 71
796 | Revision_796/sql.c | U | 952 | 961 | 5 | 193985 | 40 | 359 | 71
796 | Revision_796/jscript.c | U | 914 | 923 | 5 | 193986 | 40 | 332 | 71
796 | Revision_796/options.c | U | 1221 | 1225 | 5 | 193987 | 40 | 117 | 71
796 | Revision_796/sql.c | U | 970 | 980 | 5 | 193988 | 40 | 560 | 71
796 | Revision_796/jscript.c | U | 896 | 912 | 5 | 193989 | 40 | 338 | 71
796 | Revision_796/jscript.c | U | 925 | 930 | 5 | 193990 | 40 | 333 | 71
796 | Revision_796/sql.c | U | 1877 | 1886 | 5 | 193991 | 40 | 350 | 71
796 | Revision_796/sql.c | U | 1631 | 1638 | 5 | 193992 | 40 | 311 | 71
796 | Revision_796/flex.c | U | 1384 | 1394 | 5 | 193993 | 41 | 508 | 75
796 | Revision_796/jscript.c | U | 1489 | 1493 | 5 | 193994 | 41 | 342 | 75
796 | Revision_796/flex.c | U | 1896 | 1900 | 5 | 193995 | 41 | 509 | 75
796 | Revision_796/sql.c | U | 1101 | 1107 | 5 | 193996 | 41 | 344 | 75
796 | Revision_796/sql.c | U | 1185 | 1192 | 5 | 193997 | 41 | 343 | 75
796 | Revision_796/tex.c | U | 452 | 456 | 5 | 193998 | 41 | 557 | 75
796 | Revision_796/sql.c | U | 1943 | 1949 | 5 | 193999 | 41 | 345 | 75
796 | Revision_796/sql.c | U | 1914 | 1920 | 5 | 194000 | 41 | 346 | 75
796 | Revision_796/flex.c | U | 1461 | 1930 | 209 | 194001 | 42 | 510 | 76
796 | Revision_796/jscript.c | U | 1048 | 1523 | 209 | 194002 | 42 | 511 | 76
796 | Revision_796/flex.c | U | 1527 | 1562 | 33 | 194003 | 43 | 512 | 70
796 | Revision_796/vhdl.c | U | 768 | 801 | 33 | 194004 | 43 | 513 | 70
796 | Revision_796/tex.c | U | 506 | 539 | 33 | 194005 | 43 | 614 | 70
796 | Revision_796/flex.c | U | 1624 | 1650 | 12 | 194006 | 44 | 514 | 72
796 | Revision_796/flex.c | U | 1652 | 1674 | 12 | 194007 | 44 | 515 | 72
796 | Revision_796/flex.c | U | 1814 | 1831 | 5 | 194008 | 45 | 516 | 75
796 | Revision_796/ocaml.c | U | 1130 | 1136 | 5 | 194009 | 45 | 602 | 75
796 | Revision_796/objc.c | U | 828 | 832 | 5 | 194010 | 45 | 641 | 75
796 | Revision_796/readtags.c | U | 502 | 506 | 5 | 194011 | 45 | 87 | 75
796 | Revision_796/objc.c | U | 904 | 908 | 5 | 194012 | 45 | 640 | 75
796 | Revision_796/readtags.c | U | 681 | 685 | 5 | 194013 | 45 | 88 | 75
796 | Revision_796/flex.c | U | 1933 | 1980 | 29 | 194014 | 46 | 517 | 92
796 | Revision_796/jscript.c | U | 1526 | 1573 | 29 | 194015 | 46 | 518 | 92
796 | Revision_796/flex.c | U | 1946 | 1969 | 21 | 194016 | 47 | 519 | 70
796 | Revision_796/get.c | U | 406 | 413 | 21 | 194017 | 47 | 520 | 70
796 | Revision_796/flex.c | U | 1983 | 2026 | 23 | 194018 | 48 | 502 | 70
796 | Revision_796/sql.c | U | 1678 | 1716 | 23 | 194019 | 48 | 500 | 70
796 | Revision_796/flex.c | U | 2116 | 2169 | 23 | 194020 | 48 | 501 | 70
796 | Revision_796/flex.c | U | 2338 | 2378 | 23 | 194021 | 48 | 624 | 70
796 | Revision_796/flex.c | U | 2322 | 2325 | 8 | 194022 | 49 | 522 | 71
796 | Revision_796/jscript.c | U | 1582 | 1588 | 8 | 194023 | 49 | 361 | 71
796 | Revision_796/Test/local.c | U | 14 | 20 | 8 | 194024 | 49 | 362 | 71
796 | Revision_796/vhdl.c | U | 499 | 506 | 8 | 194025 | 49 | 420 | 71
796 | Revision_796/jscript.c | U | 1584 | 1587 | 8 | 194026 | 49 | 361 | 71
796 | Revision_796/flex.c | U | 2382 | 2386 | 5 | 194027 | 50 | 523 | 75
796 | Revision_796/jscript.c | U | 1597 | 1601 | 5 | 194028 | 50 | 348 | 75
796 | Revision_796/make.c | U | 191 | 195 | 5 | 194029 | 50 | 273 | 75
796 | Revision_796/ocaml.c | U | 922 | 928 | 5 | 194030 | 50 | 604 | 75
796 | Revision_796/sql.c | U | 2342 | 2346 | 5 | 194031 | 50 | 274 | 75
796 | Revision_796/ocaml.c | U | 1880 | 1885 | 5 | 194032 | 50 | 603 | 75
796 | Revision_796/options.c | U | 1773 | 1779 | 5 | 194033 | 50 | 605 | 75
796 | Revision_796/flex.c | U | 2389 | 2405 | 14 | 194034 | 51 | 524 | 100
796 | Revision_796/jscript.c | U | 1604 | 1620 | 14 | 194035 | 51 | 525 | 100
796 | Revision_796/get.c | U | 305 | 314 | 10 | 194036 | 52 | 74 | 70
796 | Revision_796/parse.c | U | 586 | 600 | 10 | 194037 | 52 | 76 | 70
796 | Revision_796/read.c | U | 220 | 231 | 10 | 194038 | 52 | 75 | 70
796 | Revision_796/get.c | U | 467 | 478 | 10 | 194039 | 53 | 77 | 87
796 | Revision_796/get.c | U | 484 | 495 | 10 | 194040 | 53 | 79 | 87
796 | Revision_796/get.c | U | 541 | 546 | 6 | 194041 | 54 | 80 | 80
796 | Revision_796/read.c | U | 423 | 427 | 6 | 194042 | 54 | 81 | 80
796 | Revision_796/get.c | U | 649 | 653 | 5 | 194043 | 55 | 394 | 75
796 | Revision_796/python.c | U | 265 | 268 | 5 | 194044 | 55 | 395 | 75
796 | Revision_796/gnu_regex/regcomp.c | U | 258 | 263 | 5 | 194045 | 56 | 563 | 75
796 | Revision_796/main.c | U | 126 | 139 | 5 | 194046 | 56 | 243 | 75
796 | Revision_796/options.c | U | 397 | 402 | 5 | 194047 | 56 | 244 | 75
796 | Revision_796/routines.c | U | 621 | 644 | 5 | 194048 | 56 | 377 | 75
796 | Revision_796/gnu_regex/regcomp.c | U | 765 | 770 | 5 | 194049 | 57 | 564 | 75
796 | Revision_796/gnu_regex/regcomp.c | U | 817 | 821 | 5 | 194050 | 57 | 565 | 75
796 | Revision_796/vhdl.c | U | 457 | 461 | 5 | 194051 | 57 | 421 | 75
796 | Revision_796/strlist.c | U | 150 | 154 | 5 | 194052 | 57 | 62 | 75
796 | Revision_796/sql.c | U | 588 | 592 | 5 | 194053 | 57 | 206 | 75
796 | Revision_796/routines.c | U | 453 | 459 | 5 | 194054 | 57 | 167 | 75
796 | Revision_796/gnu_regex/regcomp.c | U | 1222 | 1232 | 11 | 194055 | 58 | 566 | 70
796 | Revision_796/gnu_regex/regcomp.c | U | 3804 | 3816 | 11 | 194056 | 58 | 567 | 70
796 | Revision_796/gnu_regex/regcomp.c | U | 1277 | 1281 | 5 | 194057 | 59 | 568 | 100
796 | Revision_796/gnu_regex/regcomp.c | U | 1283 | 1287 | 5 | 194058 | 59 | 569 | 100
796 | Revision_796/gnu_regex/regcomp.c | U | 1477 | 1482 | 6 | 194059 | 60 | 570 | 80
796 | Revision_796/gnu_regex/regcomp.c | U | 1516 | 1522 | 6 | 194060 | 60 | 571 | 80
796 | Revision_796/gnu_regex/regcomp.c | U | 1662 | 1667 | 5 | 194061 | 61 | 572 | 75
796 | Revision_796/gnu_regex/regcomp.c | U | 1685 | 1689 | 5 | 194062 | 61 | 573 | 75
796 | Revision_796/gnu_regex/regex_internal.c | U | 76 | 80 | 5 | 194063 | 61 | 574 | 75
796 | Revision_796/gnu_regex/regcomp.c | U | 2011 | 2030 | 16 | 194064 | 62 | 575 | 75
796 | Revision_796/gnu_regex/regcomp.c | U | 2034 | 2046 | 16 | 194065 | 62 | 576 | 75
796 | Revision_796/gnu_regex/regcomp.c | U | 2158 | 2165 | 7 | 194066 | 63 | 577 | 80
796 | Revision_796/gnu_regex/regcomp.c | U | 2312 | 2319 | 7 | 194067 | 63 | 578 | 80
796 | Revision_796/gnu_regex/regcomp.c | U | 2292 | 2296 | 5 | 194068 | 64 | 579 | 75
796 | Revision_796/readtags.c | U | 242 | 246 | 5 | 194069 | 64 | 581 | 75
796 | Revision_796/gnu_regex/regcomp.c | U | 2298 | 2302 | 5 | 194070 | 64 | 580 | 75
796 | Revision_796/gnu_regex/regex_internal.c | U | 1048 | 1055 | 8 | 194071 | 65 | 582 | 71
796 | Revision_796/gnu_regex/regex_internal.c | U | 1562 | 1570 | 8 | 194072 | 65 | 583 | 71
796 | Revision_796/gnu_regex/regex_internal.c | U | 1188 | 1195 | 8 | 194073 | 65 | 584 | 71
796 | Revision_796/gnu_regex/regex_internal.c | U | 1101 | 1116 | 13 | 194074 | 66 | 585 | 80
796 | Revision_796/gnu_regex/regex_internal.c | U | 1234 | 1254 | 13 | 194075 | 66 | 586 | 80
796 | Revision_796/gnu_regex/regex_internal.c | U | 1287 | 1294 | 8 | 194076 | 67 | 587 | 85
796 | Revision_796/gnu_regex/regex_internal.c | U | 1326 | 1333 | 8 | 194077 | 67 | 588 | 85
796 | Revision_796/gnu_regex/regex_internal.c | U | 1464 | 1492 | 22 | 194078 | 68 | 589 | 70
796 | Revision_796/gnu_regex/regex_internal.c | U | 1508 | 1535 | 22 | 194079 | 68 | 590 | 70
796 | Revision_796/jscript.c | U | 360 | 458 | 126 | 194080 | 69 | 299 | 73
796 | Revision_796/sql.c | U | 531 | 679 | 126 | 194081 | 69 | 300 | 73
796 | Revision_796/jscript.c | U | 1010 | 1021 | 7 | 194082 | 70 | 399 | 83
796 | Revision_796/jscript.c | U | 1024 | 1034 | 7 | 194083 | 70 | 336 | 83
796 | Revision_796/jscript.c | U | 1093 | 1102 | 6 | 194084 | 71 | 360 | 75
796 | Revision_796/options.c | U | 1683 | 1687 | 6 | 194085 | 71 | 223 | 75
796 | Revision_796/jscript.c | U | 1172 | 1198 | 12 | 194086 | 72 | 372 | 72
796 | Revision_796/jscript.c | U | 1200 | 1222 | 12 | 194087 | 72 | 373 | 72
796 | Revision_796/keyword.c | U | 184 | 188 | 5 | 194088 | 73 | 85 | 75
796 | Revision_796/options.c | U | 1042 | 1046 | 5 | 194089 | 73 | 86 | 75
796 | Revision_796/readtags.c | U | 452 | 456 | 5 | 194090 | 73 | 87 | 75
796 | Revision_796/sql.c | U | 1355 | 1359 | 5 | 194091 | 73 | 397 | 75
796 | Revision_796/lisp.c | U | 91 | 97 | 7 | 194092 | 74 | 89 | 83
796 | Revision_796/lisp.c | U | 112 | 118 | 7 | 194093 | 74 | 90 | 83
796 | Revision_796/make.c | U | 44 | 48 | 5 | 194094 | 75 | 267 | 75
796 | Revision_796/verilog.c | U | 287 | 291 | 5 | 194095 | 75 | 268 | 75
796 | Revision_796/make.c | U | 77 | 87 | 11 | 194096 | 76 | 269 | 77
796 | Revision_796/verilog.c | U | 199 | 212 | 11 | 194097 | 76 | 270 | 77
796 | Revision_796/make.c | U | 97 | 105 | 8 | 194098 | 77 | 271 | 75
796 | Revision_796/verilog.c | U | 187 | 193 | 8 | 194099 | 77 | 272 | 75
796 | Revision_796/objc.c | U | 154 | 163 | 7 | 194100 | 78 | 642 | 100
796 | Revision_796/ocaml.c | U | 182 | 191 | 7 | 194101 | 78 | 643 | 100
796 | Revision_796/objc.c | U | 199 | 205 | 6 | 194102 | 79 | 644 | 100
796 | Revision_796/ocaml.c | U | 251 | 257 | 6 | 194103 | 79 | 645 | 100
796 | Revision_796/objc.c | U | 208 | 228 | 15 | 194104 | 80 | 646 | 100
796 | Revision_796/ocaml.c | U | 260 | 280 | 15 | 194105 | 80 | 647 | 100
796 | Revision_796/objc.c | U | 241 | 249 | 6 | 194106 | 81 | 679 | 100
796 | Revision_796/ocaml.c | U | 293 | 301 | 6 | 194107 | 81 | 680 | 100
796 | Revision_796/objc.c | U | 264 | 279 | 10 | 194108 | 82 | 650 | 88
796 | Revision_796/ocaml.c | U | 344 | 359 | 10 | 194109 | 82 | 651 | 88
796 | Revision_796/objc.c | U | 283 | 298 | 10 | 194110 | 82 | 652 | 88
796 | Revision_796/objc.c | U | 304 | 426 | 89 | 194111 | 83 | 653 | 75
796 | Revision_796/ocaml.c | U | 408 | 508 | 89 | 194112 | 83 | 654 | 75
796 | Revision_796/objc.c | U | 318 | 330 | 10 | 194113 | 84 | 655 | 100
796 | Revision_796/objc.c | U | 332 | 344 | 10 | 194114 | 84 | 656 | 100
796 | Revision_796/objc.c | U | 484 | 488 | 6 | 194115 | 85 | 657 | 80
796 | Revision_796/ocaml.c | U | 906 | 913 | 6 | 194116 | 85 | 658 | 80
796 | Revision_796/objc.c | U | 539 | 567 | 22 | 194117 | 86 | 659 | 70
796 | Revision_796/objc.c | U | 688 | 711 | 22 | 194118 | 86 | 662 | 70
796 | Revision_796/ocaml.c | U | 1436 | 1469 | 22 | 194119 | 86 | 621 | 70
796 | Revision_796/ocaml.c | U | 1274 | 1304 | 22 | 194120 | 86 | 638 | 70
796 | Revision_796/objc.c | U | 942 | 969 | 22 | 194121 | 86 | 660 | 70
796 | Revision_796/objc.c | U | 658 | 685 | 22 | 194122 | 86 | 661 | 70
796 | Revision_796/ocaml.c | U | 946 | 969 | 22 | 194123 | 86 | 616 | 70
796 | Revision_796/ocaml.c | U | 1569 | 1609 | 22 | 194124 | 86 | 615 | 70
796 | Revision_796/objc.c | U | 714 | 743 | 22 | 194125 | 86 | 663 | 70
796 | Revision_796/ocaml.c | U | 1037 | 1064 | 22 | 194126 | 86 | 664 | 70
796 | Revision_796/ocaml.c | U | 1484 | 1511 | 22 | 194127 | 86 | 665 | 70
796 | Revision_796/ocaml.c | U | 1542 | 1562 | 22 | 194128 | 86 | 617 | 70
796 | Revision_796/objc.c | U | 873 | 893 | 22 | 194129 | 86 | 667 | 70
796 | Revision_796/ocaml.c | U | 1214 | 1262 | 22 | 194130 | 86 | 620 | 70
796 | Revision_796/ocaml.c | U | 1076 | 1115 | 22 | 194131 | 86 | 666 | 70
796 | Revision_796/objc.c | U | 576 | 614 | 31 | 194132 | 87 | 668 | 100
796 | Revision_796/objc.c | U | 617 | 655 | 31 | 194133 | 87 | 669 | 100
796 | Revision_796/objc.c | U | 747 | 754 | 7 | 194134 | 88 | 670 | 83
796 | Revision_796/objc.c | U | 757 | 764 | 7 | 194135 | 88 | 671 | 83
796 | Revision_796/objc.c | U | 767 | 775 | 7 | 194136 | 88 | 672 | 83
796 | Revision_796/ocaml.c | U | 974 | 984 | 7 | 194137 | 88 | 618 | 83
796 | Revision_796/objc.c | U | 823 | 860 | 29 | 194138 | 89 | 673 | 96
796 | Revision_796/objc.c | U | 899 | 934 | 29 | 194139 | 89 | 674 | 96
796 | Revision_796/objc.c | U | 973 | 995 | 17 | 194140 | 90 | 683 | 71
796 | Revision_796/ocaml.c | U | 1517 | 1535 | 17 | 194141 | 90 | 684 | 71
796 | Revision_796/objc.c | U | 998 | 1003 | 5 | 194142 | 91 | 675 | 75
796 | Revision_796/ocaml.c | U | 1081 | 1089 | 5 | 194143 | 91 | 619 | 75
796 | Revision_796/sort.c | U | 144 | 148 | 5 | 194144 | 91 | 676 | 75
796 | Revision_796/ocaml.c | U | 695 | 699 | 5 | 194145 | 92 | 606 | 75
796 | Revision_796/ocaml.c | U | 739 | 744 | 5 | 194146 | 92 | 608 | 75
796 | Revision_796/ocaml.c | U | 718 | 722 | 5 | 194147 | 92 | 607 | 75
796 | Revision_796/ocaml.c | U | 775 | 797 | 22 | 194148 | 93 | 609 | 71
796 | Revision_796/ocaml.c | U | 851 | 875 | 22 | 194149 | 93 | 610 | 71
796 | Revision_796/ocaml.c | U | 812 | 817 | 7 | 194150 | 94 | 611 | 71
796 | Revision_796/ocaml.c | U | 824 | 831 | 7 | 194151 | 94 | 612 | 71
796 | Revision_796/sql.c | U | 495 | 510 | 7 | 194152 | 94 | 296 | 71
796 | Revision_796/options.c | U | 369 | 375 | 6 | 194153 | 95 | 107 | 100
796 | Revision_796/options.c | U | 378 | 384 | 6 | 194154 | 95 | 108 | 100
796 | Revision_796/options.c | U | 543 | 549 | 7 | 194155 | 96 | 112 | 100
796 | Revision_796/options.c | U | 552 | 558 | 7 | 194156 | 96 | 115 | 100
796 | Revision_796/options.c | U | 561 | 567 | 7 | 194157 | 96 | 114 | 100
796 | Revision_796/options.c | U | 570 | 576 | 7 | 194158 | 96 | 113 | 100
796 | Revision_796/options.c | U | 982 | 986 | 5 | 194159 | 97 | 118 | 75
796 | Revision_796/options.c | U | 1008 | 1012 | 5 | 194160 | 97 | 119 | 75
796 | Revision_796/options.c | U | 1102 | 1106 | 5 | 194161 | 98 | 120 | 100
796 | Revision_796/options.c | U | 1108 | 1112 | 5 | 194162 | 98 | 120 | 100
796 | Revision_796/options.c | U | 1154 | 1166 | 12 | 194163 | 99 | 245 | 100
796 | Revision_796/options.c | U | 1171 | 1183 | 12 | 194164 | 99 | 123 | 100
796 | Revision_796/options.c | U | 1425 | 1442 | 15 | 194165 | 100 | 124 | 91
796 | Revision_796/options.c | U | 1463 | 1480 | 15 | 194166 | 100 | 125 | 91
796 | Revision_796/parse.c | U | 96 | 106 | 11 | 194167 | 101 | 126 | 88
796 | Revision_796/parse.c | U | 109 | 120 | 11 | 194168 | 101 | 127 | 88
796 | Revision_796/parse.c | U | 299 | 303 | 5 | 194169 | 102 | 246 | 75
796 | Revision_796/parse.c | U | 575 | 579 | 5 | 194170 | 102 | 247 | 75
796 | Revision_796/parse.c | U | 556 | 560 | 5 | 194171 | 102 | 248 | 75
796 | Revision_796/pascal.c | U | 134 | 138 | 5 | 194172 | 103 | 128 | 75
796 | Revision_796/perl.c | U | 187 | 191 | 5 | 194173 | 103 | 129 | 75
796 | Revision_796/pascal.c | U | 150 | 154 | 5 | 194174 | 104 | 212 | 75
796 | Revision_796/pascal.c | U | 184 | 190 | 5 | 194175 | 104 | 131 | 75
796 | Revision_796/python.c | U | 769 | 773 | 5 | 194176 | 104 | 370 | 75
796 | Revision_796/pascal.c | U | 176 | 182 | 5 | 194177 | 104 | 130 | 75
796 | Revision_796/perl.c | U | 208 | 214 | 7 | 194178 | 105 | 262 | 83
796 | Revision_796/perl.c | U | 254 | 259 | 7 | 194179 | 105 | 367 | 83
796 | Revision_796/python.c | U | 148 | 161 | 11 | 194180 | 106 | 39 | 77
796 | Revision_796/python.c | U | 191 | 202 | 11 | 194181 | 106 | 14 | 77
796 | Revision_796/python.c | U | 626 | 630 | 7 | 194182 | 107 | 370 | 80
796 | Revision_796/python.c | U | 631 | 636 | 7 | 194183 | 107 | 370 | 80
796 | Revision_796/python.c | U | 775 | 784 | 8 | 194184 | 108 | 436 | 83
796 | Revision_796/python.c | U | 786 | 794 | 8 | 194185 | 108 | 14 | 83
796 | Revision_796/readtags.c | U | 106 | 113 | 8 | 194186 | 109 | 149 | 83
796 | Revision_796/readtags.c | U | 116 | 123 | 8 | 194187 | 109 | 134 | 83
796 | Revision_796/routines.c | U | 288 | 295 | 8 | 194188 | 109 | 155 | 83
796 | Revision_796/routines.c | U | 298 | 305 | 8 | 194189 | 109 | 156 | 83
796 | Revision_796/readtags.c | U | 144 | 148 | 5 | 194190 | 110 | 110 | 75
796 | Revision_796/vstring.c | U | 35 | 40 | 5 | 194191 | 110 | 111 | 75
796 | Revision_796/readtags.c | U | 541 | 547 | 6 | 194192 | 111 | 150 | 100
796 | Revision_796/readtags.c | U | 549 | 555 | 6 | 194193 | 111 | 151 | 100
796 | Revision_796/readtags.c | U | 584 | 588 | 6 | 194194 | 112 | 134 | 75
796 | Revision_796/readtags.c | U | 639 | 645 | 6 | 194195 | 112 | 135 | 75
796 | Revision_796/readtags.c | U | 718 | 726 | 8 | 194196 | 113 | 136 | 83
796 | Revision_796/readtags.c | U | 773 | 781 | 8 | 194197 | 113 | 139 | 83
796 | Revision_796/readtags.c | U | 729 | 737 | 8 | 194198 | 113 | 139 | 83
796 | Revision_796/readtags.c | U | 740 | 745 | 6 | 194199 | 114 | 152 | 80
796 | Revision_796/readtags.c | U | 765 | 770 | 6 | 194200 | 114 | 153 | 80
796 | Revision_796/readtags.c | U | 757 | 762 | 6 | 194201 | 114 | 187 | 80
796 | Revision_796/routines.c | U | 237 | 244 | 6 | 194202 | 115 | 157 | 80
796 | Revision_796/routines.c | U | 247 | 254 | 6 | 194203 | 115 | 158 | 80
796 | Revision_796/routines.c | U | 322 | 326 | 5 | 194204 | 116 | 159 | 75
796 | Revision_796/vstring.c | U | 125 | 129 | 5 | 194205 | 116 | 94 | 75
796 | Revision_796/vstring.c | U | 118 | 122 | 5 | 194206 | 116 | 95 | 75
796 | Revision_796/routines.c | U | 329 | 335 | 6 | 194207 | 117 | 160 | 100
796 | Revision_796/routines.c | U | 338 | 344 | 6 | 194208 | 117 | 161 | 100
796 | Revision_796/routines.c | U | 349 | 356 | 8 | 194209 | 118 | 162 | 100
796 | Revision_796/routines.c | U | 361 | 368 | 8 | 194210 | 118 | 163 | 100
796 | Revision_796/scheme.c | U | 70 | 78 | 8 | 194211 | 119 | 140 | 71
796 | Revision_796/scheme.c | U | 85 | 93 | 8 | 194212 | 119 | 141 | 71
796 | Revision_796/sort.c | U | 118 | 123 | 5 | 194213 | 120 | 182 | 100
796 | Revision_796/sort.c | U | 126 | 131 | 5 | 194214 | 120 | 183 | 100
796 | Revision_796/sql.c | U | 735 | 784 | 32 | 194215 | 121 | 422 | 72
796 | Revision_796/vhdl.c | U | 493 | 533 | 32 | 194216 | 121 | 423 | 72
796 | Revision_796/sql.c | U | 1740 | 1776 | 24 | 194217 | 122 | 351 | 78
796 | Revision_796/sql.c | U | 2146 | 2189 | 24 | 194218 | 122 | 352 | 78
796 | Revision_796/sql.c | U | 2085 | 2143 | 34 | 194219 | 123 | 629 | 100
796 | Revision_796/sql.c | U | 2192 | 2253 | 34 | 194220 | 123 | 630 | 100
796 | Revision_796/sql.c | U | 2110 | 2135 | 17 | 194221 | 124 | 353 | 84
796 | Revision_796/sql.c | U | 2159 | 2183 | 17 | 194222 | 124 | 354 | 84
796 | Revision_796/sql.c | U | 2220 | 2245 | 17 | 194223 | 124 | 631 | 84
796 | Revision_796/sql.c | U | 2349 | 2357 | 7 | 194224 | 125 | 426 | 71
796 | Revision_796/vhdl.c | U | 813 | 821 | 7 | 194225 | 125 | 427 | 71
796 | Revision_796/tex.c | U | 557 | 566 | 7 | 194226 | 125 | 554 | 71
796 | Revision_796/strlist.c | U | 32 | 38 | 8 | 194227 | 126 | 142 | 71
796 | Revision_796/vstring.c | U | 77 | 87 | 8 | 194228 | 126 | 143 | 71
796 | Revision_796/strlist.c | U | 191 | 196 | 7 | 194229 | 127 | 146 | 83
796 | Revision_796/strlist.c | U | 200 | 206 | 7 | 194230 | 127 | 264 | 83
796 | Revision_796/tex.c | U | 232 | 237 | 6 | 194231 | 128 | 681 | 100
796 | Revision_796/tex.c | U | 242 | 247 | 6 | 194232 | 128 | 681 | 100
796 | Revision_796/tex.c | U | 237 | 242 | 6 | 194233 | 128 | 681 | 100
796 | Revision_796/tex.c | U | 304 | 371 | 69 | 194234 | 129 | 550 | 77
796 | Revision_796/vhdl.c | U | 405 | 479 | 69 | 194235 | 129 | 625 | 77
796 | Revision_796/tex.c | U | 413 | 430 | 16 | 194236 | 130 | 558 | 83
796 | Revision_796/tex.c | U | 438 | 457 | 16 | 194237 | 130 | 559 | 83
796 | Revision_796/verilog.c | U | 142 | 146 | 5 | 194238 | 131 | 259 | 75
796 | Revision_796/verilog.c | U | 239 | 243 | 5 | 194239 | 131 | 260 | 75
796 | Revision_796/vhdl.c | U | 724 | 741 | 15 | 194240 | 132 | 430 | 100
796 | Revision_796/vhdl.c | U | 743 | 760 | 15 | 194241 | 132 | 427 | 100
796 | Revision_796/vim.c | U | 99 | 103 | 5 | 194242 | 133 | 192 | 100
796 | Revision_796/vim.c | U | 105 | 109 | 5 | 194243 | 133 | 193 | 100
796 | Revision_796/vim.c | U | 258 | 281 | 17 | 194244 | 134 | 224 | 76
796 | Revision_796/vim.c | U | 308 | 326 | 17 | 194245 | 134 | 147 | 76
796 | Revision_796/vim.c | U | 263 | 280 | 12 | 194246 | 135 | 224 | 77
796 | Revision_796/vim.c | U | 675 | 685 | 12 | 194247 | 135 | 682 | 77
796 | Revision_796/vim.c | U | 313 | 325 | 12 | 194248 | 135 | 600 | 77
