Revision | filePath | changeType | StartLine | EndLine | Nlines | cloneId | classId | globalCloneId | Similarity
800 | Revision_800/lisp.c | U | 91 | 97 | 7 | 301472 | 1 | 1 | 83
800 | Revision_800/lisp.c | U | 112 | 118 | 7 | 301473 | 1 | 2 | 83
800 | Revision_800/lisp.c | U | 127 | 137 | 9 | 301474 | 2 | 3 | 70
800 | Revision_800/ocaml.c | U | 1888 | 1898 | 9 | 301475 | 2 | 745 | 70
800 | Revision_800/c.c | U | 2870 | 2879 | 9 | 301476 | 2 | 12 | 70
800 | Revision_800/verilog.c | U | 330 | 339 | 9 | 301477 | 2 | 283 | 70
800 | Revision_800/asp.c | U | 317 | 325 | 9 | 301478 | 2 | 4 | 70
800 | Revision_800/sql.c | U | 2360 | 2369 | 9 | 301479 | 2 | 296 | 70
800 | Revision_800/erlang.c | U | 179 | 187 | 9 | 301480 | 2 | 340 | 70
800 | Revision_800/beta.c | U | 311 | 319 | 9 | 301481 | 2 | 5 | 70
800 | Revision_800/cobol.c | U | 40 | 48 | 9 | 301482 | 2 | 320 | 70
800 | Revision_800/c.c | U | 2924 | 2933 | 9 | 301483 | 2 | 15 | 70
800 | Revision_800/tcl.c | U | 106 | 114 | 9 | 301484 | 2 | 18 | 70
800 | Revision_800/vhdl.c | U | 824 | 833 | 9 | 301485 | 2 | 539 | 70
800 | Revision_800/ruby.c | U | 398 | 406 | 9 | 301486 | 2 | 19 | 70
800 | Revision_800/objc.c | U | 1141 | 1151 | 9 | 301487 | 2 | 783 | 70
800 | Revision_800/sml.c | U | 202 | 210 | 9 | 301488 | 2 | 321 | 70
800 | Revision_800/c.c | U | 2900 | 2909 | 9 | 301489 | 2 | 315 | 70
800 | Revision_800/c.c | U | 2912 | 2921 | 9 | 301490 | 2 | 330 | 70
800 | Revision_800/eiffel.c | U | 1259 | 1268 | 9 | 301491 | 2 | 9 | 70
800 | Revision_800/sh.c | U | 103 | 113 | 9 | 301492 | 2 | 17 | 70
800 | Revision_800/scheme.c | U | 99 | 109 | 9 | 301493 | 2 | 16 | 70
800 | Revision_800/php.c | U | 91 | 98 | 9 | 301494 | 2 | 501 | 70
800 | Revision_800/c.c | U | 2882 | 2897 | 9 | 301495 | 2 | 8 | 70
800 | Revision_800/basic.c | U | 193 | 201 | 9 | 301496 | 2 | 408 | 70
800 | Revision_800/perl.c | U | 372 | 380 | 9 | 301497 | 2 | 7 | 70
800 | Revision_800/python.c | U | 856 | 864 | 9 | 301498 | 2 | 13 | 70
800 | Revision_800/vim.c | U | 731 | 739 | 9 | 301499 | 2 | 20 | 70
800 | Revision_800/awk.c | U | 71 | 79 | 9 | 301500 | 2 | 10 | 70
800 | Revision_800/lua.c | U | 123 | 131 | 9 | 301501 | 2 | 243 | 70
800 | Revision_800/fortran.c | U | 2180 | 2195 | 9 | 301502 | 2 | 21 | 70
800 | Revision_800/pascal.c | U | 257 | 265 | 9 | 301503 | 2 | 14 | 70
800 | Revision_800/flex.c | U | 2409 | 2422 | 9 | 301504 | 2 | 575 | 70
800 | Revision_800/make.c | U | 205 | 215 | 9 | 301505 | 2 | 25 | 70
800 | Revision_800/asm.c | U | 366 | 385 | 9 | 301506 | 2 | 274 | 70
800 | Revision_800/tex.c | U | 570 | 583 | 9 | 301507 | 2 | 665 | 70
800 | Revision_800/jscript.c | U | 1680 | 1693 | 9 | 301508 | 2 | 413 | 70
800 | Revision_800/dosbatch.c | U | 33 | 40 | 9 | 301509 | 2 | 667 | 70
800 | Revision_800/html.c | U | 40 | 47 | 9 | 301510 | 2 | 365 | 70
800 | Revision_800/ant.c | U | 33 | 40 | 9 | 301511 | 2 | 666 | 70
800 | Revision_800/yacc.c | U | 31 | 38 | 9 | 301512 | 2 | 23 | 70
800 | Revision_800/matlab.c | U | 35 | 42 | 9 | 301513 | 2 | 668 | 70
800 | Revision_800/slang.c | U | 34 | 41 | 9 | 301514 | 2 | 24 | 70
800 | Revision_800/keyword.c | U | 107 | 116 | 9 | 301515 | 2 | 27 | 70
800 | Revision_800/rexx.c | U | 30 | 37 | 9 | 301516 | 2 | 26 | 70
800 | Revision_800/c.c | U | 2254 | 2259 | 9 | 301517 | 2 | 28 | 70
800 | Revision_800/options.c | U | 626 | 632 | 9 | 301518 | 2 | 29 | 70
800 | Revision_800/options.c | U | 533 | 538 | 9 | 301519 | 2 | 30 | 70
800 | Revision_800/fortran.c | U | 414 | 426 | 9 | 301520 | 2 | 158 | 70
800 | Revision_800/c.c | U | 2283 | 2291 | 9 | 301521 | 2 | 31 | 70
800 | Revision_800/flex.c | U | 228 | 242 | 9 | 301522 | 2 | 576 | 70
800 | Revision_800/jscript.c | U | 194 | 207 | 9 | 301523 | 2 | 414 | 70
800 | Revision_800/sql.c | U | 421 | 433 | 9 | 301524 | 2 | 309 | 70
800 | Revision_800/eiffel.c | U | 622 | 634 | 9 | 301525 | 2 | 157 | 70
800 | Revision_800/tex.c | U | 172 | 183 | 9 | 301526 | 2 | 669 | 70
800 | Revision_800/vhdl.c | U | 342 | 351 | 9 | 301527 | 2 | 540 | 70
800 | Revision_800/asp.c | U | 72 | 91 | 15 | 301528 | 3 | 33 | 100
800 | Revision_800/asp.c | U | 95 | 114 | 15 | 301529 | 3 | 34 | 100
800 | Revision_800/asp.c | U | 118 | 163 | 40 | 301530 | 4 | 736 | 100
800 | Revision_800/asp.c | U | 165 | 210 | 40 | 301531 | 4 | 737 | 100
800 | Revision_800/asp.c | U | 125 | 137 | 11 | 301532 | 5 | 35 | 70
800 | Revision_800/asp.c | U | 272 | 287 | 11 | 301533 | 5 | 36 | 70
800 | Revision_800/asp.c | U | 214 | 230 | 11 | 301534 | 5 | 36 | 70
800 | Revision_800/asp.c | U | 253 | 268 | 11 | 301535 | 5 | 36 | 70
800 | Revision_800/asp.c | U | 291 | 306 | 11 | 301536 | 5 | 739 | 70
800 | Revision_800/asp.c | U | 234 | 249 | 11 | 301537 | 5 | 740 | 70
800 | Revision_800/asp.c | U | 139 | 151 | 11 | 301538 | 5 | 36 | 70
800 | Revision_800/asp.c | U | 152 | 161 | 11 | 301539 | 5 | 738 | 70
800 | Revision_800/asp.c | U | 186 | 198 | 11 | 301540 | 5 | 741 | 70
800 | Revision_800/asp.c | U | 172 | 184 | 11 | 301541 | 5 | 742 | 70
800 | Revision_800/asp.c | U | 218 | 229 | 11 | 301542 | 5 | 36 | 70
800 | Revision_800/vim.c | U | 315 | 324 | 11 | 301543 | 5 | 743 | 70
800 | Revision_800/asp.c | U | 275 | 286 | 11 | 301544 | 5 | 36 | 70
800 | Revision_800/lua.c | U | 81 | 88 | 11 | 301545 | 5 | 285 | 70
800 | Revision_800/asp.c | U | 256 | 267 | 11 | 301546 | 5 | 739 | 70
800 | Revision_800/asp.c | U | 294 | 305 | 11 | 301547 | 5 | 36 | 70
800 | Revision_800/vim.c | U | 270 | 279 | 11 | 301548 | 5 | 744 | 70
800 | Revision_800/asp.c | U | 237 | 248 | 11 | 301549 | 5 | 740 | 70
800 | Revision_800/asp.c | U | 199 | 208 | 11 | 301550 | 5 | 4 | 70
800 | Revision_800/args.c | U | 85 | 92 | 8 | 301551 | 6 | 43 | 100
800 | Revision_800/args.c | U | 160 | 167 | 8 | 301552 | 6 | 44 | 100
800 | Revision_800/args.c | U | 182 | 190 | 9 | 301553 | 7 | 45 | 75
800 | Revision_800/args.c | U | 193 | 200 | 9 | 301554 | 7 | 46 | 75
800 | Revision_800/args.c | U | 203 | 211 | 9 | 301555 | 7 | 47 | 75
800 | Revision_800/args.c | U | 266 | 272 | 7 | 301556 | 8 | 48 | 83
800 | Revision_800/options.c | U | 579 | 584 | 7 | 301557 | 8 | 49 | 83
800 | Revision_800/c.c | U | 536 | 542 | 5 | 301558 | 9 | 51 | 71
800 | Revision_800/jscript.c | U | 210 | 214 | 5 | 301559 | 9 | 415 | 71
800 | Revision_800/sql.c | U | 436 | 440 | 5 | 301560 | 9 | 416 | 71
800 | Revision_800/flex.c | U | 245 | 249 | 5 | 301561 | 9 | 577 | 71
800 | Revision_800/vhdl.c | U | 354 | 361 | 5 | 301562 | 9 | 541 | 71
800 | Revision_800/tex.c | U | 186 | 190 | 5 | 301563 | 9 | 670 | 71
800 | Revision_800/vstring.c | U | 67 | 74 | 5 | 301564 | 9 | 52 | 71
800 | Revision_800/fortran.c | U | 888 | 892 | 5 | 301565 | 9 | 50 | 71
800 | Revision_800/eiffel.c | U | 637 | 643 | 5 | 301566 | 9 | 362 | 71
800 | Revision_800/vstring.c | U | 69 | 73 | 5 | 301567 | 9 | 52 | 71
800 | Revision_800/fortran.c | U | 440 | 445 | 5 | 301568 | 9 | 363 | 71
800 | Revision_800/fortran.c | U | 438 | 446 | 5 | 301569 | 9 | 363 | 71
800 | Revision_800/fortran.c | U | 1060 | 1064 | 5 | 301570 | 9 | 312 | 71
800 | Revision_800/sql.c | U | 1569 | 1574 | 5 | 301571 | 9 | 462 | 71
800 | Revision_800/vhdl.c | U | 620 | 624 | 5 | 301572 | 9 | 542 | 71
800 | Revision_800/vhdl.c | U | 611 | 615 | 5 | 301573 | 9 | 543 | 71
800 | Revision_800/flex.c | U | 1325 | 1334 | 5 | 301574 | 9 | 578 | 71
800 | Revision_800/sql.c | U | 1413 | 1424 | 5 | 301575 | 9 | 771 | 71
800 | Revision_800/vhdl.c | U | 356 | 360 | 5 | 301576 | 9 | 541 | 71
800 | Revision_800/vhdl.c | U | 749 | 754 | 5 | 301577 | 9 | 539 | 71
800 | Revision_800/c.c | U | 2221 | 2225 | 5 | 301578 | 9 | 125 | 71
800 | Revision_800/vhdl.c | U | 730 | 735 | 5 | 301579 | 9 | 560 | 71
800 | Revision_800/options.c | U | 674 | 678 | 5 | 301580 | 9 | 127 | 71
800 | Revision_800/sql.c | U | 1866 | 1870 | 5 | 301581 | 9 | 454 | 71
800 | Revision_800/sql.c | U | 2127 | 2131 | 5 | 301582 | 9 | 455 | 71
800 | Revision_800/flex.c | U | 1312 | 1322 | 5 | 301583 | 9 | 579 | 71
800 | Revision_800/sql.c | U | 2237 | 2241 | 5 | 301584 | 9 | 772 | 71
800 | Revision_800/strlist.c | U | 150 | 154 | 5 | 301585 | 9 | 126 | 71
800 | Revision_800/eiffel.c | U | 691 | 695 | 5 | 301586 | 9 | 250 | 71
800 | Revision_800/vhdl.c | U | 457 | 461 | 5 | 301587 | 9 | 544 | 71
800 | Revision_800/sql.c | U | 588 | 592 | 5 | 301588 | 9 | 300 | 71
800 | Revision_800/gnu_regex/regcomp.c | U | 817 | 821 | 5 | 301589 | 9 | 707 | 71
800 | Revision_800/options.c | U | 1221 | 1225 | 5 | 301590 | 9 | 129 | 71
800 | Revision_800/sql.c | U | 952 | 961 | 5 | 301591 | 9 | 493 | 71
800 | Revision_800/c.c | U | 2494 | 2501 | 5 | 301592 | 9 | 94 | 71
800 | Revision_800/jscript.c | M | 934 | 943 | 5 | 301593 | 9 | 456 | 71
800 | Revision_800/fortran.c | U | 813 | 818 | 5 | 301594 | 9 | 116 | 71
800 | Revision_800/options.c | U | 352 | 357 | 5 | 301595 | 9 | 224 | 71
800 | Revision_800/eiffel.c | U | 429 | 434 | 5 | 301596 | 9 | 119 | 71
800 | Revision_800/routines.c | U | 453 | 459 | 5 | 301597 | 9 | 266 | 71
800 | Revision_800/fortran.c | U | 990 | 994 | 5 | 301598 | 9 | 128 | 71
800 | Revision_800/gnu_regex/regcomp.c | U | 765 | 770 | 5 | 301599 | 9 | 708 | 71
800 | Revision_800/sql.c | U | 970 | 980 | 5 | 301600 | 9 | 698 | 71
800 | Revision_800/jscript.c | M | 945 | 950 | 5 | 301601 | 9 | 457 | 71
800 | Revision_800/jscript.c | U | 916 | 932 | 5 | 301602 | 9 | 480 | 71
800 | Revision_800/fortran.c | U | 805 | 811 | 5 | 301603 | 9 | 50 | 71
800 | Revision_800/eiffel.c | U | 421 | 427 | 5 | 301604 | 9 | 119 | 71
800 | Revision_800/sql.c | U | 1877 | 1886 | 5 | 301605 | 9 | 486 | 71
800 | Revision_800/sql.c | U | 1631 | 1638 | 5 | 301606 | 9 | 430 | 71
800 | Revision_800/c.c | U | 545 | 552 | 6 | 301607 | 10 | 53 | 80
800 | Revision_800/c.c | U | 555 | 562 | 6 | 301608 | 10 | 54 | 80
800 | Revision_800/c.c | U | 664 | 680 | 18 | 301609 | 11 | 55 | 70
800 | Revision_800/fortran.c | U | 1095 | 1115 | 18 | 301610 | 11 | 58 | 70
800 | Revision_800/c.c | U | 1168 | 1186 | 18 | 301611 | 11 | 60 | 70
800 | Revision_800/c.c | U | 1245 | 1259 | 18 | 301612 | 11 | 56 | 70
800 | Revision_800/fortran.c | U | 1118 | 1133 | 18 | 301613 | 11 | 375 | 70
800 | Revision_800/fortran.c | U | 1854 | 1870 | 18 | 301614 | 11 | 59 | 70
800 | Revision_800/c.c | U | 683 | 699 | 18 | 301615 | 11 | 57 | 70
800 | Revision_800/flex.c | U | 1946 | 1969 | 18 | 301616 | 11 | 601 | 70
800 | Revision_800/fortran.c | U | 1771 | 1799 | 18 | 301617 | 11 | 366 | 70
800 | Revision_800/jscript.c | M | 1602 | 1625 | 18 | 301618 | 11 | 463 | 70
800 | Revision_800/fortran.c | U | 1098 | 1113 | 18 | 301619 | 11 | 58 | 70
800 | Revision_800/objc.c | U | 516 | 532 | 18 | 301620 | 11 | 784 | 70
800 | Revision_800/c.c | U | 686 | 697 | 18 | 301621 | 11 | 63 | 70
800 | Revision_800/c.c | U | 1171 | 1184 | 18 | 301622 | 11 | 57 | 70
800 | Revision_800/Test/local.c | U | 9 | 22 | 18 | 301623 | 11 | 384 | 70
800 | Revision_800/eiffel.c | U | 1151 | 1170 | 18 | 301624 | 11 | 307 | 70
800 | Revision_800/fortran.c | U | 1254 | 1275 | 18 | 301625 | 11 | 369 | 70
800 | Revision_800/get.c | U | 406 | 413 | 18 | 301626 | 11 | 602 | 70
800 | Revision_800/eiffel.c | U | 1148 | 1173 | 18 | 301627 | 11 | 307 | 70
800 | Revision_800/fortran.c | U | 1571 | 1608 | 18 | 301628 | 11 | 367 | 70
800 | Revision_800/fortran.c | U | 1251 | 1276 | 18 | 301629 | 11 | 369 | 70
800 | Revision_800/c.c | U | 667 | 678 | 18 | 301630 | 11 | 55 | 70
800 | Revision_800/fortran.c | U | 1857 | 1868 | 18 | 301631 | 11 | 65 | 70
800 | Revision_800/fortran.c | U | 1774 | 1797 | 18 | 301632 | 11 | 366 | 70
800 | Revision_800/eiffel.c | U | 947 | 987 | 18 | 301633 | 11 | 700 | 70
800 | Revision_800/eiffel.c | U | 1227 | 1232 | 18 | 301634 | 11 | 362 | 70
800 | Revision_800/eiffel.c | U | 1153 | 1169 | 18 | 301635 | 11 | 307 | 70
800 | Revision_800/c.c | U | 717 | 739 | 21 | 301636 | 12 | 72 | 70
800 | Revision_800/fortran.c | U | 1285 | 1295 | 21 | 301637 | 12 | 337 | 70
800 | Revision_800/c.c | U | 749 | 755 | 8 | 301638 | 13 | 74 | 71
800 | Revision_800/options.c | U | 472 | 479 | 8 | 301639 | 13 | 75 | 71
800 | Revision_800/c.c | U | 790 | 794 | 7 | 301640 | 14 | 76 | 70
800 | Revision_800/flex.c | U | 1896 | 1900 | 7 | 301641 | 14 | 580 | 70
800 | Revision_800/fortran.c | U | 1899 | 1903 | 7 | 301642 | 14 | 79 | 70
800 | Revision_800/c.c | U | 2174 | 2178 | 7 | 301643 | 14 | 80 | 70
800 | Revision_800/sql.c | U | 1185 | 1192 | 7 | 301644 | 14 | 418 | 70
800 | Revision_800/jscript.c | M | 1546 | 1550 | 7 | 301645 | 14 | 417 | 70
800 | Revision_800/tex.c | U | 452 | 456 | 7 | 301646 | 14 | 693 | 70
800 | Revision_800/ocaml.c | U | 328 | 332 | 7 | 301647 | 14 | 826 | 70
800 | Revision_800/sql.c | U | 1101 | 1107 | 7 | 301648 | 14 | 419 | 70
800 | Revision_800/eiffel.c | U | 1014 | 1018 | 7 | 301649 | 14 | 269 | 70
800 | Revision_800/eiffel.c | U | 1074 | 1078 | 7 | 301650 | 14 | 269 | 70
800 | Revision_800/fortran.c | U | 1326 | 1330 | 7 | 301651 | 14 | 85 | 70
800 | Revision_800/flex.c | U | 1384 | 1394 | 7 | 301652 | 14 | 581 | 70
800 | Revision_800/jscript.c | M | 1559 | 1576 | 7 | 301653 | 14 | 413 | 70
800 | Revision_800/readtags.c | U | 144 | 148 | 7 | 301654 | 14 | 87 | 70
800 | Revision_800/sql.c | U | 1914 | 1920 | 7 | 301655 | 14 | 420 | 70
800 | Revision_800/sql.c | U | 1943 | 1949 | 7 | 301656 | 14 | 421 | 70
800 | Revision_800/sql.c | U | 1355 | 1359 | 7 | 301657 | 14 | 462 | 70
800 | Revision_800/keyword.c | U | 184 | 188 | 7 | 301658 | 14 | 91 | 70
800 | Revision_800/readtags.c | U | 452 | 456 | 7 | 301659 | 14 | 90 | 70
800 | Revision_800/options.c | U | 1042 | 1046 | 7 | 301660 | 14 | 89 | 70
800 | Revision_800/c.c | U | 2788 | 2793 | 7 | 301661 | 14 | 94 | 70
800 | Revision_800/fortran.c | U | 1535 | 1540 | 7 | 301662 | 14 | 79 | 70
800 | Revision_800/jscript.c | M | 751 | 762 | 7 | 301663 | 14 | 426 | 70
800 | Revision_800/sql.c | U | 937 | 944 | 7 | 301664 | 14 | 493 | 70
800 | Revision_800/flex.c | U | 2278 | 2285 | 7 | 301665 | 14 | 583 | 70
800 | Revision_800/flex.c | U | 2361 | 2372 | 7 | 301666 | 14 | 575 | 70
800 | Revision_800/fortran.c | U | 1323 | 1331 | 7 | 301667 | 14 | 84 | 70
800 | Revision_800/flex.c | U | 2250 | 2256 | 7 | 301668 | 14 | 582 | 70
800 | Revision_800/flex.c | U | 986 | 997 | 7 | 301669 | 14 | 586 | 70
800 | Revision_800/vhdl.c | U | 706 | 714 | 7 | 301670 | 14 | 563 | 70
800 | Revision_800/eiffel.c | U | 993 | 997 | 7 | 301671 | 14 | 496 | 70
800 | Revision_800/flex.c | U | 2009 | 2015 | 7 | 301672 | 14 | 585 | 70
800 | Revision_800/fortran.c | U | 1194 | 1198 | 7 | 301673 | 14 | 85 | 70
800 | Revision_800/flex.c | U | 2129 | 2137 | 7 | 301674 | 14 | 584 | 70
800 | Revision_800/sql.c | U | 1623 | 1629 | 7 | 301675 | 14 | 492 | 70
800 | Revision_800/ruby.c | U | 214 | 218 | 7 | 301676 | 14 | 392 | 70
800 | Revision_800/sql.c | U | 1032 | 1052 | 7 | 301677 | 14 | 423 | 70
800 | Revision_800/eiffel.c | U | 1092 | 1096 | 7 | 301678 | 14 | 151 | 70
800 | Revision_800/eiffel.c | U | 1056 | 1063 | 7 | 301679 | 14 | 701 | 70
800 | Revision_800/jscript.c | M | 1154 | 1160 | 7 | 301680 | 14 | 417 | 70
800 | Revision_800/c.c | U | 2244 | 2251 | 7 | 301681 | 14 | 244 | 70
800 | Revision_800/c.c | U | 1781 | 1785 | 7 | 301682 | 14 | 121 | 70
800 | Revision_800/c.c | U | 1790 | 1794 | 7 | 301683 | 14 | 331 | 70
800 | Revision_800/fortran.c | U | 1707 | 1711 | 7 | 301684 | 14 | 373 | 70
800 | Revision_800/vstring.c | U | 35 | 40 | 7 | 301685 | 14 | 98 | 70
800 | Revision_800/flex.c | U | 2269 | 2275 | 7 | 301686 | 14 | 588 | 70
800 | Revision_800/jscript.c | M | 865 | 872 | 7 | 301687 | 14 | 427 | 70
800 | Revision_800/sql.c | U | 797 | 809 | 7 | 301688 | 14 | 493 | 70
800 | Revision_800/sql.c | U | 903 | 917 | 7 | 301689 | 14 | 423 | 70
800 | Revision_800/sql.c | U | 1694 | 1702 | 7 | 301690 | 14 | 462 | 70
800 | Revision_800/flex.c | U | 2248 | 2257 | 7 | 301691 | 14 | 585 | 70
800 | Revision_800/flex.c | U | 2054 | 2060 | 7 | 301692 | 14 | 776 | 70
800 | Revision_800/gnu_regex/regcomp.c | U | 3586 | 3593 | 7 | 301693 | 14 | 709 | 70
800 | Revision_800/sql.c | U | 712 | 717 | 7 | 301694 | 14 | 476 | 70
800 | Revision_800/flex.c | U | 2349 | 2359 | 7 | 301695 | 14 | 652 | 70
800 | Revision_800/jscript.c | M | 1238 | 1243 | 7 | 301696 | 14 | 413 | 70
800 | Revision_800/eiffel.c | U | 1129 | 1138 | 7 | 301697 | 14 | 101 | 70
800 | Revision_800/vim.c | U | 425 | 433 | 7 | 301698 | 14 | 500 | 70
800 | Revision_800/fortran.c | U | 1308 | 1314 | 7 | 301699 | 14 | 85 | 70
800 | Revision_800/fortran.c | U | 1367 | 1373 | 7 | 301700 | 14 | 337 | 70
800 | Revision_800/sql.c | U | 2331 | 2338 | 7 | 301701 | 14 | 538 | 70
800 | Revision_800/fortran.c | U | 1528 | 1533 | 7 | 301702 | 14 | 79 | 70
800 | Revision_800/ruby.c | U | 195 | 200 | 7 | 301703 | 14 | 591 | 70
800 | Revision_800/fortran.c | U | 1401 | 1409 | 7 | 301704 | 14 | 59 | 70
800 | Revision_800/vhdl.c | U | 635 | 640 | 7 | 301705 | 14 | 542 | 70
800 | Revision_800/sql.c | U | 1209 | 1232 | 7 | 301706 | 14 | 437 | 70
800 | Revision_800/flex.c | U | 1797 | 1812 | 7 | 301707 | 14 | 590 | 70
800 | Revision_800/vhdl.c | U | 617 | 625 | 7 | 301708 | 14 | 542 | 70
800 | Revision_800/sql.c | U | 1809 | 1816 | 7 | 301709 | 14 | 430 | 70
800 | Revision_800/vhdl.c | U | 656 | 668 | 7 | 301710 | 14 | 546 | 70
800 | Revision_800/flex.c | U | 2239 | 2258 | 7 | 301711 | 14 | 589 | 70
800 | Revision_800/eiffel.c | U | 1126 | 1139 | 7 | 301712 | 14 | 156 | 70
800 | Revision_800/sql.c | U | 935 | 947 | 7 | 301713 | 14 | 308 | 70
800 | Revision_800/vhdl.c | U | 704 | 715 | 7 | 301714 | 14 | 545 | 70
800 | Revision_800/sql.c | U | 1705 | 1715 | 7 | 301715 | 14 | 462 | 70
800 | Revision_800/fortran.c | U | 1650 | 1655 | 7 | 301716 | 14 | 832 | 70
800 | Revision_800/c.c | U | 2069 | 2075 | 7 | 301717 | 14 | 12 | 70
800 | Revision_800/get.c | U | 594 | 598 | 7 | 301718 | 14 | 122 | 70
800 | Revision_800/sql.c | U | 2329 | 2339 | 7 | 301719 | 14 | 538 | 70
800 | Revision_800/eiffel.c | U | 918 | 926 | 7 | 301720 | 14 | 702 | 70
800 | Revision_800/sql.c | U | 2256 | 2284 | 7 | 301721 | 14 | 431 | 70
800 | Revision_800/jscript.c | M | 640 | 675 | 7 | 301722 | 14 | 429 | 70
800 | Revision_800/sql.c | U | 1176 | 1193 | 7 | 301723 | 14 | 435 | 70
800 | Revision_800/jscript.c | M | 1397 | 1414 | 7 | 301724 | 14 | 413 | 70
800 | Revision_800/fortran.c | U | 1741 | 1747 | 7 | 301725 | 14 | 314 | 70
800 | Revision_800/jscript.c | M | 702 | 728 | 7 | 301726 | 14 | 432 | 70
800 | Revision_800/vhdl.c | U | 746 | 759 | 7 | 301727 | 14 | 539 | 70
800 | Revision_800/vhdl.c | U | 727 | 740 | 7 | 301728 | 14 | 560 | 70
800 | Revision_800/flex.c | U | 861 | 875 | 7 | 301729 | 14 | 598 | 70
800 | Revision_800/sql.c | U | 901 | 918 | 7 | 301730 | 14 | 423 | 70
800 | Revision_800/flex.c | U | 937 | 963 | 7 | 301731 | 14 | 593 | 70
800 | Revision_800/flex.c | U | 2260 | 2276 | 7 | 301732 | 14 | 592 | 70
800 | Revision_800/flex.c | U | 879 | 910 | 7 | 301733 | 14 | 593 | 70
800 | Revision_800/flex.c | U | 1994 | 2019 | 7 | 301734 | 14 | 595 | 70
800 | Revision_800/fortran.c | U | 1473 | 1482 | 7 | 301735 | 14 | 65 | 70
800 | Revision_800/c.c | U | 2200 | 2207 | 7 | 301736 | 14 | 28 | 70
800 | Revision_800/fortran.c | U | 1434 | 1442 | 7 | 301737 | 14 | 314 | 70
800 | Revision_800/flex.c | U | 2003 | 2017 | 7 | 301738 | 14 | 582 | 70
800 | Revision_800/flex.c | U | 2079 | 2093 | 7 | 301739 | 14 | 777 | 70
800 | Revision_800/jscript.c | M | 621 | 636 | 7 | 301740 | 14 | 428 | 70
800 | Revision_800/readtags.c | U | 363 | 367 | 7 | 301741 | 14 | 529 | 70
800 | Revision_800/c.c | U | 1992 | 1996 | 7 | 301742 | 14 | 121 | 70
800 | Revision_800/eiffel.c | U | 1045 | 1053 | 7 | 301743 | 14 | 496 | 70
800 | Revision_800/fortran.c | U | 1696 | 1705 | 7 | 301744 | 14 | 221 | 70
800 | Revision_800/flex.c | U | 2006 | 2016 | 7 | 301745 | 14 | 582 | 70
800 | Revision_800/jscript.c | M | 1022 | 1042 | 7 | 301746 | 14 | 438 | 70
800 | Revision_800/flex.c | U | 1304 | 1323 | 7 | 301747 | 14 | 596 | 70
800 | Revision_800/flex.c | U | 1235 | 1263 | 7 | 301748 | 14 | 599 | 70
800 | Revision_800/jscript.c | M | 730 | 763 | 7 | 301749 | 14 | 597 | 70
800 | Revision_800/eiffel.c | U | 1123 | 1140 | 7 | 301750 | 14 | 156 | 70
800 | Revision_800/eiffel.c | U | 900 | 907 | 7 | 301751 | 14 | 703 | 70
800 | Revision_800/sql.c | U | 1762 | 1772 | 7 | 301752 | 14 | 462 | 70
800 | Revision_800/fortran.c | U | 620 | 624 | 7 | 301753 | 14 | 112 | 70
800 | Revision_800/fortran.c | U | 729 | 733 | 7 | 301754 | 14 | 144 | 70
800 | Revision_800/fortran.c | U | 1520 | 1526 | 7 | 301755 | 14 | 65 | 70
800 | Revision_800/vhdl.c | U | 586 | 600 | 7 | 301756 | 14 | 547 | 70
800 | Revision_800/sql.c | U | 1926 | 1952 | 7 | 301757 | 14 | 439 | 70
800 | Revision_800/sql.c | U | 1955 | 1976 | 7 | 301758 | 14 | 440 | 70
800 | Revision_800/pascal.c | U | 134 | 138 | 7 | 301759 | 14 | 164 | 70
800 | Revision_800/perl.c | U | 187 | 191 | 7 | 301760 | 14 | 163 | 70
800 | Revision_800/sql.c | U | 2018 | 2039 | 7 | 301761 | 14 | 442 | 70
800 | Revision_800/sql.c | U | 1994 | 2015 | 7 | 301762 | 14 | 443 | 70
800 | Revision_800/sql.c | U | 1895 | 1923 | 7 | 301763 | 14 | 441 | 70
800 | Revision_800/vhdl.c | U | 647 | 670 | 7 | 301764 | 14 | 569 | 70
800 | Revision_800/sql.c | U | 2042 | 2082 | 7 | 301765 | 14 | 445 | 70
800 | Revision_800/flex.c | U | 1301 | 1335 | 7 | 301766 | 14 | 600 | 70
800 | Revision_800/sql.c | U | 1779 | 1818 | 7 | 301767 | 14 | 448 | 70
800 | Revision_800/sql.c | U | 1601 | 1641 | 7 | 301768 | 14 | 447 | 70
800 | Revision_800/c.c | U | 800 | 821 | 43 | 301769 | 15 | 103 | 80
800 | Revision_800/c.c | U | 932 | 951 | 43 | 301770 | 15 | 103 | 80
800 | Revision_800/c.c | U | 824 | 844 | 43 | 301771 | 15 | 332 | 80
800 | Revision_800/c.c | U | 865 | 885 | 43 | 301772 | 15 | 316 | 80
800 | Revision_800/c.c | U | 847 | 863 | 43 | 301773 | 15 | 316 | 80
800 | Revision_800/c.c | U | 888 | 899 | 12 | 301774 | 16 | 317 | 90
800 | Revision_800/c.c | U | 902 | 913 | 12 | 301775 | 16 | 318 | 90
800 | Revision_800/c.c | U | 1053 | 1058 | 6 | 301776 | 17 | 407 | 80
800 | Revision_800/flex.c | U | 1775 | 1780 | 6 | 301777 | 17 | 603 | 80
800 | Revision_800/jscript.c | M | 1372 | 1377 | 6 | 301778 | 17 | 417 | 80
800 | Revision_800/c.c | U | 1308 | 1314 | 7 | 301779 | 18 | 385 | 71
800 | Revision_800/fortran.c | U | 502 | 510 | 7 | 301780 | 18 | 112 | 71
800 | Revision_800/make.c | U | 63 | 69 | 7 | 301781 | 18 | 394 | 71
800 | Revision_800/make.c | U | 53 | 60 | 7 | 301782 | 18 | 395 | 71
800 | Revision_800/c.c | U | 1381 | 1388 | 7 | 301783 | 19 | 108 | 80
800 | Revision_800/c.c | U | 1390 | 1397 | 7 | 301784 | 19 | 109 | 80
800 | Revision_800/c.c | U | 1411 | 1418 | 7 | 301785 | 20 | 110 | 71
800 | Revision_800/c.c | U | 2212 | 2219 | 7 | 301786 | 20 | 111 | 71
800 | Revision_800/c.c | U | 1421 | 1428 | 7 | 301787 | 20 | 405 | 71
800 | Revision_800/fortran.c | U | 626 | 632 | 7 | 301788 | 20 | 112 | 71
800 | Revision_800/flex.c | U | 494 | 501 | 7 | 301789 | 20 | 604 | 71
800 | Revision_800/sql.c | U | 638 | 645 | 7 | 301790 | 20 | 406 | 71
800 | Revision_800/jscript.c | M | 470 | 477 | 7 | 301791 | 20 | 450 | 71
800 | Revision_800/c.c | U | 1459 | 1464 | 6 | 301792 | 21 | 386 | 80
800 | Revision_800/c.c | U | 1802 | 1807 | 6 | 301793 | 21 | 80 | 80
800 | Revision_800/c.c | U | 1485 | 1494 | 9 | 301794 | 22 | 294 | 71
800 | Revision_800/eiffel.c | U | 563 | 571 | 9 | 301795 | 22 | 295 | 71
800 | Revision_800/c.c | U | 1488 | 1492 | 5 | 301796 | 23 | 294 | 75
800 | Revision_800/objc.c | U | 904 | 908 | 5 | 301797 | 23 | 785 | 75
800 | Revision_800/objc.c | U | 828 | 832 | 5 | 301798 | 23 | 786 | 75
800 | Revision_800/flex.c | U | 1814 | 1831 | 5 | 301799 | 23 | 605 | 75
800 | Revision_800/readtags.c | U | 502 | 506 | 5 | 301800 | 23 | 90 | 75
800 | Revision_800/ocaml.c | U | 1130 | 1136 | 5 | 301801 | 23 | 746 | 75
800 | Revision_800/readtags.c | U | 681 | 685 | 5 | 301802 | 23 | 99 | 75
800 | Revision_800/c.c | U | 1502 | 1515 | 10 | 301803 | 24 | 396 | 75
800 | Revision_800/make.c | U | 77 | 87 | 10 | 301804 | 24 | 397 | 75
800 | Revision_800/fortran.c | U | 854 | 865 | 10 | 301805 | 24 | 116 | 75
800 | Revision_800/verilog.c | U | 199 | 212 | 10 | 301806 | 24 | 398 | 75
800 | Revision_800/sql.c | U | 517 | 528 | 10 | 301807 | 24 | 306 | 75
800 | Revision_800/eiffel.c | U | 596 | 608 | 10 | 301808 | 24 | 114 | 75
800 | Revision_800/jscript.c | U | 374 | 385 | 10 | 301809 | 24 | 451 | 75
800 | Revision_800/flex.c | U | 414 | 425 | 10 | 301810 | 24 | 606 | 75
800 | Revision_800/tex.c | U | 289 | 301 | 10 | 301811 | 24 | 671 | 75
800 | Revision_800/vhdl.c | U | 391 | 402 | 10 | 301812 | 24 | 548 | 75
800 | Revision_800/eiffel.c | U | 581 | 593 | 10 | 301813 | 24 | 117 | 75
800 | Revision_800/c.c | U | 1619 | 1625 | 8 | 301814 | 25 | 452 | 71
800 | Revision_800/jscript.c | U | 510 | 518 | 8 | 301815 | 25 | 453 | 71
800 | Revision_800/sql.c | U | 787 | 794 | 8 | 301816 | 25 | 493 | 71
800 | Revision_800/eiffel.c | U | 611 | 619 | 8 | 301817 | 25 | 146 | 71
800 | Revision_800/tex.c | U | 374 | 381 | 8 | 301818 | 25 | 672 | 71
800 | Revision_800/flex.c | U | 749 | 758 | 8 | 301819 | 25 | 607 | 71
800 | Revision_800/c.c | U | 2507 | 2511 | 5 | 301820 | 26 | 387 | 100
800 | Revision_800/c.c | U | 2514 | 2518 | 5 | 301821 | 26 | 94 | 100
800 | Revision_800/c.c | U | 2737 | 2742 | 6 | 301822 | 27 | 94 | 80
800 | Revision_800/sql.c | U | 1196 | 1201 | 6 | 301823 | 27 | 301 | 80
800 | Revision_800/c.c | U | 2828 | 2837 | 9 | 301824 | 28 | 130 | 71
800 | Revision_800/tex.c | U | 160 | 169 | 9 | 301825 | 28 | 673 | 71
800 | Revision_800/flex.c | U | 216 | 225 | 9 | 301826 | 28 | 608 | 71
800 | Revision_800/asm.c | U | 120 | 128 | 9 | 301827 | 28 | 288 | 71
800 | Revision_800/fortran.c | U | 398 | 407 | 9 | 301828 | 28 | 132 | 71
800 | Revision_800/sql.c | U | 409 | 418 | 9 | 301829 | 28 | 302 | 71
800 | Revision_800/jscript.c | U | 182 | 191 | 9 | 301830 | 28 | 458 | 71
800 | Revision_800/vhdl.c | U | 573 | 583 | 9 | 301831 | 28 | 549 | 71
800 | Revision_800/eiffel.c | U | 222 | 231 | 9 | 301832 | 28 | 131 | 71
800 | Revision_800/verilog.c | U | 108 | 118 | 9 | 301833 | 28 | 381 | 71
800 | Revision_800/eiffel.c | U | 294 | 308 | 10 | 301834 | 29 | 133 | 70
800 | Revision_800/flex.c | U | 256 | 270 | 10 | 301835 | 29 | 609 | 70
800 | Revision_800/beta.c | U | 71 | 80 | 10 | 301836 | 29 | 134 | 70
800 | Revision_800/vhdl.c | U | 536 | 548 | 10 | 301837 | 29 | 550 | 70
800 | Revision_800/sql.c | U | 447 | 461 | 10 | 301838 | 29 | 303 | 70
800 | Revision_800/parse.c | U | 43 | 54 | 10 | 301839 | 29 | 135 | 70
800 | Revision_800/sml.c | U | 75 | 81 | 10 | 301840 | 29 | 324 | 70
800 | Revision_800/eiffel.c | U | 296 | 306 | 10 | 301841 | 29 | 136 | 70
800 | Revision_800/eiffel.c | U | 374 | 383 | 8 | 301842 | 30 | 304 | 100
800 | Revision_800/read.c | U | 452 | 459 | 8 | 301843 | 30 | 704 | 100
800 | Revision_800/eiffel.c | U | 389 | 410 | 20 | 301844 | 31 | 139 | 70
800 | Revision_800/fortran.c | U | 768 | 794 | 20 | 301845 | 31 | 140 | 70
800 | Revision_800/eiffel.c | U | 413 | 441 | 24 | 301846 | 32 | 141 | 95
800 | Revision_800/fortran.c | U | 797 | 825 | 24 | 301847 | 32 | 505 | 95
800 | Revision_800/eiffel.c | U | 554 | 558 | 5 | 301848 | 33 | 143 | 75
800 | Revision_800/fortran.c | U | 969 | 973 | 5 | 301849 | 33 | 145 | 75
800 | Revision_800/fortran.c | U | 786 | 790 | 5 | 301850 | 33 | 144 | 75
800 | Revision_800/verilog.c | U | 239 | 243 | 5 | 301851 | 33 | 382 | 75
800 | Revision_800/verilog.c | U | 142 | 146 | 5 | 301852 | 33 | 383 | 75
800 | Revision_800/eiffel.c | U | 705 | 712 | 7 | 301853 | 34 | 705 | 71
800 | Revision_800/sql.c | U | 601 | 606 | 7 | 301854 | 34 | 300 | 71
800 | Revision_800/eiffel.c | U | 756 | 763 | 9 | 301855 | 35 | 148 | 77
800 | Revision_800/jscript.c | U | 493 | 502 | 9 | 301856 | 35 | 461 | 77
800 | Revision_800/vhdl.c | U | 467 | 476 | 9 | 301857 | 35 | 553 | 77
800 | Revision_800/tex.c | U | 342 | 351 | 9 | 301858 | 35 | 675 | 77
800 | Revision_800/flex.c | U | 734 | 743 | 9 | 301859 | 35 | 610 | 77
800 | Revision_800/eiffel.c | U | 765 | 770 | 6 | 301860 | 36 | 506 | 100
800 | Revision_800/fortran.c | U | 1027 | 1032 | 6 | 301861 | 36 | 312 | 100
800 | Revision_800/eiffel.c | U | 1055 | 1080 | 23 | 301862 | 37 | 706 | 70
800 | Revision_800/sql.c | U | 1678 | 1716 | 23 | 301863 | 37 | 658 | 70
800 | Revision_800/flex.c | U | 2116 | 2169 | 23 | 301864 | 37 | 659 | 70
800 | Revision_800/flex.c | U | 1983 | 2026 | 23 | 301865 | 37 | 656 | 70
800 | Revision_800/flex.c | U | 2338 | 2378 | 23 | 301866 | 37 | 768 | 70
800 | Revision_800/eiffel.c | U | 1243 | 1254 | 8 | 301867 | 38 | 9 | 71
800 | Revision_800/tex.c | U | 557 | 566 | 8 | 301868 | 38 | 676 | 71
800 | Revision_800/sql.c | U | 2349 | 2357 | 8 | 301869 | 38 | 568 | 71
800 | Revision_800/vhdl.c | U | 813 | 821 | 8 | 301870 | 38 | 567 | 71
800 | Revision_800/basic.c | U | 135 | 140 | 6 | 301871 | 39 | 411 | 80
800 | Revision_800/basic.c | U | 147 | 152 | 6 | 301872 | 39 | 412 | 80
800 | Revision_800/verilog.c | U | 187 | 193 | 8 | 301873 | 40 | 399 | 75
800 | Revision_800/make.c | U | 97 | 105 | 8 | 301874 | 40 | 400 | 75
800 | Revision_800/verilog.c | U | 287 | 291 | 5 | 301875 | 41 | 401 | 75
800 | Revision_800/make.c | U | 44 | 48 | 5 | 301876 | 41 | 402 | 75
800 | Revision_800/jscript.c | M | 265 | 289 | 20 | 301877 | 42 | 572 | 73
800 | Revision_800/flex.c | U | 359 | 383 | 20 | 301878 | 42 | 612 | 73
800 | Revision_800/flex.c | U | 336 | 356 | 20 | 301879 | 42 | 613 | 73
800 | Revision_800/jscript.c | M | 1513 | 1553 | 20 | 301880 | 42 | 573 | 73
800 | Revision_800/flex.c | U | 309 | 333 | 20 | 301881 | 42 | 615 | 73
800 | Revision_800/jscript.c | M | 292 | 316 | 20 | 301882 | 42 | 534 | 73
800 | Revision_800/flex.c | U | 1863 | 1903 | 20 | 301883 | 42 | 614 | 73
800 | Revision_800/jscript.c | M | 1430 | 1472 | 20 | 301884 | 42 | 781 | 73
800 | Revision_800/jscript.c | U | 272 | 276 | 5 | 301885 | 43 | 458 | 75
800 | Revision_800/tex.c | U | 444 | 448 | 5 | 301886 | 43 | 694 | 75
800 | Revision_800/tex.c | U | 420 | 424 | 5 | 301887 | 43 | 695 | 75
800 | Revision_800/jscript.c | M | 1451 | 1455 | 5 | 301888 | 43 | 460 | 75
800 | Revision_800/jscript.c | U | 299 | 303 | 5 | 301889 | 43 | 417 | 75
800 | Revision_800/flex.c | U | 316 | 320 | 5 | 301890 | 43 | 679 | 75
800 | Revision_800/jscript.c | M | 1534 | 1538 | 5 | 301891 | 43 | 498 | 75
800 | Revision_800/flex.c | U | 1884 | 1888 | 5 | 301892 | 43 | 680 | 75
800 | Revision_800/flex.c | U | 343 | 347 | 5 | 301893 | 43 | 681 | 75
800 | Revision_800/flex.c | U | 366 | 370 | 5 | 301894 | 43 | 682 | 75
800 | Revision_800/jscript.c | M | 323 | 342 | 16 | 301895 | 44 | 534 | 78
800 | Revision_800/vhdl.c | U | 368 | 386 | 16 | 301896 | 44 | 555 | 78
800 | Revision_800/sql.c | U | 492 | 512 | 16 | 301897 | 44 | 306 | 78
800 | Revision_800/flex.c | U | 390 | 408 | 16 | 301898 | 44 | 616 | 78
800 | Revision_800/jscript.c | M | 388 | 507 | 135 | 301899 | 45 | 472 | 75
800 | Revision_800/sql.c | U | 531 | 679 | 135 | 301900 | 45 | 473 | 75
800 | Revision_800/jscript.c | U | 466 | 485 | 22 | 301901 | 46 | 833 | 70
800 | Revision_800/flex.c | U | 490 | 515 | 22 | 301902 | 46 | 631 | 70
800 | Revision_800/sql.c | U | 625 | 655 | 22 | 301903 | 46 | 632 | 70
800 | Revision_800/jscript.c | U | 525 | 555 | 17 | 301904 | 47 | 465 | 83
800 | Revision_800/sql.c | U | 765 | 783 | 17 | 301905 | 47 | 536 | 83
800 | Revision_800/flex.c | U | 765 | 795 | 17 | 301906 | 47 | 633 | 83
800 | Revision_800/vhdl.c | U | 514 | 532 | 17 | 301907 | 47 | 557 | 83
800 | Revision_800/flex.c | U | 798 | 827 | 17 | 301908 | 47 | 634 | 83
800 | Revision_800/jscript.c | U | 558 | 587 | 17 | 301909 | 47 | 507 | 83
800 | Revision_800/jscript.c | M | 590 | 597 | 7 | 301910 | 48 | 474 | 80
800 | Revision_800/jscript.c | M | 600 | 607 | 7 | 301911 | 48 | 475 | 80
800 | Revision_800/sql.c | U | 698 | 705 | 7 | 301912 | 48 | 476 | 80
800 | Revision_800/flex.c | U | 840 | 847 | 7 | 301913 | 48 | 635 | 80
800 | Revision_800/flex.c | U | 830 | 837 | 7 | 301914 | 48 | 636 | 80
800 | Revision_800/jscript.c | M | 614 | 637 | 14 | 301915 | 49 | 433 | 88
800 | Revision_800/flex.c | U | 854 | 876 | 14 | 301916 | 49 | 637 | 88
800 | Revision_800/jscript.c | M | 678 | 764 | 30 | 301917 | 50 | 638 | 90
800 | Revision_800/flex.c | U | 913 | 999 | 30 | 301918 | 50 | 639 | 90
800 | Revision_800/jscript.c | M | 1096 | 1586 | 217 | 301919 | 51 | 644 | 73
800 | Revision_800/flex.c | U | 1461 | 1930 | 217 | 301920 | 51 | 645 | 73
800 | Revision_800/jscript.c | U | 1142 | 1151 | 6 | 301921 | 52 | 497 | 75
800 | Revision_800/options.c | U | 1683 | 1687 | 6 | 301922 | 52 | 333 | 75
800 | Revision_800/jscript.c | M | 1589 | 1636 | 29 | 301923 | 53 | 646 | 92
800 | Revision_800/flex.c | U | 1933 | 1980 | 29 | 301924 | 53 | 647 | 92
800 | Revision_800/jscript.c | M | 1652 | 1656 | 5 | 301925 | 54 | 484 | 75
800 | Revision_800/flex.c | U | 2382 | 2386 | 5 | 301926 | 54 | 650 | 75
800 | Revision_800/ocaml.c | U | 922 | 928 | 5 | 301927 | 54 | 747 | 75
800 | Revision_800/sql.c | U | 2342 | 2346 | 5 | 301928 | 54 | 404 | 75
800 | Revision_800/ocaml.c | U | 1880 | 1885 | 5 | 301929 | 54 | 748 | 75
800 | Revision_800/make.c | U | 191 | 195 | 5 | 301930 | 54 | 403 | 75
800 | Revision_800/options.c | U | 1773 | 1779 | 5 | 301931 | 54 | 749 | 75
800 | Revision_800/jscript.c | M | 1659 | 1676 | 15 | 301932 | 55 | 651 | 92
800 | Revision_800/flex.c | U | 2389 | 2405 | 15 | 301933 | 55 | 652 | 92
800 | Revision_800/Test/local.c | U | 14 | 20 | 8 | 301934 | 56 | 384 | 71
800 | Revision_800/flex.c | U | 2322 | 2325 | 8 | 301935 | 56 | 649 | 71
800 | Revision_800/vhdl.c | U | 499 | 506 | 8 | 301936 | 56 | 558 | 71
800 | Revision_800/gnu_regex/regcomp.c | U | 258 | 263 | 5 | 301937 | 57 | 710 | 75
800 | Revision_800/routines.c | U | 621 | 644 | 5 | 301938 | 57 | 514 | 75
800 | Revision_800/options.c | U | 397 | 402 | 5 | 301939 | 57 | 355 | 75
800 | Revision_800/main.c | U | 126 | 139 | 5 | 301940 | 57 | 354 | 75
800 | Revision_800/gnu_regex/regcomp.c | U | 1222 | 1232 | 11 | 301941 | 58 | 711 | 70
800 | Revision_800/gnu_regex/regcomp.c | U | 3804 | 3816 | 11 | 301942 | 58 | 712 | 70
800 | Revision_800/gnu_regex/regcomp.c | U | 1277 | 1281 | 5 | 301943 | 59 | 713 | 100
800 | Revision_800/gnu_regex/regcomp.c | U | 1283 | 1287 | 5 | 301944 | 59 | 714 | 100
800 | Revision_800/gnu_regex/regcomp.c | U | 1477 | 1482 | 6 | 301945 | 60 | 715 | 80
800 | Revision_800/gnu_regex/regcomp.c | U | 1516 | 1522 | 6 | 301946 | 60 | 716 | 80
800 | Revision_800/gnu_regex/regcomp.c | U | 1662 | 1667 | 5 | 301947 | 61 | 717 | 75
800 | Revision_800/gnu_regex/regcomp.c | U | 1685 | 1689 | 5 | 301948 | 61 | 718 | 75
800 | Revision_800/gnu_regex/regex_internal.c | U | 76 | 80 | 5 | 301949 | 61 | 719 | 75
800 | Revision_800/gnu_regex/regcomp.c | U | 2011 | 2030 | 16 | 301950 | 62 | 720 | 75
800 | Revision_800/gnu_regex/regcomp.c | U | 2034 | 2046 | 16 | 301951 | 62 | 721 | 75
800 | Revision_800/gnu_regex/regcomp.c | U | 2158 | 2165 | 7 | 301952 | 63 | 722 | 80
800 | Revision_800/gnu_regex/regcomp.c | U | 2312 | 2319 | 7 | 301953 | 63 | 723 | 80
800 | Revision_800/gnu_regex/regcomp.c | U | 2292 | 2296 | 5 | 301954 | 64 | 724 | 75
800 | Revision_800/gnu_regex/regcomp.c | U | 2298 | 2302 | 5 | 301955 | 64 | 725 | 75
800 | Revision_800/readtags.c | U | 242 | 246 | 5 | 301956 | 64 | 726 | 75
800 | Revision_800/gnu_regex/regex_internal.c | U | 1048 | 1055 | 8 | 301957 | 65 | 727 | 71
800 | Revision_800/gnu_regex/regex_internal.c | U | 1562 | 1570 | 8 | 301958 | 65 | 728 | 71
800 | Revision_800/gnu_regex/regex_internal.c | U | 1188 | 1195 | 8 | 301959 | 65 | 729 | 71
800 | Revision_800/gnu_regex/regex_internal.c | U | 1101 | 1116 | 13 | 301960 | 66 | 730 | 80
800 | Revision_800/gnu_regex/regex_internal.c | U | 1234 | 1254 | 13 | 301961 | 66 | 731 | 80
800 | Revision_800/gnu_regex/regex_internal.c | U | 1287 | 1294 | 8 | 301962 | 67 | 732 | 85
800 | Revision_800/gnu_regex/regex_internal.c | U | 1326 | 1333 | 8 | 301963 | 67 | 733 | 85
800 | Revision_800/gnu_regex/regex_internal.c | U | 1464 | 1492 | 22 | 301964 | 68 | 734 | 70
800 | Revision_800/gnu_regex/regex_internal.c | U | 1508 | 1535 | 22 | 301965 | 68 | 735 | 70
800 | Revision_800/vim.c | U | 99 | 103 | 5 | 301966 | 69 | 290 | 100
800 | Revision_800/vim.c | U | 105 | 109 | 5 | 301967 | 69 | 291 | 100
800 | Revision_800/vim.c | U | 258 | 281 | 17 | 301968 | 70 | 334 | 76
800 | Revision_800/vim.c | U | 308 | 326 | 17 | 301969 | 70 | 159 | 76
800 | Revision_800/vim.c | U | 263 | 280 | 12 | 301970 | 71 | 334 | 77
800 | Revision_800/vim.c | U | 675 | 685 | 12 | 301971 | 71 | 829 | 77
800 | Revision_800/vim.c | U | 313 | 325 | 12 | 301972 | 71 | 743 | 77
800 | Revision_800/python.c | U | 148 | 161 | 11 | 301973 | 72 | 37 | 77
800 | Revision_800/python.c | U | 191 | 202 | 11 | 301974 | 72 | 13 | 77
800 | Revision_800/python.c | U | 265 | 268 | 5 | 301975 | 73 | 532 | 75
800 | Revision_800/get.c | U | 649 | 653 | 5 | 301976 | 73 | 533 | 75
800 | Revision_800/python.c | U | 277 | 281 | 5 | 301977 | 74 | 278 | 75
800 | Revision_800/python.c | U | 299 | 303 | 5 | 301978 | 74 | 326 | 75
800 | Revision_800/erlang.c | U | 58 | 62 | 5 | 301979 | 74 | 341 | 75
800 | Revision_800/sml.c | U | 84 | 88 | 5 | 301980 | 74 | 325 | 75
800 | Revision_800/options.c | U | 963 | 968 | 5 | 301981 | 74 | 280 | 75
800 | Revision_800/python.c | U | 307 | 316 | 9 | 301982 | 75 | 292 | 75
800 | Revision_800/tcl.c | U | 44 | 54 | 9 | 301983 | 75 | 293 | 75
800 | Revision_800/erlang.c | U | 66 | 75 | 9 | 301984 | 75 | 342 | 75
800 | Revision_800/python.c | U | 626 | 630 | 7 | 301985 | 76 | 504 | 80
800 | Revision_800/python.c | U | 631 | 636 | 7 | 301986 | 76 | 504 | 80
800 | Revision_800/python.c | U | 769 | 773 | 5 | 301987 | 77 | 504 | 75
800 | Revision_800/pascal.c | U | 176 | 182 | 5 | 301988 | 77 | 170 | 75
800 | Revision_800/pascal.c | U | 150 | 154 | 5 | 301989 | 77 | 319 | 75
800 | Revision_800/pascal.c | U | 184 | 190 | 5 | 301990 | 77 | 171 | 75
800 | Revision_800/python.c | U | 775 | 784 | 8 | 301991 | 78 | 574 | 83
800 | Revision_800/python.c | U | 786 | 794 | 8 | 301992 | 78 | 13 | 83
800 | Revision_800/perl.c | U | 208 | 214 | 7 | 301993 | 79 | 389 | 83
800 | Revision_800/perl.c | U | 254 | 259 | 7 | 301994 | 79 | 502 | 83
800 | Revision_800/perl.c | U | 339 | 346 | 7 | 301995 | 80 | 389 | 71
800 | Revision_800/erlang.c | U | 97 | 105 | 7 | 301996 | 80 | 344 | 71
800 | Revision_800/perl.c | U | 353 | 359 | 7 | 301997 | 80 | 7 | 71
800 | Revision_800/main.c | U | 260 | 267 | 7 | 301998 | 80 | 377 | 71
800 | Revision_800/erlang.c | U | 116 | 121 | 7 | 301999 | 80 | 346 | 71
800 | Revision_800/erlang.c | U | 108 | 113 | 7 | 302000 | 80 | 344 | 71
800 | Revision_800/main.c | U | 179 | 185 | 7 | 302001 | 80 | 376 | 71
800 | Revision_800/sort.c | U | 118 | 123 | 5 | 302002 | 81 | 281 | 100
800 | Revision_800/sort.c | U | 126 | 131 | 5 | 302003 | 81 | 282 | 100
800 | Revision_800/sort.c | U | 144 | 148 | 5 | 302004 | 82 | 787 | 75
800 | Revision_800/objc.c | U | 998 | 1003 | 5 | 302005 | 82 | 788 | 75
800 | Revision_800/ocaml.c | U | 1081 | 1089 | 5 | 302006 | 82 | 763 | 75
800 | Revision_800/strlist.c | U | 32 | 38 | 8 | 302007 | 83 | 165 | 71
800 | Revision_800/vstring.c | U | 77 | 87 | 8 | 302008 | 83 | 166 | 71
800 | Revision_800/strlist.c | U | 191 | 196 | 7 | 302009 | 84 | 168 | 83
800 | Revision_800/strlist.c | U | 200 | 206 | 7 | 302010 | 84 | 390 | 83
800 | Revision_800/get.c | U | 305 | 314 | 10 | 302011 | 85 | 174 | 70
800 | Revision_800/read.c | U | 220 | 231 | 10 | 302012 | 85 | 176 | 70
800 | Revision_800/parse.c | U | 586 | 600 | 10 | 302013 | 85 | 175 | 70
800 | Revision_800/get.c | U | 467 | 478 | 10 | 302014 | 86 | 177 | 87
800 | Revision_800/get.c | U | 484 | 495 | 10 | 302015 | 86 | 178 | 87
800 | Revision_800/get.c | U | 541 | 546 | 6 | 302016 | 87 | 180 | 80
800 | Revision_800/read.c | U | 423 | 427 | 6 | 302017 | 87 | 181 | 80
800 | Revision_800/keyword.c | U | 195 | 202 | 8 | 302018 | 88 | 570 | 71
800 | Revision_800/asm.c | U | 131 | 139 | 8 | 302019 | 88 | 270 | 71
800 | Revision_800/ocaml.c | U | 182 | 191 | 7 | 302020 | 89 | 789 | 100
800 | Revision_800/objc.c | U | 154 | 163 | 7 | 302021 | 89 | 790 | 100
800 | Revision_800/ocaml.c | U | 251 | 257 | 6 | 302022 | 90 | 791 | 100
800 | Revision_800/objc.c | U | 199 | 205 | 6 | 302023 | 90 | 792 | 100
800 | Revision_800/ocaml.c | U | 260 | 280 | 15 | 302024 | 91 | 793 | 100
800 | Revision_800/objc.c | U | 208 | 228 | 15 | 302025 | 91 | 794 | 100
800 | Revision_800/ocaml.c | U | 293 | 301 | 6 | 302026 | 92 | 824 | 100
800 | Revision_800/objc.c | U | 241 | 249 | 6 | 302027 | 92 | 825 | 100
800 | Revision_800/ocaml.c | U | 344 | 359 | 10 | 302028 | 93 | 797 | 88
800 | Revision_800/objc.c | U | 283 | 298 | 10 | 302029 | 93 | 798 | 88
800 | Revision_800/objc.c | U | 264 | 279 | 10 | 302030 | 93 | 799 | 88
800 | Revision_800/ocaml.c | U | 408 | 508 | 89 | 302031 | 94 | 800 | 75
800 | Revision_800/objc.c | U | 304 | 426 | 89 | 302032 | 94 | 801 | 75
800 | Revision_800/ocaml.c | U | 695 | 699 | 5 | 302033 | 95 | 750 | 75
800 | Revision_800/ocaml.c | U | 739 | 744 | 5 | 302034 | 95 | 752 | 75
800 | Revision_800/ocaml.c | U | 718 | 722 | 5 | 302035 | 95 | 751 | 75
800 | Revision_800/ocaml.c | U | 775 | 797 | 22 | 302036 | 96 | 753 | 71
800 | Revision_800/ocaml.c | U | 851 | 875 | 22 | 302037 | 96 | 754 | 71
800 | Revision_800/ocaml.c | U | 812 | 817 | 7 | 302038 | 97 | 755 | 71
800 | Revision_800/ocaml.c | U | 824 | 831 | 7 | 302039 | 97 | 756 | 71
800 | Revision_800/sql.c | U | 495 | 510 | 7 | 302040 | 97 | 306 | 71
800 | Revision_800/ocaml.c | U | 906 | 913 | 6 | 302041 | 98 | 802 | 80
800 | Revision_800/objc.c | U | 484 | 488 | 6 | 302042 | 98 | 803 | 80
800 | Revision_800/ocaml.c | U | 946 | 969 | 21 | 302043 | 99 | 760 | 70
800 | Revision_800/objc.c | U | 688 | 711 | 21 | 302044 | 99 | 805 | 70
800 | Revision_800/objc.c | U | 873 | 893 | 21 | 302045 | 99 | 804 | 70
800 | Revision_800/ocaml.c | U | 1542 | 1562 | 21 | 302046 | 99 | 761 | 70
800 | Revision_800/objc.c | U | 539 | 567 | 21 | 302047 | 99 | 807 | 70
800 | Revision_800/objc.c | U | 942 | 969 | 21 | 302048 | 99 | 806 | 70
800 | Revision_800/ocaml.c | U | 1436 | 1469 | 21 | 302049 | 99 | 765 | 70
800 | Revision_800/ocaml.c | U | 1274 | 1304 | 21 | 302050 | 99 | 782 | 70
800 | Revision_800/objc.c | U | 658 | 685 | 21 | 302051 | 99 | 808 | 70
800 | Revision_800/ocaml.c | U | 1037 | 1064 | 21 | 302052 | 99 | 810 | 70
800 | Revision_800/objc.c | U | 714 | 743 | 21 | 302053 | 99 | 809 | 70
800 | Revision_800/ocaml.c | U | 1569 | 1609 | 21 | 302054 | 99 | 759 | 70
800 | Revision_800/ocaml.c | U | 1484 | 1511 | 21 | 302055 | 99 | 812 | 70
800 | Revision_800/ocaml.c | U | 1076 | 1115 | 21 | 302056 | 99 | 811 | 70
800 | Revision_800/ocaml.c | U | 1214 | 1262 | 21 | 302057 | 99 | 764 | 70
800 | Revision_800/ocaml.c | U | 974 | 984 | 8 | 302058 | 100 | 762 | 83
800 | Revision_800/objc.c | U | 747 | 754 | 8 | 302059 | 100 | 813 | 83
800 | Revision_800/objc.c | U | 767 | 775 | 8 | 302060 | 100 | 814 | 83
800 | Revision_800/objc.c | U | 757 | 764 | 8 | 302061 | 100 | 815 | 83
800 | Revision_800/ocaml.c | U | 1517 | 1535 | 17 | 302062 | 101 | 830 | 71
800 | Revision_800/objc.c | U | 973 | 995 | 17 | 302063 | 101 | 831 | 71
800 | Revision_800/routines.c | U | 237 | 244 | 6 | 302064 | 102 | 254 | 80
800 | Revision_800/routines.c | U | 247 | 254 | 6 | 302065 | 102 | 255 | 80
800 | Revision_800/routines.c | U | 288 | 295 | 8 | 302066 | 103 | 256 | 83
800 | Revision_800/readtags.c | U | 116 | 123 | 8 | 302067 | 103 | 123 | 83
800 | Revision_800/routines.c | U | 298 | 305 | 8 | 302068 | 103 | 257 | 83
800 | Revision_800/readtags.c | U | 106 | 113 | 8 | 302069 | 103 | 238 | 83
800 | Revision_800/routines.c | U | 322 | 326 | 5 | 302070 | 104 | 258 | 75
800 | Revision_800/vstring.c | U | 125 | 129 | 5 | 302071 | 104 | 188 | 75
800 | Revision_800/vstring.c | U | 118 | 122 | 5 | 302072 | 104 | 189 | 75
800 | Revision_800/routines.c | U | 329 | 335 | 6 | 302073 | 105 | 259 | 100
800 | Revision_800/routines.c | U | 338 | 344 | 6 | 302074 | 105 | 260 | 100
800 | Revision_800/routines.c | U | 349 | 356 | 8 | 302075 | 106 | 261 | 100
800 | Revision_800/routines.c | U | 361 | 368 | 8 | 302076 | 106 | 262 | 100
800 | Revision_800/flex.c | U | 273 | 306 | 16 | 302077 | 107 | 611 | 73
800 | Revision_800/sql.c | U | 464 | 485 | 16 | 302078 | 107 | 468 | 73
800 | Revision_800/vhdl.c | U | 551 | 570 | 16 | 302079 | 107 | 554 | 73
800 | Revision_800/flex.c | U | 295 | 303 | 11 | 302080 | 108 | 699 | 70
800 | Revision_800/vhdl.c | U | 553 | 569 | 11 | 302081 | 108 | 554 | 70
800 | Revision_800/flex.c | U | 437 | 441 | 6 | 302082 | 109 | 618 | 71
800 | Revision_800/sql.c | U | 540 | 553 | 6 | 302083 | 109 | 380 | 71
800 | Revision_800/vhdl.c | U | 414 | 418 | 6 | 302084 | 109 | 556 | 71
800 | Revision_800/tex.c | U | 313 | 317 | 6 | 302085 | 109 | 685 | 71
800 | Revision_800/flex.c | U | 510 | 514 | 6 | 302086 | 109 | 617 | 71
800 | Revision_800/flex.c | U | 623 | 628 | 6 | 302087 | 109 | 619 | 71
800 | Revision_800/flex.c | U | 631 | 636 | 6 | 302088 | 109 | 620 | 71
800 | Revision_800/flex.c | U | 483 | 488 | 6 | 302089 | 109 | 621 | 71
800 | Revision_800/flex.c | U | 688 | 693 | 6 | 302090 | 109 | 617 | 71
800 | Revision_800/flex.c | U | 696 | 701 | 6 | 302091 | 109 | 622 | 71
800 | Revision_800/flex.c | U | 599 | 606 | 6 | 302092 | 109 | 619 | 71
800 | Revision_800/flex.c | U | 638 | 645 | 6 | 302093 | 109 | 623 | 71
800 | Revision_800/flex.c | U | 532 | 538 | 6 | 302094 | 109 | 624 | 71
800 | Revision_800/flex.c | U | 664 | 671 | 6 | 302095 | 109 | 626 | 71
800 | Revision_800/flex.c | U | 545 | 551 | 6 | 302096 | 109 | 625 | 71
800 | Revision_800/flex.c | U | 703 | 710 | 6 | 302097 | 109 | 627 | 71
800 | Revision_800/flex.c | U | 652 | 659 | 6 | 302098 | 109 | 628 | 71
800 | Revision_800/flex.c | U | 558 | 565 | 6 | 302099 | 109 | 629 | 71
800 | Revision_800/flex.c | U | 613 | 621 | 6 | 302100 | 109 | 778 | 71
800 | Revision_800/flex.c | U | 678 | 686 | 6 | 302101 | 109 | 619 | 71
800 | Revision_800/flex.c | U | 596 | 647 | 51 | 302102 | 110 | 779 | 78
800 | Revision_800/flex.c | U | 649 | 713 | 51 | 302103 | 110 | 780 | 78
800 | Revision_800/flex.c | U | 965 | 998 | 17 | 302104 | 111 | 655 | 75
800 | Revision_800/flex.c | U | 1985 | 2020 | 17 | 302105 | 111 | 660 | 75
800 | Revision_800/flex.c | U | 1527 | 1562 | 33 | 302106 | 112 | 662 | 70
800 | Revision_800/vhdl.c | U | 768 | 801 | 33 | 302107 | 112 | 565 | 70
800 | Revision_800/tex.c | U | 506 | 539 | 33 | 302108 | 112 | 758 | 70
800 | Revision_800/fortran.c | U | 2114 | 2138 | 33 | 302109 | 112 | 566 | 70
800 | Revision_800/flex.c | U | 1624 | 1650 | 12 | 302110 | 113 | 663 | 72
800 | Revision_800/flex.c | U | 1652 | 1674 | 12 | 302111 | 113 | 664 | 72
800 | Revision_800/sh.c | U | 89 | 94 | 6 | 302112 | 114 | 378 | 80
800 | Revision_800/asm.c | U | 347 | 352 | 6 | 302113 | 114 | 379 | 80
800 | Revision_800/vhdl.c | U | 405 | 479 | 69 | 302114 | 115 | 769 | 77
800 | Revision_800/tex.c | U | 304 | 371 | 69 | 302115 | 115 | 684 | 77
800 | Revision_800/vhdl.c | U | 493 | 533 | 32 | 302116 | 116 | 561 | 72
800 | Revision_800/sql.c | U | 735 | 784 | 32 | 302117 | 116 | 562 | 72
800 | Revision_800/vhdl.c | U | 724 | 741 | 15 | 302118 | 117 | 560 | 100
800 | Revision_800/vhdl.c | U | 743 | 760 | 15 | 302119 | 117 | 539 | 100
800 | Revision_800/beta.c | U | 134 | 141 | 6 | 302120 | 118 | 201 | 75
800 | Revision_800/beta.c | U | 204 | 212 | 6 | 302121 | 118 | 202 | 75
800 | Revision_800/beta.c | U | 152 | 156 | 5 | 302122 | 119 | 203 | 75
800 | Revision_800/beta.c | U | 271 | 275 | 5 | 302123 | 119 | 205 | 75
800 | Revision_800/beta.c | U | 277 | 281 | 5 | 302124 | 119 | 207 | 75
800 | Revision_800/beta.c | U | 158 | 162 | 5 | 302125 | 119 | 204 | 75
800 | Revision_800/beta.c | U | 165 | 169 | 5 | 302126 | 119 | 206 | 75
800 | Revision_800/sql.c | U | 741 | 756 | 17 | 302127 | 120 | 537 | 75
800 | Revision_800/fortran.c | U | 1288 | 1294 | 17 | 302128 | 120 | 85 | 75
800 | Revision_800/sql.c | U | 1740 | 1776 | 24 | 302129 | 121 | 487 | 78
800 | Revision_800/sql.c | U | 2146 | 2189 | 24 | 302130 | 121 | 488 | 78
800 | Revision_800/sql.c | U | 2085 | 2143 | 34 | 302131 | 122 | 773 | 100
800 | Revision_800/sql.c | U | 2192 | 2253 | 34 | 302132 | 122 | 774 | 100
800 | Revision_800/sql.c | U | 2110 | 2135 | 17 | 302133 | 123 | 489 | 84
800 | Revision_800/sql.c | U | 2159 | 2183 | 17 | 302134 | 123 | 490 | 84
800 | Revision_800/sql.c | U | 2220 | 2245 | 17 | 302135 | 123 | 775 | 84
800 | Revision_800/parse.c | U | 96 | 106 | 11 | 302136 | 124 | 208 | 88
800 | Revision_800/parse.c | U | 109 | 120 | 11 | 302137 | 124 | 209 | 88
800 | Revision_800/parse.c | U | 299 | 303 | 5 | 302138 | 125 | 356 | 75
800 | Revision_800/parse.c | U | 556 | 560 | 5 | 302139 | 125 | 357 | 75
800 | Revision_800/parse.c | U | 575 | 579 | 5 | 302140 | 125 | 358 | 75
800 | Revision_800/readtags.c | U | 541 | 547 | 6 | 302141 | 126 | 239 | 100
800 | Revision_800/readtags.c | U | 549 | 555 | 6 | 302142 | 126 | 240 | 100
800 | Revision_800/readtags.c | U | 584 | 588 | 6 | 302143 | 127 | 123 | 75
800 | Revision_800/readtags.c | U | 639 | 645 | 6 | 302144 | 127 | 124 | 75
800 | Revision_800/readtags.c | U | 718 | 726 | 8 | 302145 | 128 | 210 | 83
800 | Revision_800/readtags.c | U | 773 | 781 | 8 | 302146 | 128 | 211 | 83
800 | Revision_800/readtags.c | U | 729 | 737 | 8 | 302147 | 128 | 212 | 83
800 | Revision_800/readtags.c | U | 740 | 745 | 6 | 302148 | 129 | 241 | 80
800 | Revision_800/readtags.c | U | 765 | 770 | 6 | 302149 | 129 | 242 | 80
800 | Revision_800/readtags.c | U | 757 | 762 | 6 | 302150 | 129 | 287 | 80
800 | Revision_800/fortran.c | U | 1363 | 1376 | 11 | 302151 | 130 | 336 | 72
800 | Revision_800/fortran.c | U | 1617 | 1625 | 11 | 302152 | 130 | 84 | 72
800 | Revision_800/fortran.c | U | 1714 | 1729 | 20 | 302153 | 131 | 21 | 84
800 | Revision_800/fortran.c | U | 1930 | 1946 | 20 | 302154 | 131 | 374 | 84
800 | Revision_800/fortran.c | U | 1895 | 1913 | 16 | 302155 | 132 | 220 | 73
800 | Revision_800/fortran.c | U | 1965 | 1981 | 16 | 302156 | 132 | 221 | 73
800 | Revision_800/fortran.c | U | 2041 | 2061 | 16 | 302157 | 132 | 372 | 73
800 | Revision_800/tex.c | U | 232 | 237 | 6 | 302158 | 133 | 827 | 100
800 | Revision_800/tex.c | U | 237 | 242 | 6 | 302159 | 133 | 828 | 100
800 | Revision_800/tex.c | U | 242 | 247 | 6 | 302160 | 133 | 828 | 100
800 | Revision_800/tex.c | U | 413 | 430 | 16 | 302161 | 134 | 696 | 83
800 | Revision_800/tex.c | U | 438 | 457 | 16 | 302162 | 134 | 697 | 83
800 | Revision_800/asm.c | U | 243 | 256 | 11 | 302163 | 135 | 289 | 77
800 | Revision_800/asm.c | U | 261 | 271 | 11 | 302164 | 135 | 279 | 77
800 | Revision_800/scheme.c | U | 70 | 78 | 8 | 302165 | 136 | 222 | 71
800 | Revision_800/scheme.c | U | 85 | 93 | 8 | 302166 | 136 | 223 | 71
800 | Revision_800/options.c | U | 369 | 375 | 6 | 302167 | 137 | 224 | 100
800 | Revision_800/options.c | U | 378 | 384 | 6 | 302168 | 137 | 225 | 100
800 | Revision_800/options.c | U | 543 | 549 | 7 | 302169 | 138 | 226 | 100
800 | Revision_800/options.c | U | 552 | 558 | 7 | 302170 | 138 | 227 | 100
800 | Revision_800/options.c | U | 570 | 576 | 7 | 302171 | 138 | 228 | 100
800 | Revision_800/options.c | U | 561 | 567 | 7 | 302172 | 138 | 229 | 100
800 | Revision_800/options.c | U | 982 | 986 | 5 | 302173 | 139 | 230 | 75
800 | Revision_800/options.c | U | 1008 | 1012 | 5 | 302174 | 139 | 231 | 75
800 | Revision_800/options.c | U | 1102 | 1106 | 5 | 302175 | 140 | 232 | 100
800 | Revision_800/options.c | U | 1108 | 1112 | 5 | 302176 | 140 | 233 | 100
800 | Revision_800/options.c | U | 1154 | 1166 | 12 | 302177 | 141 | 360 | 100
800 | Revision_800/options.c | U | 1171 | 1183 | 12 | 302178 | 141 | 235 | 100
800 | Revision_800/options.c | U | 1425 | 1442 | 15 | 302179 | 142 | 236 | 91
800 | Revision_800/options.c | U | 1463 | 1480 | 15 | 302180 | 142 | 237 | 91
800 | Revision_800/objc.c | U | 318 | 330 | 10 | 302181 | 143 | 818 | 100
800 | Revision_800/objc.c | U | 332 | 344 | 10 | 302182 | 143 | 819 | 100
800 | Revision_800/objc.c | U | 576 | 614 | 31 | 302183 | 144 | 820 | 100
800 | Revision_800/objc.c | U | 617 | 655 | 31 | 302184 | 144 | 821 | 100
800 | Revision_800/objc.c | U | 823 | 860 | 29 | 302185 | 145 | 822 | 96
800 | Revision_800/objc.c | U | 899 | 934 | 29 | 302186 | 145 | 823 | 96
