Revision | filePath | changeType | StartLine | EndLine | Nlines | cloneId | classId | globalCloneId | Similarity
810 | Revision_810/ant.c | U | 33 | 40 | 8 | 201397 | 1 | 526 | 70
810 | Revision_810/rexx.c | U | 30 | 37 | 8 | 201398 | 1 | 25 | 70
810 | Revision_810/tex.c | U | 570 | 583 | 8 | 201399 | 1 | 528 | 70
810 | Revision_810/lua.c | U | 123 | 131 | 8 | 201400 | 1 | 154 | 70
810 | Revision_810/beta.c | U | 311 | 319 | 8 | 201401 | 1 | 15 | 70
810 | Revision_810/matlab.c | U | 35 | 42 | 8 | 201402 | 1 | 527 | 70
810 | Revision_810/slang.c | U | 34 | 41 | 8 | 201403 | 1 | 27 | 70
810 | Revision_810/php.c | U | 91 | 98 | 8 | 201404 | 1 | 366 | 70
810 | Revision_810/html.c | U | 40 | 47 | 8 | 201405 | 1 | 253 | 70
810 | Revision_810/cobol.c | U | 40 | 48 | 8 | 201406 | 1 | 213 | 70
810 | Revision_810/yacc.c | U | 31 | 38 | 8 | 201407 | 1 | 28 | 70
810 | Revision_810/jscript.c | U | 1753 | 1766 | 8 | 201408 | 1 | 281 | 70
810 | Revision_810/dosbatch.c | U | 33 | 40 | 8 | 201409 | 1 | 529 | 70
810 | Revision_810/keyword.c | U | 107 | 116 | 8 | 201410 | 1 | 29 | 70
810 | Revision_810/awk.c | U | 71 | 79 | 8 | 201411 | 1 | 10 | 70
810 | Revision_810/make.c | U | 205 | 215 | 8 | 201412 | 1 | 26 | 70
810 | Revision_810/verilog.c | U | 330 | 339 | 8 | 201413 | 1 | 184 | 70
810 | Revision_810/sql.c | U | 2360 | 2369 | 8 | 201414 | 1 | 197 | 70
810 | Revision_810/flex.c | U | 2409 | 2422 | 8 | 201415 | 1 | 438 | 70
810 | Revision_810/sh.c | U | 103 | 113 | 8 | 201416 | 1 | 24 | 70
810 | Revision_810/asp.c | U | 317 | 325 | 8 | 201417 | 1 | 18 | 70
810 | Revision_810/pascal.c | U | 257 | 265 | 8 | 201418 | 1 | 13 | 70
810 | Revision_810/tcl.c | U | 106 | 114 | 8 | 201419 | 1 | 22 | 70
810 | Revision_810/sml.c | U | 202 | 210 | 8 | 201420 | 1 | 216 | 70
810 | Revision_810/perl.c | U | 491 | 499 | 8 | 201421 | 1 | 19 | 70
810 | Revision_810/erlang.c | U | 179 | 187 | 8 | 201422 | 1 | 230 | 70
810 | Revision_810/vim.c | U | 731 | 739 | 8 | 201423 | 1 | 20 | 70
810 | Revision_810/vhdl.c | U | 824 | 833 | 8 | 201424 | 1 | 403 | 70
810 | Revision_810/scheme.c | U | 99 | 109 | 8 | 201425 | 1 | 17 | 70
810 | Revision_810/ocaml.c | U | 1888 | 1898 | 8 | 201426 | 1 | 601 | 70
810 | Revision_810/ruby.c | U | 398 | 406 | 8 | 201427 | 1 | 16 | 70
810 | Revision_810/basic.c | U | 193 | 201 | 8 | 201428 | 1 | 275 | 70
810 | Revision_810/python.c | U | 856 | 864 | 8 | 201429 | 1 | 14 | 70
810 | Revision_810/lisp.c | U | 127 | 137 | 8 | 201430 | 1 | 11 | 70
810 | Revision_810/objc.c | U | 1141 | 1151 | 8 | 201431 | 1 | 639 | 70
810 | Revision_810/options.c | U | 626 | 632 | 8 | 201432 | 1 | 30 | 70
810 | Revision_810/options.c | U | 533 | 538 | 8 | 201433 | 1 | 242 | 70
810 | Revision_810/asm.c | U | 366 | 385 | 8 | 201434 | 1 | 174 | 70
810 | Revision_810/args.c | U | 85 | 92 | 8 | 201435 | 2 | 1 | 100
810 | Revision_810/args.c | U | 160 | 167 | 8 | 201436 | 2 | 2 | 100
810 | Revision_810/args.c | U | 182 | 190 | 9 | 201437 | 3 | 3 | 75
810 | Revision_810/args.c | U | 193 | 200 | 9 | 201438 | 3 | 4 | 75
810 | Revision_810/args.c | U | 203 | 211 | 9 | 201439 | 3 | 5 | 75
810 | Revision_810/args.c | U | 266 | 272 | 7 | 201440 | 4 | 6 | 83
810 | Revision_810/options.c | U | 579 | 584 | 7 | 201441 | 4 | 7 | 83
810 | Revision_810/asm.c | U | 120 | 128 | 8 | 201442 | 5 | 188 | 71
810 | Revision_810/flex.c | U | 216 | 225 | 8 | 201443 | 5 | 437 | 71
810 | Revision_810/tex.c | U | 160 | 169 | 8 | 201444 | 5 | 530 | 71
810 | Revision_810/jscript.c | U | 185 | 194 | 8 | 201445 | 5 | 280 | 71
810 | Revision_810/sql.c | U | 409 | 418 | 8 | 201446 | 5 | 196 | 71
810 | Revision_810/verilog.c | U | 108 | 118 | 8 | 201447 | 5 | 258 | 71
810 | Revision_810/vhdl.c | U | 573 | 583 | 8 | 201448 | 5 | 401 | 71
810 | Revision_810/asm.c | U | 131 | 139 | 8 | 201449 | 6 | 170 | 71
810 | Revision_810/keyword.c | U | 195 | 202 | 8 | 201450 | 6 | 432 | 71
810 | Revision_810/asm.c | U | 243 | 256 | 11 | 201451 | 7 | 191 | 77
810 | Revision_810/asm.c | U | 261 | 271 | 11 | 201452 | 7 | 179 | 77
810 | Revision_810/asm.c | U | 347 | 352 | 6 | 201453 | 8 | 256 | 80
810 | Revision_810/sh.c | U | 89 | 94 | 6 | 201454 | 8 | 257 | 80
810 | Revision_810/asp.c | U | 72 | 91 | 15 | 201455 | 9 | 31 | 100
810 | Revision_810/asp.c | U | 95 | 114 | 15 | 201456 | 9 | 32 | 100
810 | Revision_810/asp.c | U | 118 | 163 | 40 | 201457 | 10 | 591 | 100
810 | Revision_810/asp.c | U | 165 | 210 | 40 | 201458 | 10 | 592 | 100
810 | Revision_810/asp.c | U | 125 | 137 | 11 | 201459 | 11 | 33 | 70
810 | Revision_810/asp.c | U | 152 | 161 | 11 | 201460 | 11 | 594 | 70
810 | Revision_810/asp.c | U | 234 | 249 | 11 | 201461 | 11 | 34 | 70
810 | Revision_810/asp.c | U | 139 | 151 | 11 | 201462 | 11 | 34 | 70
810 | Revision_810/asp.c | U | 253 | 268 | 11 | 201463 | 11 | 34 | 70
810 | Revision_810/asp.c | U | 272 | 287 | 11 | 201464 | 11 | 593 | 70
810 | Revision_810/asp.c | U | 214 | 230 | 11 | 201465 | 11 | 595 | 70
810 | Revision_810/asp.c | U | 291 | 306 | 11 | 201466 | 11 | 596 | 70
810 | Revision_810/asp.c | U | 218 | 229 | 11 | 201467 | 11 | 597 | 70
810 | Revision_810/lua.c | U | 81 | 88 | 11 | 201468 | 11 | 185 | 70
810 | Revision_810/vim.c | U | 270 | 279 | 11 | 201469 | 11 | 599 | 70
810 | Revision_810/asp.c | U | 237 | 248 | 11 | 201470 | 11 | 598 | 70
810 | Revision_810/vim.c | U | 315 | 324 | 11 | 201471 | 11 | 600 | 70
810 | Revision_810/asp.c | U | 275 | 286 | 11 | 201472 | 11 | 596 | 70
810 | Revision_810/asp.c | U | 294 | 305 | 11 | 201473 | 11 | 595 | 70
810 | Revision_810/asp.c | U | 256 | 267 | 11 | 201474 | 11 | 593 | 70
810 | Revision_810/asp.c | U | 186 | 198 | 11 | 201475 | 11 | 34 | 70
810 | Revision_810/asp.c | U | 172 | 184 | 11 | 201476 | 11 | 34 | 70
810 | Revision_810/asp.c | U | 199 | 208 | 11 | 201477 | 11 | 18 | 70
810 | Revision_810/basic.c | U | 135 | 140 | 6 | 201478 | 12 | 278 | 80
810 | Revision_810/basic.c | U | 147 | 152 | 6 | 201479 | 12 | 279 | 80
810 | Revision_810/beta.c | U | 71 | 80 | 10 | 201480 | 13 | 43 | 70
810 | Revision_810/vhdl.c | U | 536 | 548 | 10 | 201481 | 13 | 404 | 70
810 | Revision_810/sql.c | U | 447 | 461 | 10 | 201482 | 13 | 198 | 70
810 | Revision_810/sml.c | U | 75 | 81 | 10 | 201483 | 13 | 217 | 70
810 | Revision_810/parse.c | U | 43 | 54 | 10 | 201484 | 13 | 44 | 70
810 | Revision_810/flex.c | U | 256 | 270 | 10 | 201485 | 13 | 439 | 70
810 | Revision_810/beta.c | U | 134 | 141 | 6 | 201486 | 14 | 45 | 75
810 | Revision_810/beta.c | U | 204 | 212 | 6 | 201487 | 14 | 46 | 75
810 | Revision_810/beta.c | U | 152 | 156 | 5 | 201488 | 15 | 47 | 75
810 | Revision_810/beta.c | U | 158 | 162 | 5 | 201489 | 15 | 49 | 75
810 | Revision_810/beta.c | U | 165 | 169 | 5 | 201490 | 15 | 51 | 75
810 | Revision_810/beta.c | U | 277 | 281 | 5 | 201491 | 15 | 48 | 75
810 | Revision_810/beta.c | U | 271 | 275 | 5 | 201492 | 15 | 50 | 75
810 | Revision_810/erlang.c | U | 58 | 62 | 5 | 201493 | 16 | 231 | 75
810 | Revision_810/python.c | U | 277 | 281 | 5 | 201494 | 16 | 180 | 75
810 | Revision_810/python.c | U | 299 | 303 | 5 | 201495 | 16 | 368 | 75
810 | Revision_810/sml.c | U | 84 | 88 | 5 | 201496 | 16 | 218 | 75
810 | Revision_810/options.c | U | 963 | 968 | 5 | 201497 | 16 | 181 | 75
810 | Revision_810/erlang.c | U | 66 | 75 | 9 | 201498 | 17 | 232 | 75
810 | Revision_810/tcl.c | U | 44 | 54 | 9 | 201499 | 17 | 195 | 75
810 | Revision_810/python.c | U | 307 | 316 | 9 | 201500 | 17 | 194 | 75
810 | Revision_810/erlang.c | U | 97 | 105 | 7 | 201501 | 18 | 237 | 71
810 | Revision_810/perl.c | U | 472 | 478 | 7 | 201502 | 18 | 262 | 71
810 | Revision_810/erlang.c | U | 116 | 121 | 7 | 201503 | 18 | 235 | 71
810 | Revision_810/main.c | U | 179 | 185 | 7 | 201504 | 18 | 255 | 71
810 | Revision_810/erlang.c | U | 108 | 113 | 7 | 201505 | 18 | 239 | 71
810 | Revision_810/main.c | U | 260 | 267 | 7 | 201506 | 18 | 254 | 71
810 | Revision_810/perl.c | U | 458 | 465 | 7 | 201507 | 18 | 19 | 71
810 | Revision_810/flex.c | U | 228 | 242 | 12 | 201508 | 19 | 440 | 75
810 | Revision_810/tex.c | U | 172 | 183 | 12 | 201509 | 19 | 532 | 75
810 | Revision_810/jscript.c | U | 197 | 210 | 12 | 201510 | 19 | 282 | 75
810 | Revision_810/sql.c | U | 421 | 433 | 12 | 201511 | 19 | 205 | 75
810 | Revision_810/vhdl.c | U | 342 | 351 | 12 | 201512 | 19 | 405 | 75
810 | Revision_810/flex.c | U | 245 | 249 | 5 | 201513 | 20 | 441 | 75
810 | Revision_810/vhdl.c | U | 354 | 361 | 5 | 201514 | 20 | 406 | 75
810 | Revision_810/jscript.c | U | 213 | 217 | 5 | 201515 | 20 | 286 | 75
810 | Revision_810/tex.c | U | 186 | 190 | 5 | 201516 | 20 | 533 | 75
810 | Revision_810/sql.c | U | 436 | 440 | 5 | 201517 | 20 | 288 | 75
810 | Revision_810/vstring.c | U | 69 | 73 | 5 | 201518 | 20 | 287 | 75
810 | Revision_810/vstring.c | U | 67 | 74 | 5 | 201519 | 20 | 287 | 75
810 | Revision_810/flex.c | U | 273 | 306 | 16 | 201520 | 21 | 442 | 73
810 | Revision_810/sql.c | U | 464 | 485 | 16 | 201521 | 21 | 290 | 73
810 | Revision_810/vhdl.c | U | 551 | 570 | 16 | 201522 | 21 | 407 | 73
810 | Revision_810/flex.c | U | 295 | 303 | 11 | 201523 | 22 | 561 | 70
810 | Revision_810/vhdl.c | U | 553 | 569 | 11 | 201524 | 22 | 407 | 70
810 | Revision_810/flex.c | U | 309 | 333 | 20 | 201525 | 23 | 443 | 73
810 | Revision_810/jscript.c | U | 268 | 292 | 20 | 201526 | 23 | 433 | 73
810 | Revision_810/jscript.c | U | 1534 | 1574 | 20 | 201527 | 23 | 434 | 73
810 | Revision_810/jscript.c | U | 295 | 319 | 20 | 201528 | 23 | 398 | 73
810 | Revision_810/flex.c | U | 359 | 383 | 20 | 201529 | 23 | 445 | 73
810 | Revision_810/flex.c | U | 336 | 356 | 20 | 201530 | 23 | 446 | 73
810 | Revision_810/flex.c | U | 1863 | 1903 | 20 | 201531 | 23 | 444 | 73
810 | Revision_810/jscript.c | U | 1451 | 1493 | 20 | 201532 | 23 | 637 | 73
810 | Revision_810/flex.c | U | 316 | 320 | 5 | 201533 | 24 | 535 | 75
810 | Revision_810/jscript.c | U | 1472 | 1476 | 5 | 201534 | 24 | 342 | 75
810 | Revision_810/tex.c | U | 444 | 448 | 5 | 201535 | 24 | 555 | 75
810 | Revision_810/tex.c | U | 420 | 424 | 5 | 201536 | 24 | 556 | 75
810 | Revision_810/jscript.c | U | 302 | 306 | 5 | 201537 | 24 | 291 | 75
810 | Revision_810/jscript.c | U | 275 | 279 | 5 | 201538 | 24 | 280 | 75
810 | Revision_810/flex.c | U | 366 | 370 | 5 | 201539 | 24 | 537 | 75
810 | Revision_810/flex.c | U | 343 | 347 | 5 | 201540 | 24 | 538 | 75
810 | Revision_810/flex.c | U | 1884 | 1888 | 5 | 201541 | 24 | 539 | 75
810 | Revision_810/jscript.c | U | 1555 | 1559 | 5 | 201542 | 24 | 361 | 75
810 | Revision_810/flex.c | U | 390 | 408 | 16 | 201543 | 25 | 447 | 78
810 | Revision_810/sql.c | U | 492 | 512 | 16 | 201544 | 25 | 296 | 78
810 | Revision_810/vhdl.c | U | 368 | 386 | 16 | 201545 | 25 | 409 | 78
810 | Revision_810/jscript.c | U | 326 | 345 | 16 | 201546 | 25 | 398 | 78
810 | Revision_810/flex.c | U | 414 | 425 | 12 | 201547 | 26 | 448 | 100
810 | Revision_810/jscript.c | U | 377 | 388 | 12 | 201548 | 26 | 295 | 100
810 | Revision_810/sql.c | U | 517 | 528 | 12 | 201549 | 26 | 296 | 100
810 | Revision_810/vhdl.c | U | 391 | 402 | 12 | 201550 | 26 | 410 | 100
810 | Revision_810/tex.c | U | 289 | 301 | 12 | 201551 | 26 | 541 | 100
810 | Revision_810/flex.c | U | 437 | 441 | 6 | 201552 | 27 | 449 | 71
810 | Revision_810/sql.c | U | 540 | 553 | 6 | 201553 | 27 | 206 | 71
810 | Revision_810/tex.c | U | 313 | 317 | 6 | 201554 | 27 | 542 | 71
810 | Revision_810/flex.c | U | 510 | 514 | 6 | 201555 | 27 | 450 | 71
810 | Revision_810/vhdl.c | U | 414 | 418 | 6 | 201556 | 27 | 411 | 71
810 | Revision_810/flex.c | U | 688 | 693 | 6 | 201557 | 27 | 451 | 71
810 | Revision_810/flex.c | U | 483 | 488 | 6 | 201558 | 27 | 452 | 71
810 | Revision_810/flex.c | U | 623 | 628 | 6 | 201559 | 27 | 450 | 71
810 | Revision_810/flex.c | U | 631 | 636 | 6 | 201560 | 27 | 451 | 71
810 | Revision_810/flex.c | U | 696 | 701 | 6 | 201561 | 27 | 453 | 71
810 | Revision_810/flex.c | U | 664 | 671 | 6 | 201562 | 27 | 455 | 71
810 | Revision_810/flex.c | U | 703 | 710 | 6 | 201563 | 27 | 454 | 71
810 | Revision_810/flex.c | U | 652 | 659 | 6 | 201564 | 27 | 456 | 71
810 | Revision_810/flex.c | U | 532 | 538 | 6 | 201565 | 27 | 457 | 71
810 | Revision_810/flex.c | U | 599 | 606 | 6 | 201566 | 27 | 458 | 71
810 | Revision_810/flex.c | U | 558 | 565 | 6 | 201567 | 27 | 459 | 71
810 | Revision_810/flex.c | U | 545 | 551 | 6 | 201568 | 27 | 460 | 71
810 | Revision_810/flex.c | U | 638 | 645 | 6 | 201569 | 27 | 461 | 71
810 | Revision_810/flex.c | U | 678 | 686 | 6 | 201570 | 27 | 632 | 71
810 | Revision_810/flex.c | U | 613 | 621 | 6 | 201571 | 27 | 450 | 71
810 | Revision_810/flex.c | U | 490 | 515 | 22 | 201572 | 28 | 462 | 70
810 | Revision_810/jscript.c | U | 468 | 487 | 22 | 201573 | 28 | 685 | 70
810 | Revision_810/sql.c | U | 625 | 655 | 22 | 201574 | 28 | 464 | 70
810 | Revision_810/flex.c | U | 596 | 647 | 51 | 201575 | 29 | 633 | 78
810 | Revision_810/flex.c | U | 649 | 713 | 51 | 201576 | 29 | 634 | 78
810 | Revision_810/flex.c | U | 734 | 743 | 10 | 201577 | 30 | 467 | 100
810 | Revision_810/tex.c | U | 342 | 351 | 10 | 201578 | 30 | 543 | 100
810 | Revision_810/jscript.c | U | 495 | 504 | 10 | 201579 | 30 | 412 | 100
810 | Revision_810/vhdl.c | U | 467 | 476 | 10 | 201580 | 30 | 413 | 100
810 | Revision_810/flex.c | U | 749 | 758 | 9 | 201581 | 31 | 468 | 77
810 | Revision_810/sql.c | U | 787 | 794 | 9 | 201582 | 31 | 313 | 77
810 | Revision_810/tex.c | U | 374 | 381 | 9 | 201583 | 31 | 544 | 77
810 | Revision_810/jscript.c | U | 512 | 520 | 9 | 201584 | 31 | 301 | 77
810 | Revision_810/flex.c | U | 765 | 795 | 17 | 201585 | 32 | 469 | 83
810 | Revision_810/jscript.c | U | 642 | 664 | 17 | 201586 | 32 | 315 | 83
810 | Revision_810/sql.c | U | 765 | 783 | 17 | 201587 | 32 | 400 | 83
810 | Revision_810/vhdl.c | U | 514 | 532 | 17 | 201588 | 32 | 414 | 83
810 | Revision_810/jscript.c | U | 527 | 557 | 17 | 201589 | 32 | 284 | 83
810 | Revision_810/flex.c | U | 798 | 827 | 17 | 201590 | 32 | 470 | 83
810 | Revision_810/jscript.c | U | 560 | 589 | 17 | 201591 | 32 | 371 | 83
810 | Revision_810/flex.c | U | 830 | 837 | 7 | 201592 | 33 | 471 | 80
810 | Revision_810/jscript.c | U | 592 | 599 | 7 | 201593 | 33 | 301 | 80
810 | Revision_810/jscript.c | U | 602 | 609 | 7 | 201594 | 33 | 302 | 80
810 | Revision_810/flex.c | U | 840 | 847 | 7 | 201595 | 33 | 472 | 80
810 | Revision_810/sql.c | U | 698 | 705 | 7 | 201596 | 33 | 304 | 80
810 | Revision_810/flex.c | U | 854 | 876 | 14 | 201597 | 34 | 473 | 88
810 | Revision_810/jscript.c | U | 616 | 639 | 14 | 201598 | 34 | 316 | 88
810 | Revision_810/flex.c | U | 861 | 875 | 9 | 201599 | 35 | 474 | 70
810 | Revision_810/vhdl.c | U | 656 | 668 | 9 | 201600 | 35 | 415 | 70
810 | Revision_810/sql.c | U | 935 | 947 | 9 | 201601 | 35 | 358 | 70
810 | Revision_810/flex.c | U | 1235 | 1263 | 9 | 201602 | 35 | 475 | 70
810 | Revision_810/vhdl.c | U | 727 | 740 | 9 | 201603 | 35 | 430 | 70
810 | Revision_810/jscript.c | U | 1418 | 1435 | 9 | 201604 | 35 | 281 | 70
810 | Revision_810/jscript.c | U | 723 | 749 | 9 | 201605 | 35 | 309 | 70
810 | Revision_810/vhdl.c | U | 746 | 759 | 9 | 201606 | 35 | 427 | 70
810 | Revision_810/sql.c | U | 2256 | 2284 | 9 | 201607 | 35 | 314 | 70
810 | Revision_810/jscript.c | U | 886 | 893 | 9 | 201608 | 35 | 307 | 70
810 | Revision_810/flex.c | U | 1797 | 1812 | 9 | 201609 | 35 | 477 | 70
810 | Revision_810/sql.c | U | 1809 | 1816 | 9 | 201610 | 35 | 311 | 70
810 | Revision_810/sql.c | U | 1176 | 1193 | 9 | 201611 | 35 | 319 | 70
810 | Revision_810/sql.c | U | 1209 | 1232 | 9 | 201612 | 35 | 337 | 70
810 | Revision_810/vhdl.c | U | 617 | 625 | 9 | 201613 | 35 | 416 | 70
810 | Revision_810/jscript.c | U | 623 | 638 | 9 | 201614 | 35 | 306 | 70
810 | Revision_810/flex.c | U | 2079 | 2093 | 9 | 201615 | 35 | 635 | 70
810 | Revision_810/sql.c | U | 1705 | 1715 | 9 | 201616 | 35 | 397 | 70
810 | Revision_810/sql.c | U | 1694 | 1702 | 9 | 201617 | 35 | 396 | 70
810 | Revision_810/flex.c | U | 2239 | 2258 | 9 | 201618 | 35 | 479 | 70
810 | Revision_810/flex.c | U | 2003 | 2017 | 9 | 201619 | 35 | 481 | 70
810 | Revision_810/flex.c | U | 937 | 963 | 9 | 201620 | 35 | 476 | 70
810 | Revision_810/jscript.c | U | 1043 | 1063 | 9 | 201621 | 35 | 318 | 70
810 | Revision_810/flex.c | U | 1304 | 1323 | 9 | 201622 | 35 | 478 | 70
810 | Revision_810/sql.c | U | 903 | 917 | 9 | 201623 | 35 | 313 | 70
810 | Revision_810/vhdl.c | U | 635 | 640 | 9 | 201624 | 35 | 416 | 70
810 | Revision_810/flex.c | U | 2248 | 2257 | 9 | 201625 | 35 | 485 | 70
810 | Revision_810/jscript.c | U | 772 | 783 | 9 | 201626 | 35 | 312 | 70
810 | Revision_810/jscript.c | U | 1175 | 1181 | 9 | 201627 | 35 | 309 | 70
810 | Revision_810/sql.c | U | 1623 | 1629 | 9 | 201628 | 35 | 356 | 70
810 | Revision_810/sql.c | U | 1032 | 1052 | 9 | 201629 | 35 | 310 | 70
810 | Revision_810/sql.c | U | 937 | 944 | 9 | 201630 | 35 | 358 | 70
810 | Revision_810/flex.c | U | 986 | 997 | 9 | 201631 | 35 | 486 | 70
810 | Revision_810/flex.c | U | 2009 | 2015 | 9 | 201632 | 35 | 481 | 70
810 | Revision_810/sql.c | U | 1762 | 1772 | 9 | 201633 | 35 | 345 | 70
810 | Revision_810/flex.c | U | 1994 | 2019 | 9 | 201634 | 35 | 484 | 70
810 | Revision_810/vhdl.c | U | 704 | 715 | 9 | 201635 | 35 | 417 | 70
810 | Revision_810/jscript.c | U | 667 | 696 | 9 | 201636 | 35 | 330 | 70
810 | Revision_810/flex.c | U | 2260 | 2276 | 9 | 201637 | 35 | 480 | 70
810 | Revision_810/sql.c | U | 901 | 918 | 9 | 201638 | 35 | 313 | 70
810 | Revision_810/flex.c | U | 879 | 910 | 9 | 201639 | 35 | 476 | 70
810 | Revision_810/sql.c | U | 1926 | 1952 | 9 | 201640 | 35 | 320 | 70
810 | Revision_810/vhdl.c | U | 586 | 600 | 9 | 201641 | 35 | 418 | 70
810 | Revision_810/sql.c | U | 1955 | 1976 | 9 | 201642 | 35 | 324 | 70
810 | Revision_810/flex.c | U | 2349 | 2359 | 9 | 201643 | 35 | 524 | 70
810 | Revision_810/ruby.c | U | 214 | 218 | 9 | 201644 | 35 | 265 | 70
810 | Revision_810/flex.c | U | 2129 | 2137 | 9 | 201645 | 35 | 489 | 70
810 | Revision_810/flex.c | U | 2269 | 2275 | 9 | 201646 | 35 | 490 | 70
810 | Revision_810/flex.c | U | 2361 | 2372 | 9 | 201647 | 35 | 438 | 70
810 | Revision_810/flex.c | U | 2278 | 2285 | 9 | 201648 | 35 | 488 | 70
810 | Revision_810/vhdl.c | U | 706 | 714 | 9 | 201649 | 35 | 425 | 70
810 | Revision_810/sql.c | U | 797 | 809 | 9 | 201650 | 35 | 313 | 70
810 | Revision_810/jscript.c | U | 751 | 784 | 9 | 201651 | 35 | 487 | 70
810 | Revision_810/flex.c | U | 2006 | 2016 | 9 | 201652 | 35 | 481 | 70
810 | Revision_810/sql.c | U | 1895 | 1923 | 9 | 201653 | 35 | 323 | 70
810 | Revision_810/sql.c | U | 2018 | 2039 | 9 | 201654 | 35 | 321 | 70
810 | Revision_810/sql.c | U | 1994 | 2015 | 9 | 201655 | 35 | 322 | 70
810 | Revision_810/flex.c | U | 2250 | 2256 | 9 | 201656 | 35 | 485 | 70
810 | Revision_810/vim.c | U | 425 | 433 | 9 | 201657 | 35 | 365 | 70
810 | Revision_810/flex.c | U | 2054 | 2060 | 9 | 201658 | 35 | 636 | 70
810 | Revision_810/gnu_regex/regcomp.c | U | 3586 | 3593 | 9 | 201659 | 35 | 562 | 70
810 | Revision_810/ruby.c | U | 195 | 200 | 9 | 201660 | 35 | 491 | 70
810 | Revision_810/sql.c | U | 712 | 717 | 9 | 201661 | 35 | 304 | 70
810 | Revision_810/vhdl.c | U | 647 | 670 | 9 | 201662 | 35 | 431 | 70
810 | Revision_810/sql.c | U | 2042 | 2082 | 9 | 201663 | 35 | 327 | 70
810 | Revision_810/get.c | U | 594 | 598 | 9 | 201664 | 35 | 364 | 70
810 | Revision_810/flex.c | U | 1301 | 1335 | 9 | 201665 | 35 | 492 | 70
810 | Revision_810/sql.c | U | 1779 | 1818 | 9 | 201666 | 35 | 329 | 70
810 | Revision_810/readtags.c | U | 363 | 367 | 9 | 201667 | 35 | 391 | 70
810 | Revision_810/sql.c | U | 1601 | 1641 | 9 | 201668 | 35 | 328 | 70
810 | Revision_810/flex.c | U | 913 | 999 | 30 | 201669 | 36 | 493 | 90
810 | Revision_810/jscript.c | U | 699 | 785 | 30 | 201670 | 36 | 494 | 90
810 | Revision_810/flex.c | U | 965 | 998 | 17 | 201671 | 37 | 495 | 75
810 | Revision_810/flex.c | U | 1985 | 2020 | 17 | 201672 | 37 | 496 | 75
810 | Revision_810/flex.c | U | 1312 | 1322 | 5 | 201673 | 38 | 506 | 71
810 | Revision_810/options.c | U | 352 | 357 | 5 | 201674 | 38 | 107 | 71
810 | Revision_810/flex.c | U | 1325 | 1334 | 5 | 201675 | 38 | 507 | 71
810 | Revision_810/sql.c | U | 1866 | 1870 | 5 | 201676 | 38 | 335 | 71
810 | Revision_810/sql.c | U | 2127 | 2131 | 5 | 201677 | 38 | 334 | 71
810 | Revision_810/vhdl.c | U | 620 | 624 | 5 | 201678 | 38 | 416 | 71
810 | Revision_810/vhdl.c | U | 611 | 615 | 5 | 201679 | 38 | 419 | 71
810 | Revision_810/sql.c | U | 2237 | 2241 | 5 | 201680 | 38 | 628 | 71
810 | Revision_810/sql.c | U | 1569 | 1574 | 5 | 201681 | 38 | 397 | 71
810 | Revision_810/sql.c | U | 1413 | 1424 | 5 | 201682 | 38 | 627 | 71
810 | Revision_810/sql.c | U | 952 | 961 | 5 | 201683 | 38 | 359 | 71
810 | Revision_810/jscript.c | U | 955 | 964 | 5 | 201684 | 38 | 332 | 71
810 | Revision_810/vhdl.c | U | 749 | 754 | 5 | 201685 | 38 | 427 | 71
810 | Revision_810/vhdl.c | U | 730 | 735 | 5 | 201686 | 38 | 429 | 71
810 | Revision_810/options.c | U | 674 | 678 | 5 | 201687 | 38 | 116 | 71
810 | Revision_810/sql.c | U | 970 | 980 | 5 | 201688 | 38 | 560 | 71
810 | Revision_810/jscript.c | U | 966 | 971 | 5 | 201689 | 38 | 333 | 71
810 | Revision_810/jscript.c | U | 937 | 953 | 5 | 201690 | 38 | 338 | 71
810 | Revision_810/options.c | U | 1221 | 1225 | 5 | 201691 | 38 | 117 | 71
810 | Revision_810/sql.c | U | 1877 | 1886 | 5 | 201692 | 38 | 350 | 71
810 | Revision_810/sql.c | U | 1631 | 1638 | 5 | 201693 | 38 | 311 | 71
810 | Revision_810/flex.c | U | 1384 | 1394 | 5 | 201694 | 39 | 508 | 75
810 | Revision_810/jscript.c | U | 1567 | 1571 | 5 | 201695 | 39 | 342 | 75
810 | Revision_810/flex.c | U | 1896 | 1900 | 5 | 201696 | 39 | 509 | 75
810 | Revision_810/tex.c | U | 452 | 456 | 5 | 201697 | 39 | 557 | 75
810 | Revision_810/jscript.c | U | 1580 | 1597 | 5 | 201698 | 39 | 281 | 75
810 | Revision_810/sql.c | U | 1185 | 1192 | 5 | 201699 | 39 | 343 | 75
810 | Revision_810/sql.c | U | 1101 | 1107 | 5 | 201700 | 39 | 344 | 75
810 | Revision_810/keyword.c | U | 184 | 188 | 5 | 201701 | 39 | 85 | 75
810 | Revision_810/options.c | U | 1042 | 1046 | 5 | 201702 | 39 | 86 | 75
810 | Revision_810/readtags.c | U | 452 | 456 | 5 | 201703 | 39 | 87 | 75
810 | Revision_810/sql.c | U | 1355 | 1359 | 5 | 201704 | 39 | 397 | 75
810 | Revision_810/sql.c | U | 1914 | 1920 | 5 | 201705 | 39 | 345 | 75
810 | Revision_810/sql.c | U | 1943 | 1949 | 5 | 201706 | 39 | 346 | 75
810 | Revision_810/flex.c | U | 1461 | 1930 | 217 | 201707 | 40 | 510 | 73
810 | Revision_810/jscript.c | U | 1117 | 1607 | 217 | 201708 | 40 | 511 | 73
810 | Revision_810/flex.c | U | 1527 | 1562 | 33 | 201709 | 41 | 512 | 70
810 | Revision_810/vhdl.c | U | 768 | 801 | 33 | 201710 | 41 | 513 | 70
810 | Revision_810/tex.c | U | 506 | 539 | 33 | 201711 | 41 | 614 | 70
810 | Revision_810/flex.c | U | 1624 | 1650 | 12 | 201712 | 42 | 514 | 72
810 | Revision_810/flex.c | U | 1652 | 1674 | 12 | 201713 | 42 | 515 | 72
810 | Revision_810/flex.c | U | 1814 | 1831 | 5 | 201714 | 43 | 516 | 75
810 | Revision_810/objc.c | U | 904 | 908 | 5 | 201715 | 43 | 640 | 75
810 | Revision_810/readtags.c | U | 502 | 506 | 5 | 201716 | 43 | 87 | 75
810 | Revision_810/objc.c | U | 828 | 832 | 5 | 201717 | 43 | 641 | 75
810 | Revision_810/ocaml.c | U | 1130 | 1136 | 5 | 201718 | 43 | 602 | 75
810 | Revision_810/readtags.c | U | 681 | 685 | 5 | 201719 | 43 | 88 | 75
810 | Revision_810/flex.c | U | 1933 | 1980 | 29 | 201720 | 44 | 517 | 92
810 | Revision_810/jscript.c | U | 1660 | 1707 | 29 | 201721 | 44 | 518 | 92
810 | Revision_810/flex.c | U | 1946 | 1969 | 21 | 201722 | 45 | 519 | 70
810 | Revision_810/get.c | U | 406 | 413 | 21 | 201723 | 45 | 520 | 70
810 | Revision_810/flex.c | U | 1983 | 2026 | 23 | 201724 | 46 | 502 | 70
810 | Revision_810/sql.c | U | 1678 | 1716 | 23 | 201725 | 46 | 500 | 70
810 | Revision_810/flex.c | U | 2116 | 2169 | 23 | 201726 | 46 | 501 | 70
810 | Revision_810/flex.c | U | 2338 | 2378 | 23 | 201727 | 46 | 624 | 70
810 | Revision_810/flex.c | U | 2322 | 2325 | 8 | 201728 | 47 | 522 | 71
810 | Revision_810/Test/local.c | U | 14 | 20 | 8 | 201729 | 47 | 362 | 71
810 | Revision_810/vhdl.c | U | 499 | 506 | 8 | 201730 | 47 | 420 | 71
810 | Revision_810/flex.c | U | 2382 | 2386 | 5 | 201731 | 48 | 523 | 75
810 | Revision_810/sql.c | U | 2342 | 2346 | 5 | 201732 | 48 | 274 | 75
810 | Revision_810/ocaml.c | U | 922 | 928 | 5 | 201733 | 48 | 604 | 75
810 | Revision_810/ocaml.c | U | 1880 | 1885 | 5 | 201734 | 48 | 603 | 75
810 | Revision_810/make.c | U | 191 | 195 | 5 | 201735 | 48 | 273 | 75
810 | Revision_810/jscript.c | U | 1725 | 1729 | 5 | 201736 | 48 | 348 | 75
810 | Revision_810/options.c | U | 1773 | 1779 | 5 | 201737 | 48 | 605 | 75
810 | Revision_810/flex.c | U | 2389 | 2405 | 15 | 201738 | 49 | 524 | 92
810 | Revision_810/jscript.c | U | 1732 | 1749 | 15 | 201739 | 49 | 525 | 92
810 | Revision_810/get.c | U | 305 | 314 | 10 | 201740 | 50 | 74 | 70
810 | Revision_810/read.c | U | 220 | 231 | 10 | 201741 | 50 | 75 | 70
810 | Revision_810/parse.c | U | 586 | 600 | 10 | 201742 | 50 | 76 | 70
810 | Revision_810/get.c | U | 467 | 478 | 10 | 201743 | 51 | 77 | 87
810 | Revision_810/get.c | U | 484 | 495 | 10 | 201744 | 51 | 79 | 87
810 | Revision_810/get.c | U | 541 | 546 | 6 | 201745 | 52 | 80 | 80
810 | Revision_810/read.c | U | 423 | 427 | 6 | 201746 | 52 | 81 | 80
810 | Revision_810/get.c | U | 649 | 653 | 5 | 201747 | 53 | 394 | 75
810 | Revision_810/python.c | U | 265 | 268 | 5 | 201748 | 53 | 395 | 75
810 | Revision_810/gnu_regex/regcomp.c | U | 258 | 263 | 5 | 201749 | 54 | 563 | 75
810 | Revision_810/routines.c | U | 621 | 644 | 5 | 201750 | 54 | 377 | 75
810 | Revision_810/options.c | U | 397 | 402 | 5 | 201751 | 54 | 244 | 75
810 | Revision_810/main.c | U | 126 | 139 | 5 | 201752 | 54 | 243 | 75
810 | Revision_810/gnu_regex/regcomp.c | U | 765 | 770 | 5 | 201753 | 55 | 564 | 75
810 | Revision_810/gnu_regex/regcomp.c | U | 817 | 821 | 5 | 201754 | 55 | 565 | 75
810 | Revision_810/vhdl.c | U | 457 | 461 | 5 | 201755 | 55 | 421 | 75
810 | Revision_810/strlist.c | U | 150 | 154 | 5 | 201756 | 55 | 62 | 75
810 | Revision_810/sql.c | U | 588 | 592 | 5 | 201757 | 55 | 206 | 75
810 | Revision_810/routines.c | U | 453 | 459 | 5 | 201758 | 55 | 167 | 75
810 | Revision_810/gnu_regex/regcomp.c | U | 1222 | 1232 | 11 | 201759 | 56 | 566 | 70
810 | Revision_810/gnu_regex/regcomp.c | U | 3804 | 3816 | 11 | 201760 | 56 | 567 | 70
810 | Revision_810/gnu_regex/regcomp.c | U | 1277 | 1281 | 5 | 201761 | 57 | 568 | 100
810 | Revision_810/gnu_regex/regcomp.c | U | 1283 | 1287 | 5 | 201762 | 57 | 569 | 100
810 | Revision_810/gnu_regex/regcomp.c | U | 1477 | 1482 | 6 | 201763 | 58 | 570 | 80
810 | Revision_810/gnu_regex/regcomp.c | U | 1516 | 1522 | 6 | 201764 | 58 | 571 | 80
810 | Revision_810/gnu_regex/regcomp.c | U | 1662 | 1667 | 5 | 201765 | 59 | 572 | 75
810 | Revision_810/gnu_regex/regcomp.c | U | 1685 | 1689 | 5 | 201766 | 59 | 573 | 75
810 | Revision_810/gnu_regex/regex_internal.c | U | 76 | 80 | 5 | 201767 | 59 | 574 | 75
810 | Revision_810/gnu_regex/regcomp.c | U | 2011 | 2030 | 16 | 201768 | 60 | 575 | 75
810 | Revision_810/gnu_regex/regcomp.c | U | 2034 | 2046 | 16 | 201769 | 60 | 576 | 75
810 | Revision_810/gnu_regex/regcomp.c | U | 2158 | 2165 | 7 | 201770 | 61 | 577 | 80
810 | Revision_810/gnu_regex/regcomp.c | U | 2312 | 2319 | 7 | 201771 | 61 | 578 | 80
810 | Revision_810/gnu_regex/regcomp.c | U | 2292 | 2296 | 5 | 201772 | 62 | 579 | 75
810 | Revision_810/readtags.c | U | 242 | 246 | 5 | 201773 | 62 | 581 | 75
810 | Revision_810/gnu_regex/regcomp.c | U | 2298 | 2302 | 5 | 201774 | 62 | 580 | 75
810 | Revision_810/gnu_regex/regex_internal.c | U | 1048 | 1055 | 8 | 201775 | 63 | 582 | 71
810 | Revision_810/gnu_regex/regex_internal.c | U | 1188 | 1195 | 8 | 201776 | 63 | 584 | 71
810 | Revision_810/gnu_regex/regex_internal.c | U | 1562 | 1570 | 8 | 201777 | 63 | 583 | 71
810 | Revision_810/gnu_regex/regex_internal.c | U | 1101 | 1116 | 13 | 201778 | 64 | 585 | 80
810 | Revision_810/gnu_regex/regex_internal.c | U | 1234 | 1254 | 13 | 201779 | 64 | 586 | 80
810 | Revision_810/gnu_regex/regex_internal.c | U | 1287 | 1294 | 8 | 201780 | 65 | 587 | 85
810 | Revision_810/gnu_regex/regex_internal.c | U | 1326 | 1333 | 8 | 201781 | 65 | 588 | 85
810 | Revision_810/gnu_regex/regex_internal.c | U | 1464 | 1492 | 22 | 201782 | 66 | 589 | 70
810 | Revision_810/gnu_regex/regex_internal.c | U | 1508 | 1535 | 22 | 201783 | 66 | 590 | 70
810 | Revision_810/jscript.c | U | 391 | 509 | 134 | 201784 | 67 | 299 | 75
810 | Revision_810/sql.c | U | 531 | 679 | 134 | 201785 | 67 | 300 | 75
810 | Revision_810/jscript.c | U | 1163 | 1172 | 6 | 201786 | 68 | 360 | 75
810 | Revision_810/options.c | U | 1683 | 1687 | 6 | 201787 | 68 | 223 | 75
810 | Revision_810/jscript.c | U | 1259 | 1264 | 7 | 201788 | 69 | 281 | 83
810 | Revision_810/sql.c | U | 2331 | 2338 | 7 | 201789 | 69 | 274 | 83
810 | Revision_810/lisp.c | U | 91 | 97 | 7 | 201790 | 70 | 89 | 83
810 | Revision_810/lisp.c | U | 112 | 118 | 7 | 201791 | 70 | 90 | 83
810 | Revision_810/make.c | U | 44 | 48 | 5 | 201792 | 71 | 267 | 75
810 | Revision_810/verilog.c | U | 287 | 291 | 5 | 201793 | 71 | 268 | 75
810 | Revision_810/make.c | U | 77 | 87 | 11 | 201794 | 72 | 269 | 77
810 | Revision_810/verilog.c | U | 199 | 212 | 11 | 201795 | 72 | 270 | 77
810 | Revision_810/make.c | U | 97 | 105 | 8 | 201796 | 73 | 271 | 75
810 | Revision_810/verilog.c | U | 187 | 193 | 8 | 201797 | 73 | 272 | 75
810 | Revision_810/objc.c | U | 154 | 163 | 7 | 201798 | 74 | 642 | 100
810 | Revision_810/ocaml.c | U | 182 | 191 | 7 | 201799 | 74 | 643 | 100
810 | Revision_810/objc.c | U | 199 | 205 | 6 | 201800 | 75 | 644 | 100
810 | Revision_810/ocaml.c | U | 251 | 257 | 6 | 201801 | 75 | 645 | 100
810 | Revision_810/objc.c | U | 208 | 228 | 15 | 201802 | 76 | 646 | 100
810 | Revision_810/ocaml.c | U | 260 | 280 | 15 | 201803 | 76 | 647 | 100
810 | Revision_810/objc.c | U | 241 | 249 | 6 | 201804 | 77 | 679 | 100
810 | Revision_810/ocaml.c | U | 293 | 301 | 6 | 201805 | 77 | 680 | 100
810 | Revision_810/objc.c | U | 264 | 279 | 10 | 201806 | 78 | 650 | 88
810 | Revision_810/objc.c | U | 283 | 298 | 10 | 201807 | 78 | 652 | 88
810 | Revision_810/ocaml.c | U | 344 | 359 | 10 | 201808 | 78 | 651 | 88
810 | Revision_810/objc.c | U | 304 | 426 | 89 | 201809 | 79 | 653 | 75
810 | Revision_810/ocaml.c | U | 408 | 508 | 89 | 201810 | 79 | 654 | 75
810 | Revision_810/objc.c | U | 318 | 330 | 10 | 201811 | 80 | 655 | 100
810 | Revision_810/objc.c | U | 332 | 344 | 10 | 201812 | 80 | 656 | 100
810 | Revision_810/objc.c | U | 484 | 488 | 6 | 201813 | 81 | 657 | 80
810 | Revision_810/ocaml.c | U | 906 | 913 | 6 | 201814 | 81 | 658 | 80
810 | Revision_810/objc.c | U | 539 | 567 | 22 | 201815 | 82 | 659 | 70
810 | Revision_810/objc.c | U | 658 | 685 | 22 | 201816 | 82 | 661 | 70
810 | Revision_810/objc.c | U | 942 | 969 | 22 | 201817 | 82 | 660 | 70
810 | Revision_810/ocaml.c | U | 1274 | 1304 | 22 | 201818 | 82 | 638 | 70
810 | Revision_810/objc.c | U | 688 | 711 | 22 | 201819 | 82 | 662 | 70
810 | Revision_810/ocaml.c | U | 1436 | 1469 | 22 | 201820 | 82 | 621 | 70
810 | Revision_810/ocaml.c | U | 1037 | 1064 | 22 | 201821 | 82 | 664 | 70
810 | Revision_810/ocaml.c | U | 1484 | 1511 | 22 | 201822 | 82 | 665 | 70
810 | Revision_810/objc.c | U | 714 | 743 | 22 | 201823 | 82 | 663 | 70
810 | Revision_810/ocaml.c | U | 946 | 969 | 22 | 201824 | 82 | 616 | 70
810 | Revision_810/ocaml.c | U | 1569 | 1609 | 22 | 201825 | 82 | 615 | 70
810 | Revision_810/ocaml.c | U | 1076 | 1115 | 22 | 201826 | 82 | 666 | 70
810 | Revision_810/ocaml.c | U | 1542 | 1562 | 22 | 201827 | 82 | 617 | 70
810 | Revision_810/objc.c | U | 873 | 893 | 22 | 201828 | 82 | 667 | 70
810 | Revision_810/ocaml.c | U | 1214 | 1262 | 22 | 201829 | 82 | 620 | 70
810 | Revision_810/objc.c | U | 576 | 614 | 31 | 201830 | 83 | 668 | 100
810 | Revision_810/objc.c | U | 617 | 655 | 31 | 201831 | 83 | 669 | 100
810 | Revision_810/objc.c | U | 747 | 754 | 7 | 201832 | 84 | 670 | 83
810 | Revision_810/ocaml.c | U | 974 | 984 | 7 | 201833 | 84 | 618 | 83
810 | Revision_810/objc.c | U | 757 | 764 | 7 | 201834 | 84 | 671 | 83
810 | Revision_810/objc.c | U | 767 | 775 | 7 | 201835 | 84 | 672 | 83
810 | Revision_810/objc.c | U | 823 | 860 | 29 | 201836 | 85 | 673 | 96
810 | Revision_810/objc.c | U | 899 | 934 | 29 | 201837 | 85 | 674 | 96
810 | Revision_810/objc.c | U | 973 | 995 | 17 | 201838 | 86 | 683 | 71
810 | Revision_810/ocaml.c | U | 1517 | 1535 | 17 | 201839 | 86 | 684 | 71
810 | Revision_810/objc.c | U | 998 | 1003 | 5 | 201840 | 87 | 675 | 75
810 | Revision_810/sort.c | U | 144 | 148 | 5 | 201841 | 87 | 676 | 75
810 | Revision_810/ocaml.c | U | 1081 | 1089 | 5 | 201842 | 87 | 619 | 75
810 | Revision_810/ocaml.c | U | 695 | 699 | 5 | 201843 | 88 | 606 | 75
810 | Revision_810/ocaml.c | U | 718 | 722 | 5 | 201844 | 88 | 607 | 75
810 | Revision_810/ocaml.c | U | 739 | 744 | 5 | 201845 | 88 | 608 | 75
810 | Revision_810/ocaml.c | U | 775 | 797 | 22 | 201846 | 89 | 609 | 71
810 | Revision_810/ocaml.c | U | 851 | 875 | 22 | 201847 | 89 | 610 | 71
810 | Revision_810/ocaml.c | U | 812 | 817 | 7 | 201848 | 90 | 611 | 71
810 | Revision_810/ocaml.c | U | 824 | 831 | 7 | 201849 | 90 | 612 | 71
810 | Revision_810/sql.c | U | 495 | 510 | 7 | 201850 | 90 | 296 | 71
810 | Revision_810/options.c | U | 369 | 375 | 6 | 201851 | 91 | 107 | 100
810 | Revision_810/options.c | U | 378 | 384 | 6 | 201852 | 91 | 108 | 100
810 | Revision_810/options.c | U | 543 | 549 | 7 | 201853 | 92 | 112 | 100
810 | Revision_810/options.c | U | 570 | 576 | 7 | 201854 | 92 | 115 | 100
810 | Revision_810/options.c | U | 552 | 558 | 7 | 201855 | 92 | 114 | 100
810 | Revision_810/options.c | U | 561 | 567 | 7 | 201856 | 92 | 113 | 100
810 | Revision_810/options.c | U | 982 | 986 | 5 | 201857 | 93 | 118 | 75
810 | Revision_810/options.c | U | 1008 | 1012 | 5 | 201858 | 93 | 119 | 75
810 | Revision_810/options.c | U | 1102 | 1106 | 5 | 201859 | 94 | 120 | 100
810 | Revision_810/options.c | U | 1108 | 1112 | 5 | 201860 | 94 | 120 | 100
810 | Revision_810/options.c | U | 1154 | 1166 | 12 | 201861 | 95 | 245 | 100
810 | Revision_810/options.c | U | 1171 | 1183 | 12 | 201862 | 95 | 123 | 100
810 | Revision_810/options.c | U | 1425 | 1442 | 15 | 201863 | 96 | 124 | 91
810 | Revision_810/options.c | U | 1463 | 1480 | 15 | 201864 | 96 | 125 | 91
810 | Revision_810/parse.c | U | 96 | 106 | 11 | 201865 | 97 | 126 | 88
810 | Revision_810/parse.c | U | 109 | 120 | 11 | 201866 | 97 | 127 | 88
810 | Revision_810/parse.c | U | 299 | 303 | 5 | 201867 | 98 | 246 | 75
810 | Revision_810/parse.c | U | 575 | 579 | 5 | 201868 | 98 | 247 | 75
810 | Revision_810/parse.c | U | 556 | 560 | 5 | 201869 | 98 | 248 | 75
810 | Revision_810/pascal.c | U | 134 | 138 | 5 | 201870 | 99 | 128 | 75
810 | Revision_810/perl.c | U | 286 | 290 | 5 | 201871 | 99 | 129 | 75
810 | Revision_810/pascal.c | U | 150 | 154 | 5 | 201872 | 100 | 212 | 75
810 | Revision_810/pascal.c | U | 184 | 190 | 5 | 201873 | 100 | 131 | 75
810 | Revision_810/pascal.c | U | 176 | 182 | 5 | 201874 | 100 | 130 | 75
810 | Revision_810/python.c | U | 769 | 773 | 5 | 201875 | 100 | 370 | 75
810 | Revision_810/perl.c | U | 307 | 313 | 7 | 201876 | 101 | 262 | 83
810 | Revision_810/perl.c | U | 373 | 378 | 7 | 201877 | 101 | 367 | 83
810 | Revision_810/perl.c | U | 329 | 335 | 7 | 201878 | 102 | 262 | 100
810 | Revision_810/perl.c | U | 402 | 409 | 7 | 201879 | 102 | 687 | 100
810 | Revision_810/python.c | U | 148 | 161 | 11 | 201880 | 103 | 39 | 77
810 | Revision_810/python.c | U | 191 | 202 | 11 | 201881 | 103 | 14 | 77
810 | Revision_810/python.c | U | 626 | 630 | 7 | 201882 | 104 | 370 | 80
810 | Revision_810/python.c | U | 631 | 636 | 7 | 201883 | 104 | 370 | 80
810 | Revision_810/python.c | U | 775 | 784 | 8 | 201884 | 105 | 436 | 83
810 | Revision_810/python.c | U | 786 | 794 | 8 | 201885 | 105 | 14 | 83
810 | Revision_810/readtags.c | U | 106 | 113 | 8 | 201886 | 106 | 149 | 83
810 | Revision_810/routines.c | U | 288 | 295 | 8 | 201887 | 106 | 155 | 83
810 | Revision_810/routines.c | U | 298 | 305 | 8 | 201888 | 106 | 156 | 83
810 | Revision_810/readtags.c | U | 116 | 123 | 8 | 201889 | 106 | 134 | 83
810 | Revision_810/readtags.c | U | 144 | 148 | 5 | 201890 | 107 | 110 | 75
810 | Revision_810/vstring.c | U | 35 | 40 | 5 | 201891 | 107 | 111 | 75
810 | Revision_810/readtags.c | U | 541 | 547 | 6 | 201892 | 108 | 150 | 100
810 | Revision_810/readtags.c | U | 549 | 555 | 6 | 201893 | 108 | 151 | 100
810 | Revision_810/readtags.c | U | 584 | 588 | 6 | 201894 | 109 | 134 | 75
810 | Revision_810/readtags.c | U | 639 | 645 | 6 | 201895 | 109 | 135 | 75
810 | Revision_810/readtags.c | U | 718 | 726 | 8 | 201896 | 110 | 136 | 83
810 | Revision_810/readtags.c | U | 773 | 781 | 8 | 201897 | 110 | 139 | 83
810 | Revision_810/readtags.c | U | 729 | 737 | 8 | 201898 | 110 | 139 | 83
810 | Revision_810/readtags.c | U | 740 | 745 | 6 | 201899 | 111 | 152 | 80
810 | Revision_810/readtags.c | U | 757 | 762 | 6 | 201900 | 111 | 153 | 80
810 | Revision_810/readtags.c | U | 765 | 770 | 6 | 201901 | 111 | 187 | 80
810 | Revision_810/routines.c | U | 237 | 244 | 6 | 201902 | 112 | 157 | 80
810 | Revision_810/routines.c | U | 247 | 254 | 6 | 201903 | 112 | 158 | 80
810 | Revision_810/routines.c | U | 322 | 326 | 5 | 201904 | 113 | 159 | 75
810 | Revision_810/vstring.c | U | 125 | 129 | 5 | 201905 | 113 | 94 | 75
810 | Revision_810/vstring.c | U | 118 | 122 | 5 | 201906 | 113 | 95 | 75
810 | Revision_810/routines.c | U | 329 | 335 | 6 | 201907 | 114 | 160 | 100
810 | Revision_810/routines.c | U | 338 | 344 | 6 | 201908 | 114 | 161 | 100
810 | Revision_810/routines.c | U | 349 | 356 | 8 | 201909 | 115 | 162 | 100
810 | Revision_810/routines.c | U | 361 | 368 | 8 | 201910 | 115 | 163 | 100
810 | Revision_810/scheme.c | U | 70 | 78 | 8 | 201911 | 116 | 140 | 71
810 | Revision_810/scheme.c | U | 85 | 93 | 8 | 201912 | 116 | 141 | 71
810 | Revision_810/sort.c | U | 118 | 123 | 5 | 201913 | 117 | 182 | 100
810 | Revision_810/sort.c | U | 126 | 131 | 5 | 201914 | 117 | 183 | 100
810 | Revision_810/sql.c | U | 735 | 784 | 32 | 201915 | 118 | 422 | 72
810 | Revision_810/vhdl.c | U | 493 | 533 | 32 | 201916 | 118 | 423 | 72
810 | Revision_810/sql.c | U | 1740 | 1776 | 24 | 201917 | 119 | 351 | 78
810 | Revision_810/sql.c | U | 2146 | 2189 | 24 | 201918 | 119 | 352 | 78
810 | Revision_810/sql.c | U | 2085 | 2143 | 34 | 201919 | 120 | 629 | 100
810 | Revision_810/sql.c | U | 2192 | 2253 | 34 | 201920 | 120 | 630 | 100
810 | Revision_810/sql.c | U | 2110 | 2135 | 17 | 201921 | 121 | 353 | 84
810 | Revision_810/sql.c | U | 2159 | 2183 | 17 | 201922 | 121 | 354 | 84
810 | Revision_810/sql.c | U | 2220 | 2245 | 17 | 201923 | 121 | 631 | 84
810 | Revision_810/sql.c | U | 2349 | 2357 | 7 | 201924 | 122 | 426 | 71
810 | Revision_810/vhdl.c | U | 813 | 821 | 7 | 201925 | 122 | 427 | 71
810 | Revision_810/tex.c | U | 557 | 566 | 7 | 201926 | 122 | 554 | 71
810 | Revision_810/strlist.c | U | 32 | 38 | 8 | 201927 | 123 | 142 | 71
810 | Revision_810/vstring.c | U | 77 | 87 | 8 | 201928 | 123 | 143 | 71
810 | Revision_810/strlist.c | U | 191 | 196 | 7 | 201929 | 124 | 146 | 83
810 | Revision_810/strlist.c | U | 200 | 206 | 7 | 201930 | 124 | 264 | 83
810 | Revision_810/tex.c | U | 232 | 237 | 6 | 201931 | 125 | 681 | 100
810 | Revision_810/tex.c | U | 237 | 242 | 6 | 201932 | 125 | 681 | 100
810 | Revision_810/tex.c | U | 242 | 247 | 6 | 201933 | 125 | 681 | 100
810 | Revision_810/tex.c | U | 304 | 371 | 69 | 201934 | 126 | 550 | 77
810 | Revision_810/vhdl.c | U | 405 | 479 | 69 | 201935 | 126 | 625 | 77
810 | Revision_810/tex.c | U | 413 | 430 | 16 | 201936 | 127 | 558 | 83
810 | Revision_810/tex.c | U | 438 | 457 | 16 | 201937 | 127 | 559 | 83
810 | Revision_810/verilog.c | U | 142 | 146 | 5 | 201938 | 128 | 259 | 75
810 | Revision_810/verilog.c | U | 239 | 243 | 5 | 201939 | 128 | 260 | 75
810 | Revision_810/vhdl.c | U | 724 | 741 | 15 | 201940 | 129 | 430 | 100
810 | Revision_810/vhdl.c | U | 743 | 760 | 15 | 201941 | 129 | 427 | 100
810 | Revision_810/vim.c | U | 99 | 103 | 5 | 201942 | 130 | 192 | 100
810 | Revision_810/vim.c | U | 105 | 109 | 5 | 201943 | 130 | 193 | 100
810 | Revision_810/vim.c | U | 258 | 281 | 17 | 201944 | 131 | 224 | 76
810 | Revision_810/vim.c | U | 308 | 326 | 17 | 201945 | 131 | 147 | 76
810 | Revision_810/vim.c | U | 263 | 280 | 12 | 201946 | 132 | 224 | 77
810 | Revision_810/vim.c | U | 675 | 685 | 12 | 201947 | 132 | 682 | 77
810 | Revision_810/vim.c | U | 313 | 325 | 12 | 201948 | 132 | 600 | 77
