Revision | filePath | changeType | StartLine | EndLine | Nlines | cloneId | classId | globalCloneId | Similarity
707 | Revision_707/asp.c | U | 74 | 89 | 12 | 16401 | 1 | 1 | 100
707 | Revision_707/asp.c | U | 97 | 112 | 12 | 16402 | 1 | 2 | 100
707 | Revision_707/eiffel.c | U | 370 | 379 | 8 | 16403 | 2 | 13 | 100
707 | Revision_707/read.c | U | 453 | 460 | 8 | 16404 | 2 | 137 | 100
707 | Revision_707/eiffel.c | U | 425 | 430 | 6 | 16405 | 3 | 52 | 100
707 | Revision_707/fortran.c | U | 813 | 818 | 6 | 16406 | 3 | 53 | 100
707 | Revision_707/eiffel.c | U | 687 | 691 | 5 | 16407 | 4 | 15 | 100
707 | Revision_707/vhdl.c | U | 457 | 461 | 5 | 16408 | 4 | 62 | 100
707 | Revision_707/sql.c | U | 569 | 573 | 5 | 16409 | 4 | 16 | 100
707 | Revision_707/eiffel.c | U | 761 | 766 | 6 | 16410 | 5 | 54 | 100
707 | Revision_707/fortran.c | U | 1027 | 1032 | 6 | 16411 | 5 | 55 | 100
707 | Revision_707/jscript.c | U | 208 | 212 | 5 | 16412 | 6 | 29 | 100
707 | Revision_707/flex.c | U | 238 | 242 | 5 | 16413 | 6 | 75 | 100
707 | Revision_707/sql.c | U | 419 | 423 | 5 | 16414 | 6 | 30 | 100
707 | Revision_707/tex.c | U | 183 | 187 | 5 | 16415 | 6 | 117 | 100
707 | Revision_707/vhdl.c | U | 356 | 360 | 5 | 16416 | 6 | 61 | 100
707 | Revision_707/jscript.c | U | 240 | 256 | 12 | 16417 | 7 | 31 | 100
707 | Revision_707/sql.c | U | 451 | 467 | 12 | 16418 | 7 | 32 | 100
707 | Revision_707/tex.c | U | 215 | 231 | 12 | 16419 | 7 | 118 | 100
707 | Revision_707/jscript.c | U | 246 | 254 | 9 | 16420 | 8 | 31 | 100
707 | Revision_707/flex.c | U | 288 | 296 | 9 | 16421 | 8 | 76 | 100
707 | Revision_707/tex.c | U | 221 | 229 | 9 | 16422 | 8 | 119 | 100
707 | Revision_707/sql.c | U | 457 | 465 | 9 | 16423 | 8 | 77 | 100
707 | Revision_707/jscript.c | U | 267 | 271 | 5 | 16424 | 9 | 73 | 100
707 | Revision_707/flex.c | U | 309 | 313 | 5 | 16425 | 9 | 78 | 100
707 | Revision_707/flex.c | U | 336 | 340 | 5 | 16426 | 9 | 79 | 100
707 | Revision_707/jscript.c | U | 1411 | 1415 | 5 | 16427 | 9 | 24 | 100
707 | Revision_707/jscript.c | U | 294 | 298 | 5 | 16428 | 9 | 74 | 100
707 | Revision_707/flex.c | U | 359 | 363 | 5 | 16429 | 9 | 80 | 100
707 | Revision_707/flex.c | U | 1842 | 1846 | 5 | 16430 | 9 | 81 | 100
707 | Revision_707/jscript.c | U | 318 | 336 | 17 | 16431 | 10 | 33 | 100
707 | Revision_707/vhdl.c | U | 368 | 386 | 17 | 16432 | 10 | 63 | 100
707 | Revision_707/flex.c | U | 383 | 401 | 17 | 16433 | 10 | 82 | 100
707 | Revision_707/tex.c | U | 239 | 257 | 17 | 16434 | 10 | 120 | 100
707 | Revision_707/jscript.c | U | 342 | 353 | 12 | 16435 | 11 | 35 | 100
707 | Revision_707/tex.c | U | 264 | 276 | 12 | 16436 | 11 | 121 | 100
707 | Revision_707/flex.c | U | 407 | 418 | 12 | 16437 | 11 | 83 | 100
707 | Revision_707/jscript.c | U | 365 | 369 | 5 | 16438 | 12 | 60 | 100
707 | Revision_707/flex.c | U | 430 | 434 | 5 | 16439 | 12 | 84 | 100
707 | Revision_707/sql.c | U | 523 | 536 | 5 | 16440 | 12 | 36 | 100
707 | Revision_707/vhdl.c | U | 414 | 418 | 5 | 16441 | 12 | 64 | 100
707 | Revision_707/tex.c | U | 288 | 292 | 5 | 16442 | 12 | 122 | 100
707 | Revision_707/jscript.c | U | 405 | 435 | 26 | 16443 | 13 | 71 | 100
707 | Revision_707/sql.c | U | 606 | 636 | 26 | 16444 | 13 | 72 | 100
707 | Revision_707/jscript.c | U | 416 | 427 | 12 | 16445 | 14 | 85 | 100
707 | Revision_707/flex.c | U | 485 | 496 | 12 | 16446 | 14 | 86 | 100
707 | Revision_707/sql.c | U | 617 | 628 | 12 | 16447 | 14 | 38 | 100
707 | Revision_707/jscript.c | U | 441 | 450 | 10 | 16448 | 15 | 87 | 100
707 | Revision_707/flex.c | U | 692 | 701 | 10 | 16449 | 15 | 88 | 100
707 | Revision_707/tex.c | U | 330 | 339 | 10 | 16450 | 15 | 123 | 100
707 | Revision_707/jscript.c | U | 471 | 501 | 18 | 16451 | 16 | 89 | 100
707 | Revision_707/flex.c | U | 723 | 753 | 18 | 16452 | 16 | 90 | 100
707 | Revision_707/jscript.c | U | 492 | 497 | 5 | 16453 | 17 | 41 | 100
707 | Revision_707/flex.c | U | 776 | 781 | 5 | 16454 | 17 | 91 | 100
707 | Revision_707/jscript.c | U | 524 | 529 | 5 | 16455 | 17 | 56 | 100
707 | Revision_707/vhdl.c | U | 524 | 529 | 5 | 16456 | 17 | 67 | 100
707 | Revision_707/sql.c | U | 756 | 761 | 5 | 16457 | 17 | 57 | 100
707 | Revision_707/flex.c | U | 744 | 749 | 5 | 16458 | 17 | 92 | 100
707 | Revision_707/jscript.c | U | 504 | 533 | 18 | 16459 | 18 | 93 | 100
707 | Revision_707/flex.c | U | 756 | 785 | 18 | 16460 | 18 | 94 | 100
707 | Revision_707/jscript.c | U | 536 | 543 | 7 | 16461 | 19 | 41 | 100
707 | Revision_707/flex.c | U | 788 | 795 | 7 | 16462 | 19 | 95 | 100
707 | Revision_707/jscript.c | U | 546 | 553 | 7 | 16463 | 20 | 41 | 100
707 | Revision_707/sql.c | U | 679 | 686 | 7 | 16464 | 20 | 42 | 100
707 | Revision_707/flex.c | U | 798 | 805 | 7 | 16465 | 20 | 96 | 100
707 | Revision_707/jscript.c | U | 560 | 582 | 13 | 16466 | 21 | 97 | 100
707 | Revision_707/flex.c | U | 812 | 834 | 13 | 16467 | 21 | 98 | 100
707 | Revision_707/jscript.c | U | 696 | 707 | 6 | 16468 | 22 | 45 | 100
707 | Revision_707/sql.c | U | 878 | 885 | 6 | 16469 | 22 | 136 | 100
707 | Revision_707/sql.c | U | 965 | 985 | 6 | 16470 | 22 | 46 | 100
707 | Revision_707/flex.c | U | 944 | 955 | 6 | 16471 | 22 | 101 | 100
707 | Revision_707/jscript.c | U | 712 | 819 | 30 | 16472 | 23 | 102 | 100
707 | Revision_707/flex.c | U | 960 | 1067 | 30 | 16473 | 23 | 103 | 100
707 | Revision_707/jscript.c | U | 1110 | 1118 | 8 | 16474 | 24 | 104 | 100
707 | Revision_707/flex.c | U | 1540 | 1548 | 8 | 16475 | 24 | 105 | 100
707 | Revision_707/jscript.c | U | 1180 | 1202 | 10 | 16476 | 25 | 106 | 100
707 | Revision_707/flex.c | U | 1610 | 1632 | 10 | 16477 | 25 | 107 | 100
707 | Revision_707/jscript.c | U | 1341 | 1358 | 6 | 16478 | 26 | 108 | 100
707 | Revision_707/flex.c | U | 1772 | 1789 | 6 | 16479 | 26 | 109 | 100
707 | Revision_707/jscript.c | U | 1360 | 1388 | 20 | 16480 | 27 | 110 | 100
707 | Revision_707/flex.c | U | 1791 | 1819 | 20 | 16481 | 27 | 111 | 100
707 | Revision_707/python.c | U | 218 | 222 | 5 | 16482 | 28 | 17 | 100
707 | Revision_707/erlang.c | U | 58 | 62 | 5 | 16483 | 28 | 19 | 100
707 | Revision_707/sml.c | U | 84 | 88 | 5 | 16484 | 28 | 18 | 100
707 | Revision_707/python.c | U | 226 | 235 | 9 | 16485 | 29 | 20 | 100
707 | Revision_707/erlang.c | U | 66 | 75 | 9 | 16486 | 29 | 21 | 100
707 | Revision_707/routines.c | U | 288 | 295 | 8 | 16487 | 30 | 11 | 100
707 | Revision_707/readtags.c | U | 106 | 113 | 8 | 16488 | 30 | 8 | 100
707 | Revision_707/routines.c | U | 298 | 305 | 8 | 16489 | 31 | 12 | 100
707 | Revision_707/readtags.c | U | 116 | 123 | 8 | 16490 | 31 | 10 | 100
707 | Revision_707/flex.c | U | 536 | 542 | 7 | 16491 | 32 | 112 | 100
707 | Revision_707/flex.c | U | 590 | 596 | 7 | 16492 | 32 | 113 | 100
707 | Revision_707/flex.c | U | 627 | 633 | 7 | 16493 | 32 | 114 | 100
707 | Revision_707/flex.c | U | 549 | 556 | 8 | 16494 | 33 | 115 | 100
707 | Revision_707/flex.c | U | 603 | 610 | 8 | 16495 | 33 | 116 | 100
707 | Revision_707/vhdl.c | U | 391 | 402 | 12 | 16496 | 34 | 68 | 100
707 | Revision_707/sql.c | U | 500 | 511 | 12 | 16497 | 34 | 36 | 100
707 | Revision_707/vhdl.c | U | 514 | 532 | 15 | 16498 | 35 | 69 | 100
707 | Revision_707/sql.c | U | 746 | 764 | 15 | 16499 | 35 | 70 | 100
707 | Revision_707/tex.c | U | 408 | 412 | 5 | 16500 | 36 | 135 | 100
707 | Revision_707/tex.c | U | 431 | 435 | 5 | 16501 | 36 | 125 | 100
