Revision | filePath | changeType | StartLine | EndLine | Nlines | cloneId | classId | globalCloneId | Similarity
723 | Revision_723/asp.c | U | 75 | 90 | 12 | 18067 | 1 | 1 | 100
723 | Revision_723/asp.c | U | 98 | 113 | 12 | 18068 | 1 | 2 | 100
723 | Revision_723/asp.c | U | 121 | 162 | 37 | 18069 | 2 | 140 | 100
723 | Revision_723/asp.c | U | 168 | 209 | 37 | 18070 | 2 | 141 | 100
723 | Revision_723/eiffel.c | U | 370 | 379 | 8 | 18071 | 3 | 13 | 100
723 | Revision_723/read.c | U | 453 | 460 | 8 | 18072 | 3 | 137 | 100
723 | Revision_723/eiffel.c | U | 425 | 430 | 6 | 18073 | 4 | 52 | 100
723 | Revision_723/fortran.c | U | 813 | 818 | 6 | 18074 | 4 | 53 | 100
723 | Revision_723/eiffel.c | U | 687 | 691 | 5 | 18075 | 5 | 15 | 100
723 | Revision_723/vhdl.c | U | 457 | 461 | 5 | 18076 | 5 | 62 | 100
723 | Revision_723/sql.c | U | 569 | 573 | 5 | 18077 | 5 | 16 | 100
723 | Revision_723/eiffel.c | U | 761 | 766 | 6 | 18078 | 6 | 54 | 100
723 | Revision_723/fortran.c | U | 1027 | 1032 | 6 | 18079 | 6 | 55 | 100
723 | Revision_723/jscript.c | U | 208 | 212 | 5 | 18080 | 7 | 29 | 100
723 | Revision_723/sql.c | U | 419 | 423 | 5 | 18081 | 7 | 30 | 100
723 | Revision_723/flex.c | U | 238 | 242 | 5 | 18082 | 7 | 75 | 100
723 | Revision_723/vhdl.c | U | 356 | 360 | 5 | 18083 | 7 | 61 | 100
723 | Revision_723/tex.c | U | 183 | 187 | 5 | 18084 | 7 | 117 | 100
723 | Revision_723/jscript.c | U | 240 | 256 | 12 | 18085 | 8 | 31 | 100
723 | Revision_723/sql.c | U | 451 | 467 | 12 | 18086 | 8 | 32 | 100
723 | Revision_723/tex.c | U | 215 | 231 | 12 | 18087 | 8 | 118 | 100
723 | Revision_723/jscript.c | U | 246 | 254 | 9 | 18088 | 9 | 31 | 100
723 | Revision_723/flex.c | U | 288 | 296 | 9 | 18089 | 9 | 76 | 100
723 | Revision_723/sql.c | U | 457 | 465 | 9 | 18090 | 9 | 77 | 100
723 | Revision_723/tex.c | U | 221 | 229 | 9 | 18091 | 9 | 119 | 100
723 | Revision_723/jscript.c | U | 267 | 271 | 5 | 18092 | 10 | 73 | 100
723 | Revision_723/flex.c | U | 1842 | 1846 | 5 | 18093 | 10 | 78 | 100
723 | Revision_723/flex.c | U | 359 | 363 | 5 | 18094 | 10 | 79 | 100
723 | Revision_723/jscript.c | U | 294 | 298 | 5 | 18095 | 10 | 24 | 100
723 | Revision_723/flex.c | U | 309 | 313 | 5 | 18096 | 10 | 80 | 100
723 | Revision_723/flex.c | U | 336 | 340 | 5 | 18097 | 10 | 81 | 100
723 | Revision_723/jscript.c | U | 1411 | 1415 | 5 | 18098 | 10 | 74 | 100
723 | Revision_723/jscript.c | U | 318 | 336 | 17 | 18099 | 11 | 33 | 100
723 | Revision_723/flex.c | U | 383 | 401 | 17 | 18100 | 11 | 82 | 100
723 | Revision_723/vhdl.c | U | 368 | 386 | 17 | 18101 | 11 | 63 | 100
723 | Revision_723/tex.c | U | 239 | 257 | 17 | 18102 | 11 | 120 | 100
723 | Revision_723/jscript.c | U | 342 | 353 | 12 | 18103 | 12 | 35 | 100
723 | Revision_723/flex.c | U | 407 | 418 | 12 | 18104 | 12 | 83 | 100
723 | Revision_723/tex.c | U | 264 | 276 | 12 | 18105 | 12 | 121 | 100
723 | Revision_723/jscript.c | U | 365 | 369 | 5 | 18106 | 13 | 60 | 100
723 | Revision_723/sql.c | U | 523 | 536 | 5 | 18107 | 13 | 36 | 100
723 | Revision_723/vhdl.c | U | 414 | 418 | 5 | 18108 | 13 | 64 | 100
723 | Revision_723/tex.c | U | 288 | 292 | 5 | 18109 | 13 | 122 | 100
723 | Revision_723/flex.c | U | 430 | 434 | 5 | 18110 | 13 | 84 | 100
723 | Revision_723/jscript.c | U | 405 | 435 | 26 | 18111 | 14 | 71 | 100
723 | Revision_723/sql.c | U | 606 | 636 | 26 | 18112 | 14 | 72 | 100
723 | Revision_723/jscript.c | U | 416 | 427 | 12 | 18113 | 15 | 85 | 100
723 | Revision_723/flex.c | U | 485 | 496 | 12 | 18114 | 15 | 86 | 100
723 | Revision_723/sql.c | U | 617 | 628 | 12 | 18115 | 15 | 38 | 100
723 | Revision_723/jscript.c | U | 441 | 450 | 10 | 18116 | 16 | 87 | 100
723 | Revision_723/tex.c | U | 330 | 339 | 10 | 18117 | 16 | 123 | 100
723 | Revision_723/flex.c | U | 692 | 701 | 10 | 18118 | 16 | 88 | 100
723 | Revision_723/jscript.c | U | 471 | 501 | 18 | 18119 | 17 | 89 | 100
723 | Revision_723/flex.c | U | 723 | 753 | 18 | 18120 | 17 | 90 | 100
723 | Revision_723/jscript.c | U | 492 | 497 | 5 | 18121 | 18 | 41 | 100
723 | Revision_723/jscript.c | U | 524 | 529 | 5 | 18122 | 18 | 56 | 100
723 | Revision_723/sql.c | U | 756 | 761 | 5 | 18123 | 18 | 57 | 100
723 | Revision_723/flex.c | U | 776 | 781 | 5 | 18124 | 18 | 91 | 100
723 | Revision_723/vhdl.c | U | 524 | 529 | 5 | 18125 | 18 | 67 | 100
723 | Revision_723/flex.c | U | 744 | 749 | 5 | 18126 | 18 | 92 | 100
723 | Revision_723/jscript.c | U | 504 | 533 | 18 | 18127 | 19 | 93 | 100
723 | Revision_723/flex.c | U | 756 | 785 | 18 | 18128 | 19 | 94 | 100
723 | Revision_723/jscript.c | U | 536 | 543 | 7 | 18129 | 20 | 41 | 100
723 | Revision_723/flex.c | U | 788 | 795 | 7 | 18130 | 20 | 95 | 100
723 | Revision_723/jscript.c | U | 546 | 553 | 7 | 18131 | 21 | 41 | 100
723 | Revision_723/sql.c | U | 679 | 686 | 7 | 18132 | 21 | 42 | 100
723 | Revision_723/flex.c | U | 798 | 805 | 7 | 18133 | 21 | 96 | 100
723 | Revision_723/jscript.c | U | 560 | 582 | 13 | 18134 | 22 | 97 | 100
723 | Revision_723/flex.c | U | 812 | 834 | 13 | 18135 | 22 | 98 | 100
723 | Revision_723/jscript.c | U | 696 | 707 | 6 | 18136 | 23 | 45 | 100
723 | Revision_723/flex.c | U | 944 | 955 | 6 | 18137 | 23 | 101 | 100
723 | Revision_723/sql.c | U | 878 | 885 | 6 | 18138 | 23 | 136 | 100
723 | Revision_723/sql.c | U | 965 | 985 | 6 | 18139 | 23 | 46 | 100
723 | Revision_723/jscript.c | U | 712 | 819 | 30 | 18140 | 24 | 102 | 100
723 | Revision_723/flex.c | U | 960 | 1067 | 30 | 18141 | 24 | 103 | 100
723 | Revision_723/jscript.c | U | 1110 | 1118 | 8 | 18142 | 25 | 104 | 100
723 | Revision_723/flex.c | U | 1540 | 1548 | 8 | 18143 | 25 | 105 | 100
723 | Revision_723/jscript.c | U | 1180 | 1202 | 10 | 18144 | 26 | 106 | 100
723 | Revision_723/flex.c | U | 1610 | 1632 | 10 | 18145 | 26 | 107 | 100
723 | Revision_723/jscript.c | U | 1341 | 1358 | 6 | 18146 | 27 | 108 | 100
723 | Revision_723/flex.c | U | 1772 | 1789 | 6 | 18147 | 27 | 109 | 100
723 | Revision_723/jscript.c | U | 1360 | 1388 | 20 | 18148 | 28 | 110 | 100
723 | Revision_723/flex.c | U | 1791 | 1819 | 20 | 18149 | 28 | 111 | 100
723 | Revision_723/gnu_regex/regex_internal.c | U | 1103 | 1108 | 5 | 18150 | 29 | 138 | 100
723 | Revision_723/gnu_regex/regex_internal.c | U | 1236 | 1241 | 5 | 18151 | 29 | 139 | 100
723 | Revision_723/python.c | U | 278 | 282 | 5 | 18152 | 30 | 17 | 100
723 | Revision_723/sml.c | U | 84 | 88 | 5 | 18153 | 30 | 18 | 100
723 | Revision_723/erlang.c | U | 58 | 62 | 5 | 18154 | 30 | 19 | 100
723 | Revision_723/python.c | U | 286 | 295 | 9 | 18155 | 31 | 20 | 100
723 | Revision_723/erlang.c | U | 66 | 75 | 9 | 18156 | 31 | 21 | 100
723 | Revision_723/routines.c | U | 288 | 295 | 8 | 18157 | 32 | 11 | 100
723 | Revision_723/readtags.c | U | 106 | 113 | 8 | 18158 | 32 | 8 | 100
723 | Revision_723/routines.c | U | 298 | 305 | 8 | 18159 | 33 | 12 | 100
723 | Revision_723/readtags.c | U | 116 | 123 | 8 | 18160 | 33 | 10 | 100
723 | Revision_723/flex.c | U | 536 | 542 | 7 | 18161 | 34 | 112 | 100
723 | Revision_723/flex.c | U | 590 | 596 | 7 | 18162 | 34 | 113 | 100
723 | Revision_723/flex.c | U | 627 | 633 | 7 | 18163 | 34 | 114 | 100
723 | Revision_723/flex.c | U | 549 | 556 | 8 | 18164 | 35 | 115 | 100
723 | Revision_723/flex.c | U | 603 | 610 | 8 | 18165 | 35 | 116 | 100
723 | Revision_723/vhdl.c | U | 391 | 402 | 12 | 18166 | 36 | 68 | 100
723 | Revision_723/sql.c | U | 500 | 511 | 12 | 18167 | 36 | 36 | 100
723 | Revision_723/vhdl.c | U | 514 | 532 | 15 | 18168 | 37 | 69 | 100
723 | Revision_723/sql.c | U | 746 | 764 | 15 | 18169 | 37 | 70 | 100
723 | Revision_723/tex.c | U | 408 | 412 | 5 | 18170 | 38 | 135 | 100
723 | Revision_723/tex.c | U | 431 | 435 | 5 | 18171 | 38 | 125 | 100
