Revision | filePath | changeType | StartLine | EndLine | Nlines | cloneId | classId | globalCloneId | Similarity
727 | Revision_727/asp.c | U | 75 | 90 | 12 | 18487 | 1 | 1 | 100
727 | Revision_727/asp.c | U | 98 | 113 | 12 | 18488 | 1 | 2 | 100
727 | Revision_727/asp.c | U | 121 | 162 | 37 | 18489 | 2 | 140 | 100
727 | Revision_727/asp.c | U | 168 | 209 | 37 | 18490 | 2 | 141 | 100
727 | Revision_727/eiffel.c | U | 370 | 379 | 8 | 18491 | 3 | 13 | 100
727 | Revision_727/read.c | U | 453 | 460 | 8 | 18492 | 3 | 137 | 100
727 | Revision_727/eiffel.c | U | 425 | 430 | 6 | 18493 | 4 | 52 | 100
727 | Revision_727/fortran.c | U | 813 | 818 | 6 | 18494 | 4 | 53 | 100
727 | Revision_727/eiffel.c | U | 687 | 691 | 5 | 18495 | 5 | 15 | 100
727 | Revision_727/vhdl.c | U | 457 | 461 | 5 | 18496 | 5 | 62 | 100
727 | Revision_727/sql.c | U | 569 | 573 | 5 | 18497 | 5 | 16 | 100
727 | Revision_727/eiffel.c | U | 761 | 766 | 6 | 18498 | 6 | 54 | 100
727 | Revision_727/fortran.c | U | 1027 | 1032 | 6 | 18499 | 6 | 55 | 100
727 | Revision_727/jscript.c | U | 208 | 212 | 5 | 18500 | 7 | 29 | 100
727 | Revision_727/sql.c | U | 419 | 423 | 5 | 18501 | 7 | 30 | 100
727 | Revision_727/flex.c | U | 237 | 241 | 5 | 18502 | 7 | 75 | 100
727 | Revision_727/vhdl.c | U | 356 | 360 | 5 | 18503 | 7 | 61 | 100
727 | Revision_727/tex.c | U | 183 | 187 | 5 | 18504 | 7 | 117 | 100
727 | Revision_727/jscript.c | U | 240 | 256 | 12 | 18505 | 8 | 31 | 100
727 | Revision_727/sql.c | U | 451 | 467 | 12 | 18506 | 8 | 32 | 100
727 | Revision_727/tex.c | U | 215 | 231 | 12 | 18507 | 8 | 118 | 100
727 | Revision_727/jscript.c | U | 246 | 254 | 9 | 18508 | 9 | 31 | 100
727 | Revision_727/flex.c | U | 287 | 295 | 9 | 18509 | 9 | 76 | 100
727 | Revision_727/tex.c | U | 221 | 229 | 9 | 18510 | 9 | 119 | 100
727 | Revision_727/sql.c | U | 457 | 465 | 9 | 18511 | 9 | 77 | 100
727 | Revision_727/jscript.c | U | 267 | 271 | 5 | 18512 | 10 | 73 | 100
727 | Revision_727/flex.c | U | 1841 | 1845 | 5 | 18513 | 10 | 78 | 100
727 | Revision_727/flex.c | U | 358 | 362 | 5 | 18514 | 10 | 79 | 100
727 | Revision_727/jscript.c | U | 294 | 298 | 5 | 18515 | 10 | 24 | 100
727 | Revision_727/flex.c | U | 308 | 312 | 5 | 18516 | 10 | 80 | 100
727 | Revision_727/flex.c | U | 335 | 339 | 5 | 18517 | 10 | 81 | 100
727 | Revision_727/jscript.c | U | 1411 | 1415 | 5 | 18518 | 10 | 74 | 100
727 | Revision_727/jscript.c | U | 318 | 336 | 17 | 18519 | 11 | 33 | 100
727 | Revision_727/flex.c | U | 382 | 400 | 17 | 18520 | 11 | 82 | 100
727 | Revision_727/vhdl.c | U | 368 | 386 | 17 | 18521 | 11 | 63 | 100
727 | Revision_727/tex.c | U | 239 | 257 | 17 | 18522 | 11 | 120 | 100
727 | Revision_727/jscript.c | U | 342 | 353 | 12 | 18523 | 12 | 35 | 100
727 | Revision_727/flex.c | U | 406 | 417 | 12 | 18524 | 12 | 83 | 100
727 | Revision_727/tex.c | U | 264 | 276 | 12 | 18525 | 12 | 121 | 100
727 | Revision_727/jscript.c | U | 365 | 369 | 5 | 18526 | 13 | 60 | 100
727 | Revision_727/sql.c | U | 523 | 536 | 5 | 18527 | 13 | 36 | 100
727 | Revision_727/vhdl.c | U | 414 | 418 | 5 | 18528 | 13 | 64 | 100
727 | Revision_727/tex.c | U | 288 | 292 | 5 | 18529 | 13 | 122 | 100
727 | Revision_727/flex.c | U | 429 | 433 | 5 | 18530 | 13 | 84 | 100
727 | Revision_727/jscript.c | U | 405 | 435 | 26 | 18531 | 14 | 71 | 100
727 | Revision_727/sql.c | U | 606 | 636 | 26 | 18532 | 14 | 72 | 100
727 | Revision_727/jscript.c | U | 416 | 427 | 12 | 18533 | 15 | 85 | 100
727 | Revision_727/flex.c | U | 484 | 495 | 12 | 18534 | 15 | 86 | 100
727 | Revision_727/sql.c | U | 617 | 628 | 12 | 18535 | 15 | 38 | 100
727 | Revision_727/jscript.c | U | 441 | 450 | 10 | 18536 | 16 | 87 | 100
727 | Revision_727/tex.c | U | 330 | 339 | 10 | 18537 | 16 | 123 | 100
727 | Revision_727/flex.c | U | 691 | 700 | 10 | 18538 | 16 | 88 | 100
727 | Revision_727/jscript.c | U | 471 | 501 | 18 | 18539 | 17 | 89 | 100
727 | Revision_727/flex.c | U | 722 | 752 | 18 | 18540 | 17 | 90 | 100
727 | Revision_727/jscript.c | U | 492 | 497 | 5 | 18541 | 18 | 41 | 100
727 | Revision_727/sql.c | U | 756 | 761 | 5 | 18542 | 18 | 57 | 100
727 | Revision_727/jscript.c | U | 524 | 529 | 5 | 18543 | 18 | 56 | 100
727 | Revision_727/flex.c | U | 775 | 780 | 5 | 18544 | 18 | 91 | 100
727 | Revision_727/vhdl.c | U | 524 | 529 | 5 | 18545 | 18 | 67 | 100
727 | Revision_727/flex.c | U | 743 | 748 | 5 | 18546 | 18 | 92 | 100
727 | Revision_727/jscript.c | U | 504 | 533 | 18 | 18547 | 19 | 93 | 100
727 | Revision_727/flex.c | U | 755 | 784 | 18 | 18548 | 19 | 94 | 100
727 | Revision_727/jscript.c | U | 536 | 543 | 7 | 18549 | 20 | 41 | 100
727 | Revision_727/flex.c | U | 787 | 794 | 7 | 18550 | 20 | 95 | 100
727 | Revision_727/jscript.c | U | 546 | 553 | 7 | 18551 | 21 | 41 | 100
727 | Revision_727/sql.c | U | 679 | 686 | 7 | 18552 | 21 | 42 | 100
727 | Revision_727/flex.c | U | 797 | 804 | 7 | 18553 | 21 | 96 | 100
727 | Revision_727/jscript.c | U | 560 | 582 | 13 | 18554 | 22 | 97 | 100
727 | Revision_727/flex.c | U | 811 | 833 | 13 | 18555 | 22 | 98 | 100
727 | Revision_727/jscript.c | U | 696 | 707 | 6 | 18556 | 23 | 45 | 100
727 | Revision_727/flex.c | U | 943 | 954 | 6 | 18557 | 23 | 101 | 100
727 | Revision_727/sql.c | U | 878 | 885 | 6 | 18558 | 23 | 136 | 100
727 | Revision_727/sql.c | U | 965 | 985 | 6 | 18559 | 23 | 46 | 100
727 | Revision_727/jscript.c | U | 712 | 819 | 30 | 18560 | 24 | 102 | 100
727 | Revision_727/flex.c | U | 959 | 1066 | 30 | 18561 | 24 | 103 | 100
727 | Revision_727/jscript.c | U | 1110 | 1118 | 8 | 18562 | 25 | 104 | 100
727 | Revision_727/flex.c | U | 1539 | 1547 | 8 | 18563 | 25 | 105 | 100
727 | Revision_727/jscript.c | U | 1180 | 1202 | 10 | 18564 | 26 | 106 | 100
727 | Revision_727/flex.c | U | 1609 | 1631 | 10 | 18565 | 26 | 107 | 100
727 | Revision_727/jscript.c | U | 1341 | 1358 | 6 | 18566 | 27 | 108 | 100
727 | Revision_727/flex.c | U | 1771 | 1788 | 6 | 18567 | 27 | 109 | 100
727 | Revision_727/jscript.c | U | 1360 | 1388 | 20 | 18568 | 28 | 110 | 100
727 | Revision_727/flex.c | U | 1790 | 1818 | 20 | 18569 | 28 | 111 | 100
727 | Revision_727/gnu_regex/regex_internal.c | U | 1103 | 1108 | 5 | 18570 | 29 | 138 | 100
727 | Revision_727/gnu_regex/regex_internal.c | U | 1236 | 1241 | 5 | 18571 | 29 | 139 | 100
727 | Revision_727/python.c | U | 278 | 282 | 5 | 18572 | 30 | 17 | 100
727 | Revision_727/erlang.c | U | 58 | 62 | 5 | 18573 | 30 | 19 | 100
727 | Revision_727/sml.c | U | 84 | 88 | 5 | 18574 | 30 | 18 | 100
727 | Revision_727/python.c | U | 286 | 295 | 9 | 18575 | 31 | 20 | 100
727 | Revision_727/erlang.c | U | 66 | 75 | 9 | 18576 | 31 | 21 | 100
727 | Revision_727/routines.c | U | 288 | 295 | 8 | 18577 | 32 | 11 | 100
727 | Revision_727/readtags.c | U | 106 | 113 | 8 | 18578 | 32 | 8 | 100
727 | Revision_727/routines.c | U | 298 | 305 | 8 | 18579 | 33 | 12 | 100
727 | Revision_727/readtags.c | U | 116 | 123 | 8 | 18580 | 33 | 10 | 100
727 | Revision_727/flex.c | U | 535 | 541 | 7 | 18581 | 34 | 112 | 100
727 | Revision_727/flex.c | U | 589 | 595 | 7 | 18582 | 34 | 113 | 100
727 | Revision_727/flex.c | U | 626 | 632 | 7 | 18583 | 34 | 114 | 100
727 | Revision_727/flex.c | U | 548 | 555 | 8 | 18584 | 35 | 115 | 100
727 | Revision_727/flex.c | U | 602 | 609 | 8 | 18585 | 35 | 116 | 100
727 | Revision_727/vhdl.c | U | 391 | 402 | 12 | 18586 | 36 | 68 | 100
727 | Revision_727/sql.c | U | 500 | 511 | 12 | 18587 | 36 | 36 | 100
727 | Revision_727/vhdl.c | U | 514 | 532 | 15 | 18588 | 37 | 69 | 100
727 | Revision_727/sql.c | U | 746 | 764 | 15 | 18589 | 37 | 70 | 100
727 | Revision_727/tex.c | U | 408 | 412 | 5 | 18590 | 38 | 135 | 100
727 | Revision_727/tex.c | U | 431 | 435 | 5 | 18591 | 38 | 125 | 100
