Revision | filePath | changeType | StartLine | EndLine | Nlines | cloneId | classId | globalCloneId | Similarity
733 | Revision_733/asp.c | U | 75 | 90 | 12 | 15954 | 1 | 1 | 100
733 | Revision_733/asp.c | U | 98 | 113 | 12 | 15955 | 1 | 2 | 100
733 | Revision_733/asp.c | U | 121 | 162 | 37 | 15956 | 2 | 129 | 100
733 | Revision_733/asp.c | U | 168 | 209 | 37 | 15957 | 2 | 130 | 100
733 | Revision_733/erlang.c | U | 58 | 62 | 5 | 15958 | 3 | 13 | 100
733 | Revision_733/python.c | U | 278 | 282 | 5 | 15959 | 3 | 11 | 100
733 | Revision_733/sml.c | U | 84 | 88 | 5 | 15960 | 3 | 12 | 100
733 | Revision_733/erlang.c | U | 66 | 75 | 9 | 15961 | 4 | 14 | 100
733 | Revision_733/python.c | U | 286 | 295 | 9 | 15962 | 4 | 15 | 100
733 | Revision_733/flex.c | U | 239 | 243 | 5 | 15963 | 5 | 65 | 100
733 | Revision_733/jscript.c | U | 208 | 212 | 5 | 15964 | 5 | 20 | 100
733 | Revision_733/sql.c | U | 419 | 423 | 5 | 15965 | 5 | 21 | 100
733 | Revision_733/tex.c | U | 183 | 187 | 5 | 15966 | 5 | 109 | 100
733 | Revision_733/vhdl.c | U | 356 | 360 | 5 | 15967 | 5 | 50 | 100
733 | Revision_733/flex.c | U | 289 | 297 | 9 | 15968 | 6 | 66 | 100
733 | Revision_733/jscript.c | U | 246 | 254 | 9 | 15969 | 6 | 22 | 100
733 | Revision_733/sql.c | U | 457 | 465 | 9 | 15970 | 6 | 67 | 100
733 | Revision_733/tex.c | U | 221 | 229 | 9 | 15971 | 6 | 110 | 100
733 | Revision_733/flex.c | U | 310 | 314 | 5 | 15972 | 7 | 68 | 100
733 | Revision_733/jscript.c | U | 294 | 298 | 5 | 15973 | 7 | 63 | 100
733 | Revision_733/jscript.c | U | 267 | 271 | 5 | 15974 | 7 | 24 | 100
733 | Revision_733/jscript.c | U | 1411 | 1415 | 5 | 15975 | 7 | 64 | 100
733 | Revision_733/flex.c | U | 1843 | 1847 | 5 | 15976 | 7 | 69 | 100
733 | Revision_733/flex.c | U | 360 | 364 | 5 | 15977 | 7 | 70 | 100
733 | Revision_733/flex.c | U | 337 | 341 | 5 | 15978 | 7 | 71 | 100
733 | Revision_733/flex.c | U | 384 | 402 | 17 | 15979 | 8 | 72 | 100
733 | Revision_733/jscript.c | U | 318 | 336 | 17 | 15980 | 8 | 26 | 100
733 | Revision_733/tex.c | U | 239 | 257 | 17 | 15981 | 8 | 111 | 100
733 | Revision_733/vhdl.c | U | 368 | 386 | 17 | 15982 | 8 | 51 | 100
733 | Revision_733/flex.c | U | 408 | 419 | 12 | 15983 | 9 | 73 | 100
733 | Revision_733/tex.c | U | 264 | 276 | 12 | 15984 | 9 | 112 | 100
733 | Revision_733/jscript.c | U | 342 | 353 | 12 | 15985 | 9 | 28 | 100
733 | Revision_733/flex.c | U | 431 | 435 | 5 | 15986 | 10 | 74 | 100
733 | Revision_733/vhdl.c | U | 414 | 418 | 5 | 15987 | 10 | 52 | 100
733 | Revision_733/tex.c | U | 288 | 292 | 5 | 15988 | 10 | 113 | 100
733 | Revision_733/jscript.c | U | 365 | 369 | 5 | 15989 | 10 | 49 | 100
733 | Revision_733/sql.c | U | 523 | 536 | 5 | 15990 | 10 | 29 | 100
733 | Revision_733/flex.c | U | 486 | 497 | 12 | 15991 | 11 | 75 | 100
733 | Revision_733/sql.c | U | 617 | 628 | 12 | 15992 | 11 | 31 | 100
733 | Revision_733/jscript.c | U | 416 | 427 | 12 | 15993 | 11 | 76 | 100
733 | Revision_733/flex.c | U | 537 | 543 | 7 | 15994 | 12 | 77 | 100
733 | Revision_733/flex.c | U | 591 | 597 | 7 | 15995 | 12 | 78 | 100
733 | Revision_733/flex.c | U | 628 | 634 | 7 | 15996 | 12 | 79 | 100
733 | Revision_733/flex.c | U | 550 | 557 | 8 | 15997 | 13 | 80 | 100
733 | Revision_733/flex.c | U | 604 | 611 | 8 | 15998 | 13 | 81 | 100
733 | Revision_733/flex.c | U | 693 | 702 | 10 | 15999 | 14 | 82 | 100
733 | Revision_733/jscript.c | U | 441 | 450 | 10 | 16000 | 14 | 83 | 100
733 | Revision_733/tex.c | U | 330 | 339 | 10 | 16001 | 14 | 114 | 100
733 | Revision_733/flex.c | U | 724 | 754 | 18 | 16002 | 15 | 84 | 100
733 | Revision_733/jscript.c | U | 471 | 501 | 18 | 16003 | 15 | 85 | 100
733 | Revision_733/flex.c | U | 745 | 750 | 5 | 16004 | 16 | 86 | 100
733 | Revision_733/jscript.c | U | 524 | 529 | 5 | 16005 | 16 | 34 | 100
733 | Revision_733/sql.c | U | 756 | 761 | 5 | 16006 | 16 | 46 | 100
733 | Revision_733/vhdl.c | U | 524 | 529 | 5 | 16007 | 16 | 55 | 100
733 | Revision_733/flex.c | U | 777 | 782 | 5 | 16008 | 16 | 87 | 100
733 | Revision_733/jscript.c | U | 492 | 497 | 5 | 16009 | 16 | 45 | 100
733 | Revision_733/flex.c | U | 757 | 786 | 18 | 16010 | 17 | 88 | 100
733 | Revision_733/jscript.c | U | 504 | 533 | 18 | 16011 | 17 | 89 | 100
733 | Revision_733/flex.c | U | 789 | 796 | 7 | 16012 | 18 | 90 | 100
733 | Revision_733/jscript.c | U | 536 | 543 | 7 | 16013 | 18 | 34 | 100
733 | Revision_733/flex.c | U | 799 | 806 | 7 | 16014 | 19 | 91 | 100
733 | Revision_733/jscript.c | U | 546 | 553 | 7 | 16015 | 19 | 34 | 100
733 | Revision_733/sql.c | U | 679 | 686 | 7 | 16016 | 19 | 35 | 100
733 | Revision_733/flex.c | U | 813 | 835 | 13 | 16017 | 20 | 92 | 100
733 | Revision_733/jscript.c | U | 560 | 582 | 13 | 16018 | 20 | 93 | 100
733 | Revision_733/flex.c | U | 945 | 956 | 6 | 16019 | 21 | 96 | 100
733 | Revision_733/sql.c | U | 878 | 885 | 6 | 16020 | 21 | 126 | 100
733 | Revision_733/sql.c | U | 965 | 985 | 6 | 16021 | 21 | 39 | 100
733 | Revision_733/jscript.c | U | 696 | 707 | 6 | 16022 | 21 | 38 | 100
733 | Revision_733/flex.c | U | 961 | 1068 | 30 | 16023 | 22 | 97 | 100
733 | Revision_733/jscript.c | U | 712 | 819 | 30 | 16024 | 22 | 98 | 100
733 | Revision_733/flex.c | U | 1541 | 1549 | 8 | 16025 | 23 | 99 | 100
733 | Revision_733/jscript.c | U | 1110 | 1118 | 8 | 16026 | 23 | 100 | 100
733 | Revision_733/flex.c | U | 1611 | 1633 | 10 | 16027 | 24 | 101 | 100
733 | Revision_733/jscript.c | U | 1180 | 1202 | 10 | 16028 | 24 | 102 | 100
733 | Revision_733/flex.c | U | 1773 | 1790 | 6 | 16029 | 25 | 103 | 100
733 | Revision_733/jscript.c | U | 1341 | 1358 | 6 | 16030 | 25 | 104 | 100
733 | Revision_733/flex.c | U | 1792 | 1820 | 20 | 16031 | 26 | 105 | 100
733 | Revision_733/jscript.c | U | 1360 | 1388 | 20 | 16032 | 26 | 106 | 100
733 | Revision_733/gnu_regex/regex_internal.c | U | 1103 | 1108 | 5 | 16033 | 27 | 127 | 100
733 | Revision_733/gnu_regex/regex_internal.c | U | 1236 | 1241 | 5 | 16034 | 27 | 128 | 100
733 | Revision_733/jscript.c | U | 240 | 256 | 12 | 16035 | 28 | 22 | 100
733 | Revision_733/tex.c | U | 215 | 231 | 12 | 16036 | 28 | 123 | 100
733 | Revision_733/sql.c | U | 451 | 467 | 12 | 16037 | 28 | 23 | 100
733 | Revision_733/jscript.c | U | 405 | 435 | 26 | 16038 | 29 | 61 | 100
733 | Revision_733/sql.c | U | 606 | 636 | 26 | 16039 | 29 | 62 | 100
733 | Revision_733/readtags.c | U | 106 | 113 | 8 | 16040 | 30 | 6 | 100
733 | Revision_733/routines.c | U | 288 | 295 | 8 | 16041 | 30 | 9 | 100
733 | Revision_733/readtags.c | U | 116 | 123 | 8 | 16042 | 31 | 8 | 100
733 | Revision_733/routines.c | U | 298 | 305 | 8 | 16043 | 31 | 10 | 100
733 | Revision_733/sql.c | U | 500 | 511 | 12 | 16044 | 32 | 29 | 100
733 | Revision_733/vhdl.c | U | 391 | 402 | 12 | 16045 | 32 | 56 | 100
733 | Revision_733/sql.c | U | 569 | 573 | 5 | 16046 | 33 | 57 | 100
733 | Revision_733/vhdl.c | U | 457 | 461 | 5 | 16047 | 33 | 58 | 100
733 | Revision_733/sql.c | U | 746 | 764 | 15 | 16048 | 34 | 59 | 100
733 | Revision_733/vhdl.c | U | 514 | 532 | 15 | 16049 | 34 | 60 | 100
733 | Revision_733/tex.c | U | 408 | 412 | 5 | 16050 | 35 | 125 | 100
733 | Revision_733/tex.c | U | 431 | 435 | 5 | 16051 | 35 | 118 | 100
