Revision | filePath | changeType | StartLine | EndLine | Nlines | cloneId | classId | globalCloneId | Similarity
792 | Revision_792/asp.c | U | 75 | 90 | 12 | 22215 | 1 | 1 | 100
792 | Revision_792/asp.c | U | 98 | 113 | 12 | 22216 | 1 | 2 | 100
792 | Revision_792/asp.c | U | 121 | 162 | 37 | 22217 | 2 | 129 | 100
792 | Revision_792/asp.c | U | 168 | 209 | 37 | 22218 | 2 | 130 | 100
792 | Revision_792/erlang.c | U | 58 | 62 | 5 | 22219 | 3 | 13 | 100
792 | Revision_792/sml.c | U | 84 | 88 | 5 | 22220 | 3 | 12 | 100
792 | Revision_792/python.c | U | 299 | 303 | 5 | 22221 | 3 | 11 | 100
792 | Revision_792/erlang.c | U | 66 | 75 | 9 | 22222 | 4 | 14 | 100
792 | Revision_792/python.c | U | 307 | 316 | 9 | 22223 | 4 | 15 | 100
792 | Revision_792/flex.c | U | 245 | 249 | 5 | 22224 | 5 | 65 | 100
792 | Revision_792/jscript.c | U | 208 | 212 | 5 | 22225 | 5 | 20 | 100
792 | Revision_792/sql.c | U | 436 | 440 | 5 | 22226 | 5 | 21 | 100
792 | Revision_792/vhdl.c | U | 356 | 360 | 5 | 22227 | 5 | 50 | 100
792 | Revision_792/tex.c | U | 186 | 190 | 5 | 22228 | 5 | 109 | 100
792 | Revision_792/flex.c | U | 295 | 303 | 9 | 22229 | 6 | 66 | 100
792 | Revision_792/sql.c | U | 474 | 482 | 9 | 22230 | 6 | 67 | 100
792 | Revision_792/flex.c | U | 316 | 320 | 5 | 22231 | 7 | 68 | 100
792 | Revision_792/jscript.c | U | 1523 | 1527 | 5 | 22232 | 7 | 63 | 100
792 | Revision_792/flex.c | U | 1884 | 1888 | 5 | 22233 | 7 | 69 | 100
792 | Revision_792/jscript.c | U | 342 | 346 | 5 | 22234 | 7 | 24 | 100
792 | Revision_792/flex.c | U | 366 | 370 | 5 | 22235 | 7 | 70 | 100
792 | Revision_792/jscript.c | U | 1440 | 1444 | 5 | 22236 | 7 | 64 | 100
792 | Revision_792/flex.c | U | 343 | 347 | 5 | 22237 | 7 | 71 | 100
792 | Revision_792/jscript.c | U | 315 | 319 | 5 | 22238 | 7 | 64 | 100
792 | Revision_792/flex.c | U | 390 | 408 | 17 | 22239 | 8 | 72 | 100
792 | Revision_792/jscript.c | U | 366 | 384 | 17 | 22240 | 8 | 26 | 100
792 | Revision_792/vhdl.c | U | 368 | 386 | 17 | 22241 | 8 | 51 | 100
792 | Revision_792/flex.c | U | 414 | 425 | 12 | 22242 | 9 | 73 | 100
792 | Revision_792/tex.c | U | 289 | 301 | 12 | 22243 | 9 | 112 | 100
792 | Revision_792/jscript.c | U | 390 | 401 | 12 | 22244 | 9 | 28 | 100
792 | Revision_792/flex.c | U | 437 | 441 | 5 | 22245 | 10 | 74 | 100
792 | Revision_792/sql.c | U | 540 | 553 | 5 | 22246 | 10 | 29 | 100
792 | Revision_792/tex.c | U | 313 | 317 | 5 | 22247 | 10 | 113 | 100
792 | Revision_792/vhdl.c | U | 414 | 418 | 5 | 22248 | 10 | 52 | 100
792 | Revision_792/flex.c | U | 492 | 503 | 12 | 22249 | 11 | 75 | 100
792 | Revision_792/jscript.c | U | 465 | 476 | 12 | 22250 | 11 | 76 | 100
792 | Revision_792/sql.c | U | 636 | 647 | 12 | 22251 | 11 | 31 | 100
792 | Revision_792/flex.c | U | 599 | 606 | 8 | 22252 | 12 | 81 | 100
792 | Revision_792/flex.c | U | 652 | 659 | 8 | 22253 | 12 | 133 | 100
792 | Revision_792/flex.c | U | 638 | 645 | 8 | 22254 | 12 | 134 | 100
792 | Revision_792/flex.c | U | 623 | 628 | 6 | 22255 | 13 | 79 | 100
792 | Revision_792/flex.c | U | 631 | 636 | 6 | 22256 | 13 | 78 | 100
792 | Revision_792/flex.c | U | 664 | 671 | 8 | 22257 | 14 | 135 | 100
792 | Revision_792/flex.c | U | 703 | 710 | 8 | 22258 | 14 | 136 | 100
792 | Revision_792/flex.c | U | 688 | 693 | 6 | 22259 | 15 | 137 | 100
792 | Revision_792/flex.c | U | 696 | 701 | 6 | 22260 | 15 | 82 | 100
792 | Revision_792/flex.c | U | 734 | 743 | 10 | 22261 | 16 | 82 | 100
792 | Revision_792/tex.c | U | 342 | 351 | 10 | 22262 | 16 | 114 | 100
792 | Revision_792/jscript.c | U | 490 | 499 | 10 | 22263 | 16 | 83 | 100
792 | Revision_792/flex.c | U | 765 | 795 | 18 | 22264 | 17 | 84 | 100
792 | Revision_792/jscript.c | U | 520 | 550 | 18 | 22265 | 17 | 85 | 100
792 | Revision_792/flex.c | U | 786 | 791 | 5 | 22266 | 18 | 86 | 100
792 | Revision_792/jscript.c | U | 573 | 578 | 5 | 22267 | 18 | 34 | 100
792 | Revision_792/vhdl.c | U | 524 | 529 | 5 | 22268 | 18 | 55 | 100
792 | Revision_792/flex.c | U | 818 | 823 | 5 | 22269 | 18 | 87 | 100
792 | Revision_792/sql.c | U | 775 | 780 | 5 | 22270 | 18 | 46 | 100
792 | Revision_792/jscript.c | U | 541 | 546 | 5 | 22271 | 18 | 45 | 100
792 | Revision_792/flex.c | U | 798 | 827 | 18 | 22272 | 19 | 88 | 100
792 | Revision_792/jscript.c | U | 553 | 582 | 18 | 22273 | 19 | 89 | 100
792 | Revision_792/flex.c | U | 830 | 837 | 7 | 22274 | 20 | 90 | 100
792 | Revision_792/jscript.c | U | 585 | 592 | 7 | 22275 | 20 | 34 | 100
792 | Revision_792/flex.c | U | 840 | 847 | 7 | 22276 | 21 | 91 | 100
792 | Revision_792/jscript.c | U | 595 | 602 | 7 | 22277 | 21 | 34 | 100
792 | Revision_792/sql.c | U | 698 | 705 | 7 | 22278 | 21 | 35 | 100
792 | Revision_792/flex.c | U | 854 | 876 | 13 | 22279 | 22 | 92 | 100
792 | Revision_792/jscript.c | U | 609 | 631 | 13 | 22280 | 22 | 93 | 100
792 | Revision_792/flex.c | U | 986 | 997 | 6 | 22281 | 23 | 96 | 100
792 | Revision_792/sql.c | U | 1032 | 1052 | 6 | 22282 | 23 | 39 | 100
792 | Revision_792/jscript.c | U | 745 | 756 | 6 | 22283 | 23 | 38 | 100
792 | Revision_792/sql.c | U | 937 | 944 | 6 | 22284 | 23 | 126 | 100
792 | Revision_792/flex.c | U | 1002 | 1109 | 30 | 22285 | 24 | 97 | 100
792 | Revision_792/jscript.c | U | 761 | 868 | 30 | 22286 | 24 | 98 | 100
792 | Revision_792/flex.c | U | 1582 | 1590 | 8 | 22287 | 25 | 99 | 100
792 | Revision_792/jscript.c | U | 1176 | 1184 | 8 | 22288 | 25 | 100 | 100
792 | Revision_792/flex.c | U | 1652 | 1674 | 10 | 22289 | 26 | 101 | 100
792 | Revision_792/jscript.c | U | 1246 | 1268 | 10 | 22290 | 26 | 102 | 100
792 | Revision_792/flex.c | U | 1833 | 1861 | 20 | 22291 | 27 | 105 | 100
792 | Revision_792/jscript.c | U | 1472 | 1500 | 20 | 22292 | 27 | 106 | 100
792 | Revision_792/gnu_regex/regex_internal.c | U | 1103 | 1108 | 5 | 22293 | 28 | 127 | 100
792 | Revision_792/gnu_regex/regex_internal.c | U | 1236 | 1241 | 5 | 22294 | 28 | 128 | 100
792 | Revision_792/jscript.c | U | 454 | 484 | 26 | 22295 | 29 | 61 | 100
792 | Revision_792/sql.c | U | 625 | 655 | 26 | 22296 | 29 | 62 | 100
792 | Revision_792/objc.c | U | 199 | 205 | 6 | 22297 | 30 | 139 | 100
792 | Revision_792/ocaml.c | U | 251 | 257 | 6 | 22298 | 30 | 140 | 100
792 | Revision_792/objc.c | U | 208 | 228 | 15 | 22299 | 31 | 141 | 100
792 | Revision_792/ocaml.c | U | 260 | 280 | 15 | 22300 | 31 | 142 | 100
792 | Revision_792/objc.c | U | 241 | 249 | 6 | 22301 | 32 | 143 | 100
792 | Revision_792/ocaml.c | U | 293 | 301 | 6 | 22302 | 32 | 144 | 100
792 | Revision_792/objc.c | U | 264 | 279 | 10 | 22303 | 33 | 145 | 100
792 | Revision_792/ocaml.c | U | 344 | 359 | 10 | 22304 | 33 | 146 | 100
792 | Revision_792/objc.c | U | 484 | 488 | 5 | 22305 | 34 | 147 | 100
792 | Revision_792/ocaml.c | U | 908 | 912 | 5 | 22306 | 34 | 148 | 100
792 | Revision_792/readtags.c | U | 106 | 113 | 8 | 22307 | 35 | 6 | 100
792 | Revision_792/routines.c | U | 288 | 295 | 8 | 22308 | 35 | 9 | 100
792 | Revision_792/readtags.c | U | 116 | 123 | 8 | 22309 | 36 | 8 | 100
792 | Revision_792/routines.c | U | 298 | 305 | 8 | 22310 | 36 | 10 | 100
792 | Revision_792/sql.c | U | 517 | 528 | 12 | 22311 | 37 | 29 | 100
792 | Revision_792/vhdl.c | U | 391 | 402 | 12 | 22312 | 37 | 56 | 100
792 | Revision_792/sql.c | U | 588 | 592 | 5 | 22313 | 38 | 57 | 100
792 | Revision_792/vhdl.c | U | 457 | 461 | 5 | 22314 | 38 | 58 | 100
792 | Revision_792/sql.c | U | 765 | 783 | 15 | 22315 | 39 | 59 | 100
792 | Revision_792/vhdl.c | U | 514 | 532 | 15 | 22316 | 39 | 60 | 100
792 | Revision_792/sql.c | U | 787 | 794 | 8 | 22317 | 40 | 138 | 100
792 | Revision_792/tex.c | U | 374 | 381 | 8 | 22318 | 40 | 124 | 100
792 | Revision_792/sql.c | U | 1413 | 1424 | 5 | 22319 | 41 | 131 | 100
792 | Revision_792/sql.c | U | 1569 | 1574 | 5 | 22320 | 41 | 132 | 100
792 | Revision_792/tex.c | U | 420 | 424 | 5 | 22321 | 42 | 125 | 100
792 | Revision_792/tex.c | U | 444 | 448 | 5 | 22322 | 42 | 118 | 100
