Revision | filePath | changeType | StartLine | EndLine | Nlines | cloneId | classId | globalCloneId | Similarity
812 | Revision_812/asp.c | U | 75 | 90 | 12 | 28046 | 1 | 1 | 100
812 | Revision_812/asp.c | U | 98 | 113 | 12 | 28047 | 1 | 2 | 100
812 | Revision_812/asp.c | U | 121 | 162 | 37 | 28048 | 2 | 140 | 100
812 | Revision_812/asp.c | U | 168 | 209 | 37 | 28049 | 2 | 141 | 100
812 | Revision_812/eiffel.c | U | 374 | 383 | 8 | 28050 | 3 | 13 | 100
812 | Revision_812/read.c | U | 452 | 459 | 8 | 28051 | 3 | 137 | 100
812 | Revision_812/eiffel.c | U | 429 | 434 | 6 | 28052 | 4 | 52 | 100
812 | Revision_812/fortran.c | U | 813 | 818 | 6 | 28053 | 4 | 53 | 100
812 | Revision_812/eiffel.c | U | 691 | 695 | 5 | 28054 | 5 | 15 | 100
812 | Revision_812/vhdl.c | U | 457 | 461 | 5 | 28055 | 5 | 62 | 100
812 | Revision_812/sql.c | U | 588 | 592 | 5 | 28056 | 5 | 16 | 100
812 | Revision_812/eiffel.c | U | 765 | 770 | 6 | 28057 | 6 | 54 | 100
812 | Revision_812/fortran.c | U | 1027 | 1032 | 6 | 28058 | 6 | 55 | 100
812 | Revision_812/jscript.c | U | 213 | 217 | 5 | 28059 | 7 | 29 | 100
812 | Revision_812/tex.c | U | 186 | 190 | 5 | 28060 | 7 | 117 | 100
812 | Revision_812/sql.c | U | 436 | 440 | 5 | 28061 | 7 | 30 | 100
812 | Revision_812/vhdl.c | U | 356 | 360 | 5 | 28062 | 7 | 61 | 100
812 | Revision_812/flex.c | U | 245 | 249 | 5 | 28063 | 7 | 75 | 100
812 | Revision_812/jscript.c | U | 275 | 279 | 5 | 28064 | 8 | 73 | 100
812 | Revision_812/flex.c | U | 1884 | 1888 | 5 | 28065 | 8 | 78 | 100
812 | Revision_812/jscript.c | U | 1472 | 1476 | 5 | 28066 | 8 | 24 | 100
812 | Revision_812/jscript.c | U | 302 | 306 | 5 | 28067 | 8 | 74 | 100
812 | Revision_812/jscript.c | U | 1555 | 1559 | 5 | 28068 | 8 | 150 | 100
812 | Revision_812/flex.c | U | 316 | 320 | 5 | 28069 | 8 | 79 | 100
812 | Revision_812/flex.c | U | 366 | 370 | 5 | 28070 | 8 | 80 | 100
812 | Revision_812/flex.c | U | 343 | 347 | 5 | 28071 | 8 | 81 | 100
812 | Revision_812/jscript.c | U | 326 | 345 | 17 | 28072 | 9 | 33 | 100
812 | Revision_812/flex.c | U | 390 | 408 | 17 | 28073 | 9 | 82 | 100
812 | Revision_812/vhdl.c | U | 368 | 386 | 17 | 28074 | 9 | 63 | 100
812 | Revision_812/jscript.c | U | 377 | 388 | 12 | 28075 | 10 | 35 | 100
812 | Revision_812/tex.c | U | 289 | 301 | 12 | 28076 | 10 | 121 | 100
812 | Revision_812/flex.c | U | 414 | 425 | 12 | 28077 | 10 | 83 | 100
812 | Revision_812/jscript.c | U | 468 | 487 | 18 | 28078 | 11 | 161 | 100
812 | Revision_812/sql.c | U | 634 | 653 | 18 | 28079 | 11 | 162 | 100
812 | Revision_812/jscript.c | U | 470 | 481 | 12 | 28080 | 12 | 85 | 100
812 | Revision_812/flex.c | U | 492 | 503 | 12 | 28081 | 12 | 86 | 100
812 | Revision_812/sql.c | U | 636 | 647 | 12 | 28082 | 12 | 38 | 100
812 | Revision_812/jscript.c | U | 495 | 504 | 10 | 28083 | 13 | 87 | 100
812 | Revision_812/tex.c | U | 342 | 351 | 10 | 28084 | 13 | 123 | 100
812 | Revision_812/flex.c | U | 734 | 743 | 10 | 28085 | 13 | 88 | 100
812 | Revision_812/jscript.c | U | 527 | 557 | 18 | 28086 | 14 | 89 | 100
812 | Revision_812/flex.c | U | 765 | 795 | 18 | 28087 | 14 | 90 | 100
812 | Revision_812/jscript.c | U | 548 | 553 | 5 | 28088 | 15 | 41 | 100
812 | Revision_812/jscript.c | U | 656 | 661 | 5 | 28089 | 15 | 56 | 100
812 | Revision_812/vhdl.c | U | 524 | 529 | 5 | 28090 | 15 | 67 | 100
812 | Revision_812/flex.c | U | 818 | 823 | 5 | 28091 | 15 | 91 | 100
812 | Revision_812/sql.c | U | 775 | 780 | 5 | 28092 | 15 | 57 | 100
812 | Revision_812/jscript.c | U | 580 | 585 | 5 | 28093 | 15 | 167 | 100
812 | Revision_812/flex.c | U | 786 | 791 | 5 | 28094 | 15 | 92 | 100
812 | Revision_812/jscript.c | U | 560 | 589 | 18 | 28095 | 16 | 93 | 100
812 | Revision_812/flex.c | U | 798 | 827 | 18 | 28096 | 16 | 94 | 100
812 | Revision_812/jscript.c | U | 592 | 599 | 7 | 28097 | 17 | 41 | 100
812 | Revision_812/flex.c | U | 830 | 837 | 7 | 28098 | 17 | 95 | 100
812 | Revision_812/jscript.c | U | 602 | 609 | 7 | 28099 | 18 | 41 | 100
812 | Revision_812/flex.c | U | 840 | 847 | 7 | 28100 | 18 | 96 | 100
812 | Revision_812/sql.c | U | 698 | 705 | 7 | 28101 | 18 | 42 | 100
812 | Revision_812/jscript.c | U | 772 | 783 | 6 | 28102 | 19 | 45 | 100
812 | Revision_812/flex.c | U | 986 | 997 | 6 | 28103 | 19 | 101 | 100
812 | Revision_812/sql.c | U | 1032 | 1052 | 6 | 28104 | 19 | 46 | 100
812 | Revision_812/sql.c | U | 937 | 944 | 6 | 28105 | 19 | 136 | 100
812 | Revision_812/jscript.c | U | 1201 | 1209 | 8 | 28106 | 20 | 104 | 100
812 | Revision_812/flex.c | U | 1582 | 1590 | 8 | 28107 | 20 | 105 | 100
812 | Revision_812/jscript.c | U | 1274 | 1296 | 10 | 28108 | 21 | 106 | 100
812 | Revision_812/flex.c | U | 1652 | 1674 | 10 | 28109 | 21 | 107 | 100
812 | Revision_812/jscript.c | U | 1518 | 1528 | 10 | 28110 | 22 | 163 | 100
812 | Revision_812/flex.c | U | 1849 | 1859 | 10 | 28111 | 22 | 164 | 100
812 | Revision_812/gnu_regex/regex_internal.c | U | 1103 | 1108 | 5 | 28112 | 23 | 138 | 100
812 | Revision_812/gnu_regex/regex_internal.c | U | 1236 | 1241 | 5 | 28113 | 23 | 139 | 100
812 | Revision_812/python.c | U | 299 | 303 | 5 | 28114 | 24 | 17 | 100
812 | Revision_812/sml.c | U | 84 | 88 | 5 | 28115 | 24 | 18 | 100
812 | Revision_812/erlang.c | U | 58 | 62 | 5 | 28116 | 24 | 19 | 100
812 | Revision_812/python.c | U | 307 | 316 | 9 | 28117 | 25 | 20 | 100
812 | Revision_812/erlang.c | U | 66 | 75 | 9 | 28118 | 25 | 21 | 100
812 | Revision_812/perl.c | U | 329 | 335 | 7 | 28119 | 26 | 165 | 100
812 | Revision_812/perl.c | U | 402 | 409 | 7 | 28120 | 26 | 166 | 100
812 | Revision_812/ocaml.c | U | 251 | 257 | 6 | 28121 | 27 | 151 | 100
812 | Revision_812/objc.c | U | 199 | 205 | 6 | 28122 | 27 | 152 | 100
812 | Revision_812/ocaml.c | U | 260 | 280 | 15 | 28123 | 28 | 153 | 100
812 | Revision_812/objc.c | U | 208 | 228 | 15 | 28124 | 28 | 154 | 100
812 | Revision_812/ocaml.c | U | 293 | 301 | 6 | 28125 | 29 | 155 | 100
812 | Revision_812/objc.c | U | 241 | 249 | 6 | 28126 | 29 | 156 | 100
812 | Revision_812/ocaml.c | U | 344 | 359 | 10 | 28127 | 30 | 157 | 100
812 | Revision_812/objc.c | U | 264 | 279 | 10 | 28128 | 30 | 158 | 100
812 | Revision_812/ocaml.c | U | 908 | 912 | 5 | 28129 | 31 | 159 | 100
812 | Revision_812/objc.c | U | 484 | 488 | 5 | 28130 | 31 | 160 | 100
812 | Revision_812/routines.c | U | 288 | 295 | 8 | 28131 | 32 | 11 | 100
812 | Revision_812/readtags.c | U | 106 | 113 | 8 | 28132 | 32 | 8 | 100
812 | Revision_812/routines.c | U | 298 | 305 | 8 | 28133 | 33 | 12 | 100
812 | Revision_812/readtags.c | U | 116 | 123 | 8 | 28134 | 33 | 10 | 100
812 | Revision_812/flex.c | U | 295 | 303 | 9 | 28135 | 34 | 76 | 100
812 | Revision_812/sql.c | U | 474 | 482 | 9 | 28136 | 34 | 77 | 100
812 | Revision_812/flex.c | U | 437 | 441 | 5 | 28137 | 35 | 84 | 100
812 | Revision_812/tex.c | U | 313 | 317 | 5 | 28138 | 35 | 122 | 100
812 | Revision_812/vhdl.c | U | 414 | 418 | 5 | 28139 | 35 | 64 | 100
812 | Revision_812/sql.c | U | 540 | 553 | 5 | 28140 | 35 | 36 | 100
812 | Revision_812/flex.c | U | 599 | 606 | 8 | 28141 | 36 | 116 | 100
812 | Revision_812/flex.c | U | 652 | 659 | 8 | 28142 | 36 | 144 | 100
812 | Revision_812/flex.c | U | 638 | 645 | 8 | 28143 | 36 | 145 | 100
812 | Revision_812/flex.c | U | 623 | 628 | 6 | 28144 | 37 | 114 | 100
812 | Revision_812/flex.c | U | 631 | 636 | 6 | 28145 | 37 | 114 | 100
812 | Revision_812/flex.c | U | 664 | 671 | 8 | 28146 | 38 | 146 | 100
812 | Revision_812/flex.c | U | 703 | 710 | 8 | 28147 | 38 | 147 | 100
812 | Revision_812/flex.c | U | 688 | 693 | 6 | 28148 | 39 | 148 | 100
812 | Revision_812/flex.c | U | 696 | 701 | 6 | 28149 | 39 | 88 | 100
812 | Revision_812/vhdl.c | U | 391 | 402 | 12 | 28150 | 40 | 68 | 100
812 | Revision_812/sql.c | U | 517 | 528 | 12 | 28151 | 40 | 36 | 100
812 | Revision_812/vhdl.c | U | 514 | 532 | 15 | 28152 | 41 | 69 | 100
812 | Revision_812/sql.c | U | 765 | 783 | 15 | 28153 | 41 | 70 | 100
812 | Revision_812/sql.c | U | 787 | 794 | 8 | 28154 | 42 | 149 | 100
812 | Revision_812/tex.c | U | 374 | 381 | 8 | 28155 | 42 | 134 | 100
812 | Revision_812/sql.c | U | 1413 | 1424 | 5 | 28156 | 43 | 142 | 100
812 | Revision_812/sql.c | U | 1569 | 1574 | 5 | 28157 | 43 | 143 | 100
812 | Revision_812/tex.c | U | 420 | 424 | 5 | 28158 | 44 | 135 | 100
812 | Revision_812/tex.c | U | 444 | 448 | 5 | 28159 | 44 | 125 | 100
