Revision | filePath | changeType | StartLine | EndLine | Nlines | cloneId | classId | globalCloneId | Similarity
816 | Revision_816/asp.c | U | 75 | 90 | 12 | 28502 | 1 | 1 | 100
816 | Revision_816/asp.c | U | 98 | 113 | 12 | 28503 | 1 | 2 | 100
816 | Revision_816/asp.c | U | 121 | 162 | 37 | 28504 | 2 | 140 | 100
816 | Revision_816/asp.c | U | 168 | 209 | 37 | 28505 | 2 | 141 | 100
816 | Revision_816/eiffel.c | U | 374 | 383 | 8 | 28506 | 3 | 13 | 100
816 | Revision_816/read.c | U | 452 | 459 | 8 | 28507 | 3 | 137 | 100
816 | Revision_816/eiffel.c | U | 429 | 434 | 6 | 28508 | 4 | 52 | 100
816 | Revision_816/fortran.c | U | 813 | 818 | 6 | 28509 | 4 | 53 | 100
816 | Revision_816/eiffel.c | U | 691 | 695 | 5 | 28510 | 5 | 15 | 100
816 | Revision_816/vhdl.c | U | 457 | 461 | 5 | 28511 | 5 | 62 | 100
816 | Revision_816/sql.c | U | 588 | 592 | 5 | 28512 | 5 | 16 | 100
816 | Revision_816/eiffel.c | U | 765 | 770 | 6 | 28513 | 6 | 54 | 100
816 | Revision_816/fortran.c | U | 1027 | 1032 | 6 | 28514 | 6 | 55 | 100
816 | Revision_816/jscript.c | U | 213 | 217 | 5 | 28515 | 7 | 29 | 100
816 | Revision_816/tex.c | U | 186 | 190 | 5 | 28516 | 7 | 117 | 100
816 | Revision_816/sql.c | U | 436 | 440 | 5 | 28517 | 7 | 30 | 100
816 | Revision_816/vhdl.c | U | 356 | 360 | 5 | 28518 | 7 | 61 | 100
816 | Revision_816/flex.c | U | 245 | 249 | 5 | 28519 | 7 | 75 | 100
816 | Revision_816/jscript.c | U | 275 | 279 | 5 | 28520 | 8 | 73 | 100
816 | Revision_816/flex.c | U | 366 | 370 | 5 | 28521 | 8 | 78 | 100
816 | Revision_816/flex.c | U | 343 | 347 | 5 | 28522 | 8 | 79 | 100
816 | Revision_816/jscript.c | U | 302 | 306 | 5 | 28523 | 8 | 24 | 100
816 | Revision_816/flex.c | U | 316 | 320 | 5 | 28524 | 8 | 80 | 100
816 | Revision_816/jscript.c | U | 1555 | 1559 | 5 | 28525 | 8 | 74 | 100
816 | Revision_816/jscript.c | U | 1472 | 1476 | 5 | 28526 | 8 | 150 | 100
816 | Revision_816/flex.c | U | 1884 | 1888 | 5 | 28527 | 8 | 81 | 100
816 | Revision_816/jscript.c | U | 326 | 345 | 17 | 28528 | 9 | 33 | 100
816 | Revision_816/flex.c | U | 390 | 408 | 17 | 28529 | 9 | 82 | 100
816 | Revision_816/vhdl.c | U | 368 | 386 | 17 | 28530 | 9 | 63 | 100
816 | Revision_816/jscript.c | U | 377 | 388 | 12 | 28531 | 10 | 35 | 100
816 | Revision_816/tex.c | U | 289 | 301 | 12 | 28532 | 10 | 121 | 100
816 | Revision_816/flex.c | U | 414 | 425 | 12 | 28533 | 10 | 83 | 100
816 | Revision_816/jscript.c | U | 468 | 487 | 18 | 28534 | 11 | 161 | 100
816 | Revision_816/sql.c | U | 634 | 653 | 18 | 28535 | 11 | 162 | 100
816 | Revision_816/jscript.c | U | 470 | 481 | 12 | 28536 | 12 | 85 | 100
816 | Revision_816/flex.c | U | 492 | 503 | 12 | 28537 | 12 | 86 | 100
816 | Revision_816/sql.c | U | 636 | 647 | 12 | 28538 | 12 | 38 | 100
816 | Revision_816/jscript.c | U | 495 | 504 | 10 | 28539 | 13 | 87 | 100
816 | Revision_816/tex.c | U | 342 | 351 | 10 | 28540 | 13 | 123 | 100
816 | Revision_816/flex.c | U | 734 | 743 | 10 | 28541 | 13 | 88 | 100
816 | Revision_816/jscript.c | U | 527 | 557 | 18 | 28542 | 14 | 89 | 100
816 | Revision_816/flex.c | U | 765 | 795 | 18 | 28543 | 14 | 90 | 100
816 | Revision_816/jscript.c | U | 548 | 553 | 5 | 28544 | 15 | 41 | 100
816 | Revision_816/sql.c | U | 775 | 780 | 5 | 28545 | 15 | 57 | 100
816 | Revision_816/jscript.c | U | 580 | 585 | 5 | 28546 | 15 | 56 | 100
816 | Revision_816/jscript.c | U | 656 | 661 | 5 | 28547 | 15 | 167 | 100
816 | Revision_816/vhdl.c | U | 524 | 529 | 5 | 28548 | 15 | 67 | 100
816 | Revision_816/flex.c | U | 818 | 823 | 5 | 28549 | 15 | 91 | 100
816 | Revision_816/flex.c | U | 786 | 791 | 5 | 28550 | 15 | 92 | 100
816 | Revision_816/jscript.c | U | 560 | 589 | 18 | 28551 | 16 | 93 | 100
816 | Revision_816/flex.c | U | 798 | 827 | 18 | 28552 | 16 | 94 | 100
816 | Revision_816/jscript.c | U | 592 | 599 | 7 | 28553 | 17 | 41 | 100
816 | Revision_816/flex.c | U | 830 | 837 | 7 | 28554 | 17 | 95 | 100
816 | Revision_816/jscript.c | U | 602 | 609 | 7 | 28555 | 18 | 41 | 100
816 | Revision_816/sql.c | U | 698 | 705 | 7 | 28556 | 18 | 42 | 100
816 | Revision_816/flex.c | U | 840 | 847 | 7 | 28557 | 18 | 96 | 100
816 | Revision_816/jscript.c | U | 772 | 783 | 6 | 28558 | 19 | 45 | 100
816 | Revision_816/sql.c | U | 937 | 944 | 6 | 28559 | 19 | 136 | 100
816 | Revision_816/flex.c | U | 986 | 997 | 6 | 28560 | 19 | 101 | 100
816 | Revision_816/sql.c | U | 1032 | 1052 | 6 | 28561 | 19 | 46 | 100
816 | Revision_816/jscript.c | U | 1201 | 1209 | 8 | 28562 | 20 | 104 | 100
816 | Revision_816/flex.c | U | 1582 | 1590 | 8 | 28563 | 20 | 105 | 100
816 | Revision_816/jscript.c | U | 1274 | 1296 | 10 | 28564 | 21 | 106 | 100
816 | Revision_816/flex.c | U | 1652 | 1674 | 10 | 28565 | 21 | 107 | 100
816 | Revision_816/jscript.c | U | 1518 | 1528 | 10 | 28566 | 22 | 163 | 100
816 | Revision_816/flex.c | U | 1849 | 1859 | 10 | 28567 | 22 | 164 | 100
816 | Revision_816/gnu_regex/regex_internal.c | U | 1103 | 1108 | 5 | 28568 | 23 | 138 | 100
816 | Revision_816/gnu_regex/regex_internal.c | U | 1236 | 1241 | 5 | 28569 | 23 | 139 | 100
816 | Revision_816/python.c | U | 299 | 303 | 5 | 28570 | 24 | 17 | 100
816 | Revision_816/sml.c | U | 84 | 88 | 5 | 28571 | 24 | 18 | 100
816 | Revision_816/erlang.c | U | 58 | 62 | 5 | 28572 | 24 | 19 | 100
816 | Revision_816/python.c | U | 307 | 316 | 9 | 28573 | 25 | 20 | 100
816 | Revision_816/erlang.c | U | 66 | 75 | 9 | 28574 | 25 | 21 | 100
816 | Revision_816/perl.c | M | 359 | 365 | 7 | 28575 | 26 | 165 | 100
816 | Revision_816/perl.c | U | 432 | 439 | 7 | 28576 | 26 | 166 | 100
816 | Revision_816/ocaml.c | U | 251 | 257 | 6 | 28577 | 27 | 151 | 100
816 | Revision_816/objc.c | U | 199 | 205 | 6 | 28578 | 27 | 152 | 100
816 | Revision_816/ocaml.c | U | 260 | 280 | 15 | 28579 | 28 | 153 | 100
816 | Revision_816/objc.c | U | 208 | 228 | 15 | 28580 | 28 | 154 | 100
816 | Revision_816/ocaml.c | U | 293 | 301 | 6 | 28581 | 29 | 155 | 100
816 | Revision_816/objc.c | U | 241 | 249 | 6 | 28582 | 29 | 156 | 100
816 | Revision_816/ocaml.c | U | 344 | 359 | 10 | 28583 | 30 | 157 | 100
816 | Revision_816/objc.c | U | 264 | 279 | 10 | 28584 | 30 | 158 | 100
816 | Revision_816/ocaml.c | U | 908 | 912 | 5 | 28585 | 31 | 159 | 100
816 | Revision_816/objc.c | U | 484 | 488 | 5 | 28586 | 31 | 160 | 100
816 | Revision_816/routines.c | U | 288 | 295 | 8 | 28587 | 32 | 11 | 100
816 | Revision_816/readtags.c | U | 106 | 113 | 8 | 28588 | 32 | 8 | 100
816 | Revision_816/routines.c | U | 298 | 305 | 8 | 28589 | 33 | 12 | 100
816 | Revision_816/readtags.c | U | 116 | 123 | 8 | 28590 | 33 | 10 | 100
816 | Revision_816/flex.c | U | 295 | 303 | 9 | 28591 | 34 | 76 | 100
816 | Revision_816/sql.c | U | 474 | 482 | 9 | 28592 | 34 | 77 | 100
816 | Revision_816/flex.c | U | 437 | 441 | 5 | 28593 | 35 | 84 | 100
816 | Revision_816/tex.c | U | 313 | 317 | 5 | 28594 | 35 | 122 | 100
816 | Revision_816/vhdl.c | U | 414 | 418 | 5 | 28595 | 35 | 64 | 100
816 | Revision_816/sql.c | U | 540 | 553 | 5 | 28596 | 35 | 36 | 100
816 | Revision_816/flex.c | U | 599 | 606 | 8 | 28597 | 36 | 116 | 100
816 | Revision_816/flex.c | U | 652 | 659 | 8 | 28598 | 36 | 144 | 100
816 | Revision_816/flex.c | U | 638 | 645 | 8 | 28599 | 36 | 145 | 100
816 | Revision_816/flex.c | U | 623 | 628 | 6 | 28600 | 37 | 114 | 100
816 | Revision_816/flex.c | U | 631 | 636 | 6 | 28601 | 37 | 114 | 100
816 | Revision_816/flex.c | U | 664 | 671 | 8 | 28602 | 38 | 146 | 100
816 | Revision_816/flex.c | U | 703 | 710 | 8 | 28603 | 38 | 147 | 100
816 | Revision_816/flex.c | U | 688 | 693 | 6 | 28604 | 39 | 148 | 100
816 | Revision_816/flex.c | U | 696 | 701 | 6 | 28605 | 39 | 88 | 100
816 | Revision_816/vhdl.c | U | 391 | 402 | 12 | 28606 | 40 | 68 | 100
816 | Revision_816/sql.c | U | 517 | 528 | 12 | 28607 | 40 | 36 | 100
816 | Revision_816/vhdl.c | U | 514 | 532 | 15 | 28608 | 41 | 69 | 100
816 | Revision_816/sql.c | U | 765 | 783 | 15 | 28609 | 41 | 70 | 100
816 | Revision_816/sql.c | U | 787 | 794 | 8 | 28610 | 42 | 149 | 100
816 | Revision_816/tex.c | U | 374 | 381 | 8 | 28611 | 42 | 134 | 100
816 | Revision_816/sql.c | U | 1413 | 1424 | 5 | 28612 | 43 | 142 | 100
816 | Revision_816/sql.c | U | 1569 | 1574 | 5 | 28613 | 43 | 143 | 100
816 | Revision_816/tex.c | U | 420 | 424 | 5 | 28614 | 44 | 135 | 100
816 | Revision_816/tex.c | U | 444 | 448 | 5 | 28615 | 44 | 125 | 100
