Revision | filePath | changeType | StartLine | EndLine | Nlines | cloneId | classId | globalCloneId | Similarity
253 | Revision_253/asp.c | U | 70 | 89 | 15 | 21284 | 1 | 1 | 100
253 | Revision_253/asp.c | U | 93 | 112 | 15 | 21285 | 1 | 2 | 100
253 | Revision_253/asp.c | U | 116 | 132 | 14 | 21286 | 2 | 3 | 100
253 | Revision_253/ruby.c | U | 79 | 94 | 14 | 21287 | 2 | 4 | 100
253 | Revision_253/asp.c | U | 136 | 151 | 14 | 21288 | 2 | 6 | 100
253 | Revision_253/ruby.c | U | 96 | 111 | 14 | 21289 | 2 | 4 | 100
253 | Revision_253/asp.c | U | 155 | 170 | 14 | 21290 | 2 | 116 | 100
253 | Revision_253/asp.c | U | 181 | 189 | 9 | 21291 | 3 | 8 | 100
253 | Revision_253/sml.c | U | 192 | 200 | 9 | 21292 | 3 | 118 | 100
253 | Revision_253/python.c | U | 212 | 220 | 9 | 21293 | 3 | 10 | 100
253 | Revision_253/args.c | U | 85 | 92 | 8 | 21294 | 4 | 11 | 100
253 | Revision_253/args.c | U | 159 | 166 | 8 | 21295 | 4 | 12 | 100
253 | Revision_253/c.c | U | 638 | 649 | 13 | 21296 | 5 | 117 | 100
253 | Revision_253/c.c | U | 1097 | 1110 | 13 | 21297 | 5 | 123 | 100
253 | Revision_253/c.c | U | 657 | 668 | 13 | 21298 | 5 | 114 | 100
253 | Revision_253/c.c | U | 779 | 798 | 42 | 21299 | 6 | 124 | 100
253 | Revision_253/c.c | U | 816 | 835 | 42 | 21300 | 6 | 125 | 100
253 | Revision_253/c.c | U | 1325 | 1332 | 7 | 21301 | 7 | 15 | 100
253 | Revision_253/c.c | U | 1335 | 1342 | 7 | 21302 | 7 | 16 | 100
253 | Revision_253/c.c | U | 1662 | 1666 | 5 | 21303 | 8 | 126 | 100
253 | Revision_253/c.c | U | 1671 | 1675 | 5 | 21304 | 8 | 127 | 100
253 | Revision_253/c.c | U | 2584 | 2593 | 10 | 21305 | 9 | 17 | 100
253 | Revision_253/c.c | U | 2614 | 2623 | 10 | 21306 | 9 | 128 | 100
253 | Revision_253/eiffel.c | U | 1222 | 1231 | 10 | 21307 | 9 | 19 | 100
253 | Revision_253/c.c | U | 2626 | 2635 | 10 | 21308 | 9 | 18 | 100
253 | Revision_253/sql.c | U | 617 | 626 | 10 | 21309 | 9 | 102 | 100
253 | Revision_253/eiffel.c | U | 215 | 224 | 8 | 21310 | 10 | 20 | 100
253 | Revision_253/fortran.c | U | 310 | 319 | 8 | 21311 | 10 | 21 | 100
253 | Revision_253/sql.c | U | 191 | 200 | 8 | 21312 | 10 | 103 | 100
253 | Revision_253/eiffel.c | U | 367 | 376 | 8 | 21313 | 11 | 104 | 100
253 | Revision_253/sql.c | U | 248 | 255 | 8 | 21314 | 11 | 105 | 100
253 | Revision_253/eiffel.c | U | 419 | 423 | 5 | 21315 | 12 | 87 | 100
253 | Revision_253/fortran.c | U | 667 | 671 | 5 | 21316 | 12 | 88 | 100
253 | Revision_253/eiffel.c | U | 602 | 612 | 9 | 21317 | 13 | 26 | 100
253 | Revision_253/fortran.c | U | 748 | 758 | 9 | 21318 | 13 | 27 | 100
253 | Revision_253/eiffel.c | U | 660 | 664 | 5 | 21319 | 14 | 106 | 100
253 | Revision_253/sql.c | U | 336 | 340 | 5 | 21320 | 14 | 107 | 100
253 | Revision_253/eiffel.c | U | 720 | 727 | 8 | 21321 | 15 | 28 | 100
253 | Revision_253/fortran.c | U | 878 | 885 | 8 | 21322 | 15 | 29 | 100
253 | Revision_253/eiffel.c | U | 874 | 878 | 5 | 21323 | 16 | 89 | 100
253 | Revision_253/eiffel.c | U | 1014 | 1018 | 5 | 21324 | 16 | 85 | 100
253 | Revision_253/fortran.c | U | 1127 | 1131 | 5 | 21325 | 16 | 86 | 100
253 | Revision_253/eiffel.c | U | 1176 | 1188 | 10 | 21326 | 17 | 30 | 100
253 | Revision_253/sql.c | U | 203 | 214 | 10 | 21327 | 17 | 108 | 100
253 | Revision_253/fortran.c | U | 724 | 735 | 10 | 21328 | 17 | 31 | 100
253 | Revision_253/verilog.c | U | 160 | 168 | 9 | 21329 | 18 | 98 | 100
253 | Revision_253/vim.c | U | 137 | 145 | 9 | 21330 | 18 | 34 | 100
253 | Revision_253/ruby.c | U | 167 | 175 | 9 | 21331 | 18 | 35 | 100
253 | Revision_253/lua.c | U | 123 | 131 | 9 | 21332 | 18 | 84 | 100
253 | Revision_253/beta.c | U | 313 | 321 | 9 | 21333 | 18 | 36 | 100
253 | Revision_253/slang.c | U | 34 | 41 | 8 | 21334 | 19 | 32 | 100
253 | Revision_253/yacc.c | U | 31 | 38 | 8 | 21335 | 19 | 33 | 100
253 | Revision_253/vim.c | U | 54 | 58 | 5 | 21336 | 20 | 100 | 100
253 | Revision_253/vim.c | U | 60 | 64 | 5 | 21337 | 20 | 101 | 100
253 | Revision_253/python.c | U | 105 | 109 | 5 | 21338 | 21 | 119 | 100
253 | Revision_253/sml.c | U | 82 | 86 | 5 | 21339 | 21 | 120 | 100
253 | Revision_253/perl.c | U | 109 | 117 | 9 | 21340 | 22 | 39 | 100
253 | Revision_253/awk.c | U | 71 | 79 | 9 | 21341 | 22 | 43 | 100
253 | Revision_253/php.c | U | 98 | 106 | 9 | 21342 | 22 | 41 | 100
253 | Revision_253/sort.c | U | 123 | 128 | 5 | 21343 | 23 | 96 | 100
253 | Revision_253/sort.c | U | 131 | 136 | 5 | 21344 | 23 | 97 | 100
253 | Revision_253/strlist.c | U | 147 | 154 | 8 | 21345 | 24 | 44 | 100
253 | Revision_253/strlist.c | U | 158 | 165 | 8 | 21346 | 24 | 45 | 100
253 | Revision_253/pascal.c | U | 175 | 181 | 6 | 21347 | 25 | 46 | 100
253 | Revision_253/pascal.c | U | 183 | 189 | 6 | 21348 | 25 | 47 | 100
253 | Revision_253/get.c | U | 461 | 472 | 10 | 21349 | 26 | 48 | 100
253 | Revision_253/get.c | U | 478 | 489 | 10 | 21350 | 26 | 49 | 100
253 | Revision_253/routines.c | U | 275 | 282 | 8 | 21351 | 27 | 90 | 100
253 | Revision_253/readtags.c | U | 109 | 116 | 8 | 21352 | 27 | 79 | 100
253 | Revision_253/routines.c | U | 285 | 292 | 8 | 21353 | 28 | 91 | 100
253 | Revision_253/readtags.c | U | 119 | 126 | 8 | 21354 | 28 | 81 | 100
253 | Revision_253/routines.c | U | 316 | 322 | 6 | 21355 | 29 | 92 | 100
253 | Revision_253/routines.c | U | 325 | 331 | 6 | 21356 | 29 | 93 | 100
253 | Revision_253/routines.c | U | 336 | 343 | 8 | 21357 | 30 | 94 | 100
253 | Revision_253/routines.c | U | 348 | 355 | 8 | 21358 | 30 | 95 | 100
253 | Revision_253/sh.c | U | 98 | 108 | 9 | 21359 | 31 | 54 | 100
253 | Revision_253/scheme.c | U | 99 | 109 | 9 | 21360 | 31 | 55 | 100
253 | Revision_253/beta.c | U | 154 | 158 | 5 | 21361 | 32 | 56 | 100
253 | Revision_253/beta.c | U | 280 | 284 | 5 | 21362 | 32 | 57 | 100
253 | Revision_253/beta.c | U | 160 | 164 | 5 | 21363 | 32 | 58 | 100
253 | Revision_253/beta.c | U | 167 | 171 | 5 | 21364 | 33 | 59 | 100
253 | Revision_253/beta.c | U | 274 | 278 | 5 | 21365 | 33 | 60 | 100
253 | Revision_253/sql.c | U | 397 | 403 | 6 | 21366 | 34 | 109 | 100
253 | Revision_253/sql.c | U | 568 | 574 | 6 | 21367 | 34 | 110 | 100
253 | Revision_253/sql.c | U | 423 | 427 | 5 | 21368 | 35 | 111 | 100
253 | Revision_253/fortran.c | U | 1118 | 1122 | 5 | 21369 | 35 | 65 | 100
253 | Revision_253/sql.c | U | 553 | 557 | 5 | 21370 | 35 | 112 | 100
253 | Revision_253/fortran.c | U | 1238 | 1242 | 5 | 21371 | 35 | 66 | 100
253 | Revision_253/sql.c | U | 484 | 488 | 5 | 21372 | 36 | 113 | 100
253 | Revision_253/fortran.c | U | 1438 | 1442 | 5 | 21373 | 36 | 99 | 100
253 | Revision_253/fortran.c | U | 1163 | 1167 | 5 | 21374 | 36 | 67 | 100
253 | Revision_253/fortran.c | U | 1307 | 1312 | 5 | 21375 | 36 | 68 | 100
253 | Revision_253/parse.c | U | 48 | 56 | 7 | 21376 | 37 | 121 | 100
253 | Revision_253/sml.c | U | 73 | 79 | 7 | 21377 | 37 | 122 | 100
253 | Revision_253/parse.c | U | 102 | 106 | 5 | 21378 | 38 | 61 | 100
253 | Revision_253/parse.c | U | 116 | 120 | 5 | 21379 | 38 | 62 | 100
253 | Revision_253/readtags.c | U | 545 | 551 | 6 | 21380 | 39 | 82 | 100
253 | Revision_253/readtags.c | U | 553 | 559 | 6 | 21381 | 39 | 83 | 100
253 | Revision_253/readtags.c | U | 742 | 747 | 6 | 21382 | 40 | 64 | 100
253 | Revision_253/readtags.c | U | 767 | 772 | 6 | 21383 | 40 | 77 | 100
253 | Revision_253/options.c | U | 358 | 364 | 6 | 21384 | 41 | 69 | 100
253 | Revision_253/options.c | U | 367 | 373 | 6 | 21385 | 41 | 70 | 100
253 | Revision_253/options.c | U | 518 | 524 | 7 | 21386 | 42 | 71 | 100
253 | Revision_253/options.c | U | 527 | 533 | 7 | 21387 | 42 | 72 | 100
253 | Revision_253/options.c | U | 545 | 551 | 7 | 21388 | 42 | 73 | 100
253 | Revision_253/options.c | U | 536 | 542 | 7 | 21389 | 42 | 74 | 100
253 | Revision_253/options.c | U | 863 | 867 | 5 | 21390 | 43 | 75 | 100
253 | Revision_253/options.c | U | 869 | 873 | 5 | 21391 | 43 | 76 | 100
