Revision | filePath | changeType | StartLine | EndLine | Nlines | cloneId | classId | globalCloneId | Similarity
259 | Revision_259/asp.c | U | 70 | 89 | 15 | 21931 | 1 | 1 | 100
259 | Revision_259/asp.c | U | 93 | 112 | 15 | 21932 | 1 | 2 | 100
259 | Revision_259/asp.c | U | 116 | 132 | 14 | 21933 | 2 | 3 | 100
259 | Revision_259/asp.c | U | 155 | 170 | 14 | 21934 | 2 | 116 | 100
259 | Revision_259/ruby.c | U | 96 | 111 | 14 | 21935 | 2 | 4 | 100
259 | Revision_259/ruby.c | U | 79 | 94 | 14 | 21936 | 2 | 4 | 100
259 | Revision_259/asp.c | U | 136 | 151 | 14 | 21937 | 2 | 6 | 100
259 | Revision_259/asp.c | U | 181 | 189 | 9 | 21938 | 3 | 8 | 100
259 | Revision_259/sml.c | U | 192 | 200 | 9 | 21939 | 3 | 118 | 100
259 | Revision_259/python.c | U | 212 | 220 | 9 | 21940 | 3 | 10 | 100
259 | Revision_259/args.c | U | 85 | 92 | 8 | 21941 | 4 | 11 | 100
259 | Revision_259/args.c | U | 159 | 166 | 8 | 21942 | 4 | 12 | 100
259 | Revision_259/c.c | U | 638 | 649 | 13 | 21943 | 5 | 117 | 100
259 | Revision_259/c.c | U | 1097 | 1110 | 13 | 21944 | 5 | 123 | 100
259 | Revision_259/c.c | U | 657 | 668 | 13 | 21945 | 5 | 114 | 100
259 | Revision_259/c.c | U | 779 | 798 | 42 | 21946 | 6 | 124 | 100
259 | Revision_259/c.c | U | 816 | 835 | 42 | 21947 | 6 | 125 | 100
259 | Revision_259/c.c | U | 1325 | 1332 | 7 | 21948 | 7 | 15 | 100
259 | Revision_259/c.c | U | 1335 | 1342 | 7 | 21949 | 7 | 16 | 100
259 | Revision_259/c.c | U | 1662 | 1666 | 5 | 21950 | 8 | 126 | 100
259 | Revision_259/c.c | U | 1671 | 1675 | 5 | 21951 | 8 | 127 | 100
259 | Revision_259/c.c | U | 2584 | 2593 | 10 | 21952 | 9 | 17 | 100
259 | Revision_259/eiffel.c | U | 1222 | 1231 | 10 | 21953 | 9 | 19 | 100
259 | Revision_259/c.c | U | 2626 | 2635 | 10 | 21954 | 9 | 18 | 100
259 | Revision_259/c.c | U | 2614 | 2623 | 10 | 21955 | 9 | 128 | 100
259 | Revision_259/sql.c | U | 617 | 626 | 10 | 21956 | 9 | 102 | 100
259 | Revision_259/eiffel.c | U | 215 | 224 | 8 | 21957 | 10 | 20 | 100
259 | Revision_259/sql.c | U | 191 | 200 | 8 | 21958 | 10 | 103 | 100
259 | Revision_259/fortran.c | U | 310 | 319 | 8 | 21959 | 10 | 21 | 100
259 | Revision_259/eiffel.c | U | 367 | 376 | 8 | 21960 | 11 | 104 | 100
259 | Revision_259/sql.c | U | 248 | 255 | 8 | 21961 | 11 | 105 | 100
259 | Revision_259/eiffel.c | U | 419 | 423 | 5 | 21962 | 12 | 87 | 100
259 | Revision_259/fortran.c | U | 667 | 671 | 5 | 21963 | 12 | 88 | 100
259 | Revision_259/eiffel.c | U | 602 | 612 | 9 | 21964 | 13 | 26 | 100
259 | Revision_259/fortran.c | U | 748 | 758 | 9 | 21965 | 13 | 27 | 100
259 | Revision_259/eiffel.c | U | 660 | 664 | 5 | 21966 | 14 | 106 | 100
259 | Revision_259/sql.c | U | 336 | 340 | 5 | 21967 | 14 | 107 | 100
259 | Revision_259/eiffel.c | U | 720 | 727 | 8 | 21968 | 15 | 28 | 100
259 | Revision_259/fortran.c | U | 878 | 885 | 8 | 21969 | 15 | 29 | 100
259 | Revision_259/eiffel.c | U | 874 | 878 | 5 | 21970 | 16 | 89 | 100
259 | Revision_259/eiffel.c | U | 1014 | 1018 | 5 | 21971 | 16 | 85 | 100
259 | Revision_259/fortran.c | U | 1130 | 1134 | 5 | 21972 | 16 | 86 | 100
259 | Revision_259/eiffel.c | U | 1176 | 1188 | 10 | 21973 | 17 | 30 | 100
259 | Revision_259/fortran.c | U | 724 | 735 | 10 | 21974 | 17 | 31 | 100
259 | Revision_259/sql.c | U | 203 | 214 | 10 | 21975 | 17 | 108 | 100
259 | Revision_259/verilog.c | U | 160 | 168 | 9 | 21976 | 18 | 98 | 100
259 | Revision_259/ruby.c | U | 167 | 175 | 9 | 21977 | 18 | 35 | 100
259 | Revision_259/vim.c | U | 168 | 176 | 9 | 21978 | 18 | 34 | 100
259 | Revision_259/lua.c | U | 123 | 131 | 9 | 21979 | 18 | 84 | 100
259 | Revision_259/beta.c | U | 313 | 321 | 9 | 21980 | 18 | 36 | 100
259 | Revision_259/slang.c | U | 34 | 41 | 8 | 21981 | 19 | 32 | 100
259 | Revision_259/yacc.c | U | 31 | 38 | 8 | 21982 | 19 | 33 | 100
259 | Revision_259/vim.c | U | 56 | 60 | 5 | 21983 | 20 | 100 | 100
259 | Revision_259/vim.c | U | 62 | 66 | 5 | 21984 | 20 | 101 | 100
259 | Revision_259/vim.c | U | 100 | 109 | 10 | 21985 | 21 | 130 | 100
259 | Revision_259/vim.c | U | 125 | 134 | 10 | 21986 | 21 | 34 | 100
259 | Revision_259/python.c | U | 105 | 109 | 5 | 21987 | 22 | 119 | 100
259 | Revision_259/sml.c | U | 82 | 86 | 5 | 21988 | 22 | 120 | 100
259 | Revision_259/perl.c | U | 109 | 117 | 9 | 21989 | 23 | 39 | 100
259 | Revision_259/php.c | U | 98 | 106 | 9 | 21990 | 23 | 41 | 100
259 | Revision_259/awk.c | U | 71 | 79 | 9 | 21991 | 23 | 43 | 100
259 | Revision_259/sort.c | U | 123 | 128 | 5 | 21992 | 24 | 96 | 100
259 | Revision_259/sort.c | U | 131 | 136 | 5 | 21993 | 24 | 97 | 100
259 | Revision_259/strlist.c | U | 147 | 154 | 8 | 21994 | 25 | 44 | 100
259 | Revision_259/strlist.c | U | 158 | 165 | 8 | 21995 | 25 | 45 | 100
259 | Revision_259/pascal.c | U | 175 | 181 | 6 | 21996 | 26 | 46 | 100
259 | Revision_259/pascal.c | U | 183 | 189 | 6 | 21997 | 26 | 47 | 100
259 | Revision_259/get.c | U | 461 | 472 | 10 | 21998 | 27 | 48 | 100
259 | Revision_259/get.c | U | 478 | 489 | 10 | 21999 | 27 | 49 | 100
259 | Revision_259/routines.c | U | 275 | 282 | 8 | 22000 | 28 | 90 | 100
259 | Revision_259/readtags.c | U | 109 | 116 | 8 | 22001 | 28 | 79 | 100
259 | Revision_259/routines.c | U | 285 | 292 | 8 | 22002 | 29 | 91 | 100
259 | Revision_259/readtags.c | U | 119 | 126 | 8 | 22003 | 29 | 81 | 100
259 | Revision_259/routines.c | U | 316 | 322 | 6 | 22004 | 30 | 92 | 100
259 | Revision_259/routines.c | U | 325 | 331 | 6 | 22005 | 30 | 93 | 100
259 | Revision_259/routines.c | U | 336 | 343 | 8 | 22006 | 31 | 94 | 100
259 | Revision_259/routines.c | U | 348 | 355 | 8 | 22007 | 31 | 95 | 100
259 | Revision_259/sh.c | U | 98 | 108 | 9 | 22008 | 32 | 54 | 100
259 | Revision_259/scheme.c | U | 99 | 109 | 9 | 22009 | 32 | 55 | 100
259 | Revision_259/beta.c | U | 154 | 158 | 5 | 22010 | 33 | 56 | 100
259 | Revision_259/beta.c | U | 280 | 284 | 5 | 22011 | 33 | 57 | 100
259 | Revision_259/beta.c | U | 160 | 164 | 5 | 22012 | 33 | 58 | 100
259 | Revision_259/beta.c | U | 167 | 171 | 5 | 22013 | 34 | 59 | 100
259 | Revision_259/beta.c | U | 274 | 278 | 5 | 22014 | 34 | 60 | 100
259 | Revision_259/sql.c | U | 397 | 403 | 6 | 22015 | 35 | 109 | 100
259 | Revision_259/sql.c | U | 568 | 574 | 6 | 22016 | 35 | 110 | 100
259 | Revision_259/sql.c | U | 423 | 427 | 5 | 22017 | 36 | 111 | 100
259 | Revision_259/fortran.c | U | 1241 | 1245 | 5 | 22018 | 36 | 66 | 100
259 | Revision_259/sql.c | U | 553 | 557 | 5 | 22019 | 36 | 112 | 100
259 | Revision_259/sql.c | U | 484 | 488 | 5 | 22020 | 37 | 113 | 100
259 | Revision_259/fortran.c | U | 1166 | 1170 | 5 | 22021 | 37 | 67 | 100
259 | Revision_259/fortran.c | U | 1310 | 1315 | 5 | 22022 | 37 | 68 | 100
259 | Revision_259/fortran.c | U | 1441 | 1445 | 5 | 22023 | 37 | 99 | 100
259 | Revision_259/parse.c | U | 48 | 56 | 7 | 22024 | 38 | 121 | 100
259 | Revision_259/sml.c | U | 73 | 79 | 7 | 22025 | 38 | 122 | 100
259 | Revision_259/parse.c | U | 102 | 106 | 5 | 22026 | 39 | 61 | 100
259 | Revision_259/parse.c | U | 116 | 120 | 5 | 22027 | 39 | 62 | 100
259 | Revision_259/readtags.c | U | 545 | 551 | 6 | 22028 | 40 | 82 | 100
259 | Revision_259/readtags.c | U | 553 | 559 | 6 | 22029 | 40 | 83 | 100
259 | Revision_259/readtags.c | U | 742 | 747 | 6 | 22030 | 41 | 64 | 100
259 | Revision_259/readtags.c | U | 767 | 772 | 6 | 22031 | 41 | 77 | 100
259 | Revision_259/options.c | U | 358 | 364 | 6 | 22032 | 42 | 69 | 100
259 | Revision_259/options.c | U | 367 | 373 | 6 | 22033 | 42 | 70 | 100
259 | Revision_259/options.c | U | 518 | 524 | 7 | 22034 | 43 | 71 | 100
259 | Revision_259/options.c | U | 536 | 542 | 7 | 22035 | 43 | 74 | 100
259 | Revision_259/options.c | U | 527 | 533 | 7 | 22036 | 43 | 72 | 100
259 | Revision_259/options.c | U | 545 | 551 | 7 | 22037 | 43 | 73 | 100
259 | Revision_259/options.c | U | 863 | 867 | 5 | 22038 | 44 | 75 | 100
259 | Revision_259/options.c | U | 869 | 873 | 5 | 22039 | 44 | 76 | 100
