Revision | filePath | changeType | StartLine | EndLine | Nlines | cloneId | classId | globalCloneId | Similarity
280 | Revision_280/asp.c | U | 70 | 89 | 15 | 24386 | 1 | 1 | 100
280 | Revision_280/asp.c | U | 93 | 112 | 15 | 24387 | 1 | 2 | 100
280 | Revision_280/asp.c | U | 116 | 132 | 14 | 24388 | 2 | 3 | 100
280 | Revision_280/ruby.c | U | 96 | 111 | 14 | 24389 | 2 | 4 | 100
280 | Revision_280/ruby.c | U | 79 | 94 | 14 | 24390 | 2 | 4 | 100
280 | Revision_280/asp.c | U | 136 | 151 | 14 | 24391 | 2 | 6 | 100
280 | Revision_280/asp.c | U | 155 | 170 | 14 | 24392 | 2 | 116 | 100
280 | Revision_280/asp.c | U | 181 | 189 | 9 | 24393 | 3 | 8 | 100
280 | Revision_280/python.c | U | 212 | 220 | 9 | 24394 | 3 | 10 | 100
280 | Revision_280/sml.c | U | 192 | 200 | 9 | 24395 | 3 | 118 | 100
280 | Revision_280/args.c | U | 85 | 92 | 8 | 24396 | 4 | 11 | 100
280 | Revision_280/args.c | U | 159 | 166 | 8 | 24397 | 4 | 12 | 100
280 | Revision_280/c.c | U | 638 | 649 | 13 | 24398 | 5 | 117 | 100
280 | Revision_280/c.c | U | 1098 | 1111 | 13 | 24399 | 5 | 123 | 100
280 | Revision_280/c.c | U | 657 | 668 | 13 | 24400 | 5 | 114 | 100
280 | Revision_280/c.c | U | 779 | 798 | 42 | 24401 | 6 | 124 | 100
280 | Revision_280/c.c | U | 816 | 835 | 42 | 24402 | 6 | 125 | 100
280 | Revision_280/c.c | U | 1326 | 1333 | 7 | 24403 | 7 | 15 | 100
280 | Revision_280/c.c | U | 1336 | 1343 | 7 | 24404 | 7 | 16 | 100
280 | Revision_280/c.c | U | 1663 | 1667 | 5 | 24405 | 8 | 126 | 100
280 | Revision_280/c.c | U | 1672 | 1676 | 5 | 24406 | 8 | 127 | 100
280 | Revision_280/c.c | U | 2051 | 2056 | 6 | 24407 | 9 | 142 | 100
280 | Revision_280/options.c | U | 527 | 532 | 6 | 24408 | 9 | 72 | 100
280 | Revision_280/c.c | U | 2585 | 2594 | 10 | 24409 | 10 | 17 | 100
280 | Revision_280/eiffel.c | U | 1222 | 1231 | 10 | 24410 | 10 | 19 | 100
280 | Revision_280/sql.c | U | 617 | 626 | 10 | 24411 | 10 | 102 | 100
280 | Revision_280/c.c | U | 2627 | 2636 | 10 | 24412 | 10 | 18 | 100
280 | Revision_280/c.c | U | 2615 | 2624 | 10 | 24413 | 10 | 128 | 100
280 | Revision_280/eiffel.c | U | 215 | 224 | 8 | 24414 | 11 | 20 | 100
280 | Revision_280/sql.c | U | 191 | 200 | 8 | 24415 | 11 | 103 | 100
280 | Revision_280/fortran.c | U | 320 | 329 | 8 | 24416 | 11 | 21 | 100
280 | Revision_280/eiffel.c | U | 367 | 376 | 8 | 24417 | 12 | 104 | 100
280 | Revision_280/sql.c | U | 248 | 255 | 8 | 24418 | 12 | 105 | 100
280 | Revision_280/eiffel.c | U | 419 | 423 | 5 | 24419 | 13 | 87 | 100
280 | Revision_280/fortran.c | U | 678 | 682 | 5 | 24420 | 13 | 88 | 100
280 | Revision_280/eiffel.c | U | 602 | 612 | 9 | 24421 | 14 | 26 | 100
280 | Revision_280/fortran.c | U | 759 | 769 | 9 | 24422 | 14 | 27 | 100
280 | Revision_280/eiffel.c | U | 660 | 664 | 5 | 24423 | 15 | 106 | 100
280 | Revision_280/sql.c | U | 336 | 340 | 5 | 24424 | 15 | 107 | 100
280 | Revision_280/eiffel.c | U | 720 | 727 | 8 | 24425 | 16 | 28 | 100
280 | Revision_280/fortran.c | U | 889 | 896 | 8 | 24426 | 16 | 29 | 100
280 | Revision_280/eiffel.c | U | 874 | 878 | 5 | 24427 | 17 | 89 | 100
280 | Revision_280/fortran.c | U | 1157 | 1161 | 5 | 24428 | 17 | 86 | 100
280 | Revision_280/eiffel.c | U | 1014 | 1018 | 5 | 24429 | 17 | 85 | 100
280 | Revision_280/eiffel.c | U | 1167 | 1171 | 11 | 24430 | 18 | 140 | 100
280 | Revision_280/fortran.c | U | 1343 | 1347 | 11 | 24431 | 18 | 141 | 100
280 | Revision_280/eiffel.c | U | 1176 | 1188 | 10 | 24432 | 19 | 30 | 100
280 | Revision_280/fortran.c | U | 735 | 746 | 10 | 24433 | 19 | 31 | 100
280 | Revision_280/sql.c | U | 203 | 214 | 10 | 24434 | 19 | 108 | 100
280 | Revision_280/verilog.c | U | 160 | 168 | 9 | 24435 | 20 | 98 | 100
280 | Revision_280/beta.c | U | 313 | 321 | 9 | 24436 | 20 | 36 | 100
280 | Revision_280/ruby.c | U | 167 | 175 | 9 | 24437 | 20 | 35 | 100
280 | Revision_280/vim.c | U | 168 | 176 | 9 | 24438 | 20 | 34 | 100
280 | Revision_280/lua.c | U | 123 | 131 | 9 | 24439 | 20 | 84 | 100
280 | Revision_280/slang.c | U | 34 | 41 | 8 | 24440 | 21 | 32 | 100
280 | Revision_280/yacc.c | U | 31 | 38 | 8 | 24441 | 21 | 33 | 100
280 | Revision_280/vim.c | U | 56 | 60 | 5 | 24442 | 22 | 100 | 100
280 | Revision_280/vim.c | U | 62 | 66 | 5 | 24443 | 22 | 101 | 100
280 | Revision_280/vim.c | U | 100 | 109 | 10 | 24444 | 23 | 130 | 100
280 | Revision_280/vim.c | U | 125 | 134 | 10 | 24445 | 23 | 34 | 100
280 | Revision_280/python.c | U | 105 | 109 | 5 | 24446 | 24 | 119 | 100
280 | Revision_280/sml.c | U | 82 | 86 | 5 | 24447 | 24 | 120 | 100
280 | Revision_280/erlang.c | U | 58 | 62 | 5 | 24448 | 24 | 131 | 100
280 | Revision_280/python.c | U | 113 | 122 | 9 | 24449 | 25 | 132 | 100
280 | Revision_280/erlang.c | U | 66 | 75 | 9 | 24450 | 25 | 133 | 100
280 | Revision_280/perl.c | U | 109 | 117 | 9 | 24451 | 26 | 39 | 100
280 | Revision_280/erlang.c | U | 179 | 187 | 9 | 24452 | 26 | 135 | 100
280 | Revision_280/tcl.c | U | 106 | 114 | 9 | 24453 | 26 | 134 | 100
280 | Revision_280/sort.c | U | 123 | 128 | 5 | 24454 | 27 | 96 | 100
280 | Revision_280/sort.c | U | 131 | 136 | 5 | 24455 | 27 | 97 | 100
280 | Revision_280/strlist.c | U | 147 | 154 | 8 | 24456 | 28 | 44 | 100
280 | Revision_280/strlist.c | U | 158 | 165 | 8 | 24457 | 28 | 45 | 100
280 | Revision_280/pascal.c | U | 175 | 181 | 6 | 24458 | 29 | 46 | 100
280 | Revision_280/pascal.c | U | 183 | 189 | 6 | 24459 | 29 | 47 | 100
280 | Revision_280/awk.c | U | 71 | 79 | 9 | 24460 | 30 | 43 | 100
280 | Revision_280/php.c | U | 95 | 103 | 9 | 24461 | 30 | 41 | 100
280 | Revision_280/get.c | U | 461 | 472 | 10 | 24462 | 31 | 48 | 100
280 | Revision_280/get.c | U | 478 | 489 | 10 | 24463 | 31 | 49 | 100
280 | Revision_280/routines.c | U | 275 | 282 | 8 | 24464 | 32 | 90 | 100
280 | Revision_280/readtags.c | U | 109 | 116 | 8 | 24465 | 32 | 79 | 100
280 | Revision_280/routines.c | U | 285 | 292 | 8 | 24466 | 33 | 91 | 100
280 | Revision_280/readtags.c | U | 119 | 126 | 8 | 24467 | 33 | 81 | 100
280 | Revision_280/routines.c | U | 316 | 322 | 6 | 24468 | 34 | 92 | 100
280 | Revision_280/routines.c | U | 325 | 331 | 6 | 24469 | 34 | 93 | 100
280 | Revision_280/routines.c | U | 336 | 343 | 8 | 24470 | 35 | 94 | 100
280 | Revision_280/routines.c | U | 348 | 355 | 8 | 24471 | 35 | 95 | 100
280 | Revision_280/sh.c | U | 98 | 108 | 9 | 24472 | 36 | 54 | 100
280 | Revision_280/scheme.c | U | 99 | 109 | 9 | 24473 | 36 | 55 | 100
280 | Revision_280/beta.c | U | 154 | 158 | 5 | 24474 | 37 | 56 | 100
280 | Revision_280/beta.c | U | 280 | 284 | 5 | 24475 | 37 | 57 | 100
280 | Revision_280/beta.c | U | 160 | 164 | 5 | 24476 | 37 | 58 | 100
280 | Revision_280/beta.c | U | 167 | 171 | 5 | 24477 | 38 | 59 | 100
280 | Revision_280/beta.c | U | 274 | 278 | 5 | 24478 | 38 | 60 | 100
280 | Revision_280/erlang.c | U | 108 | 113 | 6 | 24479 | 39 | 138 | 100
280 | Revision_280/erlang.c | U | 116 | 121 | 6 | 24480 | 39 | 139 | 100
280 | Revision_280/sql.c | U | 397 | 403 | 6 | 24481 | 40 | 109 | 100
280 | Revision_280/sql.c | U | 568 | 574 | 6 | 24482 | 40 | 110 | 100
280 | Revision_280/sql.c | U | 423 | 427 | 5 | 24483 | 41 | 111 | 100
280 | Revision_280/sql.c | U | 553 | 557 | 5 | 24484 | 41 | 112 | 100
280 | Revision_280/sql.c | U | 484 | 488 | 5 | 24485 | 42 | 113 | 100
280 | Revision_280/fortran.c | U | 1193 | 1197 | 5 | 24486 | 42 | 67 | 100
280 | Revision_280/fortran.c | U | 1334 | 1338 | 5 | 24487 | 42 | 68 | 100
280 | Revision_280/fortran.c | U | 1476 | 1480 | 5 | 24488 | 42 | 99 | 100
280 | Revision_280/parse.c | U | 48 | 56 | 7 | 24489 | 43 | 121 | 100
280 | Revision_280/sml.c | U | 73 | 79 | 7 | 24490 | 43 | 122 | 100
280 | Revision_280/parse.c | U | 102 | 106 | 5 | 24491 | 44 | 61 | 100
280 | Revision_280/parse.c | U | 116 | 120 | 5 | 24492 | 44 | 62 | 100
280 | Revision_280/parse.c | U | 527 | 531 | 5 | 24493 | 45 | 144 | 100
280 | Revision_280/parse.c | U | 546 | 550 | 5 | 24494 | 45 | 145 | 100
280 | Revision_280/readtags.c | U | 545 | 551 | 6 | 24495 | 46 | 82 | 100
280 | Revision_280/readtags.c | U | 553 | 559 | 6 | 24496 | 46 | 83 | 100
280 | Revision_280/readtags.c | U | 742 | 747 | 6 | 24497 | 47 | 64 | 100
280 | Revision_280/readtags.c | U | 767 | 772 | 6 | 24498 | 47 | 77 | 100
280 | Revision_280/options.c | U | 365 | 371 | 6 | 24499 | 48 | 69 | 100
280 | Revision_280/options.c | U | 374 | 380 | 6 | 24500 | 48 | 70 | 100
280 | Revision_280/options.c | U | 537 | 543 | 7 | 24501 | 49 | 71 | 100
280 | Revision_280/options.c | U | 555 | 561 | 7 | 24502 | 49 | 74 | 100
280 | Revision_280/options.c | U | 546 | 552 | 7 | 24503 | 49 | 72 | 100
280 | Revision_280/options.c | U | 564 | 570 | 7 | 24504 | 49 | 73 | 100
280 | Revision_280/options.c | U | 1065 | 1069 | 5 | 24505 | 50 | 75 | 100
280 | Revision_280/options.c | U | 1071 | 1075 | 5 | 24506 | 50 | 76 | 100
280 | Revision_280/options.c | U | 1116 | 1128 | 12 | 24507 | 51 | 146 | 100
280 | Revision_280/options.c | U | 1132 | 1144 | 12 | 24508 | 51 | 147 | 100
