Revision | filePath | changeType | StartLine | EndLine | Nlines | cloneId | classId | globalCloneId | Similarity
294 | Revision_294/asp.c | U | 70 | 89 | 15 | 26112 | 1 | 1 | 100
294 | Revision_294/asp.c | U | 93 | 112 | 15 | 26113 | 1 | 2 | 100
294 | Revision_294/asp.c | U | 116 | 132 | 14 | 26114 | 2 | 3 | 100
294 | Revision_294/asp.c | U | 155 | 170 | 14 | 26115 | 2 | 116 | 100
294 | Revision_294/asp.c | U | 136 | 151 | 14 | 26116 | 2 | 6 | 100
294 | Revision_294/ruby.c | U | 79 | 94 | 14 | 26117 | 2 | 4 | 100
294 | Revision_294/ruby.c | U | 96 | 111 | 14 | 26118 | 2 | 4 | 100
294 | Revision_294/asp.c | U | 181 | 189 | 9 | 26119 | 3 | 8 | 100
294 | Revision_294/python.c | U | 212 | 220 | 9 | 26120 | 3 | 10 | 100
294 | Revision_294/sml.c | U | 192 | 200 | 9 | 26121 | 3 | 118 | 100
294 | Revision_294/args.c | U | 85 | 92 | 8 | 26122 | 4 | 11 | 100
294 | Revision_294/args.c | U | 159 | 166 | 8 | 26123 | 4 | 12 | 100
294 | Revision_294/c.c | U | 638 | 649 | 13 | 26124 | 5 | 117 | 100
294 | Revision_294/c.c | U | 1097 | 1110 | 13 | 26125 | 5 | 123 | 100
294 | Revision_294/c.c | U | 657 | 668 | 13 | 26126 | 5 | 114 | 100
294 | Revision_294/c.c | U | 779 | 798 | 42 | 26127 | 6 | 124 | 100
294 | Revision_294/c.c | U | 816 | 835 | 42 | 26128 | 6 | 125 | 100
294 | Revision_294/c.c | U | 1325 | 1332 | 7 | 26129 | 7 | 15 | 100
294 | Revision_294/c.c | U | 1335 | 1342 | 7 | 26130 | 7 | 16 | 100
294 | Revision_294/c.c | U | 1662 | 1666 | 5 | 26131 | 8 | 126 | 100
294 | Revision_294/c.c | U | 1671 | 1675 | 5 | 26132 | 8 | 127 | 100
294 | Revision_294/c.c | U | 2050 | 2055 | 6 | 26133 | 9 | 142 | 100
294 | Revision_294/options.c | U | 527 | 532 | 6 | 26134 | 9 | 72 | 100
294 | Revision_294/c.c | U | 2584 | 2593 | 10 | 26135 | 10 | 17 | 100
294 | Revision_294/sql.c | U | 608 | 617 | 10 | 26136 | 10 | 102 | 100
294 | Revision_294/c.c | U | 2626 | 2635 | 10 | 26137 | 10 | 18 | 100
294 | Revision_294/c.c | U | 2614 | 2623 | 10 | 26138 | 10 | 128 | 100
294 | Revision_294/eiffel.c | U | 1222 | 1231 | 10 | 26139 | 10 | 19 | 100
294 | Revision_294/eiffel.c | U | 215 | 224 | 8 | 26140 | 11 | 20 | 100
294 | Revision_294/sql.c | U | 189 | 198 | 8 | 26141 | 11 | 103 | 100
294 | Revision_294/fortran.c | U | 326 | 335 | 8 | 26142 | 11 | 21 | 100
294 | Revision_294/eiffel.c | U | 289 | 299 | 8 | 26143 | 12 | 149 | 100
294 | Revision_294/sql.c | U | 224 | 233 | 8 | 26144 | 12 | 150 | 100
294 | Revision_294/eiffel.c | U | 367 | 376 | 8 | 26145 | 13 | 104 | 100
294 | Revision_294/sql.c | U | 241 | 248 | 8 | 26146 | 13 | 105 | 100
294 | Revision_294/eiffel.c | U | 419 | 423 | 5 | 26147 | 14 | 87 | 100
294 | Revision_294/fortran.c | U | 708 | 712 | 5 | 26148 | 14 | 88 | 100
294 | Revision_294/eiffel.c | U | 602 | 612 | 9 | 26149 | 15 | 26 | 100
294 | Revision_294/fortran.c | U | 769 | 779 | 9 | 26150 | 15 | 27 | 100
294 | Revision_294/eiffel.c | U | 660 | 664 | 5 | 26151 | 16 | 106 | 100
294 | Revision_294/sql.c | U | 327 | 331 | 5 | 26152 | 16 | 107 | 100
294 | Revision_294/eiffel.c | U | 720 | 727 | 8 | 26153 | 17 | 28 | 100
294 | Revision_294/fortran.c | U | 905 | 912 | 8 | 26154 | 17 | 29 | 100
294 | Revision_294/eiffel.c | U | 874 | 878 | 5 | 26155 | 18 | 89 | 100
294 | Revision_294/fortran.c | U | 1224 | 1228 | 5 | 26156 | 18 | 86 | 100
294 | Revision_294/eiffel.c | U | 1014 | 1018 | 5 | 26157 | 18 | 85 | 100
294 | Revision_294/fortran.c | U | 1180 | 1184 | 5 | 26158 | 18 | 86 | 100
294 | Revision_294/eiffel.c | U | 1167 | 1171 | 11 | 26159 | 19 | 140 | 100
294 | Revision_294/fortran.c | M | 1417 | 1421 | 11 | 26160 | 19 | 141 | 100
294 | Revision_294/verilog.c | U | 160 | 168 | 9 | 26161 | 20 | 98 | 100
294 | Revision_294/lua.c | U | 123 | 131 | 9 | 26162 | 20 | 84 | 100
294 | Revision_294/beta.c | U | 313 | 321 | 9 | 26163 | 20 | 36 | 100
294 | Revision_294/ruby.c | U | 167 | 175 | 9 | 26164 | 20 | 35 | 100
294 | Revision_294/vim.c | U | 168 | 176 | 9 | 26165 | 20 | 34 | 100
294 | Revision_294/jscript.c | U | 31 | 38 | 8 | 26166 | 21 | 148 | 100
294 | Revision_294/slang.c | U | 34 | 41 | 8 | 26167 | 21 | 32 | 100
294 | Revision_294/yacc.c | U | 31 | 38 | 8 | 26168 | 21 | 33 | 100
294 | Revision_294/vim.c | U | 56 | 60 | 5 | 26169 | 22 | 100 | 100
294 | Revision_294/vim.c | U | 62 | 66 | 5 | 26170 | 22 | 101 | 100
294 | Revision_294/vim.c | U | 100 | 109 | 10 | 26171 | 23 | 130 | 100
294 | Revision_294/vim.c | U | 125 | 134 | 10 | 26172 | 23 | 34 | 100
294 | Revision_294/python.c | U | 105 | 109 | 5 | 26173 | 24 | 119 | 100
294 | Revision_294/erlang.c | U | 58 | 62 | 5 | 26174 | 24 | 131 | 100
294 | Revision_294/sml.c | U | 82 | 86 | 5 | 26175 | 24 | 120 | 100
294 | Revision_294/python.c | U | 113 | 122 | 9 | 26176 | 25 | 132 | 100
294 | Revision_294/erlang.c | U | 66 | 75 | 9 | 26177 | 25 | 133 | 100
294 | Revision_294/perl.c | U | 109 | 117 | 9 | 26178 | 26 | 39 | 100
294 | Revision_294/tcl.c | U | 106 | 114 | 9 | 26179 | 26 | 134 | 100
294 | Revision_294/erlang.c | U | 179 | 187 | 9 | 26180 | 26 | 135 | 100
294 | Revision_294/sort.c | U | 123 | 128 | 5 | 26181 | 27 | 96 | 100
294 | Revision_294/sort.c | U | 131 | 136 | 5 | 26182 | 27 | 97 | 100
294 | Revision_294/strlist.c | U | 147 | 154 | 8 | 26183 | 28 | 44 | 100
294 | Revision_294/strlist.c | U | 158 | 165 | 8 | 26184 | 28 | 45 | 100
294 | Revision_294/pascal.c | U | 175 | 181 | 6 | 26185 | 29 | 46 | 100
294 | Revision_294/pascal.c | U | 183 | 189 | 6 | 26186 | 29 | 47 | 100
294 | Revision_294/awk.c | U | 71 | 79 | 9 | 26187 | 30 | 43 | 100
294 | Revision_294/php.c | U | 95 | 103 | 9 | 26188 | 30 | 41 | 100
294 | Revision_294/get.c | U | 461 | 472 | 10 | 26189 | 31 | 48 | 100
294 | Revision_294/get.c | U | 478 | 489 | 10 | 26190 | 31 | 49 | 100
294 | Revision_294/routines.c | U | 275 | 282 | 8 | 26191 | 32 | 90 | 100
294 | Revision_294/readtags.c | U | 109 | 116 | 8 | 26192 | 32 | 79 | 100
294 | Revision_294/routines.c | U | 285 | 292 | 8 | 26193 | 33 | 91 | 100
294 | Revision_294/readtags.c | U | 119 | 126 | 8 | 26194 | 33 | 81 | 100
294 | Revision_294/routines.c | U | 316 | 322 | 6 | 26195 | 34 | 92 | 100
294 | Revision_294/routines.c | U | 325 | 331 | 6 | 26196 | 34 | 93 | 100
294 | Revision_294/routines.c | U | 336 | 343 | 8 | 26197 | 35 | 94 | 100
294 | Revision_294/routines.c | U | 348 | 355 | 8 | 26198 | 35 | 95 | 100
294 | Revision_294/sh.c | U | 98 | 108 | 9 | 26199 | 36 | 54 | 100
294 | Revision_294/scheme.c | U | 99 | 109 | 9 | 26200 | 36 | 55 | 100
294 | Revision_294/beta.c | U | 154 | 158 | 5 | 26201 | 37 | 56 | 100
294 | Revision_294/beta.c | U | 160 | 164 | 5 | 26202 | 37 | 58 | 100
294 | Revision_294/beta.c | U | 280 | 284 | 5 | 26203 | 37 | 57 | 100
294 | Revision_294/beta.c | U | 167 | 171 | 5 | 26204 | 38 | 59 | 100
294 | Revision_294/beta.c | U | 274 | 278 | 5 | 26205 | 38 | 60 | 100
294 | Revision_294/erlang.c | U | 108 | 113 | 6 | 26206 | 39 | 138 | 100
294 | Revision_294/erlang.c | U | 116 | 121 | 6 | 26207 | 39 | 139 | 100
294 | Revision_294/sql.c | U | 388 | 394 | 6 | 26208 | 40 | 109 | 100
294 | Revision_294/sql.c | U | 559 | 565 | 6 | 26209 | 40 | 110 | 100
294 | Revision_294/sql.c | U | 414 | 418 | 5 | 26210 | 41 | 111 | 100
294 | Revision_294/sql.c | U | 544 | 548 | 5 | 26211 | 41 | 112 | 100
294 | Revision_294/sql.c | U | 475 | 479 | 5 | 26212 | 42 | 113 | 100
294 | Revision_294/fortran.c | M | 1550 | 1554 | 5 | 26213 | 42 | 99 | 100
294 | Revision_294/fortran.c | M | 1408 | 1412 | 5 | 26214 | 42 | 68 | 100
294 | Revision_294/parse.c | U | 48 | 56 | 7 | 26215 | 43 | 121 | 100
294 | Revision_294/sml.c | U | 73 | 79 | 7 | 26216 | 43 | 122 | 100
294 | Revision_294/parse.c | U | 102 | 106 | 5 | 26217 | 44 | 61 | 100
294 | Revision_294/parse.c | U | 116 | 120 | 5 | 26218 | 44 | 62 | 100
294 | Revision_294/parse.c | U | 527 | 531 | 5 | 26219 | 45 | 144 | 100
294 | Revision_294/parse.c | U | 546 | 550 | 5 | 26220 | 45 | 145 | 100
294 | Revision_294/readtags.c | U | 545 | 551 | 6 | 26221 | 46 | 82 | 100
294 | Revision_294/readtags.c | U | 553 | 559 | 6 | 26222 | 46 | 83 | 100
294 | Revision_294/readtags.c | U | 742 | 747 | 6 | 26223 | 47 | 64 | 100
294 | Revision_294/readtags.c | U | 767 | 772 | 6 | 26224 | 47 | 77 | 100
294 | Revision_294/options.c | U | 365 | 371 | 6 | 26225 | 48 | 69 | 100
294 | Revision_294/options.c | U | 374 | 380 | 6 | 26226 | 48 | 70 | 100
294 | Revision_294/options.c | U | 537 | 543 | 7 | 26227 | 49 | 71 | 100
294 | Revision_294/options.c | U | 555 | 561 | 7 | 26228 | 49 | 74 | 100
294 | Revision_294/options.c | U | 564 | 570 | 7 | 26229 | 49 | 73 | 100
294 | Revision_294/options.c | U | 546 | 552 | 7 | 26230 | 49 | 72 | 100
294 | Revision_294/options.c | U | 1065 | 1069 | 5 | 26231 | 50 | 75 | 100
294 | Revision_294/options.c | U | 1071 | 1075 | 5 | 26232 | 50 | 76 | 100
294 | Revision_294/options.c | U | 1116 | 1128 | 12 | 26233 | 51 | 146 | 100
294 | Revision_294/options.c | U | 1132 | 1144 | 12 | 26234 | 51 | 147 | 100
