Revision | filePath | changeType | StartLine | EndLine | Nlines | cloneId | classId | globalCloneId | Similarity
330 | Revision_330/asp.c | U | 70 | 89 | 15 | 30481 | 1 | 1 | 100
330 | Revision_330/asp.c | U | 93 | 112 | 15 | 30482 | 1 | 2 | 100
330 | Revision_330/asp.c | U | 116 | 132 | 14 | 30483 | 2 | 3 | 100
330 | Revision_330/ruby.c | U | 96 | 111 | 14 | 30484 | 2 | 4 | 100
330 | Revision_330/asp.c | U | 136 | 151 | 14 | 30485 | 2 | 6 | 100
330 | Revision_330/asp.c | U | 155 | 170 | 14 | 30486 | 2 | 116 | 100
330 | Revision_330/ruby.c | U | 79 | 94 | 14 | 30487 | 2 | 4 | 100
330 | Revision_330/asp.c | U | 181 | 189 | 9 | 30488 | 3 | 8 | 100
330 | Revision_330/sml.c | U | 192 | 200 | 9 | 30489 | 3 | 118 | 100
330 | Revision_330/python.c | U | 213 | 221 | 9 | 30490 | 3 | 10 | 100
330 | Revision_330/args.c | U | 85 | 92 | 8 | 30491 | 4 | 11 | 100
330 | Revision_330/args.c | U | 159 | 166 | 8 | 30492 | 4 | 12 | 100
330 | Revision_330/c.c | U | 640 | 651 | 13 | 30493 | 5 | 117 | 100
330 | Revision_330/c.c | U | 1099 | 1112 | 13 | 30494 | 5 | 123 | 100
330 | Revision_330/c.c | U | 659 | 670 | 13 | 30495 | 5 | 114 | 100
330 | Revision_330/c.c | U | 781 | 800 | 42 | 30496 | 6 | 124 | 100
330 | Revision_330/c.c | U | 818 | 837 | 42 | 30497 | 6 | 125 | 100
330 | Revision_330/c.c | U | 1327 | 1334 | 7 | 30498 | 7 | 15 | 100
330 | Revision_330/c.c | U | 1337 | 1344 | 7 | 30499 | 7 | 16 | 100
330 | Revision_330/c.c | U | 1664 | 1668 | 5 | 30500 | 8 | 126 | 100
330 | Revision_330/c.c | U | 1673 | 1677 | 5 | 30501 | 8 | 127 | 100
330 | Revision_330/c.c | U | 2052 | 2057 | 6 | 30502 | 9 | 142 | 100
330 | Revision_330/options.c | U | 527 | 532 | 6 | 30503 | 9 | 72 | 100
330 | Revision_330/c.c | U | 2586 | 2595 | 10 | 30504 | 10 | 17 | 100
330 | Revision_330/sql.c | U | 608 | 617 | 10 | 30505 | 10 | 102 | 100
330 | Revision_330/c.c | U | 2616 | 2625 | 10 | 30506 | 10 | 128 | 100
330 | Revision_330/c.c | U | 2628 | 2637 | 10 | 30507 | 10 | 18 | 100
330 | Revision_330/eiffel.c | U | 1222 | 1231 | 10 | 30508 | 10 | 19 | 100
330 | Revision_330/eiffel.c | U | 215 | 224 | 8 | 30509 | 11 | 20 | 100
330 | Revision_330/sql.c | U | 189 | 198 | 8 | 30510 | 11 | 103 | 100
330 | Revision_330/fortran.c | U | 396 | 405 | 8 | 30511 | 11 | 21 | 100
330 | Revision_330/eiffel.c | U | 289 | 299 | 8 | 30512 | 12 | 149 | 100
330 | Revision_330/sql.c | U | 224 | 233 | 8 | 30513 | 12 | 150 | 100
330 | Revision_330/eiffel.c | U | 367 | 376 | 8 | 30514 | 13 | 104 | 100
330 | Revision_330/sql.c | U | 241 | 248 | 8 | 30515 | 13 | 105 | 100
330 | Revision_330/eiffel.c | U | 419 | 423 | 5 | 30516 | 14 | 87 | 100
330 | Revision_330/fortran.c | U | 788 | 792 | 5 | 30517 | 14 | 88 | 100
330 | Revision_330/eiffel.c | U | 602 | 612 | 9 | 30518 | 15 | 26 | 100
330 | Revision_330/fortran.c | U | 849 | 859 | 9 | 30519 | 15 | 27 | 100
330 | Revision_330/eiffel.c | U | 660 | 664 | 5 | 30520 | 16 | 106 | 100
330 | Revision_330/sql.c | U | 327 | 331 | 5 | 30521 | 16 | 107 | 100
330 | Revision_330/eiffel.c | U | 874 | 878 | 5 | 30522 | 17 | 89 | 100
330 | Revision_330/fortran.c | M | 1322 | 1326 | 5 | 30523 | 17 | 86 | 100
330 | Revision_330/eiffel.c | U | 1014 | 1018 | 5 | 30524 | 17 | 85 | 100
330 | Revision_330/verilog.c | U | 160 | 168 | 9 | 30525 | 18 | 98 | 100
330 | Revision_330/beta.c | U | 313 | 321 | 9 | 30526 | 18 | 36 | 100
330 | Revision_330/vim.c | U | 168 | 176 | 9 | 30527 | 18 | 34 | 100
330 | Revision_330/lua.c | U | 123 | 131 | 9 | 30528 | 18 | 84 | 100
330 | Revision_330/ruby.c | U | 167 | 175 | 9 | 30529 | 18 | 35 | 100
330 | Revision_330/jscript.c | U | 31 | 38 | 8 | 30530 | 19 | 148 | 100
330 | Revision_330/slang.c | U | 34 | 41 | 8 | 30531 | 19 | 32 | 100
330 | Revision_330/yacc.c | U | 31 | 38 | 8 | 30532 | 19 | 33 | 100
330 | Revision_330/vim.c | U | 56 | 60 | 5 | 30533 | 20 | 100 | 100
330 | Revision_330/vim.c | U | 62 | 66 | 5 | 30534 | 20 | 101 | 100
330 | Revision_330/vim.c | U | 100 | 109 | 10 | 30535 | 21 | 130 | 100
330 | Revision_330/vim.c | U | 125 | 134 | 10 | 30536 | 21 | 34 | 100
330 | Revision_330/python.c | U | 105 | 109 | 5 | 30537 | 22 | 119 | 100
330 | Revision_330/erlang.c | U | 58 | 62 | 5 | 30538 | 22 | 131 | 100
330 | Revision_330/sml.c | U | 82 | 86 | 5 | 30539 | 22 | 120 | 100
330 | Revision_330/python.c | U | 113 | 122 | 9 | 30540 | 23 | 132 | 100
330 | Revision_330/erlang.c | U | 66 | 75 | 9 | 30541 | 23 | 133 | 100
330 | Revision_330/perl.c | U | 109 | 117 | 9 | 30542 | 24 | 39 | 100
330 | Revision_330/tcl.c | U | 106 | 114 | 9 | 30543 | 24 | 134 | 100
330 | Revision_330/erlang.c | U | 179 | 187 | 9 | 30544 | 24 | 135 | 100
330 | Revision_330/sort.c | U | 123 | 128 | 5 | 30545 | 25 | 96 | 100
330 | Revision_330/sort.c | U | 131 | 136 | 5 | 30546 | 25 | 97 | 100
330 | Revision_330/strlist.c | U | 147 | 154 | 8 | 30547 | 26 | 44 | 100
330 | Revision_330/strlist.c | U | 158 | 165 | 8 | 30548 | 26 | 45 | 100
330 | Revision_330/pascal.c | U | 175 | 181 | 6 | 30549 | 27 | 46 | 100
330 | Revision_330/pascal.c | U | 183 | 189 | 6 | 30550 | 27 | 47 | 100
330 | Revision_330/awk.c | U | 71 | 79 | 9 | 30551 | 28 | 43 | 100
330 | Revision_330/php.c | U | 95 | 103 | 9 | 30552 | 28 | 41 | 100
330 | Revision_330/get.c | U | 461 | 472 | 10 | 30553 | 29 | 48 | 100
330 | Revision_330/get.c | U | 478 | 489 | 10 | 30554 | 29 | 49 | 100
330 | Revision_330/routines.c | U | 275 | 282 | 8 | 30555 | 30 | 90 | 100
330 | Revision_330/readtags.c | U | 109 | 116 | 8 | 30556 | 30 | 79 | 100
330 | Revision_330/routines.c | U | 285 | 292 | 8 | 30557 | 31 | 91 | 100
330 | Revision_330/readtags.c | U | 119 | 126 | 8 | 30558 | 31 | 81 | 100
330 | Revision_330/routines.c | U | 316 | 322 | 6 | 30559 | 32 | 92 | 100
330 | Revision_330/routines.c | U | 325 | 331 | 6 | 30560 | 32 | 93 | 100
330 | Revision_330/routines.c | U | 336 | 343 | 8 | 30561 | 33 | 94 | 100
330 | Revision_330/routines.c | U | 348 | 355 | 8 | 30562 | 33 | 95 | 100
330 | Revision_330/sh.c | U | 102 | 112 | 9 | 30563 | 34 | 54 | 100
330 | Revision_330/scheme.c | U | 99 | 109 | 9 | 30564 | 34 | 55 | 100
330 | Revision_330/beta.c | U | 154 | 158 | 5 | 30565 | 35 | 56 | 100
330 | Revision_330/beta.c | U | 160 | 164 | 5 | 30566 | 35 | 58 | 100
330 | Revision_330/beta.c | U | 280 | 284 | 5 | 30567 | 35 | 57 | 100
330 | Revision_330/beta.c | U | 167 | 171 | 5 | 30568 | 36 | 59 | 100
330 | Revision_330/beta.c | U | 274 | 278 | 5 | 30569 | 36 | 60 | 100
330 | Revision_330/erlang.c | U | 108 | 113 | 6 | 30570 | 37 | 138 | 100
330 | Revision_330/erlang.c | U | 116 | 121 | 6 | 30571 | 37 | 139 | 100
330 | Revision_330/sql.c | U | 388 | 394 | 6 | 30572 | 38 | 109 | 100
330 | Revision_330/sql.c | U | 559 | 565 | 6 | 30573 | 38 | 110 | 100
330 | Revision_330/sql.c | U | 414 | 418 | 5 | 30574 | 39 | 111 | 100
330 | Revision_330/sql.c | U | 544 | 548 | 5 | 30575 | 39 | 112 | 100
330 | Revision_330/sql.c | U | 475 | 479 | 5 | 30576 | 40 | 113 | 100
330 | Revision_330/fortran.c | M | 1893 | 1897 | 5 | 30577 | 40 | 99 | 100
330 | Revision_330/parse.c | U | 48 | 56 | 7 | 30578 | 41 | 121 | 100
330 | Revision_330/sml.c | U | 73 | 79 | 7 | 30579 | 41 | 122 | 100
330 | Revision_330/parse.c | U | 102 | 106 | 5 | 30580 | 42 | 61 | 100
330 | Revision_330/parse.c | U | 116 | 120 | 5 | 30581 | 42 | 62 | 100
330 | Revision_330/parse.c | U | 527 | 531 | 5 | 30582 | 43 | 144 | 100
330 | Revision_330/parse.c | U | 546 | 550 | 5 | 30583 | 43 | 145 | 100
330 | Revision_330/readtags.c | U | 545 | 551 | 6 | 30584 | 44 | 82 | 100
330 | Revision_330/readtags.c | U | 553 | 559 | 6 | 30585 | 44 | 83 | 100
330 | Revision_330/readtags.c | U | 742 | 747 | 6 | 30586 | 45 | 64 | 100
330 | Revision_330/readtags.c | U | 767 | 772 | 6 | 30587 | 45 | 77 | 100
330 | Revision_330/fortran.c | U | 588 | 592 | 5 | 30588 | 46 | 153 | 100
330 | Revision_330/fortran.c | M | 1190 | 1194 | 5 | 30589 | 46 | 86 | 100
330 | Revision_330/options.c | U | 365 | 371 | 6 | 30590 | 47 | 69 | 100
330 | Revision_330/options.c | U | 374 | 380 | 6 | 30591 | 47 | 70 | 100
330 | Revision_330/options.c | U | 537 | 543 | 7 | 30592 | 48 | 71 | 100
330 | Revision_330/options.c | U | 555 | 561 | 7 | 30593 | 48 | 74 | 100
330 | Revision_330/options.c | U | 546 | 552 | 7 | 30594 | 48 | 72 | 100
330 | Revision_330/options.c | U | 564 | 570 | 7 | 30595 | 48 | 73 | 100
330 | Revision_330/options.c | U | 1065 | 1069 | 5 | 30596 | 49 | 75 | 100
330 | Revision_330/options.c | U | 1071 | 1075 | 5 | 30597 | 49 | 76 | 100
330 | Revision_330/options.c | U | 1116 | 1128 | 12 | 30598 | 50 | 146 | 100
330 | Revision_330/options.c | U | 1132 | 1144 | 12 | 30599 | 50 | 147 | 100
