Revision | filePath | changeType | StartLine | EndLine | Nlines | cloneId | classId | globalCloneId | Similarity
346 | Revision_346/asp.c | U | 70 | 89 | 15 | 32385 | 1 | 1 | 100
346 | Revision_346/asp.c | U | 93 | 112 | 15 | 32386 | 1 | 2 | 100
346 | Revision_346/asp.c | U | 116 | 132 | 14 | 32387 | 2 | 3 | 100
346 | Revision_346/asp.c | U | 136 | 151 | 14 | 32388 | 2 | 6 | 100
346 | Revision_346/ruby.c | U | 96 | 111 | 14 | 32389 | 2 | 4 | 100
346 | Revision_346/ruby.c | U | 79 | 94 | 14 | 32390 | 2 | 4 | 100
346 | Revision_346/asp.c | U | 155 | 170 | 14 | 32391 | 2 | 116 | 100
346 | Revision_346/asp.c | U | 181 | 189 | 9 | 32392 | 3 | 8 | 100
346 | Revision_346/python.c | U | 213 | 221 | 9 | 32393 | 3 | 10 | 100
346 | Revision_346/sml.c | U | 192 | 200 | 9 | 32394 | 3 | 118 | 100
346 | Revision_346/args.c | U | 85 | 92 | 8 | 32395 | 4 | 11 | 100
346 | Revision_346/args.c | U | 159 | 166 | 8 | 32396 | 4 | 12 | 100
346 | Revision_346/c.c | U | 640 | 651 | 13 | 32397 | 5 | 117 | 100
346 | Revision_346/c.c | U | 1099 | 1112 | 13 | 32398 | 5 | 123 | 100
346 | Revision_346/c.c | U | 659 | 670 | 13 | 32399 | 5 | 114 | 100
346 | Revision_346/c.c | U | 781 | 800 | 42 | 32400 | 6 | 124 | 100
346 | Revision_346/c.c | U | 818 | 837 | 42 | 32401 | 6 | 125 | 100
346 | Revision_346/c.c | U | 1327 | 1334 | 7 | 32402 | 7 | 15 | 100
346 | Revision_346/c.c | U | 1337 | 1344 | 7 | 32403 | 7 | 16 | 100
346 | Revision_346/c.c | U | 1664 | 1668 | 5 | 32404 | 8 | 126 | 100
346 | Revision_346/c.c | U | 1673 | 1677 | 5 | 32405 | 8 | 127 | 100
346 | Revision_346/c.c | U | 2052 | 2057 | 6 | 32406 | 9 | 142 | 100
346 | Revision_346/options.c | U | 528 | 533 | 6 | 32407 | 9 | 72 | 100
346 | Revision_346/c.c | U | 2587 | 2596 | 10 | 32408 | 10 | 17 | 100
346 | Revision_346/c.c | U | 2617 | 2626 | 10 | 32409 | 10 | 128 | 100
346 | Revision_346/verilog.c | U | 324 | 333 | 10 | 32410 | 10 | 156 | 100
346 | Revision_346/sql.c | U | 672 | 681 | 10 | 32411 | 10 | 102 | 100
346 | Revision_346/c.c | U | 2629 | 2638 | 10 | 32412 | 10 | 18 | 100
346 | Revision_346/eiffel.c | U | 1222 | 1231 | 10 | 32413 | 10 | 19 | 100
346 | Revision_346/eiffel.c | U | 215 | 224 | 8 | 32414 | 11 | 20 | 100
346 | Revision_346/fortran.c | U | 396 | 405 | 8 | 32415 | 11 | 21 | 100
346 | Revision_346/sql.c | U | 193 | 202 | 8 | 32416 | 11 | 103 | 100
346 | Revision_346/eiffel.c | U | 289 | 299 | 8 | 32417 | 12 | 149 | 100
346 | Revision_346/sql.c | U | 228 | 237 | 8 | 32418 | 12 | 150 | 100
346 | Revision_346/eiffel.c | U | 367 | 376 | 8 | 32419 | 13 | 104 | 100
346 | Revision_346/sql.c | U | 245 | 252 | 8 | 32420 | 13 | 105 | 100
346 | Revision_346/eiffel.c | U | 419 | 423 | 5 | 32421 | 14 | 87 | 100
346 | Revision_346/fortran.c | U | 788 | 792 | 5 | 32422 | 14 | 88 | 100
346 | Revision_346/eiffel.c | U | 602 | 612 | 9 | 32423 | 15 | 26 | 100
346 | Revision_346/fortran.c | U | 849 | 859 | 9 | 32424 | 15 | 27 | 100
346 | Revision_346/eiffel.c | U | 660 | 664 | 5 | 32425 | 16 | 106 | 100
346 | Revision_346/sql.c | U | 331 | 335 | 5 | 32426 | 16 | 107 | 100
346 | Revision_346/eiffel.c | U | 874 | 878 | 5 | 32427 | 17 | 89 | 100
346 | Revision_346/eiffel.c | U | 1014 | 1018 | 5 | 32428 | 17 | 85 | 100
346 | Revision_346/fortran.c | U | 1322 | 1326 | 5 | 32429 | 17 | 86 | 100
346 | Revision_346/jscript.c | U | 31 | 38 | 8 | 32430 | 18 | 148 | 100
346 | Revision_346/yacc.c | U | 31 | 38 | 8 | 32431 | 18 | 33 | 100
346 | Revision_346/slang.c | U | 34 | 41 | 8 | 32432 | 18 | 32 | 100
346 | Revision_346/vim.c | U | 56 | 60 | 5 | 32433 | 19 | 100 | 100
346 | Revision_346/vim.c | U | 62 | 66 | 5 | 32434 | 19 | 101 | 100
346 | Revision_346/vim.c | U | 100 | 109 | 10 | 32435 | 20 | 130 | 100
346 | Revision_346/vim.c | U | 125 | 134 | 10 | 32436 | 20 | 34 | 100
346 | Revision_346/vim.c | U | 168 | 176 | 9 | 32437 | 21 | 34 | 100
346 | Revision_346/beta.c | U | 313 | 321 | 9 | 32438 | 21 | 36 | 100
346 | Revision_346/lua.c | U | 123 | 131 | 9 | 32439 | 21 | 84 | 100
346 | Revision_346/ruby.c | U | 167 | 175 | 9 | 32440 | 21 | 35 | 100
346 | Revision_346/python.c | U | 105 | 109 | 5 | 32441 | 22 | 119 | 100
346 | Revision_346/sml.c | U | 82 | 86 | 5 | 32442 | 22 | 120 | 100
346 | Revision_346/erlang.c | U | 58 | 62 | 5 | 32443 | 22 | 131 | 100
346 | Revision_346/python.c | U | 113 | 122 | 9 | 32444 | 23 | 132 | 100
346 | Revision_346/erlang.c | U | 66 | 75 | 9 | 32445 | 23 | 133 | 100
346 | Revision_346/perl.c | U | 109 | 117 | 9 | 32446 | 24 | 39 | 100
346 | Revision_346/tcl.c | U | 106 | 114 | 9 | 32447 | 24 | 134 | 100
346 | Revision_346/erlang.c | U | 179 | 187 | 9 | 32448 | 24 | 135 | 100
346 | Revision_346/sort.c | U | 123 | 128 | 5 | 32449 | 25 | 96 | 100
346 | Revision_346/sort.c | U | 131 | 136 | 5 | 32450 | 25 | 97 | 100
346 | Revision_346/strlist.c | U | 147 | 154 | 8 | 32451 | 26 | 44 | 100
346 | Revision_346/strlist.c | U | 158 | 165 | 8 | 32452 | 26 | 45 | 100
346 | Revision_346/pascal.c | U | 175 | 181 | 6 | 32453 | 27 | 46 | 100
346 | Revision_346/pascal.c | U | 183 | 189 | 6 | 32454 | 27 | 47 | 100
346 | Revision_346/awk.c | U | 71 | 79 | 9 | 32455 | 28 | 43 | 100
346 | Revision_346/php.c | U | 125 | 133 | 9 | 32456 | 28 | 41 | 100
346 | Revision_346/get.c | U | 461 | 472 | 10 | 32457 | 29 | 48 | 100
346 | Revision_346/get.c | U | 478 | 489 | 10 | 32458 | 29 | 49 | 100
346 | Revision_346/routines.c | U | 279 | 286 | 8 | 32459 | 30 | 90 | 100
346 | Revision_346/readtags.c | U | 106 | 113 | 8 | 32460 | 30 | 79 | 100
346 | Revision_346/routines.c | U | 289 | 296 | 8 | 32461 | 31 | 91 | 100
346 | Revision_346/readtags.c | U | 116 | 123 | 8 | 32462 | 31 | 81 | 100
346 | Revision_346/routines.c | U | 320 | 326 | 6 | 32463 | 32 | 92 | 100
346 | Revision_346/routines.c | U | 329 | 335 | 6 | 32464 | 32 | 93 | 100
346 | Revision_346/routines.c | U | 340 | 347 | 8 | 32465 | 33 | 94 | 100
346 | Revision_346/routines.c | U | 352 | 359 | 8 | 32466 | 33 | 95 | 100
346 | Revision_346/sh.c | U | 102 | 112 | 9 | 32467 | 34 | 54 | 100
346 | Revision_346/scheme.c | U | 99 | 109 | 9 | 32468 | 34 | 55 | 100
346 | Revision_346/beta.c | U | 154 | 158 | 5 | 32469 | 35 | 56 | 100
346 | Revision_346/beta.c | U | 160 | 164 | 5 | 32470 | 35 | 58 | 100
346 | Revision_346/beta.c | U | 280 | 284 | 5 | 32471 | 35 | 57 | 100
346 | Revision_346/beta.c | U | 167 | 171 | 5 | 32472 | 36 | 59 | 100
346 | Revision_346/beta.c | U | 274 | 278 | 5 | 32473 | 36 | 60 | 100
346 | Revision_346/erlang.c | U | 108 | 113 | 6 | 32474 | 37 | 138 | 100
346 | Revision_346/erlang.c | U | 116 | 121 | 6 | 32475 | 37 | 139 | 100
346 | Revision_346/sql.c | U | 412 | 418 | 6 | 32476 | 38 | 109 | 100
346 | Revision_346/sql.c | U | 620 | 626 | 6 | 32477 | 38 | 110 | 100
346 | Revision_346/sql.c | U | 438 | 443 | 6 | 32478 | 39 | 154 | 100
346 | Revision_346/sql.c | U | 604 | 609 | 6 | 32479 | 39 | 155 | 100
346 | Revision_346/sql.c | U | 500 | 504 | 5 | 32480 | 40 | 113 | 100
346 | Revision_346/fortran.c | U | 1893 | 1897 | 5 | 32481 | 40 | 99 | 100
346 | Revision_346/parse.c | U | 48 | 56 | 7 | 32482 | 41 | 121 | 100
346 | Revision_346/sml.c | U | 73 | 79 | 7 | 32483 | 41 | 122 | 100
346 | Revision_346/parse.c | U | 102 | 106 | 5 | 32484 | 42 | 61 | 100
346 | Revision_346/parse.c | U | 116 | 120 | 5 | 32485 | 42 | 62 | 100
346 | Revision_346/parse.c | U | 527 | 531 | 5 | 32486 | 43 | 144 | 100
346 | Revision_346/parse.c | U | 546 | 550 | 5 | 32487 | 43 | 145 | 100
346 | Revision_346/readtags.c | U | 542 | 548 | 6 | 32488 | 44 | 82 | 100
346 | Revision_346/readtags.c | U | 550 | 556 | 6 | 32489 | 44 | 83 | 100
346 | Revision_346/readtags.c | U | 739 | 744 | 6 | 32490 | 45 | 64 | 100
346 | Revision_346/readtags.c | U | 764 | 769 | 6 | 32491 | 45 | 77 | 100
346 | Revision_346/fortran.c | U | 588 | 592 | 5 | 32492 | 46 | 153 | 100
346 | Revision_346/fortran.c | U | 1190 | 1194 | 5 | 32493 | 46 | 86 | 100
346 | Revision_346/options.c | U | 366 | 372 | 6 | 32494 | 47 | 69 | 100
346 | Revision_346/options.c | U | 375 | 381 | 6 | 32495 | 47 | 70 | 100
346 | Revision_346/options.c | U | 538 | 544 | 7 | 32496 | 48 | 71 | 100
346 | Revision_346/options.c | U | 547 | 553 | 7 | 32497 | 48 | 72 | 100
346 | Revision_346/options.c | U | 556 | 562 | 7 | 32498 | 48 | 74 | 100
346 | Revision_346/options.c | U | 565 | 571 | 7 | 32499 | 48 | 73 | 100
346 | Revision_346/options.c | M | 1094 | 1098 | 5 | 32500 | 49 | 75 | 100
346 | Revision_346/options.c | M | 1100 | 1104 | 5 | 32501 | 49 | 76 | 100
346 | Revision_346/options.c | M | 1146 | 1158 | 12 | 32502 | 50 | 146 | 100
346 | Revision_346/options.c | M | 1163 | 1175 | 12 | 32503 | 50 | 147 | 100
