Revision | filePath | changeType | StartLine | EndLine | Nlines | cloneId | classId | globalCloneId | Similarity
361 | Revision_361/asp.c | U | 70 | 89 | 15 | 34170 | 1 | 1 | 100
361 | Revision_361/asp.c | U | 93 | 112 | 15 | 34171 | 1 | 2 | 100
361 | Revision_361/asp.c | U | 116 | 132 | 14 | 34172 | 2 | 3 | 100
361 | Revision_361/asp.c | U | 136 | 151 | 14 | 34173 | 2 | 6 | 100
361 | Revision_361/ruby.c | U | 79 | 94 | 14 | 34174 | 2 | 4 | 100
361 | Revision_361/ruby.c | U | 96 | 111 | 14 | 34175 | 2 | 4 | 100
361 | Revision_361/asp.c | U | 155 | 170 | 14 | 34176 | 2 | 116 | 100
361 | Revision_361/asp.c | U | 181 | 189 | 9 | 34177 | 3 | 8 | 100
361 | Revision_361/sml.c | U | 192 | 200 | 9 | 34178 | 3 | 118 | 100
361 | Revision_361/python.c | U | 213 | 221 | 9 | 34179 | 3 | 10 | 100
361 | Revision_361/args.c | U | 85 | 92 | 8 | 34180 | 4 | 11 | 100
361 | Revision_361/args.c | U | 159 | 166 | 8 | 34181 | 4 | 12 | 100
361 | Revision_361/c.c | U | 640 | 651 | 13 | 34182 | 5 | 117 | 100
361 | Revision_361/c.c | U | 1099 | 1112 | 13 | 34183 | 5 | 123 | 100
361 | Revision_361/c.c | U | 659 | 670 | 13 | 34184 | 5 | 114 | 100
361 | Revision_361/c.c | U | 781 | 800 | 42 | 34185 | 6 | 124 | 100
361 | Revision_361/c.c | U | 818 | 837 | 42 | 34186 | 6 | 125 | 100
361 | Revision_361/c.c | U | 1327 | 1334 | 7 | 34187 | 7 | 15 | 100
361 | Revision_361/c.c | U | 1337 | 1344 | 7 | 34188 | 7 | 16 | 100
361 | Revision_361/c.c | U | 1664 | 1668 | 5 | 34189 | 8 | 126 | 100
361 | Revision_361/c.c | U | 1673 | 1677 | 5 | 34190 | 8 | 127 | 100
361 | Revision_361/c.c | U | 2052 | 2057 | 6 | 34191 | 9 | 142 | 100
361 | Revision_361/options.c | U | 528 | 533 | 6 | 34192 | 9 | 72 | 100
361 | Revision_361/c.c | U | 2587 | 2596 | 10 | 34193 | 10 | 17 | 100
361 | Revision_361/c.c | U | 2617 | 2626 | 10 | 34194 | 10 | 128 | 100
361 | Revision_361/sql.c | U | 672 | 681 | 10 | 34195 | 10 | 102 | 100
361 | Revision_361/verilog.c | U | 324 | 333 | 10 | 34196 | 10 | 156 | 100
361 | Revision_361/c.c | U | 2629 | 2638 | 10 | 34197 | 10 | 18 | 100
361 | Revision_361/eiffel.c | U | 1222 | 1231 | 10 | 34198 | 10 | 19 | 100
361 | Revision_361/eiffel.c | U | 215 | 224 | 8 | 34199 | 11 | 20 | 100
361 | Revision_361/fortran.c | U | 397 | 406 | 8 | 34200 | 11 | 21 | 100
361 | Revision_361/sql.c | U | 193 | 202 | 8 | 34201 | 11 | 103 | 100
361 | Revision_361/eiffel.c | U | 289 | 299 | 8 | 34202 | 12 | 149 | 100
361 | Revision_361/sql.c | U | 228 | 237 | 8 | 34203 | 12 | 150 | 100
361 | Revision_361/eiffel.c | U | 367 | 376 | 8 | 34204 | 13 | 104 | 100
361 | Revision_361/sql.c | U | 245 | 252 | 8 | 34205 | 13 | 105 | 100
361 | Revision_361/eiffel.c | U | 419 | 423 | 5 | 34206 | 14 | 87 | 100
361 | Revision_361/fortran.c | U | 795 | 799 | 5 | 34207 | 14 | 88 | 100
361 | Revision_361/eiffel.c | U | 602 | 612 | 9 | 34208 | 15 | 26 | 100
361 | Revision_361/fortran.c | U | 858 | 868 | 9 | 34209 | 15 | 27 | 100
361 | Revision_361/eiffel.c | U | 660 | 664 | 5 | 34210 | 16 | 106 | 100
361 | Revision_361/sql.c | U | 331 | 335 | 5 | 34211 | 16 | 107 | 100
361 | Revision_361/eiffel.c | U | 874 | 878 | 5 | 34212 | 17 | 89 | 100
361 | Revision_361/eiffel.c | U | 1014 | 1018 | 5 | 34213 | 17 | 85 | 100
361 | Revision_361/fortran.c | U | 1330 | 1334 | 5 | 34214 | 17 | 86 | 100
361 | Revision_361/jscript.c | U | 31 | 38 | 8 | 34215 | 18 | 148 | 100
361 | Revision_361/slang.c | U | 34 | 41 | 8 | 34216 | 18 | 32 | 100
361 | Revision_361/yacc.c | U | 31 | 38 | 8 | 34217 | 18 | 33 | 100
361 | Revision_361/vim.c | U | 56 | 60 | 5 | 34218 | 19 | 100 | 100
361 | Revision_361/vim.c | U | 62 | 66 | 5 | 34219 | 19 | 101 | 100
361 | Revision_361/vim.c | U | 100 | 109 | 10 | 34220 | 20 | 130 | 100
361 | Revision_361/vim.c | U | 125 | 134 | 10 | 34221 | 20 | 34 | 100
361 | Revision_361/vim.c | U | 168 | 176 | 9 | 34222 | 21 | 34 | 100
361 | Revision_361/beta.c | U | 313 | 321 | 9 | 34223 | 21 | 36 | 100
361 | Revision_361/lua.c | U | 123 | 131 | 9 | 34224 | 21 | 84 | 100
361 | Revision_361/ruby.c | U | 167 | 175 | 9 | 34225 | 21 | 35 | 100
361 | Revision_361/python.c | U | 105 | 109 | 5 | 34226 | 22 | 119 | 100
361 | Revision_361/sml.c | U | 82 | 86 | 5 | 34227 | 22 | 120 | 100
361 | Revision_361/erlang.c | U | 58 | 62 | 5 | 34228 | 22 | 131 | 100
361 | Revision_361/python.c | U | 113 | 122 | 9 | 34229 | 23 | 132 | 100
361 | Revision_361/erlang.c | U | 66 | 75 | 9 | 34230 | 23 | 133 | 100
361 | Revision_361/perl.c | U | 109 | 117 | 9 | 34231 | 24 | 39 | 100
361 | Revision_361/erlang.c | U | 179 | 187 | 9 | 34232 | 24 | 135 | 100
361 | Revision_361/tcl.c | U | 106 | 114 | 9 | 34233 | 24 | 134 | 100
361 | Revision_361/sort.c | U | 123 | 128 | 5 | 34234 | 25 | 96 | 100
361 | Revision_361/sort.c | U | 131 | 136 | 5 | 34235 | 25 | 97 | 100
361 | Revision_361/strlist.c | U | 147 | 154 | 8 | 34236 | 26 | 44 | 100
361 | Revision_361/strlist.c | U | 158 | 165 | 8 | 34237 | 26 | 45 | 100
361 | Revision_361/pascal.c | U | 175 | 181 | 6 | 34238 | 27 | 46 | 100
361 | Revision_361/pascal.c | U | 183 | 189 | 6 | 34239 | 27 | 47 | 100
361 | Revision_361/awk.c | U | 71 | 79 | 9 | 34240 | 28 | 43 | 100
361 | Revision_361/php.c | U | 125 | 133 | 9 | 34241 | 28 | 41 | 100
361 | Revision_361/get.c | U | 461 | 472 | 10 | 34242 | 29 | 48 | 100
361 | Revision_361/get.c | U | 478 | 489 | 10 | 34243 | 29 | 49 | 100
361 | Revision_361/routines.c | U | 279 | 286 | 8 | 34244 | 30 | 90 | 100
361 | Revision_361/readtags.c | U | 106 | 113 | 8 | 34245 | 30 | 79 | 100
361 | Revision_361/routines.c | U | 289 | 296 | 8 | 34246 | 31 | 91 | 100
361 | Revision_361/readtags.c | U | 116 | 123 | 8 | 34247 | 31 | 81 | 100
361 | Revision_361/routines.c | U | 320 | 326 | 6 | 34248 | 32 | 92 | 100
361 | Revision_361/routines.c | U | 329 | 335 | 6 | 34249 | 32 | 93 | 100
361 | Revision_361/routines.c | U | 340 | 347 | 8 | 34250 | 33 | 94 | 100
361 | Revision_361/routines.c | U | 352 | 359 | 8 | 34251 | 33 | 95 | 100
361 | Revision_361/sh.c | U | 102 | 112 | 9 | 34252 | 34 | 54 | 100
361 | Revision_361/scheme.c | U | 99 | 109 | 9 | 34253 | 34 | 55 | 100
361 | Revision_361/beta.c | U | 154 | 158 | 5 | 34254 | 35 | 56 | 100
361 | Revision_361/beta.c | U | 280 | 284 | 5 | 34255 | 35 | 57 | 100
361 | Revision_361/beta.c | U | 160 | 164 | 5 | 34256 | 35 | 58 | 100
361 | Revision_361/beta.c | U | 167 | 171 | 5 | 34257 | 36 | 59 | 100
361 | Revision_361/beta.c | U | 274 | 278 | 5 | 34258 | 36 | 60 | 100
361 | Revision_361/erlang.c | U | 108 | 113 | 6 | 34259 | 37 | 138 | 100
361 | Revision_361/erlang.c | U | 116 | 121 | 6 | 34260 | 37 | 139 | 100
361 | Revision_361/sql.c | U | 412 | 418 | 6 | 34261 | 38 | 109 | 100
361 | Revision_361/sql.c | U | 620 | 626 | 6 | 34262 | 38 | 110 | 100
361 | Revision_361/sql.c | U | 438 | 443 | 6 | 34263 | 39 | 154 | 100
361 | Revision_361/sql.c | U | 604 | 609 | 6 | 34264 | 39 | 155 | 100
361 | Revision_361/sql.c | U | 500 | 504 | 5 | 34265 | 40 | 113 | 100
361 | Revision_361/fortran.c | U | 1901 | 1905 | 5 | 34266 | 40 | 99 | 100
361 | Revision_361/parse.c | U | 48 | 56 | 7 | 34267 | 41 | 121 | 100
361 | Revision_361/sml.c | U | 73 | 79 | 7 | 34268 | 41 | 122 | 100
361 | Revision_361/parse.c | U | 102 | 106 | 5 | 34269 | 42 | 61 | 100
361 | Revision_361/parse.c | U | 116 | 120 | 5 | 34270 | 42 | 62 | 100
361 | Revision_361/parse.c | U | 527 | 531 | 5 | 34271 | 43 | 144 | 100
361 | Revision_361/parse.c | U | 546 | 550 | 5 | 34272 | 43 | 145 | 100
361 | Revision_361/readtags.c | U | 542 | 548 | 6 | 34273 | 44 | 82 | 100
361 | Revision_361/readtags.c | U | 550 | 556 | 6 | 34274 | 44 | 83 | 100
361 | Revision_361/readtags.c | U | 739 | 744 | 6 | 34275 | 45 | 64 | 100
361 | Revision_361/readtags.c | U | 764 | 769 | 6 | 34276 | 45 | 77 | 100
361 | Revision_361/fortran.c | U | 589 | 593 | 5 | 34277 | 46 | 153 | 100
361 | Revision_361/fortran.c | U | 1198 | 1202 | 5 | 34278 | 46 | 86 | 100
361 | Revision_361/options.c | U | 366 | 372 | 6 | 34279 | 47 | 69 | 100
361 | Revision_361/options.c | U | 375 | 381 | 6 | 34280 | 47 | 70 | 100
361 | Revision_361/options.c | U | 538 | 544 | 7 | 34281 | 48 | 71 | 100
361 | Revision_361/options.c | U | 547 | 553 | 7 | 34282 | 48 | 72 | 100
361 | Revision_361/options.c | U | 556 | 562 | 7 | 34283 | 48 | 74 | 100
361 | Revision_361/options.c | U | 565 | 571 | 7 | 34284 | 48 | 73 | 100
361 | Revision_361/options.c | U | 1094 | 1098 | 5 | 34285 | 49 | 75 | 100
361 | Revision_361/options.c | U | 1100 | 1104 | 5 | 34286 | 49 | 76 | 100
361 | Revision_361/options.c | U | 1146 | 1158 | 12 | 34287 | 50 | 146 | 100
361 | Revision_361/options.c | U | 1163 | 1175 | 12 | 34288 | 50 | 147 | 100
