Revision | filePath | changeType | StartLine | EndLine | Nlines | cloneId | classId | globalCloneId | Similarity
363 | Revision_363/asp.c | U | 70 | 89 | 15 | 34408 | 1 | 1 | 100
363 | Revision_363/asp.c | U | 93 | 112 | 15 | 34409 | 1 | 2 | 100
363 | Revision_363/asp.c | U | 116 | 132 | 14 | 34410 | 2 | 3 | 100
363 | Revision_363/asp.c | U | 136 | 151 | 14 | 34411 | 2 | 6 | 100
363 | Revision_363/ruby.c | U | 96 | 111 | 14 | 34412 | 2 | 4 | 100
363 | Revision_363/ruby.c | U | 79 | 94 | 14 | 34413 | 2 | 4 | 100
363 | Revision_363/asp.c | U | 155 | 170 | 14 | 34414 | 2 | 116 | 100
363 | Revision_363/asp.c | U | 181 | 189 | 9 | 34415 | 3 | 8 | 100
363 | Revision_363/python.c | U | 213 | 221 | 9 | 34416 | 3 | 10 | 100
363 | Revision_363/sml.c | U | 192 | 200 | 9 | 34417 | 3 | 118 | 100
363 | Revision_363/args.c | U | 85 | 92 | 8 | 34418 | 4 | 11 | 100
363 | Revision_363/args.c | U | 159 | 166 | 8 | 34419 | 4 | 12 | 100
363 | Revision_363/c.c | U | 640 | 651 | 13 | 34420 | 5 | 117 | 100
363 | Revision_363/c.c | U | 1099 | 1112 | 13 | 34421 | 5 | 123 | 100
363 | Revision_363/c.c | U | 659 | 670 | 13 | 34422 | 5 | 114 | 100
363 | Revision_363/c.c | U | 781 | 800 | 42 | 34423 | 6 | 124 | 100
363 | Revision_363/c.c | U | 818 | 837 | 42 | 34424 | 6 | 125 | 100
363 | Revision_363/c.c | U | 1327 | 1334 | 7 | 34425 | 7 | 15 | 100
363 | Revision_363/c.c | U | 1337 | 1344 | 7 | 34426 | 7 | 16 | 100
363 | Revision_363/c.c | U | 1664 | 1668 | 5 | 34427 | 8 | 126 | 100
363 | Revision_363/c.c | U | 1673 | 1677 | 5 | 34428 | 8 | 127 | 100
363 | Revision_363/c.c | U | 2052 | 2057 | 6 | 34429 | 9 | 142 | 100
363 | Revision_363/options.c | U | 528 | 533 | 6 | 34430 | 9 | 72 | 100
363 | Revision_363/c.c | U | 2587 | 2596 | 10 | 34431 | 10 | 17 | 100
363 | Revision_363/verilog.c | U | 324 | 333 | 10 | 34432 | 10 | 156 | 100
363 | Revision_363/sql.c | U | 672 | 681 | 10 | 34433 | 10 | 102 | 100
363 | Revision_363/c.c | U | 2617 | 2626 | 10 | 34434 | 10 | 128 | 100
363 | Revision_363/c.c | U | 2629 | 2638 | 10 | 34435 | 10 | 18 | 100
363 | Revision_363/eiffel.c | U | 1222 | 1231 | 10 | 34436 | 10 | 19 | 100
363 | Revision_363/eiffel.c | U | 215 | 224 | 8 | 34437 | 11 | 20 | 100
363 | Revision_363/fortran.c | U | 397 | 406 | 8 | 34438 | 11 | 21 | 100
363 | Revision_363/sql.c | U | 193 | 202 | 8 | 34439 | 11 | 103 | 100
363 | Revision_363/eiffel.c | U | 289 | 299 | 8 | 34440 | 12 | 149 | 100
363 | Revision_363/sql.c | U | 228 | 237 | 8 | 34441 | 12 | 150 | 100
363 | Revision_363/eiffel.c | U | 367 | 376 | 8 | 34442 | 13 | 104 | 100
363 | Revision_363/sql.c | U | 245 | 252 | 8 | 34443 | 13 | 105 | 100
363 | Revision_363/eiffel.c | U | 419 | 423 | 5 | 34444 | 14 | 87 | 100
363 | Revision_363/fortran.c | U | 795 | 799 | 5 | 34445 | 14 | 88 | 100
363 | Revision_363/eiffel.c | U | 602 | 612 | 9 | 34446 | 15 | 26 | 100
363 | Revision_363/fortran.c | U | 858 | 868 | 9 | 34447 | 15 | 27 | 100
363 | Revision_363/eiffel.c | U | 660 | 664 | 5 | 34448 | 16 | 106 | 100
363 | Revision_363/sql.c | U | 331 | 335 | 5 | 34449 | 16 | 107 | 100
363 | Revision_363/eiffel.c | U | 874 | 878 | 5 | 34450 | 17 | 89 | 100
363 | Revision_363/eiffel.c | U | 1014 | 1018 | 5 | 34451 | 17 | 85 | 100
363 | Revision_363/fortran.c | U | 1330 | 1334 | 5 | 34452 | 17 | 86 | 100
363 | Revision_363/jscript.c | U | 31 | 38 | 8 | 34453 | 18 | 148 | 100
363 | Revision_363/yacc.c | U | 31 | 38 | 8 | 34454 | 18 | 33 | 100
363 | Revision_363/slang.c | U | 34 | 41 | 8 | 34455 | 18 | 32 | 100
363 | Revision_363/vim.c | U | 56 | 60 | 5 | 34456 | 19 | 100 | 100
363 | Revision_363/vim.c | U | 62 | 66 | 5 | 34457 | 19 | 101 | 100
363 | Revision_363/vim.c | U | 100 | 109 | 10 | 34458 | 20 | 130 | 100
363 | Revision_363/vim.c | U | 125 | 134 | 10 | 34459 | 20 | 34 | 100
363 | Revision_363/vim.c | U | 168 | 176 | 9 | 34460 | 21 | 34 | 100
363 | Revision_363/beta.c | U | 313 | 321 | 9 | 34461 | 21 | 36 | 100
363 | Revision_363/lua.c | U | 123 | 131 | 9 | 34462 | 21 | 84 | 100
363 | Revision_363/ruby.c | U | 167 | 175 | 9 | 34463 | 21 | 35 | 100
363 | Revision_363/python.c | U | 105 | 109 | 5 | 34464 | 22 | 119 | 100
363 | Revision_363/sml.c | U | 82 | 86 | 5 | 34465 | 22 | 120 | 100
363 | Revision_363/erlang.c | U | 58 | 62 | 5 | 34466 | 22 | 131 | 100
363 | Revision_363/python.c | U | 113 | 122 | 9 | 34467 | 23 | 132 | 100
363 | Revision_363/erlang.c | U | 66 | 75 | 9 | 34468 | 23 | 133 | 100
363 | Revision_363/perl.c | U | 109 | 117 | 9 | 34469 | 24 | 39 | 100
363 | Revision_363/tcl.c | U | 106 | 114 | 9 | 34470 | 24 | 134 | 100
363 | Revision_363/erlang.c | U | 179 | 187 | 9 | 34471 | 24 | 135 | 100
363 | Revision_363/sort.c | U | 123 | 128 | 5 | 34472 | 25 | 96 | 100
363 | Revision_363/sort.c | U | 131 | 136 | 5 | 34473 | 25 | 97 | 100
363 | Revision_363/strlist.c | U | 147 | 154 | 8 | 34474 | 26 | 44 | 100
363 | Revision_363/strlist.c | U | 158 | 165 | 8 | 34475 | 26 | 45 | 100
363 | Revision_363/pascal.c | U | 175 | 181 | 6 | 34476 | 27 | 46 | 100
363 | Revision_363/pascal.c | U | 183 | 189 | 6 | 34477 | 27 | 47 | 100
363 | Revision_363/awk.c | U | 71 | 79 | 9 | 34478 | 28 | 43 | 100
363 | Revision_363/php.c | U | 125 | 133 | 9 | 34479 | 28 | 41 | 100
363 | Revision_363/get.c | U | 461 | 472 | 10 | 34480 | 29 | 48 | 100
363 | Revision_363/get.c | U | 478 | 489 | 10 | 34481 | 29 | 49 | 100
363 | Revision_363/routines.c | U | 279 | 286 | 8 | 34482 | 30 | 90 | 100
363 | Revision_363/readtags.c | U | 106 | 113 | 8 | 34483 | 30 | 79 | 100
363 | Revision_363/routines.c | U | 289 | 296 | 8 | 34484 | 31 | 91 | 100
363 | Revision_363/readtags.c | U | 116 | 123 | 8 | 34485 | 31 | 81 | 100
363 | Revision_363/routines.c | U | 320 | 326 | 6 | 34486 | 32 | 92 | 100
363 | Revision_363/routines.c | U | 329 | 335 | 6 | 34487 | 32 | 93 | 100
363 | Revision_363/routines.c | U | 340 | 347 | 8 | 34488 | 33 | 94 | 100
363 | Revision_363/routines.c | U | 352 | 359 | 8 | 34489 | 33 | 95 | 100
363 | Revision_363/sh.c | U | 102 | 112 | 9 | 34490 | 34 | 54 | 100
363 | Revision_363/scheme.c | U | 99 | 109 | 9 | 34491 | 34 | 55 | 100
363 | Revision_363/beta.c | U | 154 | 158 | 5 | 34492 | 35 | 56 | 100
363 | Revision_363/beta.c | U | 280 | 284 | 5 | 34493 | 35 | 57 | 100
363 | Revision_363/beta.c | U | 160 | 164 | 5 | 34494 | 35 | 58 | 100
363 | Revision_363/beta.c | U | 167 | 171 | 5 | 34495 | 36 | 59 | 100
363 | Revision_363/beta.c | U | 274 | 278 | 5 | 34496 | 36 | 60 | 100
363 | Revision_363/erlang.c | U | 108 | 113 | 6 | 34497 | 37 | 138 | 100
363 | Revision_363/erlang.c | U | 116 | 121 | 6 | 34498 | 37 | 139 | 100
363 | Revision_363/sql.c | U | 412 | 418 | 6 | 34499 | 38 | 109 | 100
363 | Revision_363/sql.c | U | 620 | 626 | 6 | 34500 | 38 | 110 | 100
363 | Revision_363/sql.c | U | 438 | 443 | 6 | 34501 | 39 | 154 | 100
363 | Revision_363/sql.c | U | 604 | 609 | 6 | 34502 | 39 | 155 | 100
363 | Revision_363/sql.c | U | 500 | 504 | 5 | 34503 | 40 | 113 | 100
363 | Revision_363/fortran.c | U | 1901 | 1905 | 5 | 34504 | 40 | 99 | 100
363 | Revision_363/parse.c | U | 48 | 56 | 7 | 34505 | 41 | 121 | 100
363 | Revision_363/sml.c | U | 73 | 79 | 7 | 34506 | 41 | 122 | 100
363 | Revision_363/parse.c | U | 102 | 106 | 5 | 34507 | 42 | 61 | 100
363 | Revision_363/parse.c | U | 116 | 120 | 5 | 34508 | 42 | 62 | 100
363 | Revision_363/parse.c | U | 527 | 531 | 5 | 34509 | 43 | 144 | 100
363 | Revision_363/parse.c | U | 546 | 550 | 5 | 34510 | 43 | 145 | 100
363 | Revision_363/readtags.c | U | 542 | 548 | 6 | 34511 | 44 | 82 | 100
363 | Revision_363/readtags.c | U | 550 | 556 | 6 | 34512 | 44 | 83 | 100
363 | Revision_363/readtags.c | U | 739 | 744 | 6 | 34513 | 45 | 64 | 100
363 | Revision_363/readtags.c | U | 764 | 769 | 6 | 34514 | 45 | 77 | 100
363 | Revision_363/fortran.c | U | 589 | 593 | 5 | 34515 | 46 | 153 | 100
363 | Revision_363/fortran.c | U | 1198 | 1202 | 5 | 34516 | 46 | 86 | 100
363 | Revision_363/options.c | U | 366 | 372 | 6 | 34517 | 47 | 69 | 100
363 | Revision_363/options.c | U | 375 | 381 | 6 | 34518 | 47 | 70 | 100
363 | Revision_363/options.c | U | 538 | 544 | 7 | 34519 | 48 | 71 | 100
363 | Revision_363/options.c | U | 547 | 553 | 7 | 34520 | 48 | 72 | 100
363 | Revision_363/options.c | U | 556 | 562 | 7 | 34521 | 48 | 74 | 100
363 | Revision_363/options.c | U | 565 | 571 | 7 | 34522 | 48 | 73 | 100
363 | Revision_363/options.c | U | 1094 | 1098 | 5 | 34523 | 49 | 75 | 100
363 | Revision_363/options.c | U | 1100 | 1104 | 5 | 34524 | 49 | 76 | 100
363 | Revision_363/options.c | U | 1146 | 1158 | 12 | 34525 | 50 | 146 | 100
363 | Revision_363/options.c | U | 1163 | 1175 | 12 | 34526 | 50 | 147 | 100
