Revision | filePath | changeType | StartLine | EndLine | Nlines | cloneId | classId | globalCloneId | Similarity
379 | Revision_379/asp.c | U | 70 | 89 | 15 | 36322 | 1 | 1 | 100
379 | Revision_379/asp.c | U | 93 | 112 | 15 | 36323 | 1 | 2 | 100
379 | Revision_379/asp.c | U | 116 | 132 | 14 | 36324 | 2 | 3 | 100
379 | Revision_379/asp.c | U | 136 | 151 | 14 | 36325 | 2 | 6 | 100
379 | Revision_379/ruby.c | U | 79 | 94 | 14 | 36326 | 2 | 4 | 100
379 | Revision_379/asp.c | U | 155 | 170 | 14 | 36327 | 2 | 116 | 100
379 | Revision_379/ruby.c | U | 96 | 111 | 14 | 36328 | 2 | 4 | 100
379 | Revision_379/asp.c | U | 181 | 189 | 9 | 36329 | 3 | 8 | 100
379 | Revision_379/sml.c | U | 192 | 200 | 9 | 36330 | 3 | 118 | 100
379 | Revision_379/python.c | U | 213 | 221 | 9 | 36331 | 3 | 10 | 100
379 | Revision_379/args.c | U | 85 | 92 | 8 | 36332 | 4 | 11 | 100
379 | Revision_379/args.c | U | 159 | 166 | 8 | 36333 | 4 | 12 | 100
379 | Revision_379/c.c | U | 660 | 671 | 13 | 36334 | 5 | 117 | 100
379 | Revision_379/c.c | U | 1132 | 1145 | 13 | 36335 | 5 | 123 | 100
379 | Revision_379/c.c | U | 809 | 829 | 45 | 36336 | 6 | 157 | 100
379 | Revision_379/c.c | U | 848 | 868 | 45 | 36337 | 6 | 158 | 100
379 | Revision_379/c.c | U | 1374 | 1381 | 7 | 36338 | 7 | 15 | 100
379 | Revision_379/c.c | U | 1384 | 1391 | 7 | 36339 | 7 | 16 | 100
379 | Revision_379/c.c | U | 1713 | 1717 | 5 | 36340 | 8 | 126 | 100
379 | Revision_379/c.c | U | 1722 | 1726 | 5 | 36341 | 8 | 127 | 100
379 | Revision_379/c.c | U | 2110 | 2115 | 6 | 36342 | 9 | 142 | 100
379 | Revision_379/options.c | U | 528 | 533 | 6 | 36343 | 9 | 72 | 100
379 | Revision_379/c.c | U | 2356 | 2360 | 5 | 36344 | 10 | 159 | 100
379 | Revision_379/c.c | U | 2369 | 2373 | 5 | 36345 | 10 | 160 | 100
379 | Revision_379/c.c | U | 2702 | 2711 | 10 | 36346 | 11 | 17 | 100
379 | Revision_379/eiffel.c | U | 1222 | 1231 | 10 | 36347 | 11 | 19 | 100
379 | Revision_379/c.c | U | 2744 | 2753 | 10 | 36348 | 11 | 18 | 100
379 | Revision_379/c.c | U | 2732 | 2741 | 10 | 36349 | 11 | 128 | 100
379 | Revision_379/verilog.c | U | 324 | 333 | 10 | 36350 | 11 | 156 | 100
379 | Revision_379/sql.c | U | 672 | 681 | 10 | 36351 | 11 | 102 | 100
379 | Revision_379/eiffel.c | U | 215 | 224 | 8 | 36352 | 12 | 20 | 100
379 | Revision_379/fortran.c | U | 397 | 406 | 8 | 36353 | 12 | 21 | 100
379 | Revision_379/sql.c | U | 193 | 202 | 8 | 36354 | 12 | 103 | 100
379 | Revision_379/eiffel.c | U | 289 | 299 | 8 | 36355 | 13 | 149 | 100
379 | Revision_379/sql.c | U | 228 | 237 | 8 | 36356 | 13 | 150 | 100
379 | Revision_379/eiffel.c | U | 367 | 376 | 8 | 36357 | 14 | 104 | 100
379 | Revision_379/sql.c | U | 245 | 252 | 8 | 36358 | 14 | 105 | 100
379 | Revision_379/eiffel.c | U | 419 | 423 | 5 | 36359 | 15 | 87 | 100
379 | Revision_379/fortran.c | U | 795 | 799 | 5 | 36360 | 15 | 88 | 100
379 | Revision_379/eiffel.c | U | 602 | 612 | 9 | 36361 | 16 | 26 | 100
379 | Revision_379/fortran.c | U | 858 | 868 | 9 | 36362 | 16 | 27 | 100
379 | Revision_379/eiffel.c | U | 660 | 664 | 5 | 36363 | 17 | 106 | 100
379 | Revision_379/sql.c | U | 331 | 335 | 5 | 36364 | 17 | 107 | 100
379 | Revision_379/eiffel.c | U | 874 | 878 | 5 | 36365 | 18 | 89 | 100
379 | Revision_379/fortran.c | U | 1330 | 1334 | 5 | 36366 | 18 | 86 | 100
379 | Revision_379/eiffel.c | U | 1014 | 1018 | 5 | 36367 | 18 | 85 | 100
379 | Revision_379/jscript.c | U | 31 | 38 | 8 | 36368 | 19 | 148 | 100
379 | Revision_379/yacc.c | U | 31 | 38 | 8 | 36369 | 19 | 33 | 100
379 | Revision_379/slang.c | U | 34 | 41 | 8 | 36370 | 19 | 32 | 100
379 | Revision_379/vim.c | U | 56 | 60 | 5 | 36371 | 20 | 100 | 100
379 | Revision_379/vim.c | U | 62 | 66 | 5 | 36372 | 20 | 101 | 100
379 | Revision_379/vim.c | U | 100 | 109 | 10 | 36373 | 21 | 130 | 100
379 | Revision_379/vim.c | U | 125 | 134 | 10 | 36374 | 21 | 34 | 100
379 | Revision_379/vim.c | U | 168 | 176 | 9 | 36375 | 22 | 34 | 100
379 | Revision_379/ruby.c | U | 167 | 175 | 9 | 36376 | 22 | 35 | 100
379 | Revision_379/beta.c | U | 313 | 321 | 9 | 36377 | 22 | 36 | 100
379 | Revision_379/lua.c | U | 123 | 131 | 9 | 36378 | 22 | 84 | 100
379 | Revision_379/python.c | U | 105 | 109 | 5 | 36379 | 23 | 119 | 100
379 | Revision_379/sml.c | U | 82 | 86 | 5 | 36380 | 23 | 120 | 100
379 | Revision_379/erlang.c | U | 58 | 62 | 5 | 36381 | 23 | 131 | 100
379 | Revision_379/python.c | U | 113 | 122 | 9 | 36382 | 24 | 132 | 100
379 | Revision_379/erlang.c | U | 66 | 75 | 9 | 36383 | 24 | 133 | 100
379 | Revision_379/perl.c | U | 109 | 117 | 9 | 36384 | 25 | 39 | 100
379 | Revision_379/tcl.c | U | 106 | 114 | 9 | 36385 | 25 | 134 | 100
379 | Revision_379/erlang.c | U | 179 | 187 | 9 | 36386 | 25 | 135 | 100
379 | Revision_379/sort.c | U | 123 | 128 | 5 | 36387 | 26 | 96 | 100
379 | Revision_379/sort.c | U | 131 | 136 | 5 | 36388 | 26 | 97 | 100
379 | Revision_379/strlist.c | U | 147 | 154 | 8 | 36389 | 27 | 44 | 100
379 | Revision_379/strlist.c | U | 158 | 165 | 8 | 36390 | 27 | 45 | 100
379 | Revision_379/pascal.c | U | 175 | 181 | 6 | 36391 | 28 | 46 | 100
379 | Revision_379/pascal.c | U | 183 | 189 | 6 | 36392 | 28 | 47 | 100
379 | Revision_379/awk.c | U | 71 | 79 | 9 | 36393 | 29 | 43 | 100
379 | Revision_379/php.c | U | 125 | 133 | 9 | 36394 | 29 | 41 | 100
379 | Revision_379/get.c | U | 466 | 477 | 10 | 36395 | 30 | 48 | 100
379 | Revision_379/get.c | U | 483 | 494 | 10 | 36396 | 30 | 49 | 100
379 | Revision_379/routines.c | U | 287 | 294 | 8 | 36397 | 31 | 90 | 100
379 | Revision_379/readtags.c | U | 106 | 113 | 8 | 36398 | 31 | 79 | 100
379 | Revision_379/routines.c | U | 297 | 304 | 8 | 36399 | 32 | 91 | 100
379 | Revision_379/readtags.c | U | 116 | 123 | 8 | 36400 | 32 | 81 | 100
379 | Revision_379/routines.c | U | 328 | 334 | 6 | 36401 | 33 | 92 | 100
379 | Revision_379/routines.c | U | 337 | 343 | 6 | 36402 | 33 | 93 | 100
379 | Revision_379/routines.c | U | 348 | 355 | 8 | 36403 | 34 | 94 | 100
379 | Revision_379/routines.c | U | 360 | 367 | 8 | 36404 | 34 | 95 | 100
379 | Revision_379/sh.c | U | 102 | 112 | 9 | 36405 | 35 | 54 | 100
379 | Revision_379/scheme.c | U | 99 | 109 | 9 | 36406 | 35 | 55 | 100
379 | Revision_379/beta.c | U | 154 | 158 | 5 | 36407 | 36 | 56 | 100
379 | Revision_379/beta.c | U | 280 | 284 | 5 | 36408 | 36 | 57 | 100
379 | Revision_379/beta.c | U | 160 | 164 | 5 | 36409 | 36 | 58 | 100
379 | Revision_379/beta.c | U | 167 | 171 | 5 | 36410 | 37 | 59 | 100
379 | Revision_379/beta.c | U | 274 | 278 | 5 | 36411 | 37 | 60 | 100
379 | Revision_379/erlang.c | U | 108 | 113 | 6 | 36412 | 38 | 138 | 100
379 | Revision_379/erlang.c | U | 116 | 121 | 6 | 36413 | 38 | 139 | 100
379 | Revision_379/sql.c | U | 412 | 418 | 6 | 36414 | 39 | 109 | 100
379 | Revision_379/sql.c | U | 620 | 626 | 6 | 36415 | 39 | 110 | 100
379 | Revision_379/sql.c | U | 438 | 443 | 6 | 36416 | 40 | 154 | 100
379 | Revision_379/sql.c | U | 604 | 609 | 6 | 36417 | 40 | 155 | 100
379 | Revision_379/sql.c | U | 500 | 504 | 5 | 36418 | 41 | 113 | 100
379 | Revision_379/fortran.c | U | 1901 | 1905 | 5 | 36419 | 41 | 99 | 100
379 | Revision_379/parse.c | U | 48 | 56 | 7 | 36420 | 42 | 121 | 100
379 | Revision_379/sml.c | U | 73 | 79 | 7 | 36421 | 42 | 122 | 100
379 | Revision_379/parse.c | U | 102 | 106 | 5 | 36422 | 43 | 61 | 100
379 | Revision_379/parse.c | U | 116 | 120 | 5 | 36423 | 43 | 62 | 100
379 | Revision_379/parse.c | U | 528 | 532 | 5 | 36424 | 44 | 144 | 100
379 | Revision_379/parse.c | U | 547 | 551 | 5 | 36425 | 44 | 145 | 100
379 | Revision_379/readtags.c | U | 542 | 548 | 6 | 36426 | 45 | 82 | 100
379 | Revision_379/readtags.c | U | 550 | 556 | 6 | 36427 | 45 | 83 | 100
379 | Revision_379/readtags.c | U | 739 | 744 | 6 | 36428 | 46 | 64 | 100
379 | Revision_379/readtags.c | U | 764 | 769 | 6 | 36429 | 46 | 77 | 100
379 | Revision_379/fortran.c | U | 589 | 593 | 5 | 36430 | 47 | 153 | 100
379 | Revision_379/fortran.c | U | 1198 | 1202 | 5 | 36431 | 47 | 86 | 100
379 | Revision_379/options.c | U | 366 | 372 | 6 | 36432 | 48 | 69 | 100
379 | Revision_379/options.c | U | 375 | 381 | 6 | 36433 | 48 | 70 | 100
379 | Revision_379/options.c | U | 538 | 544 | 7 | 36434 | 49 | 71 | 100
379 | Revision_379/options.c | U | 556 | 562 | 7 | 36435 | 49 | 74 | 100
379 | Revision_379/options.c | U | 547 | 553 | 7 | 36436 | 49 | 72 | 100
379 | Revision_379/options.c | U | 565 | 571 | 7 | 36437 | 49 | 73 | 100
379 | Revision_379/options.c | U | 1094 | 1098 | 5 | 36438 | 50 | 75 | 100
379 | Revision_379/options.c | U | 1100 | 1104 | 5 | 36439 | 50 | 76 | 100
379 | Revision_379/options.c | U | 1146 | 1158 | 12 | 36440 | 51 | 146 | 100
379 | Revision_379/options.c | U | 1163 | 1175 | 12 | 36441 | 51 | 147 | 100
