Revision | filePath | changeType | StartLine | EndLine | Nlines | cloneId | classId | globalCloneId | Similarity
383 | Revision_383/asp.c | U | 70 | 89 | 15 | 36796 | 1 | 1 | 100
383 | Revision_383/asp.c | U | 93 | 112 | 15 | 36797 | 1 | 2 | 100
383 | Revision_383/asp.c | U | 116 | 132 | 14 | 36798 | 2 | 3 | 100
383 | Revision_383/asp.c | U | 136 | 151 | 14 | 36799 | 2 | 6 | 100
383 | Revision_383/ruby.c | U | 79 | 94 | 14 | 36800 | 2 | 4 | 100
383 | Revision_383/asp.c | U | 155 | 170 | 14 | 36801 | 2 | 116 | 100
383 | Revision_383/ruby.c | U | 96 | 111 | 14 | 36802 | 2 | 4 | 100
383 | Revision_383/asp.c | U | 181 | 189 | 9 | 36803 | 3 | 8 | 100
383 | Revision_383/sml.c | U | 192 | 200 | 9 | 36804 | 3 | 118 | 100
383 | Revision_383/python.c | U | 213 | 221 | 9 | 36805 | 3 | 10 | 100
383 | Revision_383/args.c | U | 85 | 92 | 8 | 36806 | 4 | 11 | 100
383 | Revision_383/args.c | U | 159 | 166 | 8 | 36807 | 4 | 12 | 100
383 | Revision_383/c.c | U | 660 | 671 | 13 | 36808 | 5 | 117 | 100
383 | Revision_383/c.c | U | 1132 | 1145 | 13 | 36809 | 5 | 123 | 100
383 | Revision_383/c.c | U | 809 | 829 | 45 | 36810 | 6 | 157 | 100
383 | Revision_383/c.c | U | 848 | 868 | 45 | 36811 | 6 | 158 | 100
383 | Revision_383/c.c | U | 1372 | 1379 | 7 | 36812 | 7 | 15 | 100
383 | Revision_383/c.c | U | 1382 | 1389 | 7 | 36813 | 7 | 16 | 100
383 | Revision_383/c.c | U | 1717 | 1721 | 5 | 36814 | 8 | 126 | 100
383 | Revision_383/c.c | U | 1726 | 1730 | 5 | 36815 | 8 | 127 | 100
383 | Revision_383/c.c | U | 2114 | 2119 | 6 | 36816 | 9 | 142 | 100
383 | Revision_383/options.c | U | 528 | 533 | 6 | 36817 | 9 | 72 | 100
383 | Revision_383/c.c | U | 2369 | 2373 | 5 | 36818 | 10 | 159 | 100
383 | Revision_383/c.c | U | 2376 | 2380 | 5 | 36819 | 10 | 160 | 100
383 | Revision_383/c.c | U | 2710 | 2719 | 10 | 36820 | 11 | 17 | 100
383 | Revision_383/c.c | U | 2752 | 2761 | 10 | 36821 | 11 | 18 | 100
383 | Revision_383/eiffel.c | U | 1222 | 1231 | 10 | 36822 | 11 | 19 | 100
383 | Revision_383/sql.c | U | 678 | 687 | 10 | 36823 | 11 | 102 | 100
383 | Revision_383/verilog.c | U | 324 | 333 | 10 | 36824 | 11 | 156 | 100
383 | Revision_383/c.c | U | 2740 | 2749 | 10 | 36825 | 11 | 128 | 100
383 | Revision_383/eiffel.c | U | 215 | 224 | 8 | 36826 | 12 | 20 | 100
383 | Revision_383/sql.c | U | 195 | 204 | 8 | 36827 | 12 | 103 | 100
383 | Revision_383/fortran.c | U | 397 | 406 | 8 | 36828 | 12 | 21 | 100
383 | Revision_383/eiffel.c | U | 367 | 376 | 8 | 36829 | 13 | 104 | 100
383 | Revision_383/sql.c | U | 249 | 256 | 8 | 36830 | 13 | 105 | 100
383 | Revision_383/eiffel.c | U | 419 | 423 | 5 | 36831 | 14 | 87 | 100
383 | Revision_383/fortran.c | U | 795 | 799 | 5 | 36832 | 14 | 88 | 100
383 | Revision_383/eiffel.c | U | 602 | 612 | 9 | 36833 | 15 | 26 | 100
383 | Revision_383/fortran.c | U | 858 | 868 | 9 | 36834 | 15 | 27 | 100
383 | Revision_383/eiffel.c | U | 660 | 664 | 5 | 36835 | 16 | 106 | 100
383 | Revision_383/sql.c | U | 335 | 339 | 5 | 36836 | 16 | 107 | 100
383 | Revision_383/eiffel.c | U | 874 | 878 | 5 | 36837 | 17 | 89 | 100
383 | Revision_383/fortran.c | U | 1330 | 1334 | 5 | 36838 | 17 | 86 | 100
383 | Revision_383/eiffel.c | U | 1014 | 1018 | 5 | 36839 | 17 | 85 | 100
383 | Revision_383/jscript.c | U | 31 | 38 | 8 | 36840 | 18 | 148 | 100
383 | Revision_383/slang.c | U | 34 | 41 | 8 | 36841 | 18 | 32 | 100
383 | Revision_383/yacc.c | U | 31 | 38 | 8 | 36842 | 18 | 33 | 100
383 | Revision_383/vim.c | U | 56 | 60 | 5 | 36843 | 19 | 100 | 100
383 | Revision_383/vim.c | U | 62 | 66 | 5 | 36844 | 19 | 101 | 100
383 | Revision_383/vim.c | U | 100 | 109 | 10 | 36845 | 20 | 130 | 100
383 | Revision_383/vim.c | U | 125 | 134 | 10 | 36846 | 20 | 34 | 100
383 | Revision_383/vim.c | U | 168 | 176 | 9 | 36847 | 21 | 34 | 100
383 | Revision_383/beta.c | U | 313 | 321 | 9 | 36848 | 21 | 36 | 100
383 | Revision_383/lua.c | U | 123 | 131 | 9 | 36849 | 21 | 84 | 100
383 | Revision_383/ruby.c | U | 167 | 175 | 9 | 36850 | 21 | 35 | 100
383 | Revision_383/python.c | U | 105 | 109 | 5 | 36851 | 22 | 119 | 100
383 | Revision_383/erlang.c | U | 58 | 62 | 5 | 36852 | 22 | 131 | 100
383 | Revision_383/sml.c | U | 82 | 86 | 5 | 36853 | 22 | 120 | 100
383 | Revision_383/python.c | U | 113 | 122 | 9 | 36854 | 23 | 132 | 100
383 | Revision_383/erlang.c | U | 66 | 75 | 9 | 36855 | 23 | 133 | 100
383 | Revision_383/perl.c | U | 140 | 148 | 9 | 36856 | 24 | 39 | 100
383 | Revision_383/tcl.c | U | 106 | 114 | 9 | 36857 | 24 | 134 | 100
383 | Revision_383/erlang.c | U | 179 | 187 | 9 | 36858 | 24 | 135 | 100
383 | Revision_383/sort.c | U | 123 | 128 | 5 | 36859 | 25 | 96 | 100
383 | Revision_383/sort.c | U | 131 | 136 | 5 | 36860 | 25 | 97 | 100
383 | Revision_383/strlist.c | U | 147 | 154 | 8 | 36861 | 26 | 44 | 100
383 | Revision_383/strlist.c | U | 158 | 165 | 8 | 36862 | 26 | 45 | 100
383 | Revision_383/pascal.c | U | 175 | 181 | 6 | 36863 | 27 | 46 | 100
383 | Revision_383/pascal.c | U | 183 | 189 | 6 | 36864 | 27 | 47 | 100
383 | Revision_383/awk.c | U | 71 | 79 | 9 | 36865 | 28 | 43 | 100
383 | Revision_383/php.c | U | 125 | 133 | 9 | 36866 | 28 | 41 | 100
383 | Revision_383/get.c | U | 466 | 477 | 10 | 36867 | 29 | 48 | 100
383 | Revision_383/get.c | U | 483 | 494 | 10 | 36868 | 29 | 49 | 100
383 | Revision_383/routines.c | U | 287 | 294 | 8 | 36869 | 30 | 90 | 100
383 | Revision_383/readtags.c | U | 106 | 113 | 8 | 36870 | 30 | 79 | 100
383 | Revision_383/routines.c | U | 297 | 304 | 8 | 36871 | 31 | 91 | 100
383 | Revision_383/readtags.c | U | 116 | 123 | 8 | 36872 | 31 | 81 | 100
383 | Revision_383/routines.c | U | 328 | 334 | 6 | 36873 | 32 | 92 | 100
383 | Revision_383/routines.c | U | 337 | 343 | 6 | 36874 | 32 | 93 | 100
383 | Revision_383/routines.c | U | 348 | 355 | 8 | 36875 | 33 | 94 | 100
383 | Revision_383/routines.c | U | 360 | 367 | 8 | 36876 | 33 | 95 | 100
383 | Revision_383/sh.c | U | 102 | 112 | 9 | 36877 | 34 | 54 | 100
383 | Revision_383/scheme.c | U | 99 | 109 | 9 | 36878 | 34 | 55 | 100
383 | Revision_383/beta.c | U | 154 | 158 | 5 | 36879 | 35 | 56 | 100
383 | Revision_383/beta.c | U | 280 | 284 | 5 | 36880 | 35 | 57 | 100
383 | Revision_383/beta.c | U | 160 | 164 | 5 | 36881 | 35 | 58 | 100
383 | Revision_383/beta.c | U | 167 | 171 | 5 | 36882 | 36 | 59 | 100
383 | Revision_383/beta.c | U | 274 | 278 | 5 | 36883 | 36 | 60 | 100
383 | Revision_383/erlang.c | U | 108 | 113 | 6 | 36884 | 37 | 138 | 100
383 | Revision_383/erlang.c | U | 116 | 121 | 6 | 36885 | 37 | 139 | 100
383 | Revision_383/sql.c | U | 418 | 424 | 6 | 36886 | 38 | 109 | 100
383 | Revision_383/sql.c | U | 626 | 632 | 6 | 36887 | 38 | 110 | 100
383 | Revision_383/sql.c | U | 444 | 449 | 6 | 36888 | 39 | 154 | 100
383 | Revision_383/sql.c | U | 610 | 615 | 6 | 36889 | 39 | 155 | 100
383 | Revision_383/sql.c | U | 506 | 510 | 5 | 36890 | 40 | 113 | 100
383 | Revision_383/fortran.c | U | 1901 | 1905 | 5 | 36891 | 40 | 99 | 100
383 | Revision_383/parse.c | U | 48 | 56 | 7 | 36892 | 41 | 121 | 100
383 | Revision_383/sml.c | U | 73 | 79 | 7 | 36893 | 41 | 122 | 100
383 | Revision_383/parse.c | U | 102 | 106 | 5 | 36894 | 42 | 61 | 100
383 | Revision_383/parse.c | U | 116 | 120 | 5 | 36895 | 42 | 62 | 100
383 | Revision_383/parse.c | U | 528 | 532 | 5 | 36896 | 43 | 144 | 100
383 | Revision_383/parse.c | U | 547 | 551 | 5 | 36897 | 43 | 145 | 100
383 | Revision_383/readtags.c | U | 542 | 548 | 6 | 36898 | 44 | 82 | 100
383 | Revision_383/readtags.c | U | 550 | 556 | 6 | 36899 | 44 | 83 | 100
383 | Revision_383/readtags.c | U | 739 | 744 | 6 | 36900 | 45 | 64 | 100
383 | Revision_383/readtags.c | U | 764 | 769 | 6 | 36901 | 45 | 77 | 100
383 | Revision_383/fortran.c | U | 589 | 593 | 5 | 36902 | 46 | 153 | 100
383 | Revision_383/fortran.c | U | 1198 | 1202 | 5 | 36903 | 46 | 86 | 100
383 | Revision_383/options.c | U | 366 | 372 | 6 | 36904 | 47 | 69 | 100
383 | Revision_383/options.c | U | 375 | 381 | 6 | 36905 | 47 | 70 | 100
383 | Revision_383/options.c | U | 538 | 544 | 7 | 36906 | 48 | 71 | 100
383 | Revision_383/options.c | U | 565 | 571 | 7 | 36907 | 48 | 73 | 100
383 | Revision_383/options.c | U | 547 | 553 | 7 | 36908 | 48 | 72 | 100
383 | Revision_383/options.c | U | 556 | 562 | 7 | 36909 | 48 | 74 | 100
383 | Revision_383/options.c | U | 1094 | 1098 | 5 | 36910 | 49 | 75 | 100
383 | Revision_383/options.c | U | 1100 | 1104 | 5 | 36911 | 49 | 76 | 100
383 | Revision_383/options.c | U | 1146 | 1158 | 12 | 36912 | 50 | 146 | 100
383 | Revision_383/options.c | U | 1163 | 1175 | 12 | 36913 | 50 | 147 | 100
