Revision | filePath | changeType | StartLine | EndLine | Nlines | cloneId | classId | globalCloneId | Similarity
387 | Revision_387/asp.c | U | 70 | 89 | 15 | 37268 | 1 | 1 | 100
387 | Revision_387/asp.c | U | 93 | 112 | 15 | 37269 | 1 | 2 | 100
387 | Revision_387/asp.c | U | 116 | 132 | 14 | 37270 | 2 | 3 | 100
387 | Revision_387/ruby.c | U | 79 | 94 | 14 | 37271 | 2 | 4 | 100
387 | Revision_387/asp.c | U | 136 | 151 | 14 | 37272 | 2 | 6 | 100
387 | Revision_387/ruby.c | U | 96 | 111 | 14 | 37273 | 2 | 4 | 100
387 | Revision_387/asp.c | U | 155 | 170 | 14 | 37274 | 2 | 116 | 100
387 | Revision_387/asp.c | U | 181 | 189 | 9 | 37275 | 3 | 8 | 100
387 | Revision_387/sml.c | U | 192 | 200 | 9 | 37276 | 3 | 118 | 100
387 | Revision_387/python.c | U | 213 | 221 | 9 | 37277 | 3 | 10 | 100
387 | Revision_387/args.c | U | 85 | 92 | 8 | 37278 | 4 | 11 | 100
387 | Revision_387/args.c | U | 159 | 166 | 8 | 37279 | 4 | 12 | 100
387 | Revision_387/c.c | U | 660 | 671 | 13 | 37280 | 5 | 117 | 100
387 | Revision_387/c.c | U | 1132 | 1145 | 13 | 37281 | 5 | 123 | 100
387 | Revision_387/c.c | U | 809 | 829 | 45 | 37282 | 6 | 157 | 100
387 | Revision_387/c.c | U | 848 | 868 | 45 | 37283 | 6 | 158 | 100
387 | Revision_387/c.c | U | 1372 | 1379 | 7 | 37284 | 7 | 15 | 100
387 | Revision_387/c.c | U | 1382 | 1389 | 7 | 37285 | 7 | 16 | 100
387 | Revision_387/c.c | U | 1717 | 1721 | 5 | 37286 | 8 | 126 | 100
387 | Revision_387/c.c | U | 1726 | 1730 | 5 | 37287 | 8 | 127 | 100
387 | Revision_387/c.c | U | 2114 | 2119 | 6 | 37288 | 9 | 142 | 100
387 | Revision_387/options.c | U | 528 | 533 | 6 | 37289 | 9 | 72 | 100
387 | Revision_387/c.c | U | 2369 | 2373 | 5 | 37290 | 10 | 159 | 100
387 | Revision_387/c.c | U | 2376 | 2380 | 5 | 37291 | 10 | 160 | 100
387 | Revision_387/c.c | U | 2710 | 2719 | 10 | 37292 | 11 | 17 | 100
387 | Revision_387/sql.c | U | 678 | 687 | 10 | 37293 | 11 | 102 | 100
387 | Revision_387/c.c | U | 2752 | 2761 | 10 | 37294 | 11 | 18 | 100
387 | Revision_387/c.c | U | 2740 | 2749 | 10 | 37295 | 11 | 128 | 100
387 | Revision_387/eiffel.c | U | 1222 | 1231 | 10 | 37296 | 11 | 19 | 100
387 | Revision_387/verilog.c | U | 324 | 333 | 10 | 37297 | 11 | 156 | 100
387 | Revision_387/eiffel.c | U | 215 | 224 | 8 | 37298 | 12 | 20 | 100
387 | Revision_387/sql.c | U | 195 | 204 | 8 | 37299 | 12 | 103 | 100
387 | Revision_387/fortran.c | U | 397 | 406 | 8 | 37300 | 12 | 21 | 100
387 | Revision_387/eiffel.c | U | 367 | 376 | 8 | 37301 | 13 | 104 | 100
387 | Revision_387/sql.c | U | 249 | 256 | 8 | 37302 | 13 | 105 | 100
387 | Revision_387/eiffel.c | U | 419 | 423 | 5 | 37303 | 14 | 87 | 100
387 | Revision_387/fortran.c | U | 795 | 799 | 5 | 37304 | 14 | 88 | 100
387 | Revision_387/eiffel.c | U | 602 | 612 | 9 | 37305 | 15 | 26 | 100
387 | Revision_387/fortran.c | U | 858 | 868 | 9 | 37306 | 15 | 27 | 100
387 | Revision_387/eiffel.c | U | 660 | 664 | 5 | 37307 | 16 | 106 | 100
387 | Revision_387/sql.c | U | 335 | 339 | 5 | 37308 | 16 | 107 | 100
387 | Revision_387/eiffel.c | U | 874 | 878 | 5 | 37309 | 17 | 89 | 100
387 | Revision_387/eiffel.c | U | 1014 | 1018 | 5 | 37310 | 17 | 85 | 100
387 | Revision_387/fortran.c | U | 1330 | 1334 | 5 | 37311 | 17 | 86 | 100
387 | Revision_387/jscript.c | U | 31 | 38 | 8 | 37312 | 18 | 148 | 100
387 | Revision_387/slang.c | U | 34 | 41 | 8 | 37313 | 18 | 32 | 100
387 | Revision_387/yacc.c | U | 31 | 38 | 8 | 37314 | 18 | 33 | 100
387 | Revision_387/vim.c | U | 56 | 60 | 5 | 37315 | 19 | 100 | 100
387 | Revision_387/vim.c | U | 62 | 66 | 5 | 37316 | 19 | 101 | 100
387 | Revision_387/vim.c | U | 100 | 109 | 10 | 37317 | 20 | 130 | 100
387 | Revision_387/vim.c | U | 125 | 134 | 10 | 37318 | 20 | 34 | 100
387 | Revision_387/vim.c | U | 168 | 176 | 9 | 37319 | 21 | 34 | 100
387 | Revision_387/beta.c | U | 313 | 321 | 9 | 37320 | 21 | 36 | 100
387 | Revision_387/lua.c | U | 123 | 131 | 9 | 37321 | 21 | 84 | 100
387 | Revision_387/ruby.c | U | 167 | 175 | 9 | 37322 | 21 | 35 | 100
387 | Revision_387/python.c | U | 105 | 109 | 5 | 37323 | 22 | 119 | 100
387 | Revision_387/erlang.c | U | 58 | 62 | 5 | 37324 | 22 | 131 | 100
387 | Revision_387/sml.c | U | 82 | 86 | 5 | 37325 | 22 | 120 | 100
387 | Revision_387/python.c | U | 113 | 122 | 9 | 37326 | 23 | 132 | 100
387 | Revision_387/erlang.c | U | 66 | 75 | 9 | 37327 | 23 | 133 | 100
387 | Revision_387/perl.c | U | 140 | 148 | 9 | 37328 | 24 | 39 | 100
387 | Revision_387/tcl.c | U | 106 | 114 | 9 | 37329 | 24 | 134 | 100
387 | Revision_387/erlang.c | U | 179 | 187 | 9 | 37330 | 24 | 135 | 100
387 | Revision_387/sort.c | U | 123 | 128 | 5 | 37331 | 25 | 96 | 100
387 | Revision_387/sort.c | U | 131 | 136 | 5 | 37332 | 25 | 97 | 100
387 | Revision_387/strlist.c | U | 147 | 154 | 8 | 37333 | 26 | 44 | 100
387 | Revision_387/strlist.c | U | 158 | 165 | 8 | 37334 | 26 | 45 | 100
387 | Revision_387/pascal.c | U | 175 | 181 | 6 | 37335 | 27 | 46 | 100
387 | Revision_387/pascal.c | U | 183 | 189 | 6 | 37336 | 27 | 47 | 100
387 | Revision_387/awk.c | U | 71 | 79 | 9 | 37337 | 28 | 43 | 100
387 | Revision_387/php.c | U | 125 | 133 | 9 | 37338 | 28 | 41 | 100
387 | Revision_387/get.c | U | 466 | 477 | 10 | 37339 | 29 | 48 | 100
387 | Revision_387/get.c | U | 483 | 494 | 10 | 37340 | 29 | 49 | 100
387 | Revision_387/routines.c | U | 287 | 294 | 8 | 37341 | 30 | 90 | 100
387 | Revision_387/readtags.c | U | 106 | 113 | 8 | 37342 | 30 | 79 | 100
387 | Revision_387/routines.c | U | 297 | 304 | 8 | 37343 | 31 | 91 | 100
387 | Revision_387/readtags.c | U | 116 | 123 | 8 | 37344 | 31 | 81 | 100
387 | Revision_387/routines.c | U | 328 | 334 | 6 | 37345 | 32 | 92 | 100
387 | Revision_387/routines.c | U | 337 | 343 | 6 | 37346 | 32 | 93 | 100
387 | Revision_387/routines.c | U | 348 | 355 | 8 | 37347 | 33 | 94 | 100
387 | Revision_387/routines.c | U | 360 | 367 | 8 | 37348 | 33 | 95 | 100
387 | Revision_387/sh.c | U | 102 | 112 | 9 | 37349 | 34 | 54 | 100
387 | Revision_387/scheme.c | U | 99 | 109 | 9 | 37350 | 34 | 55 | 100
387 | Revision_387/beta.c | U | 154 | 158 | 5 | 37351 | 35 | 56 | 100
387 | Revision_387/beta.c | U | 160 | 164 | 5 | 37352 | 35 | 58 | 100
387 | Revision_387/beta.c | U | 280 | 284 | 5 | 37353 | 35 | 57 | 100
387 | Revision_387/beta.c | U | 167 | 171 | 5 | 37354 | 36 | 59 | 100
387 | Revision_387/beta.c | U | 274 | 278 | 5 | 37355 | 36 | 60 | 100
387 | Revision_387/erlang.c | U | 108 | 113 | 6 | 37356 | 37 | 138 | 100
387 | Revision_387/erlang.c | U | 116 | 121 | 6 | 37357 | 37 | 139 | 100
387 | Revision_387/sql.c | U | 418 | 424 | 6 | 37358 | 38 | 109 | 100
387 | Revision_387/sql.c | U | 626 | 632 | 6 | 37359 | 38 | 110 | 100
387 | Revision_387/sql.c | U | 444 | 449 | 6 | 37360 | 39 | 154 | 100
387 | Revision_387/sql.c | U | 610 | 615 | 6 | 37361 | 39 | 155 | 100
387 | Revision_387/sql.c | U | 506 | 510 | 5 | 37362 | 40 | 113 | 100
387 | Revision_387/fortran.c | U | 1901 | 1905 | 5 | 37363 | 40 | 99 | 100
387 | Revision_387/parse.c | U | 48 | 56 | 7 | 37364 | 41 | 121 | 100
387 | Revision_387/sml.c | U | 73 | 79 | 7 | 37365 | 41 | 122 | 100
387 | Revision_387/parse.c | U | 102 | 106 | 5 | 37366 | 42 | 61 | 100
387 | Revision_387/parse.c | U | 116 | 120 | 5 | 37367 | 42 | 62 | 100
387 | Revision_387/parse.c | U | 528 | 532 | 5 | 37368 | 43 | 144 | 100
387 | Revision_387/parse.c | U | 547 | 551 | 5 | 37369 | 43 | 145 | 100
387 | Revision_387/readtags.c | U | 542 | 548 | 6 | 37370 | 44 | 82 | 100
387 | Revision_387/readtags.c | U | 550 | 556 | 6 | 37371 | 44 | 83 | 100
387 | Revision_387/readtags.c | U | 739 | 744 | 6 | 37372 | 45 | 64 | 100
387 | Revision_387/readtags.c | U | 764 | 769 | 6 | 37373 | 45 | 77 | 100
387 | Revision_387/fortran.c | U | 589 | 593 | 5 | 37374 | 46 | 153 | 100
387 | Revision_387/fortran.c | U | 1198 | 1202 | 5 | 37375 | 46 | 86 | 100
387 | Revision_387/options.c | U | 366 | 372 | 6 | 37376 | 47 | 69 | 100
387 | Revision_387/options.c | U | 375 | 381 | 6 | 37377 | 47 | 70 | 100
387 | Revision_387/options.c | U | 538 | 544 | 7 | 37378 | 48 | 71 | 100
387 | Revision_387/options.c | U | 556 | 562 | 7 | 37379 | 48 | 74 | 100
387 | Revision_387/options.c | U | 565 | 571 | 7 | 37380 | 48 | 73 | 100
387 | Revision_387/options.c | U | 547 | 553 | 7 | 37381 | 48 | 72 | 100
387 | Revision_387/options.c | U | 1094 | 1098 | 5 | 37382 | 49 | 75 | 100
387 | Revision_387/options.c | U | 1100 | 1104 | 5 | 37383 | 49 | 76 | 100
387 | Revision_387/options.c | U | 1146 | 1158 | 12 | 37384 | 50 | 146 | 100
387 | Revision_387/options.c | U | 1163 | 1175 | 12 | 37385 | 50 | 147 | 100
