Revision | filePath | changeType | StartLine | EndLine | Nlines | cloneId | classId | globalCloneId | Similarity
397 | Revision_397/asp.c | U | 70 | 89 | 15 | 38448 | 1 | 1 | 100
397 | Revision_397/asp.c | U | 93 | 112 | 15 | 38449 | 1 | 2 | 100
397 | Revision_397/asp.c | U | 116 | 132 | 14 | 38450 | 2 | 3 | 100
397 | Revision_397/asp.c | U | 136 | 151 | 14 | 38451 | 2 | 6 | 100
397 | Revision_397/asp.c | U | 155 | 170 | 14 | 38452 | 2 | 116 | 100
397 | Revision_397/ruby.c | U | 96 | 111 | 14 | 38453 | 2 | 4 | 100
397 | Revision_397/ruby.c | U | 79 | 94 | 14 | 38454 | 2 | 4 | 100
397 | Revision_397/asp.c | U | 181 | 189 | 9 | 38455 | 3 | 8 | 100
397 | Revision_397/sml.c | U | 201 | 209 | 9 | 38456 | 3 | 118 | 100
397 | Revision_397/python.c | U | 213 | 221 | 9 | 38457 | 3 | 10 | 100
397 | Revision_397/args.c | U | 85 | 92 | 8 | 38458 | 4 | 11 | 100
397 | Revision_397/args.c | U | 159 | 166 | 8 | 38459 | 4 | 12 | 100
397 | Revision_397/c.c | U | 660 | 671 | 13 | 38460 | 5 | 117 | 100
397 | Revision_397/c.c | U | 1132 | 1145 | 13 | 38461 | 5 | 123 | 100
397 | Revision_397/c.c | U | 809 | 829 | 45 | 38462 | 6 | 157 | 100
397 | Revision_397/c.c | U | 848 | 868 | 45 | 38463 | 6 | 158 | 100
397 | Revision_397/c.c | U | 1372 | 1379 | 7 | 38464 | 7 | 15 | 100
397 | Revision_397/c.c | U | 1382 | 1389 | 7 | 38465 | 7 | 16 | 100
397 | Revision_397/c.c | U | 1717 | 1721 | 5 | 38466 | 8 | 126 | 100
397 | Revision_397/c.c | U | 1726 | 1730 | 5 | 38467 | 8 | 127 | 100
397 | Revision_397/c.c | U | 2114 | 2119 | 6 | 38468 | 9 | 142 | 100
397 | Revision_397/options.c | U | 528 | 533 | 6 | 38469 | 9 | 72 | 100
397 | Revision_397/c.c | U | 2370 | 2374 | 5 | 38470 | 10 | 159 | 100
397 | Revision_397/c.c | U | 2377 | 2381 | 5 | 38471 | 10 | 160 | 100
397 | Revision_397/c.c | U | 2711 | 2720 | 10 | 38472 | 11 | 17 | 100
397 | Revision_397/sql.c | U | 678 | 687 | 10 | 38473 | 11 | 102 | 100
397 | Revision_397/verilog.c | U | 324 | 333 | 10 | 38474 | 11 | 156 | 100
397 | Revision_397/eiffel.c | U | 1222 | 1231 | 10 | 38475 | 11 | 19 | 100
397 | Revision_397/c.c | U | 2741 | 2750 | 10 | 38476 | 11 | 128 | 100
397 | Revision_397/c.c | U | 2753 | 2762 | 10 | 38477 | 11 | 18 | 100
397 | Revision_397/eiffel.c | U | 215 | 224 | 8 | 38478 | 12 | 20 | 100
397 | Revision_397/fortran.c | U | 397 | 406 | 8 | 38479 | 12 | 21 | 100
397 | Revision_397/sql.c | U | 195 | 204 | 8 | 38480 | 12 | 103 | 100
397 | Revision_397/eiffel.c | U | 367 | 376 | 8 | 38481 | 13 | 104 | 100
397 | Revision_397/sql.c | U | 249 | 256 | 8 | 38482 | 13 | 105 | 100
397 | Revision_397/eiffel.c | U | 419 | 423 | 5 | 38483 | 14 | 87 | 100
397 | Revision_397/fortran.c | U | 795 | 799 | 5 | 38484 | 14 | 88 | 100
397 | Revision_397/eiffel.c | U | 602 | 612 | 9 | 38485 | 15 | 26 | 100
397 | Revision_397/fortran.c | U | 858 | 868 | 9 | 38486 | 15 | 27 | 100
397 | Revision_397/eiffel.c | U | 660 | 664 | 5 | 38487 | 16 | 106 | 100
397 | Revision_397/sql.c | U | 335 | 339 | 5 | 38488 | 16 | 107 | 100
397 | Revision_397/eiffel.c | U | 874 | 878 | 5 | 38489 | 17 | 89 | 100
397 | Revision_397/fortran.c | U | 1329 | 1333 | 5 | 38490 | 17 | 86 | 100
397 | Revision_397/eiffel.c | U | 1014 | 1018 | 5 | 38491 | 17 | 85 | 100
397 | Revision_397/jscript.c | U | 31 | 38 | 8 | 38492 | 18 | 148 | 100
397 | Revision_397/yacc.c | U | 31 | 38 | 8 | 38493 | 18 | 33 | 100
397 | Revision_397/slang.c | U | 34 | 41 | 8 | 38494 | 18 | 32 | 100
397 | Revision_397/vim.c | U | 56 | 60 | 5 | 38495 | 19 | 100 | 100
397 | Revision_397/vim.c | U | 62 | 66 | 5 | 38496 | 19 | 101 | 100
397 | Revision_397/vim.c | U | 100 | 109 | 10 | 38497 | 20 | 130 | 100
397 | Revision_397/vim.c | U | 125 | 134 | 10 | 38498 | 20 | 34 | 100
397 | Revision_397/vim.c | U | 168 | 176 | 9 | 38499 | 21 | 34 | 100
397 | Revision_397/lua.c | U | 123 | 131 | 9 | 38500 | 21 | 84 | 100
397 | Revision_397/beta.c | U | 313 | 321 | 9 | 38501 | 21 | 36 | 100
397 | Revision_397/ruby.c | U | 167 | 175 | 9 | 38502 | 21 | 35 | 100
397 | Revision_397/python.c | U | 105 | 109 | 5 | 38503 | 22 | 119 | 100
397 | Revision_397/sml.c | U | 84 | 88 | 5 | 38504 | 22 | 120 | 100
397 | Revision_397/erlang.c | U | 58 | 62 | 5 | 38505 | 22 | 131 | 100
397 | Revision_397/python.c | U | 113 | 122 | 9 | 38506 | 23 | 132 | 100
397 | Revision_397/erlang.c | U | 66 | 75 | 9 | 38507 | 23 | 133 | 100
397 | Revision_397/perl.c | U | 159 | 167 | 9 | 38508 | 24 | 39 | 100
397 | Revision_397/tcl.c | U | 106 | 114 | 9 | 38509 | 24 | 134 | 100
397 | Revision_397/erlang.c | U | 179 | 187 | 9 | 38510 | 24 | 135 | 100
397 | Revision_397/sort.c | U | 123 | 128 | 5 | 38511 | 25 | 96 | 100
397 | Revision_397/sort.c | U | 131 | 136 | 5 | 38512 | 25 | 97 | 100
397 | Revision_397/strlist.c | U | 147 | 154 | 8 | 38513 | 26 | 44 | 100
397 | Revision_397/strlist.c | U | 158 | 165 | 8 | 38514 | 26 | 45 | 100
397 | Revision_397/pascal.c | U | 175 | 181 | 6 | 38515 | 27 | 46 | 100
397 | Revision_397/pascal.c | U | 183 | 189 | 6 | 38516 | 27 | 47 | 100
397 | Revision_397/awk.c | U | 71 | 79 | 9 | 38517 | 28 | 43 | 100
397 | Revision_397/php.c | U | 161 | 169 | 9 | 38518 | 28 | 41 | 100
397 | Revision_397/get.c | U | 466 | 477 | 10 | 38519 | 29 | 48 | 100
397 | Revision_397/get.c | U | 483 | 494 | 10 | 38520 | 29 | 49 | 100
397 | Revision_397/routines.c | U | 287 | 294 | 8 | 38521 | 30 | 90 | 100
397 | Revision_397/readtags.c | U | 106 | 113 | 8 | 38522 | 30 | 79 | 100
397 | Revision_397/routines.c | U | 297 | 304 | 8 | 38523 | 31 | 91 | 100
397 | Revision_397/readtags.c | U | 116 | 123 | 8 | 38524 | 31 | 81 | 100
397 | Revision_397/routines.c | U | 328 | 334 | 6 | 38525 | 32 | 92 | 100
397 | Revision_397/routines.c | U | 337 | 343 | 6 | 38526 | 32 | 93 | 100
397 | Revision_397/routines.c | U | 348 | 355 | 8 | 38527 | 33 | 94 | 100
397 | Revision_397/routines.c | U | 360 | 367 | 8 | 38528 | 33 | 95 | 100
397 | Revision_397/sh.c | U | 102 | 112 | 9 | 38529 | 34 | 54 | 100
397 | Revision_397/scheme.c | U | 99 | 109 | 9 | 38530 | 34 | 55 | 100
397 | Revision_397/beta.c | U | 154 | 158 | 5 | 38531 | 35 | 56 | 100
397 | Revision_397/beta.c | U | 280 | 284 | 5 | 38532 | 35 | 57 | 100
397 | Revision_397/beta.c | U | 160 | 164 | 5 | 38533 | 35 | 58 | 100
397 | Revision_397/beta.c | U | 167 | 171 | 5 | 38534 | 36 | 59 | 100
397 | Revision_397/beta.c | U | 274 | 278 | 5 | 38535 | 36 | 60 | 100
397 | Revision_397/erlang.c | U | 108 | 113 | 6 | 38536 | 37 | 138 | 100
397 | Revision_397/erlang.c | U | 116 | 121 | 6 | 38537 | 37 | 139 | 100
397 | Revision_397/sql.c | U | 418 | 424 | 6 | 38538 | 38 | 109 | 100
397 | Revision_397/sql.c | U | 626 | 632 | 6 | 38539 | 38 | 110 | 100
397 | Revision_397/sql.c | U | 444 | 449 | 6 | 38540 | 39 | 154 | 100
397 | Revision_397/sql.c | U | 610 | 615 | 6 | 38541 | 39 | 155 | 100
397 | Revision_397/sql.c | U | 506 | 510 | 5 | 38542 | 40 | 113 | 100
397 | Revision_397/fortran.c | U | 1900 | 1904 | 5 | 38543 | 40 | 99 | 100
397 | Revision_397/parse.c | U | 48 | 56 | 7 | 38544 | 41 | 121 | 100
397 | Revision_397/sml.c | U | 75 | 81 | 7 | 38545 | 41 | 122 | 100
397 | Revision_397/parse.c | U | 102 | 106 | 5 | 38546 | 42 | 61 | 100
397 | Revision_397/parse.c | U | 116 | 120 | 5 | 38547 | 42 | 62 | 100
397 | Revision_397/parse.c | U | 528 | 532 | 5 | 38548 | 43 | 144 | 100
397 | Revision_397/parse.c | U | 547 | 551 | 5 | 38549 | 43 | 145 | 100
397 | Revision_397/readtags.c | U | 542 | 548 | 6 | 38550 | 44 | 82 | 100
397 | Revision_397/readtags.c | U | 550 | 556 | 6 | 38551 | 44 | 83 | 100
397 | Revision_397/readtags.c | U | 739 | 744 | 6 | 38552 | 45 | 64 | 100
397 | Revision_397/readtags.c | U | 764 | 769 | 6 | 38553 | 45 | 77 | 100
397 | Revision_397/fortran.c | U | 589 | 593 | 5 | 38554 | 46 | 153 | 100
397 | Revision_397/fortran.c | U | 1197 | 1201 | 5 | 38555 | 46 | 86 | 100
397 | Revision_397/options.c | U | 366 | 372 | 6 | 38556 | 47 | 69 | 100
397 | Revision_397/options.c | U | 375 | 381 | 6 | 38557 | 47 | 70 | 100
397 | Revision_397/options.c | U | 538 | 544 | 7 | 38558 | 48 | 71 | 100
397 | Revision_397/options.c | U | 565 | 571 | 7 | 38559 | 48 | 73 | 100
397 | Revision_397/options.c | U | 556 | 562 | 7 | 38560 | 48 | 74 | 100
397 | Revision_397/options.c | U | 547 | 553 | 7 | 38561 | 48 | 72 | 100
397 | Revision_397/options.c | U | 1094 | 1098 | 5 | 38562 | 49 | 75 | 100
397 | Revision_397/options.c | U | 1100 | 1104 | 5 | 38563 | 49 | 76 | 100
397 | Revision_397/options.c | U | 1146 | 1158 | 12 | 38564 | 50 | 146 | 100
397 | Revision_397/options.c | U | 1163 | 1175 | 12 | 38565 | 50 | 147 | 100
