Revision | filePath | changeType | StartLine | EndLine | Nlines | cloneId | classId | globalCloneId | Similarity
404 | Revision_404/asp.c | U | 70 | 89 | 15 | 39276 | 1 | 1 | 100
404 | Revision_404/asp.c | U | 93 | 112 | 15 | 39277 | 1 | 2 | 100
404 | Revision_404/asp.c | U | 116 | 132 | 14 | 39278 | 2 | 3 | 100
404 | Revision_404/ruby.c | U | 96 | 111 | 14 | 39279 | 2 | 4 | 100
404 | Revision_404/asp.c | U | 136 | 151 | 14 | 39280 | 2 | 6 | 100
404 | Revision_404/ruby.c | U | 79 | 94 | 14 | 39281 | 2 | 4 | 100
404 | Revision_404/asp.c | U | 155 | 170 | 14 | 39282 | 2 | 116 | 100
404 | Revision_404/asp.c | U | 181 | 189 | 9 | 39283 | 3 | 8 | 100
404 | Revision_404/python.c | U | 213 | 221 | 9 | 39284 | 3 | 10 | 100
404 | Revision_404/sml.c | U | 201 | 209 | 9 | 39285 | 3 | 118 | 100
404 | Revision_404/args.c | U | 85 | 92 | 8 | 39286 | 4 | 11 | 100
404 | Revision_404/args.c | U | 159 | 166 | 8 | 39287 | 4 | 12 | 100
404 | Revision_404/c.c | U | 660 | 671 | 13 | 39288 | 5 | 117 | 100
404 | Revision_404/c.c | U | 1132 | 1145 | 13 | 39289 | 5 | 123 | 100
404 | Revision_404/c.c | U | 809 | 829 | 45 | 39290 | 6 | 157 | 100
404 | Revision_404/c.c | U | 848 | 868 | 45 | 39291 | 6 | 158 | 100
404 | Revision_404/c.c | U | 1372 | 1379 | 7 | 39292 | 7 | 15 | 100
404 | Revision_404/c.c | U | 1382 | 1389 | 7 | 39293 | 7 | 16 | 100
404 | Revision_404/c.c | U | 1717 | 1721 | 5 | 39294 | 8 | 126 | 100
404 | Revision_404/c.c | U | 1726 | 1730 | 5 | 39295 | 8 | 127 | 100
404 | Revision_404/c.c | U | 2114 | 2119 | 6 | 39296 | 9 | 142 | 100
404 | Revision_404/options.c | U | 528 | 533 | 6 | 39297 | 9 | 72 | 100
404 | Revision_404/c.c | U | 2372 | 2376 | 5 | 39298 | 10 | 159 | 100
404 | Revision_404/c.c | U | 2379 | 2383 | 5 | 39299 | 10 | 160 | 100
404 | Revision_404/c.c | U | 2713 | 2722 | 10 | 39300 | 11 | 17 | 100
404 | Revision_404/c.c | U | 2755 | 2764 | 10 | 39301 | 11 | 18 | 100
404 | Revision_404/eiffel.c | U | 1222 | 1231 | 10 | 39302 | 11 | 19 | 100
404 | Revision_404/verilog.c | U | 324 | 333 | 10 | 39303 | 11 | 156 | 100
404 | Revision_404/c.c | U | 2743 | 2752 | 10 | 39304 | 11 | 128 | 100
404 | Revision_404/sql.c | U | 678 | 687 | 10 | 39305 | 11 | 102 | 100
404 | Revision_404/eiffel.c | U | 215 | 224 | 8 | 39306 | 12 | 20 | 100
404 | Revision_404/sql.c | U | 195 | 204 | 8 | 39307 | 12 | 103 | 100
404 | Revision_404/fortran.c | U | 397 | 406 | 8 | 39308 | 12 | 21 | 100
404 | Revision_404/eiffel.c | U | 367 | 376 | 8 | 39309 | 13 | 104 | 100
404 | Revision_404/sql.c | U | 249 | 256 | 8 | 39310 | 13 | 105 | 100
404 | Revision_404/eiffel.c | U | 419 | 423 | 5 | 39311 | 14 | 87 | 100
404 | Revision_404/fortran.c | U | 813 | 817 | 5 | 39312 | 14 | 88 | 100
404 | Revision_404/eiffel.c | U | 602 | 612 | 9 | 39313 | 15 | 26 | 100
404 | Revision_404/fortran.c | U | 876 | 886 | 9 | 39314 | 15 | 27 | 100
404 | Revision_404/eiffel.c | U | 660 | 664 | 5 | 39315 | 16 | 106 | 100
404 | Revision_404/sql.c | U | 335 | 339 | 5 | 39316 | 16 | 107 | 100
404 | Revision_404/eiffel.c | U | 874 | 878 | 5 | 39317 | 17 | 89 | 100
404 | Revision_404/eiffel.c | U | 1014 | 1018 | 5 | 39318 | 17 | 85 | 100
404 | Revision_404/fortran.c | U | 1347 | 1351 | 5 | 39319 | 17 | 86 | 100
404 | Revision_404/jscript.c | U | 31 | 38 | 8 | 39320 | 18 | 148 | 100
404 | Revision_404/yacc.c | U | 31 | 38 | 8 | 39321 | 18 | 33 | 100
404 | Revision_404/slang.c | U | 34 | 41 | 8 | 39322 | 18 | 32 | 100
404 | Revision_404/vim.c | U | 56 | 60 | 5 | 39323 | 19 | 100 | 100
404 | Revision_404/vim.c | U | 62 | 66 | 5 | 39324 | 19 | 101 | 100
404 | Revision_404/vim.c | U | 100 | 109 | 10 | 39325 | 20 | 130 | 100
404 | Revision_404/vim.c | U | 125 | 134 | 10 | 39326 | 20 | 34 | 100
404 | Revision_404/vim.c | U | 168 | 176 | 9 | 39327 | 21 | 34 | 100
404 | Revision_404/ruby.c | U | 167 | 175 | 9 | 39328 | 21 | 35 | 100
404 | Revision_404/lua.c | U | 123 | 131 | 9 | 39329 | 21 | 84 | 100
404 | Revision_404/beta.c | U | 313 | 321 | 9 | 39330 | 21 | 36 | 100
404 | Revision_404/python.c | U | 105 | 109 | 5 | 39331 | 22 | 119 | 100
404 | Revision_404/erlang.c | U | 58 | 62 | 5 | 39332 | 22 | 131 | 100
404 | Revision_404/sml.c | U | 84 | 88 | 5 | 39333 | 22 | 120 | 100
404 | Revision_404/python.c | U | 113 | 122 | 9 | 39334 | 23 | 132 | 100
404 | Revision_404/erlang.c | U | 66 | 75 | 9 | 39335 | 23 | 133 | 100
404 | Revision_404/perl.c | U | 203 | 211 | 9 | 39336 | 24 | 39 | 100
404 | Revision_404/erlang.c | U | 179 | 187 | 9 | 39337 | 24 | 135 | 100
404 | Revision_404/tcl.c | U | 106 | 114 | 9 | 39338 | 24 | 134 | 100
404 | Revision_404/sort.c | U | 123 | 128 | 5 | 39339 | 25 | 96 | 100
404 | Revision_404/sort.c | U | 131 | 136 | 5 | 39340 | 25 | 97 | 100
404 | Revision_404/strlist.c | U | 147 | 154 | 8 | 39341 | 26 | 44 | 100
404 | Revision_404/strlist.c | U | 158 | 165 | 8 | 39342 | 26 | 45 | 100
404 | Revision_404/pascal.c | U | 175 | 181 | 6 | 39343 | 27 | 46 | 100
404 | Revision_404/pascal.c | U | 183 | 189 | 6 | 39344 | 27 | 47 | 100
404 | Revision_404/awk.c | U | 71 | 79 | 9 | 39345 | 28 | 43 | 100
404 | Revision_404/php.c | U | 161 | 169 | 9 | 39346 | 28 | 41 | 100
404 | Revision_404/get.c | U | 466 | 477 | 10 | 39347 | 29 | 48 | 100
404 | Revision_404/get.c | U | 483 | 494 | 10 | 39348 | 29 | 49 | 100
404 | Revision_404/routines.c | U | 287 | 294 | 8 | 39349 | 30 | 90 | 100
404 | Revision_404/readtags.c | U | 106 | 113 | 8 | 39350 | 30 | 79 | 100
404 | Revision_404/routines.c | U | 297 | 304 | 8 | 39351 | 31 | 91 | 100
404 | Revision_404/readtags.c | U | 116 | 123 | 8 | 39352 | 31 | 81 | 100
404 | Revision_404/routines.c | U | 328 | 334 | 6 | 39353 | 32 | 92 | 100
404 | Revision_404/routines.c | U | 337 | 343 | 6 | 39354 | 32 | 93 | 100
404 | Revision_404/routines.c | U | 348 | 355 | 8 | 39355 | 33 | 94 | 100
404 | Revision_404/routines.c | U | 360 | 367 | 8 | 39356 | 33 | 95 | 100
404 | Revision_404/sh.c | U | 102 | 112 | 9 | 39357 | 34 | 54 | 100
404 | Revision_404/scheme.c | U | 99 | 109 | 9 | 39358 | 34 | 55 | 100
404 | Revision_404/beta.c | U | 154 | 158 | 5 | 39359 | 35 | 56 | 100
404 | Revision_404/beta.c | U | 280 | 284 | 5 | 39360 | 35 | 57 | 100
404 | Revision_404/beta.c | U | 160 | 164 | 5 | 39361 | 35 | 58 | 100
404 | Revision_404/beta.c | U | 167 | 171 | 5 | 39362 | 36 | 59 | 100
404 | Revision_404/beta.c | U | 274 | 278 | 5 | 39363 | 36 | 60 | 100
404 | Revision_404/erlang.c | U | 108 | 113 | 6 | 39364 | 37 | 138 | 100
404 | Revision_404/erlang.c | U | 116 | 121 | 6 | 39365 | 37 | 139 | 100
404 | Revision_404/sql.c | U | 418 | 424 | 6 | 39366 | 38 | 109 | 100
404 | Revision_404/sql.c | U | 626 | 632 | 6 | 39367 | 38 | 110 | 100
404 | Revision_404/sql.c | U | 444 | 449 | 6 | 39368 | 39 | 154 | 100
404 | Revision_404/sql.c | U | 610 | 615 | 6 | 39369 | 39 | 155 | 100
404 | Revision_404/sql.c | U | 506 | 510 | 5 | 39370 | 40 | 113 | 100
404 | Revision_404/fortran.c | U | 1920 | 1924 | 5 | 39371 | 40 | 99 | 100
404 | Revision_404/parse.c | U | 48 | 56 | 7 | 39372 | 41 | 121 | 100
404 | Revision_404/sml.c | U | 75 | 81 | 7 | 39373 | 41 | 122 | 100
404 | Revision_404/parse.c | U | 102 | 106 | 5 | 39374 | 42 | 61 | 100
404 | Revision_404/parse.c | U | 116 | 120 | 5 | 39375 | 42 | 62 | 100
404 | Revision_404/parse.c | U | 528 | 532 | 5 | 39376 | 43 | 144 | 100
404 | Revision_404/parse.c | U | 547 | 551 | 5 | 39377 | 43 | 145 | 100
404 | Revision_404/readtags.c | U | 542 | 548 | 6 | 39378 | 44 | 82 | 100
404 | Revision_404/readtags.c | U | 550 | 556 | 6 | 39379 | 44 | 83 | 100
404 | Revision_404/readtags.c | U | 739 | 744 | 6 | 39380 | 45 | 64 | 100
404 | Revision_404/readtags.c | U | 764 | 769 | 6 | 39381 | 45 | 77 | 100
404 | Revision_404/fortran.c | U | 589 | 593 | 5 | 39382 | 46 | 153 | 100
404 | Revision_404/fortran.c | U | 1215 | 1219 | 5 | 39383 | 46 | 86 | 100
404 | Revision_404/options.c | U | 366 | 372 | 6 | 39384 | 47 | 69 | 100
404 | Revision_404/options.c | U | 375 | 381 | 6 | 39385 | 47 | 70 | 100
404 | Revision_404/options.c | U | 538 | 544 | 7 | 39386 | 48 | 71 | 100
404 | Revision_404/options.c | U | 547 | 553 | 7 | 39387 | 48 | 72 | 100
404 | Revision_404/options.c | U | 556 | 562 | 7 | 39388 | 48 | 74 | 100
404 | Revision_404/options.c | U | 565 | 571 | 7 | 39389 | 48 | 73 | 100
404 | Revision_404/options.c | U | 1094 | 1098 | 5 | 39390 | 49 | 75 | 100
404 | Revision_404/options.c | U | 1100 | 1104 | 5 | 39391 | 49 | 76 | 100
404 | Revision_404/options.c | U | 1146 | 1158 | 12 | 39392 | 50 | 146 | 100
404 | Revision_404/options.c | U | 1163 | 1175 | 12 | 39393 | 50 | 147 | 100
