Revision | filePath | changeType | StartLine | EndLine | Nlines | cloneId | classId | globalCloneId | Similarity
422 | Revision_422/asp.c | U | 71 | 90 | 15 | 41404 | 1 | 1 | 100
422 | Revision_422/asp.c | U | 94 | 113 | 15 | 41405 | 1 | 2 | 100
422 | Revision_422/asp.c | U | 117 | 133 | 14 | 41406 | 2 | 3 | 100
422 | Revision_422/asp.c | U | 156 | 171 | 14 | 41407 | 2 | 116 | 100
422 | Revision_422/ruby.c | U | 96 | 111 | 14 | 41408 | 2 | 4 | 100
422 | Revision_422/asp.c | U | 175 | 190 | 14 | 41409 | 2 | 162 | 100
422 | Revision_422/asp.c | U | 137 | 152 | 14 | 41410 | 2 | 6 | 100
422 | Revision_422/ruby.c | U | 79 | 94 | 14 | 41411 | 2 | 4 | 100
422 | Revision_422/asp.c | U | 201 | 209 | 9 | 41412 | 3 | 8 | 100
422 | Revision_422/python.c | U | 213 | 221 | 9 | 41413 | 3 | 10 | 100
422 | Revision_422/sml.c | U | 201 | 209 | 9 | 41414 | 3 | 118 | 100
422 | Revision_422/args.c | U | 85 | 92 | 8 | 41415 | 4 | 11 | 100
422 | Revision_422/args.c | U | 159 | 166 | 8 | 41416 | 4 | 12 | 100
422 | Revision_422/c.c | U | 660 | 671 | 13 | 41417 | 5 | 117 | 100
422 | Revision_422/c.c | U | 1132 | 1145 | 13 | 41418 | 5 | 123 | 100
422 | Revision_422/c.c | U | 809 | 829 | 45 | 41419 | 6 | 157 | 100
422 | Revision_422/c.c | U | 848 | 868 | 45 | 41420 | 6 | 158 | 100
422 | Revision_422/c.c | U | 1372 | 1379 | 7 | 41421 | 7 | 15 | 100
422 | Revision_422/c.c | U | 1382 | 1389 | 7 | 41422 | 7 | 16 | 100
422 | Revision_422/c.c | U | 1717 | 1721 | 5 | 41423 | 8 | 126 | 100
422 | Revision_422/c.c | U | 1726 | 1730 | 5 | 41424 | 8 | 127 | 100
422 | Revision_422/c.c | U | 2114 | 2119 | 6 | 41425 | 9 | 142 | 100
422 | Revision_422/options.c | U | 528 | 533 | 6 | 41426 | 9 | 72 | 100
422 | Revision_422/c.c | U | 2372 | 2376 | 5 | 41427 | 10 | 159 | 100
422 | Revision_422/c.c | U | 2379 | 2383 | 5 | 41428 | 10 | 160 | 100
422 | Revision_422/c.c | U | 2713 | 2722 | 10 | 41429 | 11 | 17 | 100
422 | Revision_422/c.c | U | 2755 | 2764 | 10 | 41430 | 11 | 18 | 100
422 | Revision_422/c.c | U | 2743 | 2752 | 10 | 41431 | 11 | 128 | 100
422 | Revision_422/eiffel.c | U | 1222 | 1231 | 10 | 41432 | 11 | 19 | 100
422 | Revision_422/sql.c | U | 676 | 685 | 10 | 41433 | 11 | 102 | 100
422 | Revision_422/verilog.c | U | 324 | 333 | 10 | 41434 | 11 | 156 | 100
422 | Revision_422/eiffel.c | U | 215 | 224 | 8 | 41435 | 12 | 20 | 100
422 | Revision_422/sql.c | U | 195 | 204 | 8 | 41436 | 12 | 103 | 100
422 | Revision_422/fortran.c | U | 397 | 406 | 8 | 41437 | 12 | 21 | 100
422 | Revision_422/eiffel.c | U | 367 | 376 | 8 | 41438 | 13 | 104 | 100
422 | Revision_422/sql.c | U | 249 | 256 | 8 | 41439 | 13 | 105 | 100
422 | Revision_422/eiffel.c | U | 419 | 423 | 5 | 41440 | 14 | 87 | 100
422 | Revision_422/fortran.c | U | 813 | 817 | 5 | 41441 | 14 | 88 | 100
422 | Revision_422/eiffel.c | U | 602 | 612 | 9 | 41442 | 15 | 26 | 100
422 | Revision_422/fortran.c | U | 876 | 886 | 9 | 41443 | 15 | 27 | 100
422 | Revision_422/eiffel.c | U | 660 | 664 | 5 | 41444 | 16 | 106 | 100
422 | Revision_422/sql.c | U | 335 | 339 | 5 | 41445 | 16 | 107 | 100
422 | Revision_422/eiffel.c | U | 874 | 878 | 5 | 41446 | 17 | 89 | 100
422 | Revision_422/eiffel.c | U | 1014 | 1018 | 5 | 41447 | 17 | 85 | 100
422 | Revision_422/fortran.c | U | 1347 | 1351 | 5 | 41448 | 17 | 86 | 100
422 | Revision_422/jscript.c | U | 31 | 38 | 8 | 41449 | 18 | 148 | 100
422 | Revision_422/slang.c | U | 34 | 41 | 8 | 41450 | 18 | 32 | 100
422 | Revision_422/yacc.c | U | 31 | 38 | 8 | 41451 | 18 | 33 | 100
422 | Revision_422/vim.c | U | 56 | 60 | 5 | 41452 | 19 | 100 | 100
422 | Revision_422/vim.c | U | 62 | 66 | 5 | 41453 | 19 | 101 | 100
422 | Revision_422/vim.c | U | 100 | 109 | 10 | 41454 | 20 | 130 | 100
422 | Revision_422/vim.c | U | 125 | 134 | 10 | 41455 | 20 | 34 | 100
422 | Revision_422/vim.c | U | 168 | 176 | 9 | 41456 | 21 | 34 | 100
422 | Revision_422/beta.c | U | 313 | 321 | 9 | 41457 | 21 | 36 | 100
422 | Revision_422/ruby.c | U | 167 | 175 | 9 | 41458 | 21 | 35 | 100
422 | Revision_422/lua.c | U | 123 | 131 | 9 | 41459 | 21 | 84 | 100
422 | Revision_422/python.c | U | 105 | 109 | 5 | 41460 | 22 | 119 | 100
422 | Revision_422/sml.c | U | 84 | 88 | 5 | 41461 | 22 | 120 | 100
422 | Revision_422/erlang.c | U | 58 | 62 | 5 | 41462 | 22 | 131 | 100
422 | Revision_422/python.c | U | 113 | 122 | 9 | 41463 | 23 | 132 | 100
422 | Revision_422/erlang.c | U | 66 | 75 | 9 | 41464 | 23 | 133 | 100
422 | Revision_422/perl.c | U | 203 | 211 | 9 | 41465 | 24 | 39 | 100
422 | Revision_422/tcl.c | U | 106 | 114 | 9 | 41466 | 24 | 134 | 100
422 | Revision_422/erlang.c | U | 179 | 187 | 9 | 41467 | 24 | 135 | 100
422 | Revision_422/sort.c | U | 123 | 128 | 5 | 41468 | 25 | 96 | 100
422 | Revision_422/sort.c | U | 131 | 136 | 5 | 41469 | 25 | 97 | 100
422 | Revision_422/pascal.c | U | 175 | 181 | 6 | 41470 | 26 | 46 | 100
422 | Revision_422/pascal.c | U | 183 | 189 | 6 | 41471 | 26 | 47 | 100
422 | Revision_422/awk.c | U | 71 | 79 | 9 | 41472 | 27 | 43 | 100
422 | Revision_422/php.c | U | 161 | 169 | 9 | 41473 | 27 | 41 | 100
422 | Revision_422/get.c | U | 466 | 477 | 10 | 41474 | 28 | 48 | 100
422 | Revision_422/get.c | U | 483 | 494 | 10 | 41475 | 28 | 49 | 100
422 | Revision_422/routines.c | U | 287 | 294 | 8 | 41476 | 29 | 90 | 100
422 | Revision_422/readtags.c | U | 106 | 113 | 8 | 41477 | 29 | 79 | 100
422 | Revision_422/routines.c | U | 297 | 304 | 8 | 41478 | 30 | 91 | 100
422 | Revision_422/readtags.c | U | 116 | 123 | 8 | 41479 | 30 | 81 | 100
422 | Revision_422/routines.c | U | 328 | 334 | 6 | 41480 | 31 | 92 | 100
422 | Revision_422/routines.c | U | 337 | 343 | 6 | 41481 | 31 | 93 | 100
422 | Revision_422/routines.c | U | 348 | 355 | 8 | 41482 | 32 | 94 | 100
422 | Revision_422/routines.c | U | 360 | 367 | 8 | 41483 | 32 | 95 | 100
422 | Revision_422/sh.c | U | 102 | 112 | 9 | 41484 | 33 | 54 | 100
422 | Revision_422/scheme.c | U | 99 | 109 | 9 | 41485 | 33 | 55 | 100
422 | Revision_422/beta.c | U | 154 | 158 | 5 | 41486 | 34 | 56 | 100
422 | Revision_422/beta.c | U | 280 | 284 | 5 | 41487 | 34 | 57 | 100
422 | Revision_422/beta.c | U | 160 | 164 | 5 | 41488 | 34 | 58 | 100
422 | Revision_422/beta.c | U | 167 | 171 | 5 | 41489 | 35 | 59 | 100
422 | Revision_422/beta.c | U | 274 | 278 | 5 | 41490 | 35 | 60 | 100
422 | Revision_422/erlang.c | U | 108 | 113 | 6 | 41491 | 36 | 138 | 100
422 | Revision_422/erlang.c | U | 116 | 121 | 6 | 41492 | 36 | 139 | 100
422 | Revision_422/sql.c | U | 418 | 424 | 6 | 41493 | 37 | 109 | 100
422 | Revision_422/sql.c | U | 624 | 630 | 6 | 41494 | 37 | 110 | 100
422 | Revision_422/sql.c | U | 444 | 449 | 6 | 41495 | 38 | 154 | 100
422 | Revision_422/sql.c | U | 608 | 613 | 6 | 41496 | 38 | 155 | 100
422 | Revision_422/sql.c | U | 504 | 508 | 5 | 41497 | 39 | 113 | 100
422 | Revision_422/fortran.c | U | 1920 | 1924 | 5 | 41498 | 39 | 99 | 100
422 | Revision_422/parse.c | U | 48 | 56 | 7 | 41499 | 40 | 121 | 100
422 | Revision_422/sml.c | U | 75 | 81 | 7 | 41500 | 40 | 122 | 100
422 | Revision_422/parse.c | U | 102 | 106 | 5 | 41501 | 41 | 61 | 100
422 | Revision_422/parse.c | U | 116 | 120 | 5 | 41502 | 41 | 62 | 100
422 | Revision_422/parse.c | U | 547 | 551 | 5 | 41503 | 42 | 144 | 100
422 | Revision_422/parse.c | U | 566 | 570 | 5 | 41504 | 42 | 145 | 100
422 | Revision_422/readtags.c | U | 542 | 548 | 6 | 41505 | 43 | 82 | 100
422 | Revision_422/readtags.c | U | 550 | 556 | 6 | 41506 | 43 | 83 | 100
422 | Revision_422/readtags.c | U | 739 | 744 | 6 | 41507 | 44 | 64 | 100
422 | Revision_422/readtags.c | U | 764 | 769 | 6 | 41508 | 44 | 77 | 100
422 | Revision_422/fortran.c | U | 589 | 593 | 5 | 41509 | 45 | 153 | 100
422 | Revision_422/fortran.c | U | 1215 | 1219 | 5 | 41510 | 45 | 86 | 100
422 | Revision_422/options.c | U | 366 | 372 | 6 | 41511 | 46 | 69 | 100
422 | Revision_422/options.c | U | 375 | 381 | 6 | 41512 | 46 | 70 | 100
422 | Revision_422/options.c | U | 538 | 544 | 7 | 41513 | 47 | 71 | 100
422 | Revision_422/options.c | U | 556 | 562 | 7 | 41514 | 47 | 74 | 100
422 | Revision_422/options.c | U | 547 | 553 | 7 | 41515 | 47 | 72 | 100
422 | Revision_422/options.c | U | 565 | 571 | 7 | 41516 | 47 | 73 | 100
422 | Revision_422/options.c | U | 1094 | 1098 | 5 | 41517 | 48 | 75 | 100
422 | Revision_422/options.c | U | 1100 | 1104 | 5 | 41518 | 48 | 76 | 100
422 | Revision_422/options.c | U | 1146 | 1158 | 12 | 41519 | 49 | 146 | 100
422 | Revision_422/options.c | U | 1163 | 1175 | 12 | 41520 | 49 | 147 | 100
