Revision | filePath | changeType | StartLine | EndLine | Nlines | cloneId | classId | globalCloneId | Similarity
428 | Revision_428/asp.c | U | 71 | 90 | 15 | 42096 | 1 | 1 | 100
428 | Revision_428/asp.c | U | 94 | 113 | 15 | 42097 | 1 | 2 | 100
428 | Revision_428/asp.c | U | 117 | 133 | 14 | 42098 | 2 | 3 | 100
428 | Revision_428/asp.c | U | 156 | 171 | 14 | 42099 | 2 | 116 | 100
428 | Revision_428/asp.c | U | 137 | 152 | 14 | 42100 | 2 | 6 | 100
428 | Revision_428/asp.c | U | 175 | 190 | 14 | 42101 | 2 | 162 | 100
428 | Revision_428/asp.c | U | 201 | 209 | 9 | 42102 | 3 | 8 | 100
428 | Revision_428/sml.c | U | 201 | 209 | 9 | 42103 | 3 | 118 | 100
428 | Revision_428/ruby.c | U | 388 | 396 | 9 | 42104 | 3 | 164 | 100
428 | Revision_428/python.c | U | 213 | 221 | 9 | 42105 | 3 | 10 | 100
428 | Revision_428/args.c | U | 85 | 92 | 8 | 42106 | 4 | 11 | 100
428 | Revision_428/args.c | U | 159 | 166 | 8 | 42107 | 4 | 12 | 100
428 | Revision_428/c.c | U | 660 | 671 | 13 | 42108 | 5 | 117 | 100
428 | Revision_428/c.c | U | 1132 | 1145 | 13 | 42109 | 5 | 123 | 100
428 | Revision_428/c.c | U | 809 | 829 | 45 | 42110 | 6 | 157 | 100
428 | Revision_428/c.c | U | 848 | 868 | 45 | 42111 | 6 | 158 | 100
428 | Revision_428/c.c | U | 1372 | 1379 | 7 | 42112 | 7 | 15 | 100
428 | Revision_428/c.c | U | 1382 | 1389 | 7 | 42113 | 7 | 16 | 100
428 | Revision_428/c.c | U | 1717 | 1721 | 5 | 42114 | 8 | 126 | 100
428 | Revision_428/c.c | U | 1726 | 1730 | 5 | 42115 | 8 | 127 | 100
428 | Revision_428/c.c | U | 2114 | 2119 | 6 | 42116 | 9 | 142 | 100
428 | Revision_428/options.c | U | 528 | 533 | 6 | 42117 | 9 | 72 | 100
428 | Revision_428/c.c | U | 2372 | 2376 | 5 | 42118 | 10 | 159 | 100
428 | Revision_428/c.c | U | 2379 | 2383 | 5 | 42119 | 10 | 160 | 100
428 | Revision_428/c.c | U | 2713 | 2722 | 10 | 42120 | 11 | 17 | 100
428 | Revision_428/sql.c | U | 676 | 685 | 10 | 42121 | 11 | 102 | 100
428 | Revision_428/verilog.c | U | 324 | 333 | 10 | 42122 | 11 | 156 | 100
428 | Revision_428/c.c | U | 2755 | 2764 | 10 | 42123 | 11 | 18 | 100
428 | Revision_428/eiffel.c | U | 1222 | 1231 | 10 | 42124 | 11 | 19 | 100
428 | Revision_428/c.c | U | 2743 | 2752 | 10 | 42125 | 11 | 128 | 100
428 | Revision_428/eiffel.c | U | 215 | 224 | 8 | 42126 | 12 | 20 | 100
428 | Revision_428/sql.c | U | 195 | 204 | 8 | 42127 | 12 | 103 | 100
428 | Revision_428/fortran.c | U | 397 | 406 | 8 | 42128 | 12 | 21 | 100
428 | Revision_428/eiffel.c | U | 367 | 376 | 8 | 42129 | 13 | 104 | 100
428 | Revision_428/sql.c | U | 249 | 256 | 8 | 42130 | 13 | 105 | 100
428 | Revision_428/eiffel.c | U | 419 | 423 | 5 | 42131 | 14 | 87 | 100
428 | Revision_428/fortran.c | U | 813 | 817 | 5 | 42132 | 14 | 88 | 100
428 | Revision_428/eiffel.c | U | 602 | 612 | 9 | 42133 | 15 | 26 | 100
428 | Revision_428/fortran.c | U | 876 | 886 | 9 | 42134 | 15 | 27 | 100
428 | Revision_428/eiffel.c | U | 660 | 664 | 5 | 42135 | 16 | 106 | 100
428 | Revision_428/sql.c | U | 335 | 339 | 5 | 42136 | 16 | 107 | 100
428 | Revision_428/eiffel.c | U | 874 | 878 | 5 | 42137 | 17 | 89 | 100
428 | Revision_428/fortran.c | U | 1347 | 1351 | 5 | 42138 | 17 | 86 | 100
428 | Revision_428/eiffel.c | U | 1014 | 1018 | 5 | 42139 | 17 | 85 | 100
428 | Revision_428/jscript.c | U | 31 | 38 | 8 | 42140 | 18 | 148 | 100
428 | Revision_428/slang.c | U | 34 | 41 | 8 | 42141 | 18 | 32 | 100
428 | Revision_428/yacc.c | U | 31 | 38 | 8 | 42142 | 18 | 33 | 100
428 | Revision_428/vim.c | U | 56 | 60 | 5 | 42143 | 19 | 100 | 100
428 | Revision_428/vim.c | U | 62 | 66 | 5 | 42144 | 19 | 101 | 100
428 | Revision_428/vim.c | U | 100 | 109 | 10 | 42145 | 20 | 130 | 100
428 | Revision_428/vim.c | U | 125 | 134 | 10 | 42146 | 20 | 34 | 100
428 | Revision_428/vim.c | U | 168 | 176 | 9 | 42147 | 21 | 34 | 100
428 | Revision_428/beta.c | U | 313 | 321 | 9 | 42148 | 21 | 36 | 100
428 | Revision_428/lua.c | U | 123 | 131 | 9 | 42149 | 21 | 84 | 100
428 | Revision_428/python.c | U | 105 | 109 | 5 | 42150 | 22 | 119 | 100
428 | Revision_428/erlang.c | U | 58 | 62 | 5 | 42151 | 22 | 131 | 100
428 | Revision_428/sml.c | U | 84 | 88 | 5 | 42152 | 22 | 120 | 100
428 | Revision_428/python.c | U | 113 | 122 | 9 | 42153 | 23 | 132 | 100
428 | Revision_428/erlang.c | U | 66 | 75 | 9 | 42154 | 23 | 133 | 100
428 | Revision_428/perl.c | U | 203 | 211 | 9 | 42155 | 24 | 39 | 100
428 | Revision_428/tcl.c | U | 106 | 114 | 9 | 42156 | 24 | 134 | 100
428 | Revision_428/erlang.c | U | 179 | 187 | 9 | 42157 | 24 | 135 | 100
428 | Revision_428/sort.c | U | 123 | 128 | 5 | 42158 | 25 | 96 | 100
428 | Revision_428/sort.c | U | 131 | 136 | 5 | 42159 | 25 | 97 | 100
428 | Revision_428/pascal.c | U | 175 | 181 | 6 | 42160 | 26 | 46 | 100
428 | Revision_428/pascal.c | U | 183 | 189 | 6 | 42161 | 26 | 47 | 100
428 | Revision_428/awk.c | U | 71 | 79 | 9 | 42162 | 27 | 43 | 100
428 | Revision_428/php.c | U | 161 | 169 | 9 | 42163 | 27 | 41 | 100
428 | Revision_428/get.c | U | 466 | 477 | 10 | 42164 | 28 | 48 | 100
428 | Revision_428/get.c | U | 483 | 494 | 10 | 42165 | 28 | 49 | 100
428 | Revision_428/routines.c | U | 287 | 294 | 8 | 42166 | 29 | 90 | 100
428 | Revision_428/readtags.c | U | 106 | 113 | 8 | 42167 | 29 | 79 | 100
428 | Revision_428/routines.c | U | 297 | 304 | 8 | 42168 | 30 | 91 | 100
428 | Revision_428/readtags.c | U | 116 | 123 | 8 | 42169 | 30 | 81 | 100
428 | Revision_428/routines.c | U | 328 | 334 | 6 | 42170 | 31 | 92 | 100
428 | Revision_428/routines.c | U | 337 | 343 | 6 | 42171 | 31 | 93 | 100
428 | Revision_428/routines.c | U | 348 | 355 | 8 | 42172 | 32 | 94 | 100
428 | Revision_428/routines.c | U | 360 | 367 | 8 | 42173 | 32 | 95 | 100
428 | Revision_428/sh.c | U | 102 | 112 | 9 | 42174 | 33 | 54 | 100
428 | Revision_428/scheme.c | U | 99 | 109 | 9 | 42175 | 33 | 55 | 100
428 | Revision_428/beta.c | U | 154 | 158 | 5 | 42176 | 34 | 56 | 100
428 | Revision_428/beta.c | U | 280 | 284 | 5 | 42177 | 34 | 57 | 100
428 | Revision_428/beta.c | U | 160 | 164 | 5 | 42178 | 34 | 58 | 100
428 | Revision_428/beta.c | U | 167 | 171 | 5 | 42179 | 35 | 59 | 100
428 | Revision_428/beta.c | U | 274 | 278 | 5 | 42180 | 35 | 60 | 100
428 | Revision_428/erlang.c | U | 108 | 113 | 6 | 42181 | 36 | 138 | 100
428 | Revision_428/erlang.c | U | 116 | 121 | 6 | 42182 | 36 | 139 | 100
428 | Revision_428/sql.c | U | 418 | 424 | 6 | 42183 | 37 | 109 | 100
428 | Revision_428/sql.c | U | 624 | 630 | 6 | 42184 | 37 | 110 | 100
428 | Revision_428/sql.c | U | 444 | 449 | 6 | 42185 | 38 | 154 | 100
428 | Revision_428/sql.c | U | 608 | 613 | 6 | 42186 | 38 | 155 | 100
428 | Revision_428/sql.c | U | 504 | 508 | 5 | 42187 | 39 | 113 | 100
428 | Revision_428/fortran.c | U | 1920 | 1924 | 5 | 42188 | 39 | 99 | 100
428 | Revision_428/parse.c | U | 48 | 56 | 7 | 42189 | 40 | 121 | 100
428 | Revision_428/sml.c | U | 75 | 81 | 7 | 42190 | 40 | 122 | 100
428 | Revision_428/parse.c | U | 103 | 107 | 5 | 42191 | 41 | 61 | 100
428 | Revision_428/parse.c | U | 117 | 121 | 5 | 42192 | 41 | 62 | 100
428 | Revision_428/parse.c | U | 557 | 561 | 5 | 42193 | 42 | 144 | 100
428 | Revision_428/parse.c | U | 576 | 580 | 5 | 42194 | 42 | 145 | 100
428 | Revision_428/readtags.c | U | 542 | 548 | 6 | 42195 | 43 | 82 | 100
428 | Revision_428/readtags.c | U | 550 | 556 | 6 | 42196 | 43 | 83 | 100
428 | Revision_428/readtags.c | U | 739 | 744 | 6 | 42197 | 44 | 64 | 100
428 | Revision_428/readtags.c | U | 764 | 769 | 6 | 42198 | 44 | 77 | 100
428 | Revision_428/fortran.c | U | 589 | 593 | 5 | 42199 | 45 | 153 | 100
428 | Revision_428/fortran.c | U | 1215 | 1219 | 5 | 42200 | 45 | 86 | 100
428 | Revision_428/options.c | U | 366 | 372 | 6 | 42201 | 46 | 69 | 100
428 | Revision_428/options.c | U | 375 | 381 | 6 | 42202 | 46 | 70 | 100
428 | Revision_428/options.c | U | 538 | 544 | 7 | 42203 | 47 | 71 | 100
428 | Revision_428/options.c | U | 556 | 562 | 7 | 42204 | 47 | 74 | 100
428 | Revision_428/options.c | U | 547 | 553 | 7 | 42205 | 47 | 72 | 100
428 | Revision_428/options.c | U | 565 | 571 | 7 | 42206 | 47 | 73 | 100
428 | Revision_428/options.c | U | 1094 | 1098 | 5 | 42207 | 48 | 75 | 100
428 | Revision_428/options.c | U | 1100 | 1104 | 5 | 42208 | 48 | 76 | 100
428 | Revision_428/options.c | U | 1146 | 1158 | 12 | 42209 | 49 | 146 | 100
428 | Revision_428/options.c | U | 1163 | 1175 | 12 | 42210 | 49 | 147 | 100
