Revision | filePath | changeType | StartLine | EndLine | Nlines | cloneId | classId | globalCloneId | Similarity
449 | Revision_449/asp.c | U | 71 | 90 | 15 | 44515 | 1 | 1 | 100
449 | Revision_449/asp.c | U | 94 | 113 | 15 | 44516 | 1 | 2 | 100
449 | Revision_449/asp.c | U | 117 | 133 | 14 | 44517 | 2 | 3 | 100
449 | Revision_449/asp.c | U | 137 | 152 | 14 | 44518 | 2 | 6 | 100
449 | Revision_449/asp.c | U | 156 | 171 | 14 | 44519 | 2 | 116 | 100
449 | Revision_449/asp.c | U | 175 | 190 | 14 | 44520 | 2 | 162 | 100
449 | Revision_449/asp.c | U | 201 | 209 | 9 | 44521 | 3 | 8 | 100
449 | Revision_449/python.c | U | 213 | 221 | 9 | 44522 | 3 | 10 | 100
449 | Revision_449/ruby.c | U | 388 | 396 | 9 | 44523 | 3 | 164 | 100
449 | Revision_449/sml.c | U | 201 | 209 | 9 | 44524 | 3 | 118 | 100
449 | Revision_449/args.c | U | 85 | 92 | 8 | 44525 | 4 | 11 | 100
449 | Revision_449/args.c | U | 159 | 166 | 8 | 44526 | 4 | 12 | 100
449 | Revision_449/c.c | U | 665 | 676 | 13 | 44527 | 5 | 117 | 100
449 | Revision_449/c.c | U | 1164 | 1177 | 13 | 44528 | 5 | 123 | 100
449 | Revision_449/c.c | U | 819 | 839 | 45 | 44529 | 6 | 157 | 100
449 | Revision_449/c.c | U | 858 | 878 | 45 | 44530 | 6 | 158 | 100
449 | Revision_449/c.c | U | 1404 | 1411 | 7 | 44531 | 7 | 15 | 100
449 | Revision_449/c.c | U | 1414 | 1421 | 7 | 44532 | 7 | 16 | 100
449 | Revision_449/c.c | U | 1749 | 1753 | 5 | 44533 | 8 | 126 | 100
449 | Revision_449/c.c | U | 1758 | 1762 | 5 | 44534 | 8 | 127 | 100
449 | Revision_449/c.c | U | 2163 | 2168 | 6 | 44535 | 9 | 142 | 100
449 | Revision_449/options.c | U | 531 | 536 | 6 | 44536 | 9 | 72 | 100
449 | Revision_449/c.c | U | 2421 | 2425 | 5 | 44537 | 10 | 159 | 100
449 | Revision_449/c.c | U | 2428 | 2432 | 5 | 44538 | 10 | 160 | 100
449 | Revision_449/c.c | U | 2773 | 2782 | 10 | 44539 | 11 | 17 | 100
449 | Revision_449/verilog.c | U | 324 | 333 | 10 | 44540 | 11 | 156 | 100
449 | Revision_449/sql.c | U | 676 | 685 | 10 | 44541 | 11 | 102 | 100
449 | Revision_449/c.c | U | 2803 | 2812 | 10 | 44542 | 11 | 128 | 100
449 | Revision_449/eiffel.c | U | 1220 | 1229 | 10 | 44543 | 11 | 19 | 100
449 | Revision_449/c.c | U | 2815 | 2824 | 10 | 44544 | 11 | 18 | 100
449 | Revision_449/eiffel.c | U | 215 | 224 | 8 | 44545 | 12 | 20 | 100
449 | Revision_449/fortran.c | U | 397 | 406 | 8 | 44546 | 12 | 21 | 100
449 | Revision_449/sql.c | U | 195 | 204 | 8 | 44547 | 12 | 103 | 100
449 | Revision_449/eiffel.c | U | 367 | 376 | 8 | 44548 | 13 | 104 | 100
449 | Revision_449/sql.c | U | 249 | 256 | 8 | 44549 | 13 | 105 | 100
449 | Revision_449/eiffel.c | U | 419 | 423 | 5 | 44550 | 14 | 87 | 100
449 | Revision_449/fortran.c | U | 812 | 816 | 5 | 44551 | 14 | 88 | 100
449 | Revision_449/eiffel.c | U | 602 | 612 | 9 | 44552 | 15 | 26 | 100
449 | Revision_449/fortran.c | U | 875 | 885 | 9 | 44553 | 15 | 27 | 100
449 | Revision_449/eiffel.c | U | 660 | 664 | 5 | 44554 | 16 | 106 | 100
449 | Revision_449/sql.c | U | 335 | 339 | 5 | 44555 | 16 | 107 | 100
449 | Revision_449/eiffel.c | U | 873 | 877 | 5 | 44556 | 17 | 89 | 100
449 | Revision_449/eiffel.c | U | 1011 | 1015 | 5 | 44557 | 17 | 85 | 100
449 | Revision_449/fortran.c | U | 1346 | 1350 | 5 | 44558 | 17 | 86 | 100
449 | Revision_449/jscript.c | U | 31 | 38 | 8 | 44559 | 18 | 148 | 100
449 | Revision_449/slang.c | U | 34 | 41 | 8 | 44560 | 18 | 32 | 100
449 | Revision_449/yacc.c | U | 31 | 38 | 8 | 44561 | 18 | 33 | 100
449 | Revision_449/vim.c | U | 56 | 60 | 5 | 44562 | 19 | 100 | 100
449 | Revision_449/vim.c | U | 62 | 66 | 5 | 44563 | 19 | 101 | 100
449 | Revision_449/vim.c | U | 100 | 109 | 10 | 44564 | 20 | 130 | 100
449 | Revision_449/vim.c | U | 125 | 134 | 10 | 44565 | 20 | 34 | 100
449 | Revision_449/vim.c | U | 168 | 176 | 9 | 44566 | 21 | 34 | 100
449 | Revision_449/lua.c | U | 123 | 131 | 9 | 44567 | 21 | 84 | 100
449 | Revision_449/beta.c | U | 310 | 318 | 9 | 44568 | 21 | 36 | 100
449 | Revision_449/python.c | U | 105 | 109 | 5 | 44569 | 22 | 119 | 100
449 | Revision_449/sml.c | U | 84 | 88 | 5 | 44570 | 22 | 120 | 100
449 | Revision_449/erlang.c | U | 58 | 62 | 5 | 44571 | 22 | 131 | 100
449 | Revision_449/python.c | U | 113 | 122 | 9 | 44572 | 23 | 132 | 100
449 | Revision_449/erlang.c | U | 66 | 75 | 9 | 44573 | 23 | 133 | 100
449 | Revision_449/perl.c | U | 203 | 211 | 9 | 44574 | 24 | 39 | 100
449 | Revision_449/tcl.c | U | 106 | 114 | 9 | 44575 | 24 | 134 | 100
449 | Revision_449/erlang.c | U | 179 | 187 | 9 | 44576 | 24 | 135 | 100
449 | Revision_449/sort.c | U | 122 | 127 | 5 | 44577 | 25 | 96 | 100
449 | Revision_449/sort.c | U | 130 | 135 | 5 | 44578 | 25 | 97 | 100
449 | Revision_449/pascal.c | U | 176 | 182 | 6 | 44579 | 26 | 46 | 100
449 | Revision_449/pascal.c | U | 184 | 190 | 6 | 44580 | 26 | 47 | 100
449 | Revision_449/awk.c | U | 71 | 79 | 9 | 44581 | 27 | 43 | 100
449 | Revision_449/php.c | U | 161 | 169 | 9 | 44582 | 27 | 41 | 100
449 | Revision_449/get.c | U | 464 | 475 | 10 | 44583 | 28 | 48 | 100
449 | Revision_449/get.c | U | 481 | 492 | 10 | 44584 | 28 | 49 | 100
449 | Revision_449/routines.c | U | 287 | 294 | 8 | 44585 | 29 | 90 | 100
449 | Revision_449/readtags.c | U | 106 | 113 | 8 | 44586 | 29 | 79 | 100
449 | Revision_449/routines.c | U | 297 | 304 | 8 | 44587 | 30 | 91 | 100
449 | Revision_449/readtags.c | U | 116 | 123 | 8 | 44588 | 30 | 81 | 100
449 | Revision_449/routines.c | U | 328 | 334 | 6 | 44589 | 31 | 92 | 100
449 | Revision_449/routines.c | U | 337 | 343 | 6 | 44590 | 31 | 93 | 100
449 | Revision_449/routines.c | U | 348 | 355 | 8 | 44591 | 32 | 94 | 100
449 | Revision_449/routines.c | U | 360 | 367 | 8 | 44592 | 32 | 95 | 100
449 | Revision_449/sh.c | U | 103 | 113 | 9 | 44593 | 33 | 54 | 100
449 | Revision_449/scheme.c | U | 99 | 109 | 9 | 44594 | 33 | 55 | 100
449 | Revision_449/beta.c | U | 152 | 156 | 5 | 44595 | 34 | 56 | 100
449 | Revision_449/beta.c | U | 277 | 281 | 5 | 44596 | 34 | 57 | 100
449 | Revision_449/beta.c | U | 158 | 162 | 5 | 44597 | 34 | 58 | 100
449 | Revision_449/beta.c | U | 165 | 169 | 5 | 44598 | 35 | 59 | 100
449 | Revision_449/beta.c | U | 271 | 275 | 5 | 44599 | 35 | 60 | 100
449 | Revision_449/erlang.c | U | 108 | 113 | 6 | 44600 | 36 | 138 | 100
449 | Revision_449/erlang.c | U | 116 | 121 | 6 | 44601 | 36 | 139 | 100
449 | Revision_449/sql.c | U | 418 | 424 | 6 | 44602 | 37 | 109 | 100
449 | Revision_449/sql.c | U | 624 | 630 | 6 | 44603 | 37 | 110 | 100
449 | Revision_449/sql.c | U | 444 | 449 | 6 | 44604 | 38 | 154 | 100
449 | Revision_449/sql.c | U | 608 | 613 | 6 | 44605 | 38 | 155 | 100
449 | Revision_449/sql.c | U | 504 | 508 | 5 | 44606 | 39 | 113 | 100
449 | Revision_449/fortran.c | U | 1919 | 1923 | 5 | 44607 | 39 | 99 | 100
449 | Revision_449/parse.c | U | 48 | 56 | 7 | 44608 | 40 | 121 | 100
449 | Revision_449/sml.c | U | 75 | 81 | 7 | 44609 | 40 | 122 | 100
449 | Revision_449/parse.c | U | 103 | 107 | 5 | 44610 | 41 | 61 | 100
449 | Revision_449/parse.c | U | 117 | 121 | 5 | 44611 | 41 | 62 | 100
449 | Revision_449/parse.c | U | 557 | 561 | 5 | 44612 | 42 | 144 | 100
449 | Revision_449/parse.c | U | 576 | 580 | 5 | 44613 | 42 | 145 | 100
449 | Revision_449/readtags.c | U | 542 | 548 | 6 | 44614 | 43 | 82 | 100
449 | Revision_449/readtags.c | U | 550 | 556 | 6 | 44615 | 43 | 83 | 100
449 | Revision_449/readtags.c | U | 739 | 744 | 6 | 44616 | 44 | 64 | 100
449 | Revision_449/readtags.c | U | 764 | 769 | 6 | 44617 | 44 | 77 | 100
449 | Revision_449/fortran.c | U | 589 | 593 | 5 | 44618 | 45 | 153 | 100
449 | Revision_449/fortran.c | U | 1214 | 1218 | 5 | 44619 | 45 | 86 | 100
449 | Revision_449/options.c | U | 369 | 375 | 6 | 44620 | 46 | 69 | 100
449 | Revision_449/options.c | U | 378 | 384 | 6 | 44621 | 46 | 70 | 100
449 | Revision_449/options.c | U | 541 | 547 | 7 | 44622 | 47 | 71 | 100
449 | Revision_449/options.c | U | 568 | 574 | 7 | 44623 | 47 | 73 | 100
449 | Revision_449/options.c | U | 550 | 556 | 7 | 44624 | 47 | 72 | 100
449 | Revision_449/options.c | U | 559 | 565 | 7 | 44625 | 47 | 74 | 100
449 | Revision_449/options.c | U | 1099 | 1103 | 5 | 44626 | 48 | 75 | 100
449 | Revision_449/options.c | U | 1105 | 1109 | 5 | 44627 | 48 | 76 | 100
449 | Revision_449/options.c | U | 1151 | 1163 | 12 | 44628 | 49 | 146 | 100
449 | Revision_449/options.c | U | 1168 | 1180 | 12 | 44629 | 49 | 147 | 100
