Revision | filePath | changeType | StartLine | EndLine | Nlines | cloneId | classId | globalCloneId | Similarity
450 | Revision_450/asp.c | U | 71 | 90 | 15 | 44630 | 1 | 1 | 100
450 | Revision_450/asp.c | U | 94 | 113 | 15 | 44631 | 1 | 2 | 100
450 | Revision_450/asp.c | U | 117 | 133 | 14 | 44632 | 2 | 3 | 100
450 | Revision_450/asp.c | U | 137 | 152 | 14 | 44633 | 2 | 6 | 100
450 | Revision_450/asp.c | U | 156 | 171 | 14 | 44634 | 2 | 116 | 100
450 | Revision_450/asp.c | U | 175 | 190 | 14 | 44635 | 2 | 162 | 100
450 | Revision_450/asp.c | U | 201 | 209 | 9 | 44636 | 3 | 8 | 100
450 | Revision_450/python.c | U | 213 | 221 | 9 | 44637 | 3 | 10 | 100
450 | Revision_450/ruby.c | U | 388 | 396 | 9 | 44638 | 3 | 164 | 100
450 | Revision_450/sml.c | U | 201 | 209 | 9 | 44639 | 3 | 118 | 100
450 | Revision_450/args.c | U | 85 | 92 | 8 | 44640 | 4 | 11 | 100
450 | Revision_450/args.c | U | 159 | 166 | 8 | 44641 | 4 | 12 | 100
450 | Revision_450/c.c | U | 665 | 676 | 13 | 44642 | 5 | 117 | 100
450 | Revision_450/c.c | U | 1164 | 1177 | 13 | 44643 | 5 | 123 | 100
450 | Revision_450/c.c | U | 819 | 839 | 45 | 44644 | 6 | 157 | 100
450 | Revision_450/c.c | U | 858 | 878 | 45 | 44645 | 6 | 158 | 100
450 | Revision_450/c.c | U | 1404 | 1411 | 7 | 44646 | 7 | 15 | 100
450 | Revision_450/c.c | U | 1414 | 1421 | 7 | 44647 | 7 | 16 | 100
450 | Revision_450/c.c | U | 1749 | 1753 | 5 | 44648 | 8 | 126 | 100
450 | Revision_450/c.c | U | 1758 | 1762 | 5 | 44649 | 8 | 127 | 100
450 | Revision_450/c.c | U | 2163 | 2168 | 6 | 44650 | 9 | 142 | 100
450 | Revision_450/options.c | U | 531 | 536 | 6 | 44651 | 9 | 72 | 100
450 | Revision_450/c.c | U | 2421 | 2425 | 5 | 44652 | 10 | 159 | 100
450 | Revision_450/c.c | U | 2428 | 2432 | 5 | 44653 | 10 | 160 | 100
450 | Revision_450/c.c | U | 2773 | 2782 | 10 | 44654 | 11 | 17 | 100
450 | Revision_450/verilog.c | U | 324 | 333 | 10 | 44655 | 11 | 156 | 100
450 | Revision_450/sql.c | U | 676 | 685 | 10 | 44656 | 11 | 102 | 100
450 | Revision_450/c.c | U | 2803 | 2812 | 10 | 44657 | 11 | 128 | 100
450 | Revision_450/eiffel.c | U | 1220 | 1229 | 10 | 44658 | 11 | 19 | 100
450 | Revision_450/c.c | U | 2815 | 2824 | 10 | 44659 | 11 | 18 | 100
450 | Revision_450/eiffel.c | U | 215 | 224 | 8 | 44660 | 12 | 20 | 100
450 | Revision_450/fortran.c | U | 397 | 406 | 8 | 44661 | 12 | 21 | 100
450 | Revision_450/sql.c | U | 195 | 204 | 8 | 44662 | 12 | 103 | 100
450 | Revision_450/eiffel.c | U | 367 | 376 | 8 | 44663 | 13 | 104 | 100
450 | Revision_450/sql.c | U | 249 | 256 | 8 | 44664 | 13 | 105 | 100
450 | Revision_450/eiffel.c | U | 419 | 423 | 5 | 44665 | 14 | 87 | 100
450 | Revision_450/fortran.c | U | 812 | 816 | 5 | 44666 | 14 | 88 | 100
450 | Revision_450/eiffel.c | U | 602 | 612 | 9 | 44667 | 15 | 26 | 100
450 | Revision_450/fortran.c | U | 875 | 885 | 9 | 44668 | 15 | 27 | 100
450 | Revision_450/eiffel.c | U | 660 | 664 | 5 | 44669 | 16 | 106 | 100
450 | Revision_450/sql.c | U | 335 | 339 | 5 | 44670 | 16 | 107 | 100
450 | Revision_450/eiffel.c | U | 873 | 877 | 5 | 44671 | 17 | 89 | 100
450 | Revision_450/eiffel.c | U | 1011 | 1015 | 5 | 44672 | 17 | 85 | 100
450 | Revision_450/fortran.c | U | 1346 | 1350 | 5 | 44673 | 17 | 86 | 100
450 | Revision_450/jscript.c | U | 31 | 38 | 8 | 44674 | 18 | 148 | 100
450 | Revision_450/yacc.c | U | 31 | 38 | 8 | 44675 | 18 | 33 | 100
450 | Revision_450/slang.c | U | 34 | 41 | 8 | 44676 | 18 | 32 | 100
450 | Revision_450/vim.c | U | 56 | 60 | 5 | 44677 | 19 | 100 | 100
450 | Revision_450/vim.c | U | 62 | 66 | 5 | 44678 | 19 | 101 | 100
450 | Revision_450/vim.c | U | 100 | 109 | 10 | 44679 | 20 | 130 | 100
450 | Revision_450/vim.c | U | 125 | 134 | 10 | 44680 | 20 | 34 | 100
450 | Revision_450/vim.c | U | 168 | 176 | 9 | 44681 | 21 | 34 | 100
450 | Revision_450/beta.c | U | 310 | 318 | 9 | 44682 | 21 | 36 | 100
450 | Revision_450/lua.c | U | 123 | 131 | 9 | 44683 | 21 | 84 | 100
450 | Revision_450/python.c | U | 105 | 109 | 5 | 44684 | 22 | 119 | 100
450 | Revision_450/sml.c | U | 84 | 88 | 5 | 44685 | 22 | 120 | 100
450 | Revision_450/erlang.c | U | 58 | 62 | 5 | 44686 | 22 | 131 | 100
450 | Revision_450/python.c | U | 113 | 122 | 9 | 44687 | 23 | 132 | 100
450 | Revision_450/erlang.c | U | 66 | 75 | 9 | 44688 | 23 | 133 | 100
450 | Revision_450/perl.c | U | 203 | 211 | 9 | 44689 | 24 | 39 | 100
450 | Revision_450/tcl.c | U | 106 | 114 | 9 | 44690 | 24 | 134 | 100
450 | Revision_450/erlang.c | U | 179 | 187 | 9 | 44691 | 24 | 135 | 100
450 | Revision_450/sort.c | U | 122 | 127 | 5 | 44692 | 25 | 96 | 100
450 | Revision_450/sort.c | U | 130 | 135 | 5 | 44693 | 25 | 97 | 100
450 | Revision_450/pascal.c | U | 176 | 182 | 6 | 44694 | 26 | 46 | 100
450 | Revision_450/pascal.c | U | 184 | 190 | 6 | 44695 | 26 | 47 | 100
450 | Revision_450/awk.c | U | 71 | 79 | 9 | 44696 | 27 | 43 | 100
450 | Revision_450/php.c | U | 161 | 169 | 9 | 44697 | 27 | 41 | 100
450 | Revision_450/get.c | U | 464 | 475 | 10 | 44698 | 28 | 48 | 100
450 | Revision_450/get.c | U | 481 | 492 | 10 | 44699 | 28 | 49 | 100
450 | Revision_450/routines.c | U | 287 | 294 | 8 | 44700 | 29 | 90 | 100
450 | Revision_450/readtags.c | U | 106 | 113 | 8 | 44701 | 29 | 79 | 100
450 | Revision_450/routines.c | U | 297 | 304 | 8 | 44702 | 30 | 91 | 100
450 | Revision_450/readtags.c | U | 116 | 123 | 8 | 44703 | 30 | 81 | 100
450 | Revision_450/routines.c | U | 328 | 334 | 6 | 44704 | 31 | 92 | 100
450 | Revision_450/routines.c | U | 337 | 343 | 6 | 44705 | 31 | 93 | 100
450 | Revision_450/routines.c | U | 348 | 355 | 8 | 44706 | 32 | 94 | 100
450 | Revision_450/routines.c | U | 360 | 367 | 8 | 44707 | 32 | 95 | 100
450 | Revision_450/sh.c | U | 103 | 113 | 9 | 44708 | 33 | 54 | 100
450 | Revision_450/scheme.c | U | 99 | 109 | 9 | 44709 | 33 | 55 | 100
450 | Revision_450/beta.c | U | 152 | 156 | 5 | 44710 | 34 | 56 | 100
450 | Revision_450/beta.c | U | 277 | 281 | 5 | 44711 | 34 | 57 | 100
450 | Revision_450/beta.c | U | 158 | 162 | 5 | 44712 | 34 | 58 | 100
450 | Revision_450/beta.c | U | 165 | 169 | 5 | 44713 | 35 | 59 | 100
450 | Revision_450/beta.c | U | 271 | 275 | 5 | 44714 | 35 | 60 | 100
450 | Revision_450/erlang.c | U | 108 | 113 | 6 | 44715 | 36 | 138 | 100
450 | Revision_450/erlang.c | U | 116 | 121 | 6 | 44716 | 36 | 139 | 100
450 | Revision_450/sql.c | U | 418 | 424 | 6 | 44717 | 37 | 109 | 100
450 | Revision_450/sql.c | U | 624 | 630 | 6 | 44718 | 37 | 110 | 100
450 | Revision_450/sql.c | U | 444 | 449 | 6 | 44719 | 38 | 154 | 100
450 | Revision_450/sql.c | U | 608 | 613 | 6 | 44720 | 38 | 155 | 100
450 | Revision_450/sql.c | U | 504 | 508 | 5 | 44721 | 39 | 113 | 100
450 | Revision_450/fortran.c | U | 1919 | 1923 | 5 | 44722 | 39 | 99 | 100
450 | Revision_450/parse.c | U | 48 | 56 | 7 | 44723 | 40 | 121 | 100
450 | Revision_450/sml.c | U | 75 | 81 | 7 | 44724 | 40 | 122 | 100
450 | Revision_450/parse.c | U | 103 | 107 | 5 | 44725 | 41 | 61 | 100
450 | Revision_450/parse.c | U | 117 | 121 | 5 | 44726 | 41 | 62 | 100
450 | Revision_450/parse.c | U | 557 | 561 | 5 | 44727 | 42 | 144 | 100
450 | Revision_450/parse.c | U | 576 | 580 | 5 | 44728 | 42 | 145 | 100
450 | Revision_450/readtags.c | U | 542 | 548 | 6 | 44729 | 43 | 82 | 100
450 | Revision_450/readtags.c | U | 550 | 556 | 6 | 44730 | 43 | 83 | 100
450 | Revision_450/readtags.c | U | 739 | 744 | 6 | 44731 | 44 | 64 | 100
450 | Revision_450/readtags.c | U | 764 | 769 | 6 | 44732 | 44 | 77 | 100
450 | Revision_450/fortran.c | U | 589 | 593 | 5 | 44733 | 45 | 153 | 100
450 | Revision_450/fortran.c | U | 1214 | 1218 | 5 | 44734 | 45 | 86 | 100
450 | Revision_450/options.c | U | 369 | 375 | 6 | 44735 | 46 | 69 | 100
450 | Revision_450/options.c | U | 378 | 384 | 6 | 44736 | 46 | 70 | 100
450 | Revision_450/options.c | U | 541 | 547 | 7 | 44737 | 47 | 71 | 100
450 | Revision_450/options.c | U | 568 | 574 | 7 | 44738 | 47 | 73 | 100
450 | Revision_450/options.c | U | 550 | 556 | 7 | 44739 | 47 | 72 | 100
450 | Revision_450/options.c | U | 559 | 565 | 7 | 44740 | 47 | 74 | 100
450 | Revision_450/options.c | U | 1099 | 1103 | 5 | 44741 | 48 | 75 | 100
450 | Revision_450/options.c | U | 1105 | 1109 | 5 | 44742 | 48 | 76 | 100
450 | Revision_450/options.c | U | 1151 | 1163 | 12 | 44743 | 49 | 146 | 100
450 | Revision_450/options.c | U | 1168 | 1180 | 12 | 44744 | 49 | 147 | 100
