Revision | filePath | changeType | StartLine | EndLine | Nlines | cloneId | classId | globalCloneId | Similarity
453 | Revision_453/asp.c | U | 71 | 90 | 15 | 44975 | 1 | 1 | 100
453 | Revision_453/asp.c | U | 94 | 113 | 15 | 44976 | 1 | 2 | 100
453 | Revision_453/asp.c | U | 117 | 133 | 14 | 44977 | 2 | 3 | 100
453 | Revision_453/asp.c | U | 137 | 152 | 14 | 44978 | 2 | 6 | 100
453 | Revision_453/asp.c | U | 175 | 190 | 14 | 44979 | 2 | 162 | 100
453 | Revision_453/asp.c | U | 156 | 171 | 14 | 44980 | 2 | 116 | 100
453 | Revision_453/asp.c | U | 201 | 209 | 9 | 44981 | 3 | 8 | 100
453 | Revision_453/sml.c | U | 201 | 209 | 9 | 44982 | 3 | 118 | 100
453 | Revision_453/ruby.c | U | 388 | 396 | 9 | 44983 | 3 | 164 | 100
453 | Revision_453/python.c | A | 246 | 254 | 9 | 44984 | 3 | 10 | 100
453 | Revision_453/args.c | U | 85 | 92 | 8 | 44985 | 4 | 11 | 100
453 | Revision_453/args.c | U | 159 | 166 | 8 | 44986 | 4 | 12 | 100
453 | Revision_453/c.c | U | 665 | 676 | 13 | 44987 | 5 | 117 | 100
453 | Revision_453/c.c | U | 1164 | 1177 | 13 | 44988 | 5 | 123 | 100
453 | Revision_453/c.c | U | 819 | 839 | 45 | 44989 | 6 | 157 | 100
453 | Revision_453/c.c | U | 858 | 878 | 45 | 44990 | 6 | 158 | 100
453 | Revision_453/c.c | U | 1404 | 1411 | 7 | 44991 | 7 | 15 | 100
453 | Revision_453/c.c | U | 1414 | 1421 | 7 | 44992 | 7 | 16 | 100
453 | Revision_453/c.c | U | 1749 | 1753 | 5 | 44993 | 8 | 126 | 100
453 | Revision_453/c.c | U | 1758 | 1762 | 5 | 44994 | 8 | 127 | 100
453 | Revision_453/c.c | U | 2163 | 2168 | 6 | 44995 | 9 | 142 | 100
453 | Revision_453/options.c | U | 531 | 536 | 6 | 44996 | 9 | 72 | 100
453 | Revision_453/c.c | U | 2421 | 2425 | 5 | 44997 | 10 | 159 | 100
453 | Revision_453/c.c | U | 2428 | 2432 | 5 | 44998 | 10 | 160 | 100
453 | Revision_453/c.c | U | 2773 | 2782 | 10 | 44999 | 11 | 17 | 100
453 | Revision_453/eiffel.c | U | 1220 | 1229 | 10 | 45000 | 11 | 19 | 100
453 | Revision_453/c.c | U | 2803 | 2812 | 10 | 45001 | 11 | 128 | 100
453 | Revision_453/sql.c | U | 676 | 685 | 10 | 45002 | 11 | 102 | 100
453 | Revision_453/verilog.c | U | 324 | 333 | 10 | 45003 | 11 | 156 | 100
453 | Revision_453/c.c | U | 2815 | 2824 | 10 | 45004 | 11 | 18 | 100
453 | Revision_453/eiffel.c | U | 215 | 224 | 8 | 45005 | 12 | 20 | 100
453 | Revision_453/sql.c | U | 195 | 204 | 8 | 45006 | 12 | 103 | 100
453 | Revision_453/fortran.c | U | 397 | 406 | 8 | 45007 | 12 | 21 | 100
453 | Revision_453/eiffel.c | U | 367 | 376 | 8 | 45008 | 13 | 104 | 100
453 | Revision_453/sql.c | U | 249 | 256 | 8 | 45009 | 13 | 105 | 100
453 | Revision_453/eiffel.c | U | 419 | 423 | 5 | 45010 | 14 | 87 | 100
453 | Revision_453/fortran.c | U | 812 | 816 | 5 | 45011 | 14 | 88 | 100
453 | Revision_453/eiffel.c | U | 602 | 612 | 9 | 45012 | 15 | 26 | 100
453 | Revision_453/fortran.c | U | 875 | 885 | 9 | 45013 | 15 | 27 | 100
453 | Revision_453/eiffel.c | U | 660 | 664 | 5 | 45014 | 16 | 106 | 100
453 | Revision_453/sql.c | U | 335 | 339 | 5 | 45015 | 16 | 107 | 100
453 | Revision_453/eiffel.c | U | 873 | 877 | 5 | 45016 | 17 | 89 | 100
453 | Revision_453/eiffel.c | U | 1011 | 1015 | 5 | 45017 | 17 | 85 | 100
453 | Revision_453/fortran.c | U | 1346 | 1350 | 5 | 45018 | 17 | 86 | 100
453 | Revision_453/jscript.c | U | 31 | 38 | 8 | 45019 | 18 | 148 | 100
453 | Revision_453/yacc.c | U | 31 | 38 | 8 | 45020 | 18 | 33 | 100
453 | Revision_453/slang.c | U | 34 | 41 | 8 | 45021 | 18 | 32 | 100
453 | Revision_453/vim.c | U | 56 | 60 | 5 | 45022 | 19 | 100 | 100
453 | Revision_453/vim.c | U | 62 | 66 | 5 | 45023 | 19 | 101 | 100
453 | Revision_453/vim.c | U | 100 | 109 | 10 | 45024 | 20 | 130 | 100
453 | Revision_453/vim.c | U | 125 | 134 | 10 | 45025 | 20 | 34 | 100
453 | Revision_453/vim.c | U | 168 | 176 | 9 | 45026 | 21 | 34 | 100
453 | Revision_453/beta.c | U | 310 | 318 | 9 | 45027 | 21 | 36 | 100
453 | Revision_453/lua.c | U | 123 | 131 | 9 | 45028 | 21 | 84 | 100
453 | Revision_453/python.c | U | 105 | 109 | 5 | 45029 | 22 | 119 | 100
453 | Revision_453/erlang.c | U | 58 | 62 | 5 | 45030 | 22 | 131 | 100
453 | Revision_453/sml.c | U | 84 | 88 | 5 | 45031 | 22 | 120 | 100
453 | Revision_453/python.c | U | 114 | 123 | 9 | 45032 | 23 | 132 | 100
453 | Revision_453/erlang.c | U | 66 | 75 | 9 | 45033 | 23 | 133 | 100
453 | Revision_453/perl.c | U | 203 | 211 | 9 | 45034 | 24 | 39 | 100
453 | Revision_453/erlang.c | U | 179 | 187 | 9 | 45035 | 24 | 135 | 100
453 | Revision_453/tcl.c | U | 106 | 114 | 9 | 45036 | 24 | 134 | 100
453 | Revision_453/sort.c | U | 122 | 127 | 5 | 45037 | 25 | 96 | 100
453 | Revision_453/sort.c | U | 130 | 135 | 5 | 45038 | 25 | 97 | 100
453 | Revision_453/pascal.c | U | 176 | 182 | 6 | 45039 | 26 | 46 | 100
453 | Revision_453/pascal.c | U | 184 | 190 | 6 | 45040 | 26 | 47 | 100
453 | Revision_453/awk.c | U | 71 | 79 | 9 | 45041 | 27 | 43 | 100
453 | Revision_453/php.c | U | 161 | 169 | 9 | 45042 | 27 | 41 | 100
453 | Revision_453/get.c | U | 464 | 475 | 10 | 45043 | 28 | 48 | 100
453 | Revision_453/get.c | U | 481 | 492 | 10 | 45044 | 28 | 49 | 100
453 | Revision_453/routines.c | U | 287 | 294 | 8 | 45045 | 29 | 90 | 100
453 | Revision_453/readtags.c | U | 106 | 113 | 8 | 45046 | 29 | 79 | 100
453 | Revision_453/routines.c | U | 297 | 304 | 8 | 45047 | 30 | 91 | 100
453 | Revision_453/readtags.c | U | 116 | 123 | 8 | 45048 | 30 | 81 | 100
453 | Revision_453/routines.c | U | 328 | 334 | 6 | 45049 | 31 | 92 | 100
453 | Revision_453/routines.c | U | 337 | 343 | 6 | 45050 | 31 | 93 | 100
453 | Revision_453/routines.c | U | 348 | 355 | 8 | 45051 | 32 | 94 | 100
453 | Revision_453/routines.c | U | 360 | 367 | 8 | 45052 | 32 | 95 | 100
453 | Revision_453/sh.c | U | 103 | 113 | 9 | 45053 | 33 | 54 | 100
453 | Revision_453/scheme.c | U | 99 | 109 | 9 | 45054 | 33 | 55 | 100
453 | Revision_453/beta.c | U | 152 | 156 | 5 | 45055 | 34 | 56 | 100
453 | Revision_453/beta.c | U | 277 | 281 | 5 | 45056 | 34 | 57 | 100
453 | Revision_453/beta.c | U | 158 | 162 | 5 | 45057 | 34 | 58 | 100
453 | Revision_453/beta.c | U | 165 | 169 | 5 | 45058 | 35 | 59 | 100
453 | Revision_453/beta.c | U | 271 | 275 | 5 | 45059 | 35 | 60 | 100
453 | Revision_453/erlang.c | U | 108 | 113 | 6 | 45060 | 36 | 138 | 100
453 | Revision_453/erlang.c | U | 116 | 121 | 6 | 45061 | 36 | 139 | 100
453 | Revision_453/sql.c | U | 418 | 424 | 6 | 45062 | 37 | 109 | 100
453 | Revision_453/sql.c | U | 624 | 630 | 6 | 45063 | 37 | 110 | 100
453 | Revision_453/sql.c | U | 444 | 449 | 6 | 45064 | 38 | 154 | 100
453 | Revision_453/sql.c | U | 608 | 613 | 6 | 45065 | 38 | 155 | 100
453 | Revision_453/sql.c | U | 504 | 508 | 5 | 45066 | 39 | 113 | 100
453 | Revision_453/fortran.c | U | 1919 | 1923 | 5 | 45067 | 39 | 99 | 100
453 | Revision_453/parse.c | U | 48 | 56 | 7 | 45068 | 40 | 121 | 100
453 | Revision_453/sml.c | U | 75 | 81 | 7 | 45069 | 40 | 122 | 100
453 | Revision_453/parse.c | U | 103 | 107 | 5 | 45070 | 41 | 61 | 100
453 | Revision_453/parse.c | U | 117 | 121 | 5 | 45071 | 41 | 62 | 100
453 | Revision_453/parse.c | U | 557 | 561 | 5 | 45072 | 42 | 144 | 100
453 | Revision_453/parse.c | U | 576 | 580 | 5 | 45073 | 42 | 145 | 100
453 | Revision_453/readtags.c | U | 542 | 548 | 6 | 45074 | 43 | 82 | 100
453 | Revision_453/readtags.c | U | 550 | 556 | 6 | 45075 | 43 | 83 | 100
453 | Revision_453/readtags.c | U | 739 | 744 | 6 | 45076 | 44 | 64 | 100
453 | Revision_453/readtags.c | U | 764 | 769 | 6 | 45077 | 44 | 77 | 100
453 | Revision_453/fortran.c | U | 589 | 593 | 5 | 45078 | 45 | 153 | 100
453 | Revision_453/fortran.c | U | 1214 | 1218 | 5 | 45079 | 45 | 86 | 100
453 | Revision_453/options.c | U | 369 | 375 | 6 | 45080 | 46 | 69 | 100
453 | Revision_453/options.c | U | 378 | 384 | 6 | 45081 | 46 | 70 | 100
453 | Revision_453/options.c | U | 541 | 547 | 7 | 45082 | 47 | 71 | 100
453 | Revision_453/options.c | U | 550 | 556 | 7 | 45083 | 47 | 72 | 100
453 | Revision_453/options.c | U | 559 | 565 | 7 | 45084 | 47 | 74 | 100
453 | Revision_453/options.c | U | 568 | 574 | 7 | 45085 | 47 | 73 | 100
453 | Revision_453/options.c | U | 1099 | 1103 | 5 | 45086 | 48 | 75 | 100
453 | Revision_453/options.c | U | 1105 | 1109 | 5 | 45087 | 48 | 76 | 100
453 | Revision_453/options.c | U | 1151 | 1163 | 12 | 45088 | 49 | 146 | 100
453 | Revision_453/options.c | U | 1168 | 1180 | 12 | 45089 | 49 | 147 | 100
