Revision | filePath | changeType | StartLine | EndLine | Nlines | cloneId | classId | globalCloneId | Similarity
454 | Revision_454/asp.c | U | 71 | 90 | 15 | 45090 | 1 | 1 | 100
454 | Revision_454/asp.c | U | 94 | 113 | 15 | 45091 | 1 | 2 | 100
454 | Revision_454/asp.c | U | 117 | 133 | 14 | 45092 | 2 | 3 | 100
454 | Revision_454/asp.c | U | 137 | 152 | 14 | 45093 | 2 | 6 | 100
454 | Revision_454/asp.c | U | 175 | 190 | 14 | 45094 | 2 | 162 | 100
454 | Revision_454/asp.c | U | 156 | 171 | 14 | 45095 | 2 | 116 | 100
454 | Revision_454/asp.c | U | 201 | 209 | 9 | 45096 | 3 | 8 | 100
454 | Revision_454/sml.c | U | 201 | 209 | 9 | 45097 | 3 | 118 | 100
454 | Revision_454/ruby.c | U | 388 | 396 | 9 | 45098 | 3 | 164 | 100
454 | Revision_454/python.c | U | 246 | 254 | 9 | 45099 | 3 | 10 | 100
454 | Revision_454/args.c | U | 85 | 92 | 8 | 45100 | 4 | 11 | 100
454 | Revision_454/args.c | U | 159 | 166 | 8 | 45101 | 4 | 12 | 100
454 | Revision_454/c.c | U | 665 | 676 | 13 | 45102 | 5 | 117 | 100
454 | Revision_454/c.c | U | 1164 | 1177 | 13 | 45103 | 5 | 123 | 100
454 | Revision_454/c.c | U | 819 | 839 | 45 | 45104 | 6 | 157 | 100
454 | Revision_454/c.c | U | 858 | 878 | 45 | 45105 | 6 | 158 | 100
454 | Revision_454/c.c | U | 1404 | 1411 | 7 | 45106 | 7 | 15 | 100
454 | Revision_454/c.c | U | 1414 | 1421 | 7 | 45107 | 7 | 16 | 100
454 | Revision_454/c.c | U | 1749 | 1753 | 5 | 45108 | 8 | 126 | 100
454 | Revision_454/c.c | U | 1758 | 1762 | 5 | 45109 | 8 | 127 | 100
454 | Revision_454/c.c | U | 2163 | 2168 | 6 | 45110 | 9 | 142 | 100
454 | Revision_454/options.c | U | 531 | 536 | 6 | 45111 | 9 | 72 | 100
454 | Revision_454/c.c | U | 2421 | 2425 | 5 | 45112 | 10 | 159 | 100
454 | Revision_454/c.c | U | 2428 | 2432 | 5 | 45113 | 10 | 160 | 100
454 | Revision_454/c.c | U | 2773 | 2782 | 10 | 45114 | 11 | 17 | 100
454 | Revision_454/eiffel.c | U | 1220 | 1229 | 10 | 45115 | 11 | 19 | 100
454 | Revision_454/c.c | U | 2803 | 2812 | 10 | 45116 | 11 | 128 | 100
454 | Revision_454/sql.c | U | 676 | 685 | 10 | 45117 | 11 | 102 | 100
454 | Revision_454/verilog.c | U | 324 | 333 | 10 | 45118 | 11 | 156 | 100
454 | Revision_454/c.c | U | 2815 | 2824 | 10 | 45119 | 11 | 18 | 100
454 | Revision_454/eiffel.c | U | 215 | 224 | 8 | 45120 | 12 | 20 | 100
454 | Revision_454/sql.c | U | 195 | 204 | 8 | 45121 | 12 | 103 | 100
454 | Revision_454/fortran.c | U | 397 | 406 | 8 | 45122 | 12 | 21 | 100
454 | Revision_454/eiffel.c | U | 367 | 376 | 8 | 45123 | 13 | 104 | 100
454 | Revision_454/sql.c | U | 249 | 256 | 8 | 45124 | 13 | 105 | 100
454 | Revision_454/eiffel.c | U | 419 | 423 | 5 | 45125 | 14 | 87 | 100
454 | Revision_454/fortran.c | U | 812 | 816 | 5 | 45126 | 14 | 88 | 100
454 | Revision_454/eiffel.c | U | 602 | 612 | 9 | 45127 | 15 | 26 | 100
454 | Revision_454/fortran.c | U | 875 | 885 | 9 | 45128 | 15 | 27 | 100
454 | Revision_454/eiffel.c | U | 660 | 664 | 5 | 45129 | 16 | 106 | 100
454 | Revision_454/sql.c | U | 335 | 339 | 5 | 45130 | 16 | 107 | 100
454 | Revision_454/eiffel.c | U | 873 | 877 | 5 | 45131 | 17 | 89 | 100
454 | Revision_454/eiffel.c | U | 1011 | 1015 | 5 | 45132 | 17 | 85 | 100
454 | Revision_454/fortran.c | U | 1346 | 1350 | 5 | 45133 | 17 | 86 | 100
454 | Revision_454/jscript.c | U | 31 | 38 | 8 | 45134 | 18 | 148 | 100
454 | Revision_454/slang.c | U | 34 | 41 | 8 | 45135 | 18 | 32 | 100
454 | Revision_454/yacc.c | U | 31 | 38 | 8 | 45136 | 18 | 33 | 100
454 | Revision_454/vim.c | U | 56 | 60 | 5 | 45137 | 19 | 100 | 100
454 | Revision_454/vim.c | U | 62 | 66 | 5 | 45138 | 19 | 101 | 100
454 | Revision_454/vim.c | U | 100 | 109 | 10 | 45139 | 20 | 130 | 100
454 | Revision_454/vim.c | U | 125 | 134 | 10 | 45140 | 20 | 34 | 100
454 | Revision_454/vim.c | U | 168 | 176 | 9 | 45141 | 21 | 34 | 100
454 | Revision_454/beta.c | U | 310 | 318 | 9 | 45142 | 21 | 36 | 100
454 | Revision_454/lua.c | U | 123 | 131 | 9 | 45143 | 21 | 84 | 100
454 | Revision_454/python.c | U | 105 | 109 | 5 | 45144 | 22 | 119 | 100
454 | Revision_454/sml.c | U | 84 | 88 | 5 | 45145 | 22 | 120 | 100
454 | Revision_454/erlang.c | U | 58 | 62 | 5 | 45146 | 22 | 131 | 100
454 | Revision_454/python.c | U | 114 | 123 | 9 | 45147 | 23 | 132 | 100
454 | Revision_454/erlang.c | U | 66 | 75 | 9 | 45148 | 23 | 133 | 100
454 | Revision_454/perl.c | U | 203 | 211 | 9 | 45149 | 24 | 39 | 100
454 | Revision_454/tcl.c | U | 106 | 114 | 9 | 45150 | 24 | 134 | 100
454 | Revision_454/erlang.c | U | 179 | 187 | 9 | 45151 | 24 | 135 | 100
454 | Revision_454/sort.c | U | 122 | 127 | 5 | 45152 | 25 | 96 | 100
454 | Revision_454/sort.c | U | 130 | 135 | 5 | 45153 | 25 | 97 | 100
454 | Revision_454/pascal.c | U | 176 | 182 | 6 | 45154 | 26 | 46 | 100
454 | Revision_454/pascal.c | U | 184 | 190 | 6 | 45155 | 26 | 47 | 100
454 | Revision_454/awk.c | U | 71 | 79 | 9 | 45156 | 27 | 43 | 100
454 | Revision_454/php.c | U | 161 | 169 | 9 | 45157 | 27 | 41 | 100
454 | Revision_454/get.c | U | 464 | 475 | 10 | 45158 | 28 | 48 | 100
454 | Revision_454/get.c | U | 481 | 492 | 10 | 45159 | 28 | 49 | 100
454 | Revision_454/routines.c | U | 287 | 294 | 8 | 45160 | 29 | 90 | 100
454 | Revision_454/readtags.c | U | 106 | 113 | 8 | 45161 | 29 | 79 | 100
454 | Revision_454/routines.c | U | 297 | 304 | 8 | 45162 | 30 | 91 | 100
454 | Revision_454/readtags.c | U | 116 | 123 | 8 | 45163 | 30 | 81 | 100
454 | Revision_454/routines.c | U | 328 | 334 | 6 | 45164 | 31 | 92 | 100
454 | Revision_454/routines.c | U | 337 | 343 | 6 | 45165 | 31 | 93 | 100
454 | Revision_454/routines.c | U | 348 | 355 | 8 | 45166 | 32 | 94 | 100
454 | Revision_454/routines.c | U | 360 | 367 | 8 | 45167 | 32 | 95 | 100
454 | Revision_454/sh.c | U | 103 | 113 | 9 | 45168 | 33 | 54 | 100
454 | Revision_454/scheme.c | U | 99 | 109 | 9 | 45169 | 33 | 55 | 100
454 | Revision_454/beta.c | U | 152 | 156 | 5 | 45170 | 34 | 56 | 100
454 | Revision_454/beta.c | U | 158 | 162 | 5 | 45171 | 34 | 58 | 100
454 | Revision_454/beta.c | U | 277 | 281 | 5 | 45172 | 34 | 57 | 100
454 | Revision_454/beta.c | U | 165 | 169 | 5 | 45173 | 35 | 59 | 100
454 | Revision_454/beta.c | U | 271 | 275 | 5 | 45174 | 35 | 60 | 100
454 | Revision_454/erlang.c | U | 108 | 113 | 6 | 45175 | 36 | 138 | 100
454 | Revision_454/erlang.c | U | 116 | 121 | 6 | 45176 | 36 | 139 | 100
454 | Revision_454/sql.c | U | 418 | 424 | 6 | 45177 | 37 | 109 | 100
454 | Revision_454/sql.c | U | 624 | 630 | 6 | 45178 | 37 | 110 | 100
454 | Revision_454/sql.c | U | 444 | 449 | 6 | 45179 | 38 | 154 | 100
454 | Revision_454/sql.c | U | 608 | 613 | 6 | 45180 | 38 | 155 | 100
454 | Revision_454/sql.c | U | 504 | 508 | 5 | 45181 | 39 | 113 | 100
454 | Revision_454/fortran.c | U | 1919 | 1923 | 5 | 45182 | 39 | 99 | 100
454 | Revision_454/parse.c | U | 48 | 56 | 7 | 45183 | 40 | 121 | 100
454 | Revision_454/sml.c | U | 75 | 81 | 7 | 45184 | 40 | 122 | 100
454 | Revision_454/parse.c | U | 103 | 107 | 5 | 45185 | 41 | 61 | 100
454 | Revision_454/parse.c | U | 117 | 121 | 5 | 45186 | 41 | 62 | 100
454 | Revision_454/parse.c | U | 557 | 561 | 5 | 45187 | 42 | 144 | 100
454 | Revision_454/parse.c | U | 576 | 580 | 5 | 45188 | 42 | 145 | 100
454 | Revision_454/readtags.c | U | 542 | 548 | 6 | 45189 | 43 | 82 | 100
454 | Revision_454/readtags.c | U | 550 | 556 | 6 | 45190 | 43 | 83 | 100
454 | Revision_454/readtags.c | U | 739 | 744 | 6 | 45191 | 44 | 64 | 100
454 | Revision_454/readtags.c | U | 764 | 769 | 6 | 45192 | 44 | 77 | 100
454 | Revision_454/fortran.c | U | 589 | 593 | 5 | 45193 | 45 | 153 | 100
454 | Revision_454/fortran.c | U | 1214 | 1218 | 5 | 45194 | 45 | 86 | 100
454 | Revision_454/options.c | U | 369 | 375 | 6 | 45195 | 46 | 69 | 100
454 | Revision_454/options.c | U | 378 | 384 | 6 | 45196 | 46 | 70 | 100
454 | Revision_454/options.c | U | 541 | 547 | 7 | 45197 | 47 | 71 | 100
454 | Revision_454/options.c | U | 568 | 574 | 7 | 45198 | 47 | 73 | 100
454 | Revision_454/options.c | U | 559 | 565 | 7 | 45199 | 47 | 74 | 100
454 | Revision_454/options.c | U | 550 | 556 | 7 | 45200 | 47 | 72 | 100
454 | Revision_454/options.c | U | 1099 | 1103 | 5 | 45201 | 48 | 75 | 100
454 | Revision_454/options.c | U | 1105 | 1109 | 5 | 45202 | 48 | 76 | 100
454 | Revision_454/options.c | U | 1151 | 1163 | 12 | 45203 | 49 | 146 | 100
454 | Revision_454/options.c | U | 1168 | 1180 | 12 | 45204 | 49 | 147 | 100
