Revision | filePath | changeType | StartLine | EndLine | Nlines | cloneId | classId | globalCloneId | Similarity
479 | Revision_479/asp.c | U | 71 | 90 | 15 | 48505 | 1 | 1 | 100
479 | Revision_479/asp.c | U | 94 | 113 | 15 | 48506 | 1 | 2 | 100
479 | Revision_479/asp.c | U | 117 | 133 | 14 | 48507 | 2 | 3 | 100
479 | Revision_479/asp.c | U | 175 | 190 | 14 | 48508 | 2 | 162 | 100
479 | Revision_479/asp.c | U | 156 | 171 | 14 | 48509 | 2 | 116 | 100
479 | Revision_479/asp.c | U | 137 | 152 | 14 | 48510 | 2 | 6 | 100
479 | Revision_479/asp.c | U | 201 | 209 | 9 | 48511 | 3 | 8 | 100
479 | Revision_479/sml.c | U | 201 | 209 | 9 | 48512 | 3 | 118 | 100
479 | Revision_479/ruby.c | U | 389 | 397 | 9 | 48513 | 3 | 164 | 100
479 | Revision_479/python.c | U | 272 | 280 | 9 | 48514 | 3 | 10 | 100
479 | Revision_479/args.c | U | 85 | 92 | 8 | 48515 | 4 | 11 | 100
479 | Revision_479/args.c | U | 159 | 166 | 8 | 48516 | 4 | 12 | 100
479 | Revision_479/c.c | U | 665 | 676 | 13 | 48517 | 5 | 117 | 100
479 | Revision_479/c.c | U | 1164 | 1177 | 13 | 48518 | 5 | 123 | 100
479 | Revision_479/c.c | U | 819 | 839 | 45 | 48519 | 6 | 157 | 100
479 | Revision_479/c.c | U | 858 | 878 | 45 | 48520 | 6 | 158 | 100
479 | Revision_479/c.c | U | 1404 | 1411 | 7 | 48521 | 7 | 15 | 100
479 | Revision_479/c.c | U | 1414 | 1421 | 7 | 48522 | 7 | 16 | 100
479 | Revision_479/c.c | U | 1749 | 1753 | 5 | 48523 | 8 | 126 | 100
479 | Revision_479/c.c | U | 1758 | 1762 | 5 | 48524 | 8 | 127 | 100
479 | Revision_479/c.c | U | 2163 | 2168 | 6 | 48525 | 9 | 142 | 100
479 | Revision_479/options.c | U | 531 | 536 | 6 | 48526 | 9 | 72 | 100
479 | Revision_479/c.c | U | 2424 | 2428 | 5 | 48527 | 10 | 159 | 100
479 | Revision_479/c.c | U | 2431 | 2435 | 5 | 48528 | 10 | 160 | 100
479 | Revision_479/c.c | U | 2776 | 2785 | 10 | 48529 | 11 | 17 | 100
479 | Revision_479/c.c | U | 2806 | 2815 | 10 | 48530 | 11 | 128 | 100
479 | Revision_479/sql.c | U | 1812 | 1821 | 10 | 48531 | 11 | 102 | 100
479 | Revision_479/eiffel.c | U | 1220 | 1229 | 10 | 48532 | 11 | 19 | 100
479 | Revision_479/verilog.c | U | 324 | 333 | 10 | 48533 | 11 | 156 | 100
479 | Revision_479/c.c | U | 2818 | 2827 | 10 | 48534 | 11 | 18 | 100
479 | Revision_479/eiffel.c | U | 215 | 224 | 8 | 48535 | 12 | 20 | 100
479 | Revision_479/jscript.c | U | 175 | 184 | 8 | 48536 | 12 | 168 | 100
479 | Revision_479/fortran.c | U | 397 | 406 | 8 | 48537 | 12 | 21 | 100
479 | Revision_479/sql.c | U | 332 | 341 | 8 | 48538 | 12 | 103 | 100
479 | Revision_479/eiffel.c | U | 367 | 376 | 8 | 48539 | 13 | 104 | 100
479 | Revision_479/sql.c | U | 412 | 419 | 8 | 48540 | 13 | 105 | 100
479 | Revision_479/jscript.c | U | 274 | 281 | 8 | 48541 | 13 | 169 | 100
479 | Revision_479/eiffel.c | U | 419 | 423 | 5 | 48542 | 14 | 87 | 100
479 | Revision_479/fortran.c | U | 812 | 816 | 5 | 48543 | 14 | 88 | 100
479 | Revision_479/eiffel.c | U | 602 | 612 | 9 | 48544 | 15 | 26 | 100
479 | Revision_479/fortran.c | U | 875 | 885 | 9 | 48545 | 15 | 27 | 100
479 | Revision_479/eiffel.c | U | 660 | 664 | 5 | 48546 | 16 | 106 | 100
479 | Revision_479/sql.c | U | 515 | 519 | 5 | 48547 | 16 | 107 | 100
479 | Revision_479/eiffel.c | U | 873 | 877 | 5 | 48548 | 17 | 89 | 100
479 | Revision_479/fortran.c | U | 1346 | 1350 | 5 | 48549 | 17 | 86 | 100
479 | Revision_479/eiffel.c | U | 1011 | 1015 | 5 | 48550 | 17 | 85 | 100
479 | Revision_479/basic.c | U | 180 | 188 | 9 | 48551 | 18 | 166 | 100
479 | Revision_479/basic.c | U | 191 | 199 | 9 | 48552 | 18 | 167 | 100
479 | Revision_479/jscript.c | U | 200 | 204 | 5 | 48553 | 19 | 173 | 100
479 | Revision_479/sql.c | U | 356 | 360 | 5 | 48554 | 19 | 174 | 100
479 | Revision_479/jscript.c | U | 211 | 225 | 12 | 48555 | 20 | 177 | 100
479 | Revision_479/sql.c | U | 367 | 381 | 12 | 48556 | 20 | 178 | 100
479 | Revision_479/jscript.c | U | 228 | 249 | 15 | 48557 | 21 | 175 | 100
479 | Revision_479/sql.c | U | 384 | 405 | 15 | 48558 | 21 | 176 | 100
479 | Revision_479/jscript.c | U | 252 | 258 | 6 | 48559 | 22 | 173 | 100
479 | Revision_479/jscript.c | U | 261 | 267 | 6 | 48560 | 22 | 169 | 100
479 | Revision_479/jscript.c | U | 284 | 298 | 14 | 48561 | 23 | 179 | 100
479 | Revision_479/sql.c | U | 422 | 436 | 14 | 48562 | 23 | 180 | 100
479 | Revision_479/jscript.c | U | 304 | 315 | 12 | 48563 | 24 | 181 | 100
479 | Revision_479/sql.c | U | 441 | 452 | 12 | 48564 | 24 | 182 | 100
479 | Revision_479/jscript.c | U | 318 | 324 | 7 | 48565 | 25 | 183 | 100
479 | Revision_479/sql.c | U | 455 | 461 | 7 | 48566 | 25 | 113 | 100
479 | Revision_479/jscript.c | U | 368 | 398 | 26 | 48567 | 26 | 204 | 100
479 | Revision_479/sql.c | U | 543 | 573 | 26 | 48568 | 26 | 205 | 100
479 | Revision_479/jscript.c | U | 434 | 464 | 18 | 48569 | 27 | 206 | 100
479 | Revision_479/sql.c | U | 651 | 681 | 18 | 48570 | 27 | 171 | 100
479 | Revision_479/jscript.c | U | 477 | 484 | 7 | 48571 | 28 | 187 | 100
479 | Revision_479/sql.c | U | 616 | 623 | 7 | 48572 | 28 | 188 | 100
479 | Revision_479/jscript.c | U | 623 | 634 | 6 | 48573 | 29 | 192 | 100
479 | Revision_479/sql.c | U | 1207 | 1213 | 6 | 48574 | 29 | 207 | 100
479 | Revision_479/sql.c | U | 829 | 849 | 6 | 48575 | 29 | 193 | 100
479 | Revision_479/jscript.c | U | 1032 | 1050 | 7 | 48576 | 30 | 197 | 100
479 | Revision_479/sql.c | U | 1341 | 1348 | 7 | 48577 | 30 | 198 | 100
479 | Revision_479/jscript.c | U | 1091 | 1095 | 5 | 48578 | 31 | 208 | 100
479 | Revision_479/fortran.c | U | 1919 | 1923 | 5 | 48579 | 31 | 99 | 100
479 | Revision_479/jscript.c | U | 1209 | 1213 | 5 | 48580 | 32 | 199 | 100
479 | Revision_479/sql.c | U | 1795 | 1799 | 5 | 48581 | 32 | 200 | 100
479 | Revision_479/slang.c | U | 34 | 41 | 8 | 48582 | 33 | 32 | 100
479 | Revision_479/yacc.c | U | 31 | 38 | 8 | 48583 | 33 | 33 | 100
479 | Revision_479/vim.c | M | 91 | 95 | 5 | 48584 | 34 | 100 | 100
479 | Revision_479/vim.c | M | 97 | 101 | 5 | 48585 | 34 | 101 | 100
479 | Revision_479/vim.c | A | 622 | 630 | 9 | 48586 | 35 | 34 | 100
479 | Revision_479/lua.c | U | 123 | 131 | 9 | 48587 | 35 | 84 | 100
479 | Revision_479/beta.c | U | 310 | 318 | 9 | 48588 | 35 | 36 | 100
479 | Revision_479/python.c | U | 107 | 111 | 5 | 48589 | 36 | 119 | 100
479 | Revision_479/sml.c | U | 84 | 88 | 5 | 48590 | 36 | 120 | 100
479 | Revision_479/erlang.c | U | 58 | 62 | 5 | 48591 | 36 | 131 | 100
479 | Revision_479/python.c | U | 115 | 124 | 9 | 48592 | 37 | 132 | 100
479 | Revision_479/erlang.c | U | 66 | 75 | 9 | 48593 | 37 | 133 | 100
479 | Revision_479/perl.c | U | 203 | 211 | 9 | 48594 | 38 | 39 | 100
479 | Revision_479/erlang.c | U | 179 | 187 | 9 | 48595 | 38 | 135 | 100
479 | Revision_479/tcl.c | U | 106 | 114 | 9 | 48596 | 38 | 134 | 100
479 | Revision_479/sort.c | U | 122 | 127 | 5 | 48597 | 39 | 96 | 100
479 | Revision_479/sort.c | U | 130 | 135 | 5 | 48598 | 39 | 97 | 100
479 | Revision_479/pascal.c | U | 176 | 182 | 6 | 48599 | 40 | 46 | 100
479 | Revision_479/pascal.c | U | 184 | 190 | 6 | 48600 | 40 | 47 | 100
479 | Revision_479/awk.c | U | 71 | 79 | 9 | 48601 | 41 | 43 | 100
479 | Revision_479/php.c | U | 161 | 169 | 9 | 48602 | 41 | 41 | 100
479 | Revision_479/get.c | U | 464 | 475 | 10 | 48603 | 42 | 48 | 100
479 | Revision_479/get.c | U | 481 | 492 | 10 | 48604 | 42 | 49 | 100
479 | Revision_479/routines.c | U | 287 | 294 | 8 | 48605 | 43 | 90 | 100
479 | Revision_479/readtags.c | U | 106 | 113 | 8 | 48606 | 43 | 79 | 100
479 | Revision_479/routines.c | U | 297 | 304 | 8 | 48607 | 44 | 91 | 100
479 | Revision_479/readtags.c | U | 116 | 123 | 8 | 48608 | 44 | 81 | 100
479 | Revision_479/routines.c | U | 328 | 334 | 6 | 48609 | 45 | 92 | 100
479 | Revision_479/routines.c | U | 337 | 343 | 6 | 48610 | 45 | 93 | 100
479 | Revision_479/routines.c | U | 348 | 355 | 8 | 48611 | 46 | 94 | 100
479 | Revision_479/routines.c | U | 360 | 367 | 8 | 48612 | 46 | 95 | 100
479 | Revision_479/sh.c | U | 103 | 113 | 9 | 48613 | 47 | 54 | 100
479 | Revision_479/scheme.c | U | 99 | 109 | 9 | 48614 | 47 | 55 | 100
479 | Revision_479/beta.c | U | 152 | 156 | 5 | 48615 | 48 | 56 | 100
479 | Revision_479/beta.c | U | 158 | 162 | 5 | 48616 | 48 | 58 | 100
479 | Revision_479/beta.c | U | 277 | 281 | 5 | 48617 | 48 | 57 | 100
479 | Revision_479/beta.c | U | 165 | 169 | 5 | 48618 | 49 | 59 | 100
479 | Revision_479/beta.c | U | 271 | 275 | 5 | 48619 | 49 | 60 | 100
479 | Revision_479/erlang.c | U | 108 | 113 | 6 | 48620 | 50 | 138 | 100
479 | Revision_479/erlang.c | U | 116 | 121 | 6 | 48621 | 50 | 139 | 100
479 | Revision_479/sql.c | U | 1445 | 1451 | 5 | 48622 | 51 | 201 | 100
479 | Revision_479/sql.c | U | 1474 | 1480 | 5 | 48623 | 51 | 202 | 100
479 | Revision_479/parse.c | U | 48 | 56 | 7 | 48624 | 52 | 121 | 100
479 | Revision_479/sml.c | U | 75 | 81 | 7 | 48625 | 52 | 122 | 100
479 | Revision_479/parse.c | U | 103 | 107 | 5 | 48626 | 53 | 61 | 100
479 | Revision_479/parse.c | U | 117 | 121 | 5 | 48627 | 53 | 62 | 100
479 | Revision_479/parse.c | U | 557 | 561 | 5 | 48628 | 54 | 144 | 100
479 | Revision_479/parse.c | U | 576 | 580 | 5 | 48629 | 54 | 145 | 100
479 | Revision_479/readtags.c | U | 542 | 548 | 6 | 48630 | 55 | 82 | 100
479 | Revision_479/readtags.c | U | 550 | 556 | 6 | 48631 | 55 | 83 | 100
479 | Revision_479/readtags.c | U | 739 | 744 | 6 | 48632 | 56 | 64 | 100
479 | Revision_479/readtags.c | U | 764 | 769 | 6 | 48633 | 56 | 77 | 100
479 | Revision_479/fortran.c | U | 589 | 593 | 5 | 48634 | 57 | 153 | 100
479 | Revision_479/fortran.c | U | 1214 | 1218 | 5 | 48635 | 57 | 86 | 100
479 | Revision_479/options.c | U | 369 | 375 | 6 | 48636 | 58 | 69 | 100
479 | Revision_479/options.c | U | 378 | 384 | 6 | 48637 | 58 | 70 | 100
479 | Revision_479/options.c | U | 541 | 547 | 7 | 48638 | 59 | 71 | 100
479 | Revision_479/options.c | U | 568 | 574 | 7 | 48639 | 59 | 73 | 100
479 | Revision_479/options.c | U | 550 | 556 | 7 | 48640 | 59 | 72 | 100
479 | Revision_479/options.c | U | 559 | 565 | 7 | 48641 | 59 | 74 | 100
479 | Revision_479/options.c | U | 1099 | 1103 | 5 | 48642 | 60 | 75 | 100
479 | Revision_479/options.c | U | 1105 | 1109 | 5 | 48643 | 60 | 76 | 100
479 | Revision_479/options.c | U | 1151 | 1163 | 12 | 48644 | 61 | 146 | 100
479 | Revision_479/options.c | U | 1168 | 1180 | 12 | 48645 | 61 | 147 | 100
