Revision | filePath | changeType | StartLine | EndLine | Nlines | cloneId | classId | globalCloneId | Similarity
483 | Revision_483/args.c | U | 85 | 92 | 8 | 35652 | 1 | 1 | 100
483 | Revision_483/args.c | U | 159 | 166 | 8 | 35653 | 1 | 2 | 100
483 | Revision_483/asp.c | U | 71 | 90 | 15 | 35654 | 2 | 8 | 100
483 | Revision_483/asp.c | U | 94 | 113 | 15 | 35655 | 2 | 9 | 100
483 | Revision_483/asp.c | U | 117 | 133 | 14 | 35656 | 3 | 10 | 100
483 | Revision_483/asp.c | U | 137 | 152 | 14 | 35657 | 3 | 12 | 100
483 | Revision_483/asp.c | U | 175 | 190 | 14 | 35658 | 3 | 114 | 100
483 | Revision_483/asp.c | U | 156 | 171 | 14 | 35659 | 3 | 87 | 100
483 | Revision_483/asp.c | U | 201 | 209 | 9 | 35660 | 4 | 15 | 100
483 | Revision_483/ruby.c | U | 389 | 397 | 9 | 35661 | 4 | 116 | 100
483 | Revision_483/python.c | U | 272 | 280 | 9 | 35662 | 4 | 16 | 100
483 | Revision_483/sml.c | U | 201 | 209 | 9 | 35663 | 4 | 88 | 100
483 | Revision_483/awk.c | U | 71 | 79 | 9 | 35664 | 5 | 7 | 100
483 | Revision_483/php.c | U | 161 | 169 | 9 | 35665 | 5 | 5 | 100
483 | Revision_483/basic.c | U | 180 | 188 | 9 | 35666 | 6 | 118 | 100
483 | Revision_483/basic.c | U | 191 | 199 | 9 | 35667 | 6 | 119 | 100
483 | Revision_483/beta.c | U | 152 | 156 | 5 | 35668 | 7 | 18 | 100
483 | Revision_483/beta.c | U | 158 | 162 | 5 | 35669 | 7 | 20 | 100
483 | Revision_483/beta.c | U | 277 | 281 | 5 | 35670 | 7 | 19 | 100
483 | Revision_483/beta.c | U | 165 | 169 | 5 | 35671 | 8 | 21 | 100
483 | Revision_483/beta.c | U | 271 | 275 | 5 | 35672 | 8 | 22 | 100
483 | Revision_483/beta.c | U | 310 | 318 | 9 | 35673 | 9 | 23 | 100
483 | Revision_483/vim.c | U | 626 | 634 | 9 | 35674 | 9 | 24 | 100
483 | Revision_483/lua.c | U | 123 | 131 | 9 | 35675 | 9 | 65 | 100
483 | Revision_483/erlang.c | U | 58 | 62 | 5 | 35676 | 10 | 94 | 100
483 | Revision_483/python.c | U | 107 | 111 | 5 | 35677 | 10 | 91 | 100
483 | Revision_483/sml.c | U | 84 | 88 | 5 | 35678 | 10 | 92 | 100
483 | Revision_483/erlang.c | U | 66 | 75 | 9 | 35679 | 11 | 95 | 100
483 | Revision_483/python.c | U | 115 | 124 | 9 | 35680 | 11 | 96 | 100
483 | Revision_483/erlang.c | U | 108 | 113 | 6 | 35681 | 12 | 101 | 100
483 | Revision_483/erlang.c | U | 116 | 121 | 6 | 35682 | 12 | 102 | 100
483 | Revision_483/erlang.c | U | 179 | 187 | 9 | 35683 | 13 | 99 | 100
483 | Revision_483/perl.c | U | 203 | 211 | 9 | 35684 | 13 | 6 | 100
483 | Revision_483/tcl.c | U | 106 | 114 | 9 | 35685 | 13 | 100 | 100
483 | Revision_483/get.c | U | 464 | 475 | 10 | 35686 | 14 | 30 | 100
483 | Revision_483/get.c | U | 481 | 492 | 10 | 35687 | 14 | 31 | 100
483 | Revision_483/jscript.c | U | 175 | 184 | 8 | 35688 | 15 | 122 | 100
483 | Revision_483/sql.c | U | 334 | 343 | 8 | 35689 | 15 | 123 | 100
483 | Revision_483/jscript.c | U | 200 | 204 | 5 | 35690 | 16 | 125 | 100
483 | Revision_483/sql.c | U | 358 | 362 | 5 | 35691 | 16 | 126 | 100
483 | Revision_483/jscript.c | U | 211 | 225 | 12 | 35692 | 17 | 129 | 100
483 | Revision_483/sql.c | U | 369 | 383 | 12 | 35693 | 17 | 130 | 100
483 | Revision_483/jscript.c | U | 228 | 249 | 15 | 35694 | 18 | 127 | 100
483 | Revision_483/sql.c | U | 386 | 407 | 15 | 35695 | 18 | 128 | 100
483 | Revision_483/jscript.c | U | 252 | 258 | 6 | 35696 | 19 | 125 | 100
483 | Revision_483/jscript.c | U | 261 | 267 | 6 | 35697 | 19 | 131 | 100
483 | Revision_483/jscript.c | U | 274 | 281 | 8 | 35698 | 20 | 131 | 100
483 | Revision_483/sql.c | U | 414 | 421 | 8 | 35699 | 20 | 132 | 100
483 | Revision_483/jscript.c | U | 284 | 298 | 14 | 35700 | 21 | 133 | 100
483 | Revision_483/sql.c | U | 424 | 438 | 14 | 35701 | 21 | 134 | 100
483 | Revision_483/jscript.c | U | 304 | 315 | 12 | 35702 | 22 | 135 | 100
483 | Revision_483/sql.c | U | 443 | 454 | 12 | 35703 | 22 | 136 | 100
483 | Revision_483/jscript.c | U | 318 | 324 | 7 | 35704 | 23 | 137 | 100
483 | Revision_483/sql.c | U | 457 | 463 | 7 | 35705 | 23 | 138 | 100
483 | Revision_483/jscript.c | U | 368 | 398 | 26 | 35706 | 24 | 159 | 100
483 | Revision_483/sql.c | U | 545 | 575 | 26 | 35707 | 24 | 160 | 100
483 | Revision_483/jscript.c | U | 434 | 464 | 18 | 35708 | 25 | 161 | 100
483 | Revision_483/sql.c | U | 653 | 683 | 18 | 35709 | 25 | 121 | 100
483 | Revision_483/jscript.c | U | 477 | 484 | 7 | 35710 | 26 | 142 | 100
483 | Revision_483/sql.c | U | 618 | 625 | 7 | 35711 | 26 | 143 | 100
483 | Revision_483/jscript.c | U | 623 | 634 | 6 | 35712 | 27 | 147 | 100
483 | Revision_483/sql.c | U | 1209 | 1215 | 6 | 35713 | 27 | 162 | 100
483 | Revision_483/sql.c | U | 831 | 851 | 6 | 35714 | 27 | 148 | 100
483 | Revision_483/jscript.c | U | 1032 | 1050 | 7 | 35715 | 28 | 152 | 100
483 | Revision_483/sql.c | U | 1343 | 1350 | 7 | 35716 | 28 | 153 | 100
483 | Revision_483/jscript.c | U | 1209 | 1213 | 5 | 35717 | 29 | 154 | 100
483 | Revision_483/sql.c | U | 1797 | 1801 | 5 | 35718 | 29 | 155 | 100
483 | Revision_483/options.c | U | 369 | 375 | 6 | 35719 | 30 | 36 | 100
483 | Revision_483/options.c | U | 378 | 384 | 6 | 35720 | 30 | 37 | 100
483 | Revision_483/options.c | U | 541 | 547 | 7 | 35721 | 31 | 38 | 100
483 | Revision_483/options.c | U | 559 | 565 | 7 | 35722 | 31 | 40 | 100
483 | Revision_483/options.c | U | 550 | 556 | 7 | 35723 | 31 | 39 | 100
483 | Revision_483/options.c | U | 568 | 574 | 7 | 35724 | 31 | 41 | 100
483 | Revision_483/options.c | U | 1099 | 1103 | 5 | 35725 | 32 | 42 | 100
483 | Revision_483/options.c | U | 1105 | 1109 | 5 | 35726 | 32 | 42 | 100
483 | Revision_483/options.c | U | 1151 | 1163 | 12 | 35727 | 33 | 103 | 100
483 | Revision_483/options.c | U | 1168 | 1180 | 12 | 35728 | 33 | 104 | 100
483 | Revision_483/parse.c | U | 48 | 56 | 7 | 35729 | 34 | 89 | 100
483 | Revision_483/sml.c | U | 75 | 81 | 7 | 35730 | 34 | 90 | 100
483 | Revision_483/parse.c | U | 103 | 107 | 5 | 35731 | 35 | 44 | 100
483 | Revision_483/parse.c | U | 117 | 121 | 5 | 35732 | 35 | 45 | 100
483 | Revision_483/parse.c | U | 557 | 561 | 5 | 35733 | 36 | 106 | 100
483 | Revision_483/parse.c | U | 576 | 580 | 5 | 35734 | 36 | 107 | 100
483 | Revision_483/pascal.c | U | 176 | 182 | 6 | 35735 | 37 | 46 | 100
483 | Revision_483/pascal.c | U | 184 | 190 | 6 | 35736 | 37 | 47 | 100
483 | Revision_483/readtags.c | U | 106 | 113 | 8 | 35737 | 38 | 60 | 100
483 | Revision_483/routines.c | U | 287 | 294 | 8 | 35738 | 38 | 66 | 100
483 | Revision_483/readtags.c | U | 116 | 123 | 8 | 35739 | 39 | 62 | 100
483 | Revision_483/routines.c | U | 297 | 304 | 8 | 35740 | 39 | 67 | 100
483 | Revision_483/readtags.c | U | 542 | 548 | 6 | 35741 | 40 | 63 | 100
483 | Revision_483/readtags.c | U | 550 | 556 | 6 | 35742 | 40 | 64 | 100
483 | Revision_483/readtags.c | U | 739 | 744 | 6 | 35743 | 41 | 51 | 100
483 | Revision_483/readtags.c | U | 764 | 769 | 6 | 35744 | 41 | 58 | 100
483 | Revision_483/routines.c | U | 328 | 334 | 6 | 35745 | 42 | 68 | 100
483 | Revision_483/routines.c | U | 337 | 343 | 6 | 35746 | 42 | 69 | 100
483 | Revision_483/routines.c | U | 348 | 355 | 8 | 35747 | 43 | 70 | 100
483 | Revision_483/routines.c | U | 360 | 367 | 8 | 35748 | 43 | 71 | 100
483 | Revision_483/scheme.c | U | 99 | 109 | 9 | 35749 | 44 | 52 | 100
483 | Revision_483/sh.c | U | 103 | 113 | 9 | 35750 | 44 | 53 | 100
483 | Revision_483/slang.c | U | 34 | 41 | 8 | 35751 | 45 | 54 | 100
483 | Revision_483/yacc.c | U | 31 | 38 | 8 | 35752 | 45 | 55 | 100
483 | Revision_483/sort.c | U | 122 | 127 | 5 | 35753 | 46 | 72 | 100
483 | Revision_483/sort.c | U | 130 | 135 | 5 | 35754 | 46 | 73 | 100
483 | Revision_483/sql.c | U | 1447 | 1453 | 5 | 35755 | 47 | 156 | 100
483 | Revision_483/sql.c | U | 1476 | 1482 | 5 | 35756 | 47 | 157 | 100
483 | Revision_483/sql.c | U | 1815 | 1824 | 10 | 35757 | 48 | 111 | 100
483 | Revision_483/verilog.c | U | 324 | 333 | 10 | 35758 | 48 | 112 | 100
483 | Revision_483/vim.c | U | 97 | 101 | 5 | 35759 | 49 | 76 | 100
483 | Revision_483/vim.c | M | 103 | 107 | 5 | 35760 | 49 | 77 | 100
