Revision | filePath | changeType | StartLine | EndLine | Nlines | cloneId | classId | globalCloneId | Similarity
540 | Revision_540/asp.c | U | 71 | 90 | 15 | 56982 | 1 | 1 | 100
540 | Revision_540/asp.c | U | 94 | 113 | 15 | 56983 | 1 | 2 | 100
540 | Revision_540/asp.c | U | 117 | 133 | 14 | 56984 | 2 | 3 | 100
540 | Revision_540/asp.c | U | 175 | 190 | 14 | 56985 | 2 | 162 | 100
540 | Revision_540/asp.c | U | 137 | 152 | 14 | 56986 | 2 | 6 | 100
540 | Revision_540/asp.c | U | 156 | 171 | 14 | 56987 | 2 | 116 | 100
540 | Revision_540/asp.c | U | 201 | 209 | 9 | 56988 | 3 | 8 | 100
540 | Revision_540/ruby.c | U | 389 | 397 | 9 | 56989 | 3 | 164 | 100
540 | Revision_540/sml.c | U | 202 | 210 | 9 | 56990 | 3 | 118 | 100
540 | Revision_540/args.c | U | 85 | 92 | 8 | 56991 | 4 | 11 | 100
540 | Revision_540/args.c | U | 160 | 167 | 8 | 56992 | 4 | 12 | 100
540 | Revision_540/c.c | U | 665 | 676 | 13 | 56993 | 5 | 117 | 100
540 | Revision_540/c.c | U | 1171 | 1184 | 13 | 56994 | 5 | 123 | 100
540 | Revision_540/c.c | U | 821 | 841 | 45 | 56995 | 6 | 157 | 100
540 | Revision_540/c.c | U | 865 | 885 | 45 | 56996 | 6 | 158 | 100
540 | Revision_540/c.c | U | 1411 | 1418 | 7 | 56997 | 7 | 15 | 100
540 | Revision_540/c.c | U | 1421 | 1428 | 7 | 56998 | 7 | 16 | 100
540 | Revision_540/c.c | U | 1773 | 1777 | 5 | 56999 | 8 | 126 | 100
540 | Revision_540/c.c | U | 1782 | 1786 | 5 | 57000 | 8 | 127 | 100
540 | Revision_540/c.c | U | 2187 | 2192 | 6 | 57001 | 9 | 142 | 100
540 | Revision_540/options.c | U | 533 | 538 | 6 | 57002 | 9 | 72 | 100
540 | Revision_540/c.c | U | 2473 | 2477 | 5 | 57003 | 10 | 159 | 100
540 | Revision_540/c.c | U | 2480 | 2484 | 5 | 57004 | 10 | 160 | 100
540 | Revision_540/c.c | U | 2829 | 2838 | 10 | 57005 | 11 | 17 | 100
540 | Revision_540/verilog.c | U | 316 | 325 | 10 | 57006 | 11 | 156 | 100
540 | Revision_540/eiffel.c | U | 1249 | 1258 | 10 | 57007 | 11 | 19 | 100
540 | Revision_540/c.c | U | 2859 | 2868 | 10 | 57008 | 11 | 128 | 100
540 | Revision_540/c.c | U | 2871 | 2880 | 10 | 57009 | 11 | 18 | 100
540 | Revision_540/sql.c | U | 1816 | 1825 | 10 | 57010 | 11 | 102 | 100
540 | Revision_540/eiffel.c | U | 216 | 225 | 8 | 57011 | 12 | 20 | 100
540 | Revision_540/fortran.c | U | 397 | 406 | 8 | 57012 | 12 | 21 | 100
540 | Revision_540/sql.c | U | 334 | 343 | 8 | 57013 | 12 | 103 | 100
540 | Revision_540/jscript.c | U | 175 | 184 | 8 | 57014 | 12 | 168 | 100
540 | Revision_540/eiffel.c | U | 368 | 377 | 8 | 57015 | 13 | 104 | 100
540 | Revision_540/jscript.c | U | 274 | 281 | 8 | 57016 | 13 | 169 | 100
540 | Revision_540/sql.c | U | 414 | 421 | 8 | 57017 | 13 | 105 | 100
540 | Revision_540/eiffel.c | U | 415 | 421 | 7 | 57018 | 14 | 87 | 100
540 | Revision_540/fortran.c | U | 804 | 810 | 7 | 57019 | 14 | 210 | 100
540 | Revision_540/eiffel.c | U | 423 | 428 | 6 | 57020 | 15 | 87 | 100
540 | Revision_540/fortran.c | U | 812 | 817 | 6 | 57021 | 15 | 27 | 100
540 | Revision_540/eiffel.c | U | 605 | 614 | 8 | 57022 | 16 | 26 | 100
540 | Revision_540/sql.c | U | 457 | 464 | 8 | 57023 | 16 | 105 | 100
540 | Revision_540/jscript.c | U | 318 | 325 | 8 | 57024 | 16 | 183 | 100
540 | Revision_540/asm.c | U | 131 | 139 | 8 | 57025 | 16 | 211 | 100
540 | Revision_540/fortran.c | U | 871 | 880 | 8 | 57026 | 16 | 27 | 100
540 | Revision_540/eiffel.c | U | 662 | 666 | 5 | 57027 | 17 | 106 | 100
540 | Revision_540/sql.c | U | 518 | 522 | 5 | 57028 | 17 | 107 | 100
540 | Revision_540/eiffel.c | U | 731 | 736 | 6 | 57029 | 18 | 212 | 100
540 | Revision_540/fortran.c | U | 1043 | 1048 | 6 | 57030 | 18 | 213 | 100
540 | Revision_540/eiffel.c | U | 877 | 881 | 5 | 57031 | 19 | 89 | 100
540 | Revision_540/eiffel.c | U | 1015 | 1019 | 5 | 57032 | 19 | 85 | 100
540 | Revision_540/fortran.c | U | 1343 | 1347 | 5 | 57033 | 19 | 86 | 100
540 | Revision_540/basic.c | U | 180 | 188 | 9 | 57034 | 20 | 166 | 100
540 | Revision_540/basic.c | U | 191 | 199 | 9 | 57035 | 20 | 167 | 100
540 | Revision_540/jscript.c | U | 200 | 204 | 5 | 57036 | 21 | 173 | 100
540 | Revision_540/sql.c | U | 358 | 362 | 5 | 57037 | 21 | 174 | 100
540 | Revision_540/jscript.c | U | 211 | 225 | 12 | 57038 | 22 | 177 | 100
540 | Revision_540/sql.c | U | 369 | 383 | 12 | 57039 | 22 | 178 | 100
540 | Revision_540/jscript.c | U | 228 | 249 | 15 | 57040 | 23 | 175 | 100
540 | Revision_540/sql.c | U | 386 | 407 | 15 | 57041 | 23 | 176 | 100
540 | Revision_540/jscript.c | U | 252 | 258 | 6 | 57042 | 24 | 173 | 100
540 | Revision_540/jscript.c | U | 261 | 267 | 6 | 57043 | 24 | 169 | 100
540 | Revision_540/jscript.c | U | 284 | 298 | 14 | 57044 | 25 | 179 | 100
540 | Revision_540/sql.c | U | 424 | 438 | 14 | 57045 | 25 | 180 | 100
540 | Revision_540/jscript.c | U | 304 | 315 | 12 | 57046 | 26 | 181 | 100
540 | Revision_540/sql.c | U | 443 | 454 | 12 | 57047 | 26 | 182 | 100
540 | Revision_540/jscript.c | U | 369 | 399 | 26 | 57048 | 27 | 204 | 100
540 | Revision_540/sql.c | U | 546 | 576 | 26 | 57049 | 27 | 205 | 100
540 | Revision_540/jscript.c | U | 435 | 465 | 18 | 57050 | 28 | 206 | 100
540 | Revision_540/sql.c | U | 654 | 684 | 18 | 57051 | 28 | 171 | 100
540 | Revision_540/jscript.c | U | 478 | 485 | 7 | 57052 | 29 | 187 | 100
540 | Revision_540/sql.c | U | 619 | 626 | 7 | 57053 | 29 | 188 | 100
540 | Revision_540/jscript.c | U | 624 | 635 | 6 | 57054 | 30 | 192 | 100
540 | Revision_540/sql.c | U | 1210 | 1216 | 6 | 57055 | 30 | 207 | 100
540 | Revision_540/sql.c | U | 832 | 852 | 6 | 57056 | 30 | 193 | 100
540 | Revision_540/jscript.c | U | 1033 | 1051 | 7 | 57057 | 31 | 197 | 100
540 | Revision_540/sql.c | U | 1344 | 1351 | 7 | 57058 | 31 | 198 | 100
540 | Revision_540/jscript.c | U | 1092 | 1096 | 5 | 57059 | 32 | 208 | 100
540 | Revision_540/fortran.c | U | 1916 | 1920 | 5 | 57060 | 32 | 99 | 100
540 | Revision_540/jscript.c | U | 1210 | 1214 | 5 | 57061 | 33 | 199 | 100
540 | Revision_540/sql.c | U | 1798 | 1802 | 5 | 57062 | 33 | 200 | 100
540 | Revision_540/slang.c | U | 34 | 41 | 8 | 57063 | 34 | 32 | 100
540 | Revision_540/yacc.c | U | 31 | 38 | 8 | 57064 | 34 | 33 | 100
540 | Revision_540/vim.c | U | 97 | 101 | 5 | 57065 | 35 | 100 | 100
540 | Revision_540/vim.c | U | 103 | 107 | 5 | 57066 | 35 | 101 | 100
540 | Revision_540/vim.c | U | 626 | 634 | 9 | 57067 | 36 | 34 | 100
540 | Revision_540/lua.c | U | 123 | 131 | 9 | 57068 | 36 | 84 | 100
540 | Revision_540/beta.c | U | 311 | 319 | 9 | 57069 | 36 | 36 | 100
540 | Revision_540/python.c | U | 198 | 202 | 5 | 57070 | 37 | 119 | 100
540 | Revision_540/sml.c | U | 84 | 88 | 5 | 57071 | 37 | 120 | 100
540 | Revision_540/erlang.c | U | 58 | 62 | 5 | 57072 | 37 | 131 | 100
540 | Revision_540/python.c | U | 206 | 215 | 9 | 57073 | 38 | 132 | 100
540 | Revision_540/erlang.c | U | 66 | 75 | 9 | 57074 | 38 | 133 | 100
540 | Revision_540/python.c | U | 447 | 455 | 9 | 57075 | 39 | 209 | 100
540 | Revision_540/erlang.c | U | 179 | 187 | 9 | 57076 | 39 | 135 | 100
540 | Revision_540/tcl.c | U | 106 | 114 | 9 | 57077 | 39 | 134 | 100
540 | Revision_540/perl.c | U | 341 | 349 | 9 | 57078 | 39 | 39 | 100
540 | Revision_540/sort.c | U | 118 | 123 | 5 | 57079 | 40 | 96 | 100
540 | Revision_540/sort.c | U | 126 | 131 | 5 | 57080 | 40 | 97 | 100
540 | Revision_540/pascal.c | U | 176 | 182 | 6 | 57081 | 41 | 46 | 100
540 | Revision_540/pascal.c | U | 184 | 190 | 6 | 57082 | 41 | 47 | 100
540 | Revision_540/routines.c | U | 288 | 295 | 8 | 57083 | 42 | 90 | 100
540 | Revision_540/readtags.c | U | 106 | 113 | 8 | 57084 | 42 | 79 | 100
540 | Revision_540/routines.c | U | 298 | 305 | 8 | 57085 | 43 | 91 | 100
540 | Revision_540/readtags.c | U | 116 | 123 | 8 | 57086 | 43 | 81 | 100
540 | Revision_540/routines.c | U | 329 | 335 | 6 | 57087 | 44 | 92 | 100
540 | Revision_540/routines.c | U | 338 | 344 | 6 | 57088 | 44 | 93 | 100
540 | Revision_540/routines.c | U | 349 | 356 | 8 | 57089 | 45 | 94 | 100
540 | Revision_540/routines.c | U | 361 | 368 | 8 | 57090 | 45 | 95 | 100
540 | Revision_540/sh.c | U | 103 | 113 | 9 | 57091 | 46 | 54 | 100
540 | Revision_540/scheme.c | U | 99 | 109 | 9 | 57092 | 46 | 55 | 100
540 | Revision_540/beta.c | U | 152 | 156 | 5 | 57093 | 47 | 56 | 100
540 | Revision_540/beta.c | U | 277 | 281 | 5 | 57094 | 47 | 57 | 100
540 | Revision_540/beta.c | U | 158 | 162 | 5 | 57095 | 47 | 58 | 100
540 | Revision_540/beta.c | U | 165 | 169 | 5 | 57096 | 48 | 59 | 100
540 | Revision_540/beta.c | U | 271 | 275 | 5 | 57097 | 48 | 60 | 100
540 | Revision_540/erlang.c | U | 108 | 113 | 6 | 57098 | 49 | 138 | 100
540 | Revision_540/erlang.c | U | 116 | 121 | 6 | 57099 | 49 | 139 | 100
540 | Revision_540/sql.c | U | 1448 | 1454 | 5 | 57100 | 50 | 201 | 100
540 | Revision_540/sql.c | U | 1477 | 1483 | 5 | 57101 | 50 | 202 | 100
540 | Revision_540/parse.c | U | 45 | 53 | 7 | 57102 | 51 | 121 | 100
540 | Revision_540/sml.c | U | 75 | 81 | 7 | 57103 | 51 | 122 | 100
540 | Revision_540/parse.c | U | 100 | 104 | 5 | 57104 | 52 | 61 | 100
540 | Revision_540/parse.c | U | 114 | 118 | 5 | 57105 | 52 | 62 | 100
540 | Revision_540/parse.c | U | 554 | 558 | 5 | 57106 | 53 | 144 | 100
540 | Revision_540/parse.c | U | 573 | 577 | 5 | 57107 | 53 | 145 | 100
540 | Revision_540/readtags.c | U | 542 | 548 | 6 | 57108 | 54 | 82 | 100
540 | Revision_540/readtags.c | U | 550 | 556 | 6 | 57109 | 54 | 83 | 100
540 | Revision_540/readtags.c | U | 739 | 744 | 6 | 57110 | 55 | 64 | 100
540 | Revision_540/readtags.c | U | 764 | 769 | 6 | 57111 | 55 | 77 | 100
540 | Revision_540/options.c | U | 369 | 375 | 6 | 57112 | 56 | 69 | 100
540 | Revision_540/options.c | U | 378 | 384 | 6 | 57113 | 56 | 70 | 100
540 | Revision_540/options.c | U | 543 | 549 | 7 | 57114 | 57 | 71 | 100
540 | Revision_540/options.c | U | 552 | 558 | 7 | 57115 | 57 | 72 | 100
540 | Revision_540/options.c | U | 570 | 576 | 7 | 57116 | 57 | 73 | 100
540 | Revision_540/options.c | U | 561 | 567 | 7 | 57117 | 57 | 74 | 100
540 | Revision_540/options.c | U | 1101 | 1105 | 5 | 57118 | 58 | 75 | 100
540 | Revision_540/options.c | U | 1107 | 1111 | 5 | 57119 | 58 | 76 | 100
540 | Revision_540/options.c | U | 1153 | 1165 | 12 | 57120 | 59 | 146 | 100
540 | Revision_540/options.c | U | 1170 | 1182 | 12 | 57121 | 59 | 147 | 100
