Revision | filePath | changeType | StartLine | EndLine | Nlines | cloneId | classId | globalCloneId | Similarity
558 | Revision_558/asp.c | U | 71 | 90 | 15 | 59502 | 1 | 1 | 100
558 | Revision_558/asp.c | U | 94 | 113 | 15 | 59503 | 1 | 2 | 100
558 | Revision_558/asp.c | U | 117 | 133 | 14 | 59504 | 2 | 3 | 100
558 | Revision_558/asp.c | U | 175 | 190 | 14 | 59505 | 2 | 162 | 100
558 | Revision_558/asp.c | U | 156 | 171 | 14 | 59506 | 2 | 116 | 100
558 | Revision_558/asp.c | U | 137 | 152 | 14 | 59507 | 2 | 6 | 100
558 | Revision_558/asp.c | U | 201 | 209 | 9 | 59508 | 3 | 8 | 100
558 | Revision_558/sml.c | U | 202 | 210 | 9 | 59509 | 3 | 118 | 100
558 | Revision_558/ruby.c | U | 389 | 397 | 9 | 59510 | 3 | 164 | 100
558 | Revision_558/args.c | U | 85 | 92 | 8 | 59511 | 4 | 11 | 100
558 | Revision_558/args.c | U | 160 | 167 | 8 | 59512 | 4 | 12 | 100
558 | Revision_558/c.c | U | 667 | 678 | 13 | 59513 | 5 | 117 | 100
558 | Revision_558/c.c | U | 1170 | 1183 | 13 | 59514 | 5 | 123 | 100
558 | Revision_558/c.c | U | 823 | 843 | 45 | 59515 | 6 | 157 | 100
558 | Revision_558/c.c | U | 864 | 884 | 45 | 59516 | 6 | 158 | 100
558 | Revision_558/c.c | U | 1410 | 1417 | 7 | 59517 | 7 | 15 | 100
558 | Revision_558/c.c | U | 1420 | 1427 | 7 | 59518 | 7 | 16 | 100
558 | Revision_558/c.c | U | 1780 | 1784 | 5 | 59519 | 8 | 126 | 100
558 | Revision_558/c.c | U | 1789 | 1793 | 5 | 59520 | 8 | 127 | 100
558 | Revision_558/c.c | U | 2194 | 2199 | 6 | 59521 | 9 | 142 | 100
558 | Revision_558/options.c | U | 533 | 538 | 6 | 59522 | 9 | 72 | 100
558 | Revision_558/c.c | U | 2480 | 2484 | 5 | 59523 | 10 | 159 | 100
558 | Revision_558/c.c | U | 2487 | 2491 | 5 | 59524 | 10 | 160 | 100
558 | Revision_558/c.c | U | 2843 | 2852 | 10 | 59525 | 11 | 17 | 100
558 | Revision_558/verilog.c | U | 316 | 325 | 10 | 59526 | 11 | 156 | 100
558 | Revision_558/sql.c | U | 1816 | 1825 | 10 | 59527 | 11 | 102 | 100
558 | Revision_558/eiffel.c | U | 1249 | 1258 | 10 | 59528 | 11 | 19 | 100
558 | Revision_558/c.c | U | 2885 | 2894 | 10 | 59529 | 11 | 18 | 100
558 | Revision_558/c.c | U | 2873 | 2882 | 10 | 59530 | 11 | 128 | 100
558 | Revision_558/eiffel.c | U | 216 | 225 | 8 | 59531 | 12 | 20 | 100
558 | Revision_558/sql.c | U | 334 | 343 | 8 | 59532 | 12 | 103 | 100
558 | Revision_558/jscript.c | U | 175 | 184 | 8 | 59533 | 12 | 168 | 100
558 | Revision_558/fortran.c | U | 397 | 406 | 8 | 59534 | 12 | 21 | 100
558 | Revision_558/eiffel.c | U | 368 | 377 | 8 | 59535 | 13 | 104 | 100
558 | Revision_558/sql.c | U | 414 | 421 | 8 | 59536 | 13 | 105 | 100
558 | Revision_558/jscript.c | U | 274 | 281 | 8 | 59537 | 13 | 169 | 100
558 | Revision_558/eiffel.c | U | 415 | 421 | 7 | 59538 | 14 | 87 | 100
558 | Revision_558/fortran.c | U | 804 | 810 | 7 | 59539 | 14 | 210 | 100
558 | Revision_558/eiffel.c | U | 423 | 428 | 6 | 59540 | 15 | 87 | 100
558 | Revision_558/fortran.c | U | 812 | 817 | 6 | 59541 | 15 | 27 | 100
558 | Revision_558/eiffel.c | U | 605 | 614 | 8 | 59542 | 16 | 26 | 100
558 | Revision_558/sql.c | U | 457 | 464 | 8 | 59543 | 16 | 105 | 100
558 | Revision_558/asm.c | U | 131 | 139 | 8 | 59544 | 16 | 211 | 100
558 | Revision_558/fortran.c | U | 871 | 880 | 8 | 59545 | 16 | 27 | 100
558 | Revision_558/jscript.c | U | 318 | 325 | 8 | 59546 | 16 | 183 | 100
558 | Revision_558/eiffel.c | U | 662 | 666 | 5 | 59547 | 17 | 106 | 100
558 | Revision_558/sql.c | U | 518 | 522 | 5 | 59548 | 17 | 107 | 100
558 | Revision_558/eiffel.c | U | 731 | 736 | 6 | 59549 | 18 | 212 | 100
558 | Revision_558/fortran.c | U | 1043 | 1048 | 6 | 59550 | 18 | 213 | 100
558 | Revision_558/eiffel.c | U | 877 | 881 | 5 | 59551 | 19 | 89 | 100
558 | Revision_558/eiffel.c | U | 1015 | 1019 | 5 | 59552 | 19 | 85 | 100
558 | Revision_558/fortran.c | U | 1343 | 1347 | 5 | 59553 | 19 | 86 | 100
558 | Revision_558/basic.c | U | 180 | 188 | 9 | 59554 | 20 | 166 | 100
558 | Revision_558/basic.c | U | 191 | 199 | 9 | 59555 | 20 | 167 | 100
558 | Revision_558/jscript.c | U | 200 | 204 | 5 | 59556 | 21 | 173 | 100
558 | Revision_558/sql.c | U | 358 | 362 | 5 | 59557 | 21 | 174 | 100
558 | Revision_558/jscript.c | U | 211 | 225 | 12 | 59558 | 22 | 177 | 100
558 | Revision_558/sql.c | U | 369 | 383 | 12 | 59559 | 22 | 178 | 100
558 | Revision_558/jscript.c | U | 228 | 249 | 15 | 59560 | 23 | 175 | 100
558 | Revision_558/sql.c | U | 386 | 407 | 15 | 59561 | 23 | 176 | 100
558 | Revision_558/jscript.c | U | 252 | 258 | 6 | 59562 | 24 | 173 | 100
558 | Revision_558/jscript.c | U | 261 | 267 | 6 | 59563 | 24 | 169 | 100
558 | Revision_558/jscript.c | U | 284 | 298 | 14 | 59564 | 25 | 179 | 100
558 | Revision_558/sql.c | U | 424 | 438 | 14 | 59565 | 25 | 180 | 100
558 | Revision_558/jscript.c | U | 304 | 315 | 12 | 59566 | 26 | 181 | 100
558 | Revision_558/sql.c | U | 443 | 454 | 12 | 59567 | 26 | 182 | 100
558 | Revision_558/jscript.c | U | 369 | 399 | 26 | 59568 | 27 | 204 | 100
558 | Revision_558/sql.c | U | 546 | 576 | 26 | 59569 | 27 | 205 | 100
558 | Revision_558/jscript.c | U | 435 | 465 | 18 | 59570 | 28 | 206 | 100
558 | Revision_558/sql.c | U | 654 | 684 | 18 | 59571 | 28 | 171 | 100
558 | Revision_558/jscript.c | U | 478 | 485 | 7 | 59572 | 29 | 187 | 100
558 | Revision_558/sql.c | U | 619 | 626 | 7 | 59573 | 29 | 188 | 100
558 | Revision_558/jscript.c | U | 624 | 635 | 6 | 59574 | 30 | 192 | 100
558 | Revision_558/sql.c | U | 1210 | 1216 | 6 | 59575 | 30 | 207 | 100
558 | Revision_558/sql.c | U | 832 | 852 | 6 | 59576 | 30 | 193 | 100
558 | Revision_558/jscript.c | U | 1033 | 1051 | 7 | 59577 | 31 | 197 | 100
558 | Revision_558/sql.c | U | 1344 | 1351 | 7 | 59578 | 31 | 198 | 100
558 | Revision_558/jscript.c | U | 1092 | 1096 | 5 | 59579 | 32 | 208 | 100
558 | Revision_558/fortran.c | U | 1916 | 1920 | 5 | 59580 | 32 | 99 | 100
558 | Revision_558/jscript.c | U | 1210 | 1214 | 5 | 59581 | 33 | 199 | 100
558 | Revision_558/sql.c | U | 1798 | 1802 | 5 | 59582 | 33 | 200 | 100
558 | Revision_558/slang.c | U | 34 | 41 | 8 | 59583 | 34 | 32 | 100
558 | Revision_558/yacc.c | U | 31 | 38 | 8 | 59584 | 34 | 33 | 100
558 | Revision_558/vim.c | U | 97 | 101 | 5 | 59585 | 35 | 100 | 100
558 | Revision_558/vim.c | U | 103 | 107 | 5 | 59586 | 35 | 101 | 100
558 | Revision_558/vim.c | U | 626 | 634 | 9 | 59587 | 36 | 34 | 100
558 | Revision_558/lua.c | U | 123 | 131 | 9 | 59588 | 36 | 84 | 100
558 | Revision_558/beta.c | U | 311 | 319 | 9 | 59589 | 36 | 36 | 100
558 | Revision_558/python.c | U | 198 | 202 | 5 | 59590 | 37 | 119 | 100
558 | Revision_558/sml.c | U | 84 | 88 | 5 | 59591 | 37 | 120 | 100
558 | Revision_558/erlang.c | U | 58 | 62 | 5 | 59592 | 37 | 131 | 100
558 | Revision_558/python.c | U | 206 | 215 | 9 | 59593 | 38 | 132 | 100
558 | Revision_558/erlang.c | U | 66 | 75 | 9 | 59594 | 38 | 133 | 100
558 | Revision_558/python.c | U | 447 | 455 | 9 | 59595 | 39 | 209 | 100
558 | Revision_558/erlang.c | U | 179 | 187 | 9 | 59596 | 39 | 135 | 100
558 | Revision_558/tcl.c | U | 106 | 114 | 9 | 59597 | 39 | 134 | 100
558 | Revision_558/perl.c | U | 341 | 349 | 9 | 59598 | 39 | 39 | 100
558 | Revision_558/sort.c | U | 118 | 123 | 5 | 59599 | 40 | 96 | 100
558 | Revision_558/sort.c | U | 126 | 131 | 5 | 59600 | 40 | 97 | 100
558 | Revision_558/pascal.c | U | 176 | 182 | 6 | 59601 | 41 | 46 | 100
558 | Revision_558/pascal.c | U | 184 | 190 | 6 | 59602 | 41 | 47 | 100
558 | Revision_558/routines.c | U | 288 | 295 | 8 | 59603 | 42 | 90 | 100
558 | Revision_558/readtags.c | U | 106 | 113 | 8 | 59604 | 42 | 79 | 100
558 | Revision_558/routines.c | U | 298 | 305 | 8 | 59605 | 43 | 91 | 100
558 | Revision_558/readtags.c | U | 116 | 123 | 8 | 59606 | 43 | 81 | 100
558 | Revision_558/routines.c | U | 329 | 335 | 6 | 59607 | 44 | 92 | 100
558 | Revision_558/routines.c | U | 338 | 344 | 6 | 59608 | 44 | 93 | 100
558 | Revision_558/routines.c | U | 349 | 356 | 8 | 59609 | 45 | 94 | 100
558 | Revision_558/routines.c | U | 361 | 368 | 8 | 59610 | 45 | 95 | 100
558 | Revision_558/sh.c | U | 103 | 113 | 9 | 59611 | 46 | 54 | 100
558 | Revision_558/scheme.c | U | 99 | 109 | 9 | 59612 | 46 | 55 | 100
558 | Revision_558/beta.c | U | 152 | 156 | 5 | 59613 | 47 | 56 | 100
558 | Revision_558/beta.c | U | 277 | 281 | 5 | 59614 | 47 | 57 | 100
558 | Revision_558/beta.c | U | 158 | 162 | 5 | 59615 | 47 | 58 | 100
558 | Revision_558/beta.c | U | 165 | 169 | 5 | 59616 | 48 | 59 | 100
558 | Revision_558/beta.c | U | 271 | 275 | 5 | 59617 | 48 | 60 | 100
558 | Revision_558/erlang.c | U | 108 | 113 | 6 | 59618 | 49 | 138 | 100
558 | Revision_558/erlang.c | U | 116 | 121 | 6 | 59619 | 49 | 139 | 100
558 | Revision_558/sql.c | U | 1448 | 1454 | 5 | 59620 | 50 | 201 | 100
558 | Revision_558/sql.c | U | 1477 | 1483 | 5 | 59621 | 50 | 202 | 100
558 | Revision_558/parse.c | U | 45 | 53 | 7 | 59622 | 51 | 121 | 100
558 | Revision_558/sml.c | U | 75 | 81 | 7 | 59623 | 51 | 122 | 100
558 | Revision_558/parse.c | U | 100 | 104 | 5 | 59624 | 52 | 61 | 100
558 | Revision_558/parse.c | U | 114 | 118 | 5 | 59625 | 52 | 62 | 100
558 | Revision_558/parse.c | U | 554 | 558 | 5 | 59626 | 53 | 144 | 100
558 | Revision_558/parse.c | U | 573 | 577 | 5 | 59627 | 53 | 145 | 100
558 | Revision_558/readtags.c | U | 542 | 548 | 6 | 59628 | 54 | 82 | 100
558 | Revision_558/readtags.c | U | 550 | 556 | 6 | 59629 | 54 | 83 | 100
558 | Revision_558/readtags.c | U | 739 | 744 | 6 | 59630 | 55 | 64 | 100
558 | Revision_558/readtags.c | U | 764 | 769 | 6 | 59631 | 55 | 77 | 100
558 | Revision_558/options.c | U | 369 | 375 | 6 | 59632 | 56 | 69 | 100
558 | Revision_558/options.c | U | 378 | 384 | 6 | 59633 | 56 | 70 | 100
558 | Revision_558/options.c | U | 543 | 549 | 7 | 59634 | 57 | 71 | 100
558 | Revision_558/options.c | U | 570 | 576 | 7 | 59635 | 57 | 73 | 100
558 | Revision_558/options.c | U | 561 | 567 | 7 | 59636 | 57 | 74 | 100
558 | Revision_558/options.c | U | 552 | 558 | 7 | 59637 | 57 | 72 | 100
558 | Revision_558/options.c | U | 1102 | 1106 | 5 | 59638 | 58 | 75 | 100
558 | Revision_558/options.c | U | 1108 | 1112 | 5 | 59639 | 58 | 76 | 100
558 | Revision_558/options.c | U | 1154 | 1166 | 12 | 59640 | 59 | 146 | 100
558 | Revision_558/options.c | U | 1171 | 1183 | 12 | 59641 | 59 | 147 | 100
