Revision | filePath | changeType | StartLine | EndLine | Nlines | cloneId | classId | globalCloneId | Similarity
567 | Revision_567/asp.c | U | 71 | 90 | 15 | 60762 | 1 | 1 | 100
567 | Revision_567/asp.c | U | 94 | 113 | 15 | 60763 | 1 | 2 | 100
567 | Revision_567/asp.c | U | 117 | 133 | 14 | 60764 | 2 | 3 | 100
567 | Revision_567/asp.c | U | 175 | 190 | 14 | 60765 | 2 | 162 | 100
567 | Revision_567/asp.c | U | 156 | 171 | 14 | 60766 | 2 | 116 | 100
567 | Revision_567/asp.c | U | 137 | 152 | 14 | 60767 | 2 | 6 | 100
567 | Revision_567/asp.c | U | 201 | 209 | 9 | 60768 | 3 | 8 | 100
567 | Revision_567/sml.c | U | 202 | 210 | 9 | 60769 | 3 | 118 | 100
567 | Revision_567/ruby.c | U | 389 | 397 | 9 | 60770 | 3 | 164 | 100
567 | Revision_567/args.c | U | 85 | 92 | 8 | 60771 | 4 | 11 | 100
567 | Revision_567/args.c | U | 160 | 167 | 8 | 60772 | 4 | 12 | 100
567 | Revision_567/c.c | U | 667 | 678 | 13 | 60773 | 5 | 117 | 100
567 | Revision_567/c.c | U | 1170 | 1183 | 13 | 60774 | 5 | 123 | 100
567 | Revision_567/c.c | U | 823 | 843 | 45 | 60775 | 6 | 157 | 100
567 | Revision_567/c.c | U | 864 | 884 | 45 | 60776 | 6 | 158 | 100
567 | Revision_567/c.c | U | 1410 | 1417 | 7 | 60777 | 7 | 15 | 100
567 | Revision_567/c.c | U | 1420 | 1427 | 7 | 60778 | 7 | 16 | 100
567 | Revision_567/c.c | U | 1780 | 1784 | 5 | 60779 | 8 | 126 | 100
567 | Revision_567/c.c | U | 1789 | 1793 | 5 | 60780 | 8 | 127 | 100
567 | Revision_567/c.c | U | 2194 | 2199 | 6 | 60781 | 9 | 142 | 100
567 | Revision_567/options.c | U | 533 | 538 | 6 | 60782 | 9 | 72 | 100
567 | Revision_567/c.c | U | 2480 | 2484 | 5 | 60783 | 10 | 159 | 100
567 | Revision_567/c.c | U | 2487 | 2491 | 5 | 60784 | 10 | 160 | 100
567 | Revision_567/c.c | U | 2843 | 2852 | 10 | 60785 | 11 | 17 | 100
567 | Revision_567/sql.c | U | 1816 | 1825 | 10 | 60786 | 11 | 102 | 100
567 | Revision_567/eiffel.c | U | 1247 | 1256 | 10 | 60787 | 11 | 19 | 100
567 | Revision_567/verilog.c | U | 316 | 325 | 10 | 60788 | 11 | 156 | 100
567 | Revision_567/c.c | U | 2885 | 2894 | 10 | 60789 | 11 | 18 | 100
567 | Revision_567/c.c | U | 2873 | 2882 | 10 | 60790 | 11 | 128 | 100
567 | Revision_567/eiffel.c | U | 214 | 223 | 8 | 60791 | 12 | 20 | 100
567 | Revision_567/sql.c | U | 334 | 343 | 8 | 60792 | 12 | 103 | 100
567 | Revision_567/fortran.c | U | 397 | 406 | 8 | 60793 | 12 | 21 | 100
567 | Revision_567/jscript.c | U | 175 | 184 | 8 | 60794 | 12 | 168 | 100
567 | Revision_567/eiffel.c | U | 366 | 375 | 8 | 60795 | 13 | 104 | 100
567 | Revision_567/jscript.c | U | 274 | 281 | 8 | 60796 | 13 | 169 | 100
567 | Revision_567/sql.c | U | 414 | 421 | 8 | 60797 | 13 | 105 | 100
567 | Revision_567/eiffel.c | U | 413 | 419 | 7 | 60798 | 14 | 87 | 100
567 | Revision_567/fortran.c | U | 804 | 810 | 7 | 60799 | 14 | 210 | 100
567 | Revision_567/eiffel.c | U | 421 | 426 | 6 | 60800 | 15 | 87 | 100
567 | Revision_567/fortran.c | U | 812 | 817 | 6 | 60801 | 15 | 27 | 100
567 | Revision_567/eiffel.c | U | 603 | 612 | 8 | 60802 | 16 | 26 | 100
567 | Revision_567/jscript.c | U | 318 | 325 | 8 | 60803 | 16 | 183 | 100
567 | Revision_567/asm.c | U | 131 | 139 | 8 | 60804 | 16 | 211 | 100
567 | Revision_567/fortran.c | U | 871 | 880 | 8 | 60805 | 16 | 27 | 100
567 | Revision_567/sql.c | U | 457 | 464 | 8 | 60806 | 16 | 105 | 100
567 | Revision_567/eiffel.c | U | 660 | 664 | 5 | 60807 | 17 | 106 | 100
567 | Revision_567/sql.c | U | 518 | 522 | 5 | 60808 | 17 | 107 | 100
567 | Revision_567/eiffel.c | U | 729 | 734 | 6 | 60809 | 18 | 212 | 100
567 | Revision_567/fortran.c | U | 1043 | 1048 | 6 | 60810 | 18 | 213 | 100
567 | Revision_567/eiffel.c | U | 875 | 879 | 5 | 60811 | 19 | 89 | 100
567 | Revision_567/fortran.c | U | 1343 | 1347 | 5 | 60812 | 19 | 86 | 100
567 | Revision_567/eiffel.c | U | 1013 | 1017 | 5 | 60813 | 19 | 85 | 100
567 | Revision_567/basic.c | U | 196 | 204 | 9 | 60814 | 20 | 166 | 100
567 | Revision_567/basic.c | U | 207 | 215 | 9 | 60815 | 20 | 167 | 100
567 | Revision_567/jscript.c | U | 200 | 204 | 5 | 60816 | 21 | 173 | 100
567 | Revision_567/sql.c | U | 358 | 362 | 5 | 60817 | 21 | 174 | 100
567 | Revision_567/jscript.c | U | 211 | 225 | 12 | 60818 | 22 | 177 | 100
567 | Revision_567/sql.c | U | 369 | 383 | 12 | 60819 | 22 | 178 | 100
567 | Revision_567/jscript.c | U | 228 | 249 | 15 | 60820 | 23 | 175 | 100
567 | Revision_567/sql.c | U | 386 | 407 | 15 | 60821 | 23 | 176 | 100
567 | Revision_567/jscript.c | U | 252 | 258 | 6 | 60822 | 24 | 173 | 100
567 | Revision_567/jscript.c | U | 261 | 267 | 6 | 60823 | 24 | 169 | 100
567 | Revision_567/jscript.c | U | 284 | 298 | 14 | 60824 | 25 | 179 | 100
567 | Revision_567/sql.c | U | 424 | 438 | 14 | 60825 | 25 | 180 | 100
567 | Revision_567/jscript.c | U | 304 | 315 | 12 | 60826 | 26 | 181 | 100
567 | Revision_567/sql.c | U | 443 | 454 | 12 | 60827 | 26 | 182 | 100
567 | Revision_567/jscript.c | U | 369 | 399 | 26 | 60828 | 27 | 204 | 100
567 | Revision_567/sql.c | U | 546 | 576 | 26 | 60829 | 27 | 205 | 100
567 | Revision_567/jscript.c | U | 435 | 465 | 18 | 60830 | 28 | 206 | 100
567 | Revision_567/sql.c | U | 654 | 684 | 18 | 60831 | 28 | 171 | 100
567 | Revision_567/jscript.c | U | 478 | 485 | 7 | 60832 | 29 | 187 | 100
567 | Revision_567/sql.c | U | 619 | 626 | 7 | 60833 | 29 | 188 | 100
567 | Revision_567/jscript.c | U | 624 | 635 | 6 | 60834 | 30 | 192 | 100
567 | Revision_567/sql.c | U | 1210 | 1216 | 6 | 60835 | 30 | 207 | 100
567 | Revision_567/sql.c | U | 832 | 852 | 6 | 60836 | 30 | 193 | 100
567 | Revision_567/jscript.c | U | 1033 | 1051 | 7 | 60837 | 31 | 197 | 100
567 | Revision_567/sql.c | U | 1344 | 1351 | 7 | 60838 | 31 | 198 | 100
567 | Revision_567/jscript.c | U | 1092 | 1096 | 5 | 60839 | 32 | 208 | 100
567 | Revision_567/fortran.c | U | 1916 | 1920 | 5 | 60840 | 32 | 99 | 100
567 | Revision_567/jscript.c | U | 1210 | 1214 | 5 | 60841 | 33 | 199 | 100
567 | Revision_567/sql.c | U | 1798 | 1802 | 5 | 60842 | 33 | 200 | 100
567 | Revision_567/slang.c | U | 34 | 41 | 8 | 60843 | 34 | 32 | 100
567 | Revision_567/yacc.c | U | 31 | 38 | 8 | 60844 | 34 | 33 | 100
567 | Revision_567/vim.c | U | 97 | 101 | 5 | 60845 | 35 | 100 | 100
567 | Revision_567/vim.c | U | 103 | 107 | 5 | 60846 | 35 | 101 | 100
567 | Revision_567/vim.c | U | 626 | 634 | 9 | 60847 | 36 | 34 | 100
567 | Revision_567/lua.c | U | 123 | 131 | 9 | 60848 | 36 | 84 | 100
567 | Revision_567/beta.c | U | 311 | 319 | 9 | 60849 | 36 | 36 | 100
567 | Revision_567/python.c | U | 198 | 202 | 5 | 60850 | 37 | 119 | 100
567 | Revision_567/sml.c | U | 84 | 88 | 5 | 60851 | 37 | 120 | 100
567 | Revision_567/erlang.c | U | 58 | 62 | 5 | 60852 | 37 | 131 | 100
567 | Revision_567/python.c | U | 206 | 215 | 9 | 60853 | 38 | 132 | 100
567 | Revision_567/erlang.c | U | 66 | 75 | 9 | 60854 | 38 | 133 | 100
567 | Revision_567/python.c | U | 447 | 455 | 9 | 60855 | 39 | 209 | 100
567 | Revision_567/erlang.c | U | 179 | 187 | 9 | 60856 | 39 | 135 | 100
567 | Revision_567/perl.c | U | 341 | 349 | 9 | 60857 | 39 | 39 | 100
567 | Revision_567/tcl.c | U | 106 | 114 | 9 | 60858 | 39 | 134 | 100
567 | Revision_567/sort.c | U | 118 | 123 | 5 | 60859 | 40 | 96 | 100
567 | Revision_567/sort.c | U | 126 | 131 | 5 | 60860 | 40 | 97 | 100
567 | Revision_567/pascal.c | U | 176 | 182 | 6 | 60861 | 41 | 46 | 100
567 | Revision_567/pascal.c | U | 184 | 190 | 6 | 60862 | 41 | 47 | 100
567 | Revision_567/routines.c | U | 288 | 295 | 8 | 60863 | 42 | 90 | 100
567 | Revision_567/readtags.c | U | 106 | 113 | 8 | 60864 | 42 | 79 | 100
567 | Revision_567/routines.c | U | 298 | 305 | 8 | 60865 | 43 | 91 | 100
567 | Revision_567/readtags.c | U | 116 | 123 | 8 | 60866 | 43 | 81 | 100
567 | Revision_567/routines.c | U | 329 | 335 | 6 | 60867 | 44 | 92 | 100
567 | Revision_567/routines.c | U | 338 | 344 | 6 | 60868 | 44 | 93 | 100
567 | Revision_567/routines.c | U | 349 | 356 | 8 | 60869 | 45 | 94 | 100
567 | Revision_567/routines.c | U | 361 | 368 | 8 | 60870 | 45 | 95 | 100
567 | Revision_567/sh.c | U | 103 | 113 | 9 | 60871 | 46 | 54 | 100
567 | Revision_567/scheme.c | U | 99 | 109 | 9 | 60872 | 46 | 55 | 100
567 | Revision_567/beta.c | U | 152 | 156 | 5 | 60873 | 47 | 56 | 100
567 | Revision_567/beta.c | U | 158 | 162 | 5 | 60874 | 47 | 58 | 100
567 | Revision_567/beta.c | U | 277 | 281 | 5 | 60875 | 47 | 57 | 100
567 | Revision_567/beta.c | U | 165 | 169 | 5 | 60876 | 48 | 59 | 100
567 | Revision_567/beta.c | U | 271 | 275 | 5 | 60877 | 48 | 60 | 100
567 | Revision_567/erlang.c | U | 108 | 113 | 6 | 60878 | 49 | 138 | 100
567 | Revision_567/erlang.c | U | 116 | 121 | 6 | 60879 | 49 | 139 | 100
567 | Revision_567/sql.c | U | 1448 | 1454 | 5 | 60880 | 50 | 201 | 100
567 | Revision_567/sql.c | U | 1477 | 1483 | 5 | 60881 | 50 | 202 | 100
567 | Revision_567/parse.c | U | 45 | 53 | 7 | 60882 | 51 | 121 | 100
567 | Revision_567/sml.c | U | 75 | 81 | 7 | 60883 | 51 | 122 | 100
567 | Revision_567/parse.c | U | 100 | 104 | 5 | 60884 | 52 | 61 | 100
567 | Revision_567/parse.c | U | 114 | 118 | 5 | 60885 | 52 | 62 | 100
567 | Revision_567/parse.c | U | 554 | 558 | 5 | 60886 | 53 | 144 | 100
567 | Revision_567/parse.c | U | 573 | 577 | 5 | 60887 | 53 | 145 | 100
567 | Revision_567/readtags.c | U | 542 | 548 | 6 | 60888 | 54 | 82 | 100
567 | Revision_567/readtags.c | U | 550 | 556 | 6 | 60889 | 54 | 83 | 100
567 | Revision_567/readtags.c | U | 739 | 744 | 6 | 60890 | 55 | 64 | 100
567 | Revision_567/readtags.c | U | 764 | 769 | 6 | 60891 | 55 | 77 | 100
567 | Revision_567/options.c | U | 369 | 375 | 6 | 60892 | 56 | 69 | 100
567 | Revision_567/options.c | U | 378 | 384 | 6 | 60893 | 56 | 70 | 100
567 | Revision_567/options.c | U | 543 | 549 | 7 | 60894 | 57 | 71 | 100
567 | Revision_567/options.c | U | 570 | 576 | 7 | 60895 | 57 | 73 | 100
567 | Revision_567/options.c | U | 552 | 558 | 7 | 60896 | 57 | 72 | 100
567 | Revision_567/options.c | U | 561 | 567 | 7 | 60897 | 57 | 74 | 100
567 | Revision_567/options.c | U | 1102 | 1106 | 5 | 60898 | 58 | 75 | 100
567 | Revision_567/options.c | U | 1108 | 1112 | 5 | 60899 | 58 | 76 | 100
567 | Revision_567/options.c | U | 1154 | 1166 | 12 | 60900 | 59 | 146 | 100
567 | Revision_567/options.c | U | 1171 | 1183 | 12 | 60901 | 59 | 147 | 100
