Revision | filePath | changeType | StartLine | EndLine | Nlines | cloneId | classId | globalCloneId | Similarity
594 | Revision_594/asp.c | U | 71 | 90 | 15 | 64546 | 1 | 1 | 100
594 | Revision_594/asp.c | U | 94 | 113 | 15 | 64547 | 1 | 2 | 100
594 | Revision_594/asp.c | U | 117 | 133 | 14 | 64548 | 2 | 3 | 100
594 | Revision_594/asp.c | U | 156 | 171 | 14 | 64549 | 2 | 116 | 100
594 | Revision_594/asp.c | U | 137 | 152 | 14 | 64550 | 2 | 6 | 100
594 | Revision_594/asp.c | U | 175 | 190 | 14 | 64551 | 2 | 162 | 100
594 | Revision_594/asp.c | U | 201 | 209 | 9 | 64552 | 3 | 8 | 100
594 | Revision_594/ruby.c | U | 398 | 406 | 9 | 64553 | 3 | 164 | 100
594 | Revision_594/sml.c | U | 202 | 210 | 9 | 64554 | 3 | 118 | 100
594 | Revision_594/args.c | U | 85 | 92 | 8 | 64555 | 4 | 11 | 100
594 | Revision_594/args.c | U | 160 | 167 | 8 | 64556 | 4 | 12 | 100
594 | Revision_594/c.c | U | 665 | 676 | 13 | 64557 | 5 | 117 | 100
594 | Revision_594/c.c | U | 1168 | 1181 | 13 | 64558 | 5 | 123 | 100
594 | Revision_594/c.c | U | 821 | 841 | 45 | 64559 | 6 | 157 | 100
594 | Revision_594/c.c | U | 862 | 882 | 45 | 64560 | 6 | 158 | 100
594 | Revision_594/c.c | U | 1408 | 1415 | 7 | 64561 | 7 | 15 | 100
594 | Revision_594/c.c | U | 1418 | 1425 | 7 | 64562 | 7 | 16 | 100
594 | Revision_594/c.c | U | 1778 | 1782 | 5 | 64563 | 8 | 126 | 100
594 | Revision_594/c.c | U | 1787 | 1791 | 5 | 64564 | 8 | 127 | 100
594 | Revision_594/c.c | U | 2192 | 2197 | 6 | 64565 | 9 | 142 | 100
594 | Revision_594/options.c | U | 533 | 538 | 6 | 64566 | 9 | 72 | 100
594 | Revision_594/gnu_regex/regex.c | U | 2824 | 2829 | 6 | 64567 | 9 | 218 | 100
594 | Revision_594/c.c | U | 2478 | 2482 | 5 | 64568 | 10 | 159 | 100
594 | Revision_594/c.c | U | 2485 | 2489 | 5 | 64569 | 10 | 160 | 100
594 | Revision_594/c.c | U | 2841 | 2850 | 10 | 64570 | 11 | 17 | 100
594 | Revision_594/eiffel.c | U | 1247 | 1256 | 10 | 64571 | 11 | 19 | 100
594 | Revision_594/sql.c | U | 1834 | 1843 | 10 | 64572 | 11 | 102 | 100
594 | Revision_594/c.c | U | 2883 | 2892 | 10 | 64573 | 11 | 18 | 100
594 | Revision_594/c.c | U | 2871 | 2880 | 10 | 64574 | 11 | 128 | 100
594 | Revision_594/verilog.c | U | 329 | 338 | 10 | 64575 | 11 | 156 | 100
594 | Revision_594/eiffel.c | U | 214 | 223 | 8 | 64576 | 12 | 20 | 100
594 | Revision_594/fortran.c | U | 397 | 406 | 8 | 64577 | 12 | 21 | 100
594 | Revision_594/jscript.c | U | 188 | 197 | 8 | 64578 | 12 | 168 | 100
594 | Revision_594/sql.c | U | 346 | 355 | 8 | 64579 | 12 | 103 | 100
594 | Revision_594/eiffel.c | U | 366 | 375 | 8 | 64580 | 13 | 104 | 100
594 | Revision_594/sql.c | U | 426 | 433 | 8 | 64581 | 13 | 105 | 100
594 | Revision_594/jscript.c | U | 294 | 301 | 8 | 64582 | 13 | 169 | 100
594 | Revision_594/eiffel.c | U | 413 | 419 | 7 | 64583 | 14 | 87 | 100
594 | Revision_594/fortran.c | U | 804 | 810 | 7 | 64584 | 14 | 210 | 100
594 | Revision_594/eiffel.c | U | 421 | 426 | 6 | 64585 | 15 | 87 | 100
594 | Revision_594/fortran.c | U | 812 | 817 | 6 | 64586 | 15 | 27 | 100
594 | Revision_594/eiffel.c | U | 603 | 612 | 8 | 64587 | 16 | 26 | 100
594 | Revision_594/asm.c | U | 131 | 139 | 8 | 64588 | 16 | 211 | 100
594 | Revision_594/sql.c | U | 469 | 476 | 8 | 64589 | 16 | 105 | 100
594 | Revision_594/jscript.c | U | 338 | 345 | 8 | 64590 | 16 | 183 | 100
594 | Revision_594/fortran.c | U | 871 | 880 | 8 | 64591 | 16 | 27 | 100
594 | Revision_594/eiffel.c | U | 660 | 664 | 5 | 64592 | 17 | 106 | 100
594 | Revision_594/sql.c | U | 530 | 534 | 5 | 64593 | 17 | 107 | 100
594 | Revision_594/eiffel.c | U | 729 | 734 | 6 | 64594 | 18 | 212 | 100
594 | Revision_594/fortran.c | U | 1043 | 1048 | 6 | 64595 | 18 | 213 | 100
594 | Revision_594/eiffel.c | U | 875 | 879 | 5 | 64596 | 19 | 89 | 100
594 | Revision_594/fortran.c | U | 1343 | 1347 | 5 | 64597 | 19 | 86 | 100
594 | Revision_594/eiffel.c | U | 1013 | 1017 | 5 | 64598 | 19 | 85 | 100
594 | Revision_594/jscript.c | U | 214 | 218 | 5 | 64599 | 20 | 173 | 100
594 | Revision_594/sql.c | U | 370 | 374 | 5 | 64600 | 20 | 174 | 100
594 | Revision_594/jscript.c | U | 227 | 238 | 10 | 64601 | 21 | 214 | 100
594 | Revision_594/sql.c | U | 383 | 394 | 10 | 64602 | 21 | 109 | 100
594 | Revision_594/jscript.c | U | 246 | 262 | 12 | 64603 | 22 | 173 | 100
594 | Revision_594/sql.c | U | 402 | 418 | 12 | 64604 | 22 | 176 | 100
594 | Revision_594/jscript.c | U | 266 | 275 | 8 | 64605 | 23 | 168 | 100
594 | Revision_594/jscript.c | U | 278 | 287 | 8 | 64606 | 23 | 172 | 100
594 | Revision_594/jscript.c | U | 304 | 318 | 14 | 64607 | 24 | 179 | 100
594 | Revision_594/sql.c | U | 436 | 450 | 14 | 64608 | 24 | 180 | 100
594 | Revision_594/jscript.c | U | 324 | 335 | 12 | 64609 | 25 | 181 | 100
594 | Revision_594/sql.c | U | 455 | 466 | 12 | 64610 | 25 | 182 | 100
594 | Revision_594/jscript.c | U | 391 | 421 | 26 | 64611 | 26 | 204 | 100
594 | Revision_594/sql.c | U | 558 | 588 | 26 | 64612 | 26 | 205 | 100
594 | Revision_594/jscript.c | U | 457 | 487 | 18 | 64613 | 27 | 206 | 100
594 | Revision_594/sql.c | U | 666 | 696 | 18 | 64614 | 27 | 171 | 100
594 | Revision_594/jscript.c | U | 490 | 519 | 18 | 64615 | 27 | 215 | 100
594 | Revision_594/jscript.c | U | 532 | 539 | 7 | 64616 | 28 | 187 | 100
594 | Revision_594/sql.c | U | 631 | 638 | 7 | 64617 | 28 | 188 | 100
594 | Revision_594/jscript.c | U | 682 | 693 | 6 | 64618 | 29 | 192 | 100
594 | Revision_594/sql.c | U | 1222 | 1228 | 6 | 64619 | 29 | 207 | 100
594 | Revision_594/sql.c | U | 844 | 864 | 6 | 64620 | 29 | 193 | 100
594 | Revision_594/jscript.c | U | 997 | 1003 | 6 | 64621 | 29 | 197 | 100
594 | Revision_594/jscript.c | U | 1237 | 1252 | 7 | 64622 | 30 | 216 | 100
594 | Revision_594/sql.c | U | 1356 | 1363 | 7 | 64623 | 30 | 198 | 100
594 | Revision_594/jscript.c | U | 1313 | 1317 | 5 | 64624 | 31 | 217 | 100
594 | Revision_594/fortran.c | U | 1916 | 1920 | 5 | 64625 | 31 | 99 | 100
594 | Revision_594/jscript.c | U | 1420 | 1424 | 5 | 64626 | 32 | 199 | 100
594 | Revision_594/sql.c | U | 1816 | 1820 | 5 | 64627 | 32 | 200 | 100
594 | Revision_594/slang.c | U | 34 | 41 | 8 | 64628 | 33 | 32 | 100
594 | Revision_594/yacc.c | U | 31 | 38 | 8 | 64629 | 33 | 33 | 100
594 | Revision_594/gnu_regex/regex.c | U | 1330 | 1339 | 5 | 64630 | 34 | 219 | 100
594 | Revision_594/gnu_regex/regex.c | U | 1812 | 1816 | 5 | 64631 | 34 | 220 | 100
594 | Revision_594/gnu_regex/regex.c | U | 1753 | 1758 | 6 | 64632 | 35 | 221 | 100
594 | Revision_594/gnu_regex/regex.c | U | 1773 | 1778 | 6 | 64633 | 35 | 222 | 100
594 | Revision_594/gnu_regex/regex.c | U | 1788 | 1793 | 6 | 64634 | 35 | 223 | 100
594 | Revision_594/vim.c | U | 97 | 101 | 5 | 64635 | 36 | 100 | 100
594 | Revision_594/vim.c | U | 103 | 107 | 5 | 64636 | 36 | 101 | 100
594 | Revision_594/vim.c | U | 626 | 634 | 9 | 64637 | 37 | 34 | 100
594 | Revision_594/beta.c | U | 311 | 319 | 9 | 64638 | 37 | 36 | 100
594 | Revision_594/lua.c | U | 123 | 131 | 9 | 64639 | 37 | 84 | 100
594 | Revision_594/python.c | U | 198 | 202 | 5 | 64640 | 38 | 119 | 100
594 | Revision_594/sml.c | U | 84 | 88 | 5 | 64641 | 38 | 120 | 100
594 | Revision_594/erlang.c | U | 58 | 62 | 5 | 64642 | 38 | 131 | 100
594 | Revision_594/python.c | U | 206 | 215 | 9 | 64643 | 39 | 132 | 100
594 | Revision_594/erlang.c | U | 66 | 75 | 9 | 64644 | 39 | 133 | 100
594 | Revision_594/python.c | U | 447 | 455 | 9 | 64645 | 40 | 209 | 100
594 | Revision_594/perl.c | U | 343 | 351 | 9 | 64646 | 40 | 39 | 100
594 | Revision_594/erlang.c | U | 179 | 187 | 9 | 64647 | 40 | 135 | 100
594 | Revision_594/tcl.c | U | 106 | 114 | 9 | 64648 | 40 | 134 | 100
594 | Revision_594/sort.c | U | 118 | 123 | 5 | 64649 | 41 | 96 | 100
594 | Revision_594/sort.c | U | 126 | 131 | 5 | 64650 | 41 | 97 | 100
594 | Revision_594/pascal.c | U | 176 | 182 | 6 | 64651 | 42 | 46 | 100
594 | Revision_594/pascal.c | U | 184 | 190 | 6 | 64652 | 42 | 47 | 100
594 | Revision_594/routines.c | U | 288 | 295 | 8 | 64653 | 43 | 90 | 100
594 | Revision_594/readtags.c | U | 106 | 113 | 8 | 64654 | 43 | 79 | 100
594 | Revision_594/routines.c | U | 298 | 305 | 8 | 64655 | 44 | 91 | 100
594 | Revision_594/readtags.c | U | 116 | 123 | 8 | 64656 | 44 | 81 | 100
594 | Revision_594/routines.c | U | 329 | 335 | 6 | 64657 | 45 | 92 | 100
594 | Revision_594/routines.c | U | 338 | 344 | 6 | 64658 | 45 | 93 | 100
594 | Revision_594/routines.c | U | 349 | 356 | 8 | 64659 | 46 | 94 | 100
594 | Revision_594/routines.c | U | 361 | 368 | 8 | 64660 | 46 | 95 | 100
594 | Revision_594/sh.c | U | 103 | 113 | 9 | 64661 | 47 | 54 | 100
594 | Revision_594/scheme.c | U | 99 | 109 | 9 | 64662 | 47 | 55 | 100
594 | Revision_594/beta.c | U | 152 | 156 | 5 | 64663 | 48 | 56 | 100
594 | Revision_594/beta.c | U | 158 | 162 | 5 | 64664 | 48 | 58 | 100
594 | Revision_594/beta.c | U | 277 | 281 | 5 | 64665 | 48 | 57 | 100
594 | Revision_594/beta.c | U | 165 | 169 | 5 | 64666 | 49 | 59 | 100
594 | Revision_594/beta.c | U | 271 | 275 | 5 | 64667 | 49 | 60 | 100
594 | Revision_594/erlang.c | U | 108 | 113 | 6 | 64668 | 50 | 138 | 100
594 | Revision_594/erlang.c | U | 116 | 121 | 6 | 64669 | 50 | 139 | 100
594 | Revision_594/sql.c | U | 1460 | 1466 | 5 | 64670 | 51 | 201 | 100
594 | Revision_594/sql.c | U | 1489 | 1495 | 5 | 64671 | 51 | 202 | 100
594 | Revision_594/parse.c | U | 45 | 53 | 7 | 64672 | 52 | 121 | 100
594 | Revision_594/sml.c | U | 75 | 81 | 7 | 64673 | 52 | 122 | 100
594 | Revision_594/parse.c | U | 100 | 104 | 5 | 64674 | 53 | 61 | 100
594 | Revision_594/parse.c | U | 114 | 118 | 5 | 64675 | 53 | 62 | 100
594 | Revision_594/parse.c | U | 554 | 558 | 5 | 64676 | 54 | 144 | 100
594 | Revision_594/parse.c | U | 573 | 577 | 5 | 64677 | 54 | 145 | 100
594 | Revision_594/readtags.c | U | 541 | 547 | 6 | 64678 | 55 | 82 | 100
594 | Revision_594/readtags.c | U | 549 | 555 | 6 | 64679 | 55 | 83 | 100
594 | Revision_594/readtags.c | U | 740 | 745 | 6 | 64680 | 56 | 64 | 100
594 | Revision_594/readtags.c | U | 765 | 770 | 6 | 64681 | 56 | 77 | 100
594 | Revision_594/options.c | U | 369 | 375 | 6 | 64682 | 57 | 69 | 100
594 | Revision_594/options.c | U | 378 | 384 | 6 | 64683 | 57 | 70 | 100
594 | Revision_594/options.c | U | 543 | 549 | 7 | 64684 | 58 | 71 | 100
594 | Revision_594/options.c | U | 570 | 576 | 7 | 64685 | 58 | 73 | 100
594 | Revision_594/options.c | U | 561 | 567 | 7 | 64686 | 58 | 74 | 100
594 | Revision_594/options.c | U | 552 | 558 | 7 | 64687 | 58 | 72 | 100
594 | Revision_594/options.c | U | 1102 | 1106 | 5 | 64688 | 59 | 75 | 100
594 | Revision_594/options.c | U | 1108 | 1112 | 5 | 64689 | 59 | 76 | 100
594 | Revision_594/options.c | U | 1154 | 1166 | 12 | 64690 | 60 | 146 | 100
594 | Revision_594/options.c | U | 1171 | 1183 | 12 | 64691 | 60 | 147 | 100
