Revision | filePath | changeType | StartLine | EndLine | Nlines | cloneId | classId | globalCloneId | Similarity
603 | Revision_603/asp.c | U | 71 | 90 | 15 | 65862 | 1 | 1 | 100
603 | Revision_603/asp.c | U | 94 | 113 | 15 | 65863 | 1 | 2 | 100
603 | Revision_603/asp.c | U | 117 | 133 | 14 | 65864 | 2 | 3 | 100
603 | Revision_603/asp.c | U | 175 | 190 | 14 | 65865 | 2 | 162 | 100
603 | Revision_603/asp.c | U | 156 | 171 | 14 | 65866 | 2 | 116 | 100
603 | Revision_603/asp.c | U | 137 | 152 | 14 | 65867 | 2 | 6 | 100
603 | Revision_603/asp.c | U | 201 | 209 | 9 | 65868 | 3 | 8 | 100
603 | Revision_603/ruby.c | U | 398 | 406 | 9 | 65869 | 3 | 164 | 100
603 | Revision_603/sml.c | U | 202 | 210 | 9 | 65870 | 3 | 118 | 100
603 | Revision_603/args.c | U | 85 | 92 | 8 | 65871 | 4 | 11 | 100
603 | Revision_603/args.c | U | 160 | 167 | 8 | 65872 | 4 | 12 | 100
603 | Revision_603/c.c | U | 665 | 676 | 13 | 65873 | 5 | 117 | 100
603 | Revision_603/c.c | U | 1168 | 1181 | 13 | 65874 | 5 | 123 | 100
603 | Revision_603/c.c | U | 821 | 841 | 45 | 65875 | 6 | 157 | 100
603 | Revision_603/c.c | U | 862 | 882 | 45 | 65876 | 6 | 158 | 100
603 | Revision_603/c.c | U | 1408 | 1415 | 7 | 65877 | 7 | 15 | 100
603 | Revision_603/c.c | U | 1418 | 1425 | 7 | 65878 | 7 | 16 | 100
603 | Revision_603/c.c | U | 1778 | 1782 | 5 | 65879 | 8 | 126 | 100
603 | Revision_603/c.c | U | 1787 | 1791 | 5 | 65880 | 8 | 127 | 100
603 | Revision_603/c.c | U | 2192 | 2197 | 6 | 65881 | 9 | 142 | 100
603 | Revision_603/gnu_regex/regex.c | U | 2824 | 2829 | 6 | 65882 | 9 | 218 | 100
603 | Revision_603/options.c | U | 533 | 538 | 6 | 65883 | 9 | 72 | 100
603 | Revision_603/c.c | U | 2478 | 2482 | 5 | 65884 | 10 | 159 | 100
603 | Revision_603/c.c | U | 2485 | 2489 | 5 | 65885 | 10 | 160 | 100
603 | Revision_603/c.c | U | 2841 | 2850 | 10 | 65886 | 11 | 17 | 100
603 | Revision_603/sql.c | U | 1834 | 1843 | 10 | 65887 | 11 | 102 | 100
603 | Revision_603/verilog.c | U | 329 | 338 | 10 | 65888 | 11 | 156 | 100
603 | Revision_603/c.c | U | 2883 | 2892 | 10 | 65889 | 11 | 18 | 100
603 | Revision_603/eiffel.c | U | 1247 | 1256 | 10 | 65890 | 11 | 19 | 100
603 | Revision_603/c.c | U | 2871 | 2880 | 10 | 65891 | 11 | 128 | 100
603 | Revision_603/eiffel.c | U | 214 | 223 | 8 | 65892 | 12 | 20 | 100
603 | Revision_603/sql.c | U | 346 | 355 | 8 | 65893 | 12 | 103 | 100
603 | Revision_603/fortran.c | U | 397 | 406 | 8 | 65894 | 12 | 21 | 100
603 | Revision_603/jscript.c | U | 188 | 197 | 8 | 65895 | 12 | 168 | 100
603 | Revision_603/eiffel.c | U | 366 | 375 | 8 | 65896 | 13 | 104 | 100
603 | Revision_603/jscript.c | U | 294 | 301 | 8 | 65897 | 13 | 169 | 100
603 | Revision_603/sql.c | U | 426 | 433 | 8 | 65898 | 13 | 105 | 100
603 | Revision_603/eiffel.c | U | 413 | 419 | 7 | 65899 | 14 | 87 | 100
603 | Revision_603/fortran.c | U | 804 | 810 | 7 | 65900 | 14 | 210 | 100
603 | Revision_603/eiffel.c | U | 421 | 426 | 6 | 65901 | 15 | 87 | 100
603 | Revision_603/fortran.c | U | 812 | 817 | 6 | 65902 | 15 | 27 | 100
603 | Revision_603/eiffel.c | U | 603 | 612 | 8 | 65903 | 16 | 26 | 100
603 | Revision_603/sql.c | U | 469 | 476 | 8 | 65904 | 16 | 105 | 100
603 | Revision_603/fortran.c | U | 871 | 880 | 8 | 65905 | 16 | 27 | 100
603 | Revision_603/jscript.c | U | 338 | 345 | 8 | 65906 | 16 | 183 | 100
603 | Revision_603/asm.c | U | 131 | 139 | 8 | 65907 | 16 | 211 | 100
603 | Revision_603/eiffel.c | U | 660 | 664 | 5 | 65908 | 17 | 106 | 100
603 | Revision_603/sql.c | U | 530 | 534 | 5 | 65909 | 17 | 107 | 100
603 | Revision_603/eiffel.c | U | 729 | 734 | 6 | 65910 | 18 | 212 | 100
603 | Revision_603/fortran.c | U | 1043 | 1048 | 6 | 65911 | 18 | 213 | 100
603 | Revision_603/eiffel.c | U | 875 | 879 | 5 | 65912 | 19 | 89 | 100
603 | Revision_603/fortran.c | U | 1343 | 1347 | 5 | 65913 | 19 | 86 | 100
603 | Revision_603/eiffel.c | U | 1013 | 1017 | 5 | 65914 | 19 | 85 | 100
603 | Revision_603/verilog.c | U | 142 | 146 | 5 | 65915 | 20 | 224 | 100
603 | Revision_603/fortran.c | U | 985 | 989 | 5 | 65916 | 20 | 225 | 100
603 | Revision_603/jscript.c | U | 214 | 218 | 5 | 65917 | 21 | 173 | 100
603 | Revision_603/sql.c | U | 370 | 374 | 5 | 65918 | 21 | 174 | 100
603 | Revision_603/jscript.c | U | 227 | 238 | 10 | 65919 | 22 | 214 | 100
603 | Revision_603/sql.c | U | 383 | 394 | 10 | 65920 | 22 | 109 | 100
603 | Revision_603/jscript.c | U | 246 | 262 | 12 | 65921 | 23 | 173 | 100
603 | Revision_603/sql.c | U | 402 | 418 | 12 | 65922 | 23 | 176 | 100
603 | Revision_603/jscript.c | U | 266 | 275 | 8 | 65923 | 24 | 168 | 100
603 | Revision_603/jscript.c | U | 278 | 287 | 8 | 65924 | 24 | 172 | 100
603 | Revision_603/jscript.c | U | 304 | 318 | 14 | 65925 | 25 | 179 | 100
603 | Revision_603/sql.c | U | 436 | 450 | 14 | 65926 | 25 | 180 | 100
603 | Revision_603/jscript.c | U | 324 | 335 | 12 | 65927 | 26 | 181 | 100
603 | Revision_603/sql.c | U | 455 | 466 | 12 | 65928 | 26 | 182 | 100
603 | Revision_603/jscript.c | U | 391 | 421 | 26 | 65929 | 27 | 204 | 100
603 | Revision_603/sql.c | U | 558 | 588 | 26 | 65930 | 27 | 205 | 100
603 | Revision_603/jscript.c | U | 457 | 487 | 18 | 65931 | 28 | 206 | 100
603 | Revision_603/jscript.c | U | 490 | 519 | 18 | 65932 | 28 | 215 | 100
603 | Revision_603/sql.c | U | 666 | 696 | 18 | 65933 | 28 | 171 | 100
603 | Revision_603/jscript.c | U | 532 | 539 | 7 | 65934 | 29 | 187 | 100
603 | Revision_603/sql.c | U | 631 | 638 | 7 | 65935 | 29 | 188 | 100
603 | Revision_603/jscript.c | U | 682 | 693 | 6 | 65936 | 30 | 192 | 100
603 | Revision_603/sql.c | U | 1222 | 1228 | 6 | 65937 | 30 | 207 | 100
603 | Revision_603/sql.c | U | 844 | 864 | 6 | 65938 | 30 | 193 | 100
603 | Revision_603/jscript.c | U | 997 | 1003 | 6 | 65939 | 30 | 197 | 100
603 | Revision_603/jscript.c | U | 1237 | 1252 | 7 | 65940 | 31 | 216 | 100
603 | Revision_603/sql.c | U | 1356 | 1363 | 7 | 65941 | 31 | 198 | 100
603 | Revision_603/jscript.c | U | 1313 | 1317 | 5 | 65942 | 32 | 217 | 100
603 | Revision_603/fortran.c | U | 1916 | 1920 | 5 | 65943 | 32 | 99 | 100
603 | Revision_603/jscript.c | U | 1420 | 1424 | 5 | 65944 | 33 | 199 | 100
603 | Revision_603/sql.c | U | 1816 | 1820 | 5 | 65945 | 33 | 200 | 100
603 | Revision_603/slang.c | U | 34 | 41 | 8 | 65946 | 34 | 32 | 100
603 | Revision_603/yacc.c | U | 31 | 38 | 8 | 65947 | 34 | 33 | 100
603 | Revision_603/gnu_regex/regex.c | U | 1330 | 1339 | 5 | 65948 | 35 | 219 | 100
603 | Revision_603/gnu_regex/regex.c | U | 1812 | 1816 | 5 | 65949 | 35 | 220 | 100
603 | Revision_603/gnu_regex/regex.c | U | 1753 | 1758 | 6 | 65950 | 36 | 221 | 100
603 | Revision_603/gnu_regex/regex.c | U | 1788 | 1793 | 6 | 65951 | 36 | 222 | 100
603 | Revision_603/gnu_regex/regex.c | U | 1773 | 1778 | 6 | 65952 | 36 | 223 | 100
603 | Revision_603/vim.c | U | 97 | 101 | 5 | 65953 | 37 | 100 | 100
603 | Revision_603/vim.c | U | 103 | 107 | 5 | 65954 | 37 | 101 | 100
603 | Revision_603/vim.c | U | 626 | 634 | 9 | 65955 | 38 | 34 | 100
603 | Revision_603/beta.c | U | 311 | 319 | 9 | 65956 | 38 | 36 | 100
603 | Revision_603/lua.c | U | 123 | 131 | 9 | 65957 | 38 | 84 | 100
603 | Revision_603/python.c | U | 198 | 202 | 5 | 65958 | 39 | 119 | 100
603 | Revision_603/sml.c | U | 84 | 88 | 5 | 65959 | 39 | 120 | 100
603 | Revision_603/erlang.c | U | 58 | 62 | 5 | 65960 | 39 | 131 | 100
603 | Revision_603/python.c | U | 206 | 215 | 9 | 65961 | 40 | 132 | 100
603 | Revision_603/erlang.c | U | 66 | 75 | 9 | 65962 | 40 | 133 | 100
603 | Revision_603/python.c | U | 447 | 455 | 9 | 65963 | 41 | 209 | 100
603 | Revision_603/perl.c | U | 372 | 380 | 9 | 65964 | 41 | 39 | 100
603 | Revision_603/erlang.c | U | 179 | 187 | 9 | 65965 | 41 | 135 | 100
603 | Revision_603/tcl.c | U | 106 | 114 | 9 | 65966 | 41 | 134 | 100
603 | Revision_603/sort.c | U | 118 | 123 | 5 | 65967 | 42 | 96 | 100
603 | Revision_603/sort.c | U | 126 | 131 | 5 | 65968 | 42 | 97 | 100
603 | Revision_603/pascal.c | U | 176 | 182 | 6 | 65969 | 43 | 46 | 100
603 | Revision_603/pascal.c | U | 184 | 190 | 6 | 65970 | 43 | 47 | 100
603 | Revision_603/routines.c | U | 288 | 295 | 8 | 65971 | 44 | 90 | 100
603 | Revision_603/readtags.c | U | 106 | 113 | 8 | 65972 | 44 | 79 | 100
603 | Revision_603/routines.c | U | 298 | 305 | 8 | 65973 | 45 | 91 | 100
603 | Revision_603/readtags.c | U | 116 | 123 | 8 | 65974 | 45 | 81 | 100
603 | Revision_603/routines.c | U | 329 | 335 | 6 | 65975 | 46 | 92 | 100
603 | Revision_603/routines.c | U | 338 | 344 | 6 | 65976 | 46 | 93 | 100
603 | Revision_603/routines.c | U | 349 | 356 | 8 | 65977 | 47 | 94 | 100
603 | Revision_603/routines.c | U | 361 | 368 | 8 | 65978 | 47 | 95 | 100
603 | Revision_603/sh.c | U | 103 | 113 | 9 | 65979 | 48 | 54 | 100
603 | Revision_603/scheme.c | U | 99 | 109 | 9 | 65980 | 48 | 55 | 100
603 | Revision_603/beta.c | U | 152 | 156 | 5 | 65981 | 49 | 56 | 100
603 | Revision_603/beta.c | U | 158 | 162 | 5 | 65982 | 49 | 58 | 100
603 | Revision_603/beta.c | U | 277 | 281 | 5 | 65983 | 49 | 57 | 100
603 | Revision_603/beta.c | U | 165 | 169 | 5 | 65984 | 50 | 59 | 100
603 | Revision_603/beta.c | U | 271 | 275 | 5 | 65985 | 50 | 60 | 100
603 | Revision_603/erlang.c | U | 108 | 113 | 6 | 65986 | 51 | 138 | 100
603 | Revision_603/erlang.c | U | 116 | 121 | 6 | 65987 | 51 | 139 | 100
603 | Revision_603/sql.c | U | 1460 | 1466 | 5 | 65988 | 52 | 201 | 100
603 | Revision_603/sql.c | U | 1489 | 1495 | 5 | 65989 | 52 | 202 | 100
603 | Revision_603/parse.c | U | 45 | 53 | 7 | 65990 | 53 | 121 | 100
603 | Revision_603/sml.c | U | 75 | 81 | 7 | 65991 | 53 | 122 | 100
603 | Revision_603/parse.c | U | 100 | 104 | 5 | 65992 | 54 | 61 | 100
603 | Revision_603/parse.c | U | 114 | 118 | 5 | 65993 | 54 | 62 | 100
603 | Revision_603/parse.c | U | 556 | 560 | 5 | 65994 | 55 | 144 | 100
603 | Revision_603/parse.c | U | 575 | 579 | 5 | 65995 | 55 | 145 | 100
603 | Revision_603/readtags.c | U | 541 | 547 | 6 | 65996 | 56 | 82 | 100
603 | Revision_603/readtags.c | U | 549 | 555 | 6 | 65997 | 56 | 83 | 100
603 | Revision_603/readtags.c | U | 740 | 745 | 6 | 65998 | 57 | 64 | 100
603 | Revision_603/readtags.c | U | 765 | 770 | 6 | 65999 | 57 | 77 | 100
603 | Revision_603/options.c | U | 369 | 375 | 6 | 66000 | 58 | 69 | 100
603 | Revision_603/options.c | U | 378 | 384 | 6 | 66001 | 58 | 70 | 100
603 | Revision_603/options.c | U | 543 | 549 | 7 | 66002 | 59 | 71 | 100
603 | Revision_603/options.c | U | 552 | 558 | 7 | 66003 | 59 | 72 | 100
603 | Revision_603/options.c | U | 570 | 576 | 7 | 66004 | 59 | 73 | 100
603 | Revision_603/options.c | U | 561 | 567 | 7 | 66005 | 59 | 74 | 100
603 | Revision_603/options.c | U | 1102 | 1106 | 5 | 66006 | 60 | 75 | 100
603 | Revision_603/options.c | U | 1108 | 1112 | 5 | 66007 | 60 | 76 | 100
603 | Revision_603/options.c | U | 1154 | 1166 | 12 | 66008 | 61 | 146 | 100
603 | Revision_603/options.c | U | 1171 | 1183 | 12 | 66009 | 61 | 147 | 100
