Revision | filePath | changeType | StartLine | EndLine | Nlines | cloneId | classId | globalCloneId | Similarity
615 | Revision_615/asp.c | U | 71 | 90 | 15 | 67638 | 1 | 1 | 100
615 | Revision_615/asp.c | U | 94 | 113 | 15 | 67639 | 1 | 2 | 100
615 | Revision_615/asp.c | U | 117 | 133 | 14 | 67640 | 2 | 3 | 100
615 | Revision_615/asp.c | U | 175 | 190 | 14 | 67641 | 2 | 162 | 100
615 | Revision_615/asp.c | U | 137 | 152 | 14 | 67642 | 2 | 6 | 100
615 | Revision_615/asp.c | U | 156 | 171 | 14 | 67643 | 2 | 116 | 100
615 | Revision_615/asp.c | U | 201 | 209 | 9 | 67644 | 3 | 8 | 100
615 | Revision_615/sml.c | U | 202 | 210 | 9 | 67645 | 3 | 118 | 100
615 | Revision_615/ruby.c | U | 398 | 406 | 9 | 67646 | 3 | 164 | 100
615 | Revision_615/args.c | U | 85 | 92 | 8 | 67647 | 4 | 11 | 100
615 | Revision_615/args.c | U | 160 | 167 | 8 | 67648 | 4 | 12 | 100
615 | Revision_615/c.c | U | 665 | 676 | 13 | 67649 | 5 | 117 | 100
615 | Revision_615/c.c | U | 1168 | 1181 | 13 | 67650 | 5 | 123 | 100
615 | Revision_615/c.c | U | 821 | 841 | 45 | 67651 | 6 | 157 | 100
615 | Revision_615/c.c | U | 862 | 882 | 45 | 67652 | 6 | 158 | 100
615 | Revision_615/c.c | U | 1408 | 1415 | 7 | 67653 | 7 | 15 | 100
615 | Revision_615/c.c | U | 1418 | 1425 | 7 | 67654 | 7 | 16 | 100
615 | Revision_615/c.c | U | 1778 | 1782 | 5 | 67655 | 8 | 126 | 100
615 | Revision_615/c.c | U | 1787 | 1791 | 5 | 67656 | 8 | 127 | 100
615 | Revision_615/c.c | U | 2212 | 2217 | 6 | 67657 | 9 | 142 | 100
615 | Revision_615/options.c | U | 533 | 538 | 6 | 67658 | 9 | 72 | 100
615 | Revision_615/gnu_regex/regex.c | U | 2824 | 2829 | 6 | 67659 | 9 | 218 | 100
615 | Revision_615/c.c | U | 2485 | 2489 | 5 | 67660 | 10 | 159 | 100
615 | Revision_615/c.c | U | 2492 | 2496 | 5 | 67661 | 10 | 160 | 100
615 | Revision_615/c.c | U | 2848 | 2857 | 10 | 67662 | 11 | 17 | 100
615 | Revision_615/c.c | U | 2878 | 2887 | 10 | 67663 | 11 | 128 | 100
615 | Revision_615/verilog.c | U | 329 | 338 | 10 | 67664 | 11 | 156 | 100
615 | Revision_615/eiffel.c | U | 1247 | 1256 | 10 | 67665 | 11 | 19 | 100
615 | Revision_615/c.c | U | 2890 | 2899 | 10 | 67666 | 11 | 18 | 100
615 | Revision_615/sql.c | U | 1834 | 1843 | 10 | 67667 | 11 | 102 | 100
615 | Revision_615/eiffel.c | U | 214 | 223 | 8 | 67668 | 12 | 20 | 100
615 | Revision_615/fortran.c | U | 397 | 406 | 8 | 67669 | 12 | 21 | 100
615 | Revision_615/jscript.c | U | 188 | 197 | 8 | 67670 | 12 | 168 | 100
615 | Revision_615/sql.c | U | 346 | 355 | 8 | 67671 | 12 | 103 | 100
615 | Revision_615/eiffel.c | U | 366 | 375 | 8 | 67672 | 13 | 104 | 100
615 | Revision_615/sql.c | U | 426 | 433 | 8 | 67673 | 13 | 105 | 100
615 | Revision_615/jscript.c | U | 294 | 301 | 8 | 67674 | 13 | 169 | 100
615 | Revision_615/eiffel.c | U | 413 | 419 | 7 | 67675 | 14 | 87 | 100
615 | Revision_615/fortran.c | U | 804 | 810 | 7 | 67676 | 14 | 210 | 100
615 | Revision_615/eiffel.c | U | 421 | 426 | 6 | 67677 | 15 | 87 | 100
615 | Revision_615/fortran.c | U | 812 | 817 | 6 | 67678 | 15 | 27 | 100
615 | Revision_615/eiffel.c | U | 603 | 612 | 8 | 67679 | 16 | 26 | 100
615 | Revision_615/jscript.c | U | 338 | 345 | 8 | 67680 | 16 | 183 | 100
615 | Revision_615/asm.c | U | 131 | 139 | 8 | 67681 | 16 | 211 | 100
615 | Revision_615/sql.c | U | 469 | 476 | 8 | 67682 | 16 | 105 | 100
615 | Revision_615/fortran.c | U | 871 | 880 | 8 | 67683 | 16 | 27 | 100
615 | Revision_615/eiffel.c | U | 660 | 664 | 5 | 67684 | 17 | 106 | 100
615 | Revision_615/sql.c | U | 530 | 534 | 5 | 67685 | 17 | 107 | 100
615 | Revision_615/eiffel.c | U | 729 | 734 | 6 | 67686 | 18 | 212 | 100
615 | Revision_615/fortran.c | U | 1043 | 1048 | 6 | 67687 | 18 | 213 | 100
615 | Revision_615/eiffel.c | U | 875 | 879 | 5 | 67688 | 19 | 89 | 100
615 | Revision_615/eiffel.c | U | 1013 | 1017 | 5 | 67689 | 19 | 85 | 100
615 | Revision_615/fortran.c | U | 1343 | 1347 | 5 | 67690 | 19 | 86 | 100
615 | Revision_615/verilog.c | U | 142 | 146 | 5 | 67691 | 20 | 224 | 100
615 | Revision_615/fortran.c | U | 985 | 989 | 5 | 67692 | 20 | 225 | 100
615 | Revision_615/jscript.c | U | 214 | 218 | 5 | 67693 | 21 | 173 | 100
615 | Revision_615/sql.c | U | 370 | 374 | 5 | 67694 | 21 | 174 | 100
615 | Revision_615/jscript.c | U | 227 | 238 | 10 | 67695 | 22 | 214 | 100
615 | Revision_615/sql.c | U | 383 | 394 | 10 | 67696 | 22 | 109 | 100
615 | Revision_615/jscript.c | U | 246 | 262 | 12 | 67697 | 23 | 173 | 100
615 | Revision_615/sql.c | U | 402 | 418 | 12 | 67698 | 23 | 176 | 100
615 | Revision_615/jscript.c | U | 266 | 275 | 8 | 67699 | 24 | 168 | 100
615 | Revision_615/jscript.c | U | 278 | 287 | 8 | 67700 | 24 | 172 | 100
615 | Revision_615/jscript.c | U | 304 | 318 | 14 | 67701 | 25 | 179 | 100
615 | Revision_615/sql.c | U | 436 | 450 | 14 | 67702 | 25 | 180 | 100
615 | Revision_615/jscript.c | U | 324 | 335 | 12 | 67703 | 26 | 181 | 100
615 | Revision_615/sql.c | U | 455 | 466 | 12 | 67704 | 26 | 182 | 100
615 | Revision_615/jscript.c | U | 391 | 421 | 26 | 67705 | 27 | 204 | 100
615 | Revision_615/sql.c | U | 558 | 588 | 26 | 67706 | 27 | 205 | 100
615 | Revision_615/jscript.c | U | 457 | 487 | 18 | 67707 | 28 | 206 | 100
615 | Revision_615/jscript.c | U | 490 | 519 | 18 | 67708 | 28 | 215 | 100
615 | Revision_615/sql.c | U | 666 | 696 | 18 | 67709 | 28 | 171 | 100
615 | Revision_615/jscript.c | U | 532 | 539 | 7 | 67710 | 29 | 187 | 100
615 | Revision_615/sql.c | U | 631 | 638 | 7 | 67711 | 29 | 188 | 100
615 | Revision_615/jscript.c | U | 682 | 693 | 6 | 67712 | 30 | 192 | 100
615 | Revision_615/jscript.c | U | 997 | 1003 | 6 | 67713 | 30 | 197 | 100
615 | Revision_615/sql.c | U | 1222 | 1228 | 6 | 67714 | 30 | 207 | 100
615 | Revision_615/sql.c | U | 844 | 864 | 6 | 67715 | 30 | 193 | 100
615 | Revision_615/jscript.c | U | 1237 | 1252 | 7 | 67716 | 31 | 216 | 100
615 | Revision_615/sql.c | U | 1356 | 1363 | 7 | 67717 | 31 | 198 | 100
615 | Revision_615/jscript.c | U | 1313 | 1317 | 5 | 67718 | 32 | 217 | 100
615 | Revision_615/fortran.c | U | 1916 | 1920 | 5 | 67719 | 32 | 99 | 100
615 | Revision_615/jscript.c | U | 1420 | 1424 | 5 | 67720 | 33 | 199 | 100
615 | Revision_615/sql.c | U | 1816 | 1820 | 5 | 67721 | 33 | 200 | 100
615 | Revision_615/slang.c | U | 34 | 41 | 8 | 67722 | 34 | 32 | 100
615 | Revision_615/yacc.c | U | 31 | 38 | 8 | 67723 | 34 | 33 | 100
615 | Revision_615/gnu_regex/regex.c | U | 1330 | 1339 | 5 | 67724 | 35 | 219 | 100
615 | Revision_615/gnu_regex/regex.c | U | 1812 | 1816 | 5 | 67725 | 35 | 220 | 100
615 | Revision_615/gnu_regex/regex.c | U | 1753 | 1758 | 6 | 67726 | 36 | 221 | 100
615 | Revision_615/gnu_regex/regex.c | U | 1773 | 1778 | 6 | 67727 | 36 | 222 | 100
615 | Revision_615/gnu_regex/regex.c | U | 1788 | 1793 | 6 | 67728 | 36 | 223 | 100
615 | Revision_615/vim.c | U | 97 | 101 | 5 | 67729 | 37 | 100 | 100
615 | Revision_615/vim.c | U | 103 | 107 | 5 | 67730 | 37 | 101 | 100
615 | Revision_615/vim.c | U | 626 | 634 | 9 | 67731 | 38 | 34 | 100
615 | Revision_615/beta.c | U | 311 | 319 | 9 | 67732 | 38 | 36 | 100
615 | Revision_615/lua.c | U | 123 | 131 | 9 | 67733 | 38 | 84 | 100
615 | Revision_615/python.c | U | 198 | 202 | 5 | 67734 | 39 | 119 | 100
615 | Revision_615/sml.c | U | 84 | 88 | 5 | 67735 | 39 | 120 | 100
615 | Revision_615/erlang.c | U | 58 | 62 | 5 | 67736 | 39 | 131 | 100
615 | Revision_615/python.c | U | 206 | 215 | 9 | 67737 | 40 | 132 | 100
615 | Revision_615/erlang.c | U | 66 | 75 | 9 | 67738 | 40 | 133 | 100
615 | Revision_615/python.c | U | 447 | 455 | 9 | 67739 | 41 | 209 | 100
615 | Revision_615/tcl.c | U | 106 | 114 | 9 | 67740 | 41 | 134 | 100
615 | Revision_615/erlang.c | U | 179 | 187 | 9 | 67741 | 41 | 135 | 100
615 | Revision_615/perl.c | U | 372 | 380 | 9 | 67742 | 41 | 39 | 100
615 | Revision_615/sort.c | U | 118 | 123 | 5 | 67743 | 42 | 96 | 100
615 | Revision_615/sort.c | U | 126 | 131 | 5 | 67744 | 42 | 97 | 100
615 | Revision_615/pascal.c | U | 176 | 182 | 6 | 67745 | 43 | 46 | 100
615 | Revision_615/pascal.c | U | 184 | 190 | 6 | 67746 | 43 | 47 | 100
615 | Revision_615/routines.c | U | 288 | 295 | 8 | 67747 | 44 | 90 | 100
615 | Revision_615/readtags.c | U | 106 | 113 | 8 | 67748 | 44 | 79 | 100
615 | Revision_615/routines.c | U | 298 | 305 | 8 | 67749 | 45 | 91 | 100
615 | Revision_615/readtags.c | U | 116 | 123 | 8 | 67750 | 45 | 81 | 100
615 | Revision_615/routines.c | U | 329 | 335 | 6 | 67751 | 46 | 92 | 100
615 | Revision_615/routines.c | U | 338 | 344 | 6 | 67752 | 46 | 93 | 100
615 | Revision_615/routines.c | U | 349 | 356 | 8 | 67753 | 47 | 94 | 100
615 | Revision_615/routines.c | U | 361 | 368 | 8 | 67754 | 47 | 95 | 100
615 | Revision_615/sh.c | U | 103 | 113 | 9 | 67755 | 48 | 54 | 100
615 | Revision_615/scheme.c | U | 99 | 109 | 9 | 67756 | 48 | 55 | 100
615 | Revision_615/beta.c | U | 152 | 156 | 5 | 67757 | 49 | 56 | 100
615 | Revision_615/beta.c | U | 158 | 162 | 5 | 67758 | 49 | 58 | 100
615 | Revision_615/beta.c | U | 277 | 281 | 5 | 67759 | 49 | 57 | 100
615 | Revision_615/beta.c | U | 165 | 169 | 5 | 67760 | 50 | 59 | 100
615 | Revision_615/beta.c | U | 271 | 275 | 5 | 67761 | 50 | 60 | 100
615 | Revision_615/erlang.c | U | 108 | 113 | 6 | 67762 | 51 | 138 | 100
615 | Revision_615/erlang.c | U | 116 | 121 | 6 | 67763 | 51 | 139 | 100
615 | Revision_615/sql.c | U | 1460 | 1466 | 5 | 67764 | 52 | 201 | 100
615 | Revision_615/sql.c | U | 1489 | 1495 | 5 | 67765 | 52 | 202 | 100
615 | Revision_615/parse.c | U | 45 | 53 | 7 | 67766 | 53 | 121 | 100
615 | Revision_615/sml.c | U | 75 | 81 | 7 | 67767 | 53 | 122 | 100
615 | Revision_615/parse.c | U | 100 | 104 | 5 | 67768 | 54 | 61 | 100
615 | Revision_615/parse.c | U | 114 | 118 | 5 | 67769 | 54 | 62 | 100
615 | Revision_615/parse.c | U | 556 | 560 | 5 | 67770 | 55 | 144 | 100
615 | Revision_615/parse.c | U | 575 | 579 | 5 | 67771 | 55 | 145 | 100
615 | Revision_615/readtags.c | U | 541 | 547 | 6 | 67772 | 56 | 82 | 100
615 | Revision_615/readtags.c | U | 549 | 555 | 6 | 67773 | 56 | 83 | 100
615 | Revision_615/readtags.c | U | 740 | 745 | 6 | 67774 | 57 | 64 | 100
615 | Revision_615/readtags.c | U | 765 | 770 | 6 | 67775 | 57 | 77 | 100
615 | Revision_615/options.c | U | 369 | 375 | 6 | 67776 | 58 | 69 | 100
615 | Revision_615/options.c | U | 378 | 384 | 6 | 67777 | 58 | 70 | 100
615 | Revision_615/options.c | U | 543 | 549 | 7 | 67778 | 59 | 71 | 100
615 | Revision_615/options.c | U | 570 | 576 | 7 | 67779 | 59 | 73 | 100
615 | Revision_615/options.c | U | 552 | 558 | 7 | 67780 | 59 | 72 | 100
615 | Revision_615/options.c | U | 561 | 567 | 7 | 67781 | 59 | 74 | 100
615 | Revision_615/options.c | U | 1102 | 1106 | 5 | 67782 | 60 | 75 | 100
615 | Revision_615/options.c | U | 1108 | 1112 | 5 | 67783 | 60 | 76 | 100
615 | Revision_615/options.c | U | 1154 | 1166 | 12 | 67784 | 61 | 146 | 100
615 | Revision_615/options.c | U | 1171 | 1183 | 12 | 67785 | 61 | 147 | 100
