Revision | filePath | changeType | StartLine | EndLine | Nlines | cloneId | classId | globalCloneId | Similarity
643 | Revision_643/asp.c | U | 71 | 90 | 15 | 71834 | 1 | 1 | 100
643 | Revision_643/asp.c | U | 94 | 113 | 15 | 71835 | 1 | 2 | 100
643 | Revision_643/asp.c | U | 117 | 133 | 14 | 71836 | 2 | 3 | 100
643 | Revision_643/asp.c | U | 175 | 190 | 14 | 71837 | 2 | 162 | 100
643 | Revision_643/asp.c | U | 156 | 171 | 14 | 71838 | 2 | 116 | 100
643 | Revision_643/asp.c | U | 137 | 152 | 14 | 71839 | 2 | 6 | 100
643 | Revision_643/asp.c | U | 201 | 209 | 9 | 71840 | 3 | 8 | 100
643 | Revision_643/sml.c | U | 202 | 210 | 9 | 71841 | 3 | 118 | 100
643 | Revision_643/ruby.c | U | 398 | 406 | 9 | 71842 | 3 | 164 | 100
643 | Revision_643/args.c | U | 85 | 92 | 8 | 71843 | 4 | 11 | 100
643 | Revision_643/args.c | U | 160 | 167 | 8 | 71844 | 4 | 12 | 100
643 | Revision_643/c.c | U | 665 | 676 | 13 | 71845 | 5 | 117 | 100
643 | Revision_643/c.c | U | 1168 | 1181 | 13 | 71846 | 5 | 123 | 100
643 | Revision_643/c.c | U | 821 | 841 | 45 | 71847 | 6 | 157 | 100
643 | Revision_643/c.c | U | 862 | 882 | 45 | 71848 | 6 | 158 | 100
643 | Revision_643/c.c | U | 1408 | 1415 | 7 | 71849 | 7 | 15 | 100
643 | Revision_643/c.c | U | 1418 | 1425 | 7 | 71850 | 7 | 16 | 100
643 | Revision_643/c.c | U | 1778 | 1782 | 5 | 71851 | 8 | 126 | 100
643 | Revision_643/c.c | U | 1787 | 1791 | 5 | 71852 | 8 | 127 | 100
643 | Revision_643/c.c | U | 2212 | 2217 | 6 | 71853 | 9 | 142 | 100
643 | Revision_643/options.c | U | 533 | 538 | 6 | 71854 | 9 | 72 | 100
643 | Revision_643/gnu_regex/regex.c | U | 2828 | 2833 | 6 | 71855 | 9 | 218 | 100
643 | Revision_643/c.c | U | 2485 | 2489 | 5 | 71856 | 10 | 159 | 100
643 | Revision_643/c.c | U | 2492 | 2496 | 5 | 71857 | 10 | 160 | 100
643 | Revision_643/c.c | U | 2848 | 2857 | 10 | 71858 | 11 | 17 | 100
643 | Revision_643/verilog.c | U | 329 | 338 | 10 | 71859 | 11 | 156 | 100
643 | Revision_643/c.c | U | 2890 | 2899 | 10 | 71860 | 11 | 18 | 100
643 | Revision_643/c.c | U | 2878 | 2887 | 10 | 71861 | 11 | 128 | 100
643 | Revision_643/sql.c | U | 1905 | 1914 | 10 | 71862 | 11 | 102 | 100
643 | Revision_643/eiffel.c | U | 1247 | 1256 | 10 | 71863 | 11 | 19 | 100
643 | Revision_643/eiffel.c | U | 214 | 223 | 8 | 71864 | 12 | 20 | 100
643 | Revision_643/jscript.c | U | 180 | 189 | 8 | 71865 | 12 | 168 | 100
643 | Revision_643/fortran.c | U | 398 | 407 | 8 | 71866 | 12 | 21 | 100
643 | Revision_643/sql.c | U | 348 | 357 | 8 | 71867 | 12 | 103 | 100
643 | Revision_643/eiffel.c | U | 366 | 375 | 8 | 71868 | 13 | 104 | 100
643 | Revision_643/jscript.c | U | 288 | 295 | 8 | 71869 | 13 | 169 | 100
643 | Revision_643/sql.c | U | 430 | 437 | 8 | 71870 | 13 | 105 | 100
643 | Revision_643/eiffel.c | U | 413 | 419 | 7 | 71871 | 14 | 87 | 100
643 | Revision_643/fortran.c | U | 805 | 811 | 7 | 71872 | 14 | 210 | 100
643 | Revision_643/eiffel.c | U | 421 | 426 | 6 | 71873 | 15 | 87 | 100
643 | Revision_643/fortran.c | U | 813 | 818 | 6 | 71874 | 15 | 27 | 100
643 | Revision_643/eiffel.c | U | 603 | 612 | 8 | 71875 | 16 | 26 | 100
643 | Revision_643/jscript.c | U | 336 | 343 | 8 | 71876 | 16 | 183 | 100
643 | Revision_643/sql.c | U | 477 | 484 | 8 | 71877 | 16 | 105 | 100
643 | Revision_643/fortran.c | U | 872 | 881 | 8 | 71878 | 16 | 27 | 100
643 | Revision_643/asm.c | U | 131 | 139 | 8 | 71879 | 16 | 211 | 100
643 | Revision_643/eiffel.c | U | 660 | 664 | 5 | 71880 | 17 | 106 | 100
643 | Revision_643/sql.c | U | 542 | 546 | 5 | 71881 | 17 | 107 | 100
643 | Revision_643/eiffel.c | U | 729 | 734 | 6 | 71882 | 18 | 212 | 100
643 | Revision_643/fortran.c | U | 1043 | 1048 | 6 | 71883 | 18 | 213 | 100
643 | Revision_643/eiffel.c | U | 875 | 879 | 5 | 71884 | 19 | 89 | 100
643 | Revision_643/eiffel.c | U | 1013 | 1017 | 5 | 71885 | 19 | 85 | 100
643 | Revision_643/fortran.c | U | 1342 | 1346 | 5 | 71886 | 19 | 86 | 100
643 | Revision_643/verilog.c | U | 142 | 146 | 5 | 71887 | 20 | 224 | 100
643 | Revision_643/fortran.c | U | 985 | 989 | 5 | 71888 | 20 | 225 | 100
643 | Revision_643/jscript.c | U | 208 | 212 | 5 | 71889 | 21 | 173 | 100
643 | Revision_643/sql.c | U | 374 | 378 | 5 | 71890 | 21 | 174 | 100
643 | Revision_643/jscript.c | U | 221 | 232 | 10 | 71891 | 22 | 214 | 100
643 | Revision_643/sql.c | U | 387 | 398 | 10 | 71892 | 22 | 109 | 100
643 | Revision_643/jscript.c | U | 240 | 256 | 12 | 71893 | 23 | 173 | 100
643 | Revision_643/sql.c | U | 406 | 422 | 12 | 71894 | 23 | 176 | 100
643 | Revision_643/jscript.c | U | 260 | 269 | 8 | 71895 | 24 | 168 | 100
643 | Revision_643/jscript.c | U | 272 | 281 | 8 | 71896 | 24 | 172 | 100
643 | Revision_643/jscript.c | U | 298 | 316 | 17 | 71897 | 25 | 179 | 100
643 | Revision_643/sql.c | U | 440 | 458 | 17 | 71898 | 25 | 182 | 100
643 | Revision_643/jscript.c | U | 322 | 333 | 12 | 71899 | 26 | 181 | 100
643 | Revision_643/sql.c | U | 463 | 474 | 12 | 71900 | 26 | 182 | 100
643 | Revision_643/jscript.c | U | 355 | 359 | 5 | 71901 | 27 | 183 | 100
643 | Revision_643/sql.c | U | 496 | 509 | 5 | 71902 | 27 | 182 | 100
643 | Revision_643/jscript.c | U | 395 | 425 | 26 | 71903 | 28 | 204 | 100
643 | Revision_643/sql.c | U | 579 | 609 | 26 | 71904 | 28 | 205 | 100
643 | Revision_643/jscript.c | U | 461 | 491 | 18 | 71905 | 29 | 206 | 100
643 | Revision_643/jscript.c | U | 494 | 523 | 18 | 71906 | 29 | 215 | 100
643 | Revision_643/sql.c | U | 687 | 717 | 18 | 71907 | 29 | 171 | 100
643 | Revision_643/jscript.c | U | 536 | 543 | 7 | 71908 | 30 | 187 | 100
643 | Revision_643/sql.c | U | 652 | 659 | 7 | 71909 | 30 | 188 | 100
643 | Revision_643/jscript.c | U | 686 | 697 | 6 | 71910 | 31 | 192 | 100
643 | Revision_643/sql.c | U | 865 | 885 | 6 | 71911 | 31 | 193 | 100
643 | Revision_643/sql.c | U | 1243 | 1249 | 6 | 71912 | 31 | 207 | 100
643 | Revision_643/jscript.c | U | 1064 | 1070 | 6 | 71913 | 31 | 197 | 100
643 | Revision_643/jscript.c | U | 1304 | 1319 | 7 | 71914 | 32 | 216 | 100
643 | Revision_643/sql.c | U | 1427 | 1434 | 7 | 71915 | 32 | 198 | 100
643 | Revision_643/jscript.c | U | 1380 | 1384 | 5 | 71916 | 33 | 217 | 100
643 | Revision_643/fortran.c | U | 1915 | 1919 | 5 | 71917 | 33 | 99 | 100
643 | Revision_643/jscript.c | U | 1487 | 1491 | 5 | 71918 | 34 | 199 | 100
643 | Revision_643/sql.c | U | 1887 | 1891 | 5 | 71919 | 34 | 200 | 100
643 | Revision_643/slang.c | U | 34 | 41 | 8 | 71920 | 35 | 32 | 100
643 | Revision_643/yacc.c | U | 31 | 38 | 8 | 71921 | 35 | 33 | 100
643 | Revision_643/gnu_regex/regex.c | U | 1330 | 1339 | 5 | 71922 | 36 | 219 | 100
643 | Revision_643/gnu_regex/regex.c | U | 1816 | 1820 | 5 | 71923 | 36 | 220 | 100
643 | Revision_643/gnu_regex/regex.c | U | 1627 | 1632 | 6 | 71924 | 37 | 226 | 100
643 | Revision_643/gnu_regex/regex.c | U | 1777 | 1782 | 6 | 71925 | 37 | 222 | 100
643 | Revision_643/gnu_regex/regex.c | U | 1792 | 1797 | 6 | 71926 | 37 | 223 | 100
643 | Revision_643/gnu_regex/regex.c | U | 1757 | 1762 | 6 | 71927 | 37 | 221 | 100
643 | Revision_643/gnu_regex/regex.c | U | 1649 | 1654 | 6 | 71928 | 37 | 227 | 100
643 | Revision_643/vim.c | U | 97 | 101 | 5 | 71929 | 38 | 100 | 100
643 | Revision_643/vim.c | U | 103 | 107 | 5 | 71930 | 38 | 101 | 100
643 | Revision_643/vim.c | U | 626 | 634 | 9 | 71931 | 39 | 34 | 100
643 | Revision_643/lua.c | U | 123 | 131 | 9 | 71932 | 39 | 84 | 100
643 | Revision_643/beta.c | U | 311 | 319 | 9 | 71933 | 39 | 36 | 100
643 | Revision_643/python.c | U | 199 | 203 | 5 | 71934 | 40 | 119 | 100
643 | Revision_643/erlang.c | U | 58 | 62 | 5 | 71935 | 40 | 131 | 100
643 | Revision_643/sml.c | U | 84 | 88 | 5 | 71936 | 40 | 120 | 100
643 | Revision_643/python.c | U | 207 | 216 | 9 | 71937 | 41 | 132 | 100
643 | Revision_643/erlang.c | U | 66 | 75 | 9 | 71938 | 41 | 133 | 100
643 | Revision_643/python.c | U | 448 | 456 | 9 | 71939 | 42 | 209 | 100
643 | Revision_643/tcl.c | U | 106 | 114 | 9 | 71940 | 42 | 134 | 100
643 | Revision_643/perl.c | U | 372 | 380 | 9 | 71941 | 42 | 39 | 100
643 | Revision_643/erlang.c | U | 179 | 187 | 9 | 71942 | 42 | 135 | 100
643 | Revision_643/sort.c | U | 118 | 123 | 5 | 71943 | 43 | 96 | 100
643 | Revision_643/sort.c | U | 126 | 131 | 5 | 71944 | 43 | 97 | 100
643 | Revision_643/pascal.c | U | 176 | 182 | 6 | 71945 | 44 | 46 | 100
643 | Revision_643/pascal.c | U | 184 | 190 | 6 | 71946 | 44 | 47 | 100
643 | Revision_643/routines.c | U | 288 | 295 | 8 | 71947 | 45 | 90 | 100
643 | Revision_643/readtags.c | U | 106 | 113 | 8 | 71948 | 45 | 79 | 100
643 | Revision_643/routines.c | U | 298 | 305 | 8 | 71949 | 46 | 91 | 100
643 | Revision_643/readtags.c | U | 116 | 123 | 8 | 71950 | 46 | 81 | 100
643 | Revision_643/routines.c | U | 329 | 335 | 6 | 71951 | 47 | 92 | 100
643 | Revision_643/routines.c | U | 338 | 344 | 6 | 71952 | 47 | 93 | 100
643 | Revision_643/routines.c | U | 349 | 356 | 8 | 71953 | 48 | 94 | 100
643 | Revision_643/routines.c | U | 361 | 368 | 8 | 71954 | 48 | 95 | 100
643 | Revision_643/sh.c | U | 103 | 113 | 9 | 71955 | 49 | 54 | 100
643 | Revision_643/scheme.c | U | 99 | 109 | 9 | 71956 | 49 | 55 | 100
643 | Revision_643/beta.c | U | 152 | 156 | 5 | 71957 | 50 | 56 | 100
643 | Revision_643/beta.c | U | 158 | 162 | 5 | 71958 | 50 | 58 | 100
643 | Revision_643/beta.c | U | 277 | 281 | 5 | 71959 | 50 | 57 | 100
643 | Revision_643/beta.c | U | 165 | 169 | 5 | 71960 | 51 | 59 | 100
643 | Revision_643/beta.c | U | 271 | 275 | 5 | 71961 | 51 | 60 | 100
643 | Revision_643/erlang.c | U | 108 | 113 | 6 | 71962 | 52 | 138 | 100
643 | Revision_643/erlang.c | U | 116 | 121 | 6 | 71963 | 52 | 139 | 100
643 | Revision_643/sql.c | U | 1531 | 1537 | 5 | 71964 | 53 | 201 | 100
643 | Revision_643/sql.c | U | 1560 | 1566 | 5 | 71965 | 53 | 202 | 100
643 | Revision_643/parse.c | U | 45 | 53 | 7 | 71966 | 54 | 121 | 100
643 | Revision_643/sml.c | U | 75 | 81 | 7 | 71967 | 54 | 122 | 100
643 | Revision_643/parse.c | U | 100 | 104 | 5 | 71968 | 55 | 61 | 100
643 | Revision_643/parse.c | U | 114 | 118 | 5 | 71969 | 55 | 62 | 100
643 | Revision_643/parse.c | U | 556 | 560 | 5 | 71970 | 56 | 144 | 100
643 | Revision_643/parse.c | U | 575 | 579 | 5 | 71971 | 56 | 145 | 100
643 | Revision_643/readtags.c | U | 541 | 547 | 6 | 71972 | 57 | 82 | 100
643 | Revision_643/readtags.c | U | 549 | 555 | 6 | 71973 | 57 | 83 | 100
643 | Revision_643/readtags.c | U | 740 | 745 | 6 | 71974 | 58 | 64 | 100
643 | Revision_643/readtags.c | U | 765 | 770 | 6 | 71975 | 58 | 77 | 100
643 | Revision_643/options.c | U | 369 | 375 | 6 | 71976 | 59 | 69 | 100
643 | Revision_643/options.c | U | 378 | 384 | 6 | 71977 | 59 | 70 | 100
643 | Revision_643/options.c | U | 543 | 549 | 7 | 71978 | 60 | 71 | 100
643 | Revision_643/options.c | U | 552 | 558 | 7 | 71979 | 60 | 72 | 100
643 | Revision_643/options.c | U | 561 | 567 | 7 | 71980 | 60 | 74 | 100
643 | Revision_643/options.c | U | 570 | 576 | 7 | 71981 | 60 | 73 | 100
643 | Revision_643/options.c | U | 1102 | 1106 | 5 | 71982 | 61 | 75 | 100
643 | Revision_643/options.c | U | 1108 | 1112 | 5 | 71983 | 61 | 76 | 100
643 | Revision_643/options.c | U | 1154 | 1166 | 12 | 71984 | 62 | 146 | 100
643 | Revision_643/options.c | U | 1171 | 1183 | 12 | 71985 | 62 | 147 | 100
