Revision | filePath | changeType | StartLine | EndLine | Nlines | cloneId | classId | globalCloneId | Similarity
658 | Revision_658/asp.c | U | 71 | 90 | 15 | 74259 | 1 | 1 | 100
658 | Revision_658/asp.c | U | 94 | 113 | 15 | 74260 | 1 | 2 | 100
658 | Revision_658/asp.c | U | 117 | 133 | 14 | 74261 | 2 | 3 | 100
658 | Revision_658/asp.c | U | 156 | 171 | 14 | 74262 | 2 | 116 | 100
658 | Revision_658/asp.c | U | 175 | 190 | 14 | 74263 | 2 | 162 | 100
658 | Revision_658/asp.c | U | 137 | 152 | 14 | 74264 | 2 | 6 | 100
658 | Revision_658/asp.c | U | 201 | 209 | 9 | 74265 | 3 | 8 | 100
658 | Revision_658/ruby.c | U | 398 | 406 | 9 | 74266 | 3 | 164 | 100
658 | Revision_658/sml.c | U | 202 | 210 | 9 | 74267 | 3 | 118 | 100
658 | Revision_658/args.c | U | 85 | 92 | 8 | 74268 | 4 | 11 | 100
658 | Revision_658/args.c | U | 160 | 167 | 8 | 74269 | 4 | 12 | 100
658 | Revision_658/c.c | U | 667 | 678 | 13 | 74270 | 5 | 117 | 100
658 | Revision_658/c.c | U | 1171 | 1184 | 13 | 74271 | 5 | 123 | 100
658 | Revision_658/c.c | U | 686 | 697 | 13 | 74272 | 5 | 232 | 100
658 | Revision_658/c.c | U | 824 | 844 | 45 | 74273 | 6 | 157 | 100
658 | Revision_658/c.c | U | 865 | 885 | 45 | 74274 | 6 | 158 | 100
658 | Revision_658/c.c | U | 1411 | 1418 | 7 | 74275 | 7 | 15 | 100
658 | Revision_658/c.c | U | 1421 | 1428 | 7 | 74276 | 7 | 16 | 100
658 | Revision_658/c.c | U | 1781 | 1785 | 5 | 74277 | 8 | 126 | 100
658 | Revision_658/c.c | U | 1790 | 1794 | 5 | 74278 | 8 | 127 | 100
658 | Revision_658/c.c | U | 2222 | 2227 | 6 | 74279 | 9 | 142 | 100
658 | Revision_658/options.c | U | 533 | 538 | 6 | 74280 | 9 | 72 | 100
658 | Revision_658/gnu_regex/regex.c | U | 2828 | 2833 | 6 | 74281 | 9 | 218 | 100
658 | Revision_658/c.c | U | 2500 | 2504 | 5 | 74282 | 10 | 159 | 100
658 | Revision_658/c.c | U | 2507 | 2511 | 5 | 74283 | 10 | 160 | 100
658 | Revision_658/c.c | U | 2863 | 2872 | 10 | 74284 | 11 | 17 | 100
658 | Revision_658/c.c | U | 2905 | 2914 | 10 | 74285 | 11 | 18 | 100
658 | Revision_658/eiffel.c | M | 1236 | 1245 | 10 | 74286 | 11 | 19 | 100
658 | Revision_658/c.c | U | 2893 | 2902 | 10 | 74287 | 11 | 128 | 100
658 | Revision_658/sql.c | M | 2065 | 2074 | 10 | 74288 | 11 | 102 | 100
658 | Revision_658/verilog.c | U | 329 | 338 | 10 | 74289 | 11 | 156 | 100
658 | Revision_658/eiffel.c | U | 214 | 223 | 8 | 74290 | 12 | 20 | 100
658 | Revision_658/jscript.c | U | 180 | 189 | 8 | 74291 | 12 | 168 | 100
658 | Revision_658/sql.c | U | 385 | 394 | 8 | 74292 | 12 | 103 | 100
658 | Revision_658/fortran.c | U | 398 | 407 | 8 | 74293 | 12 | 21 | 100
658 | Revision_658/eiffel.c | U | 366 | 375 | 8 | 74294 | 13 | 104 | 100
658 | Revision_658/vhdl.c | U | 367 | 374 | 8 | 74295 | 13 | 234 | 100
658 | Revision_658/sql.c | U | 468 | 475 | 8 | 74296 | 13 | 105 | 100
658 | Revision_658/jscript.c | U | 288 | 295 | 8 | 74297 | 13 | 169 | 100
658 | Revision_658/eiffel.c | U | 413 | 419 | 7 | 74298 | 14 | 87 | 100
658 | Revision_658/fortran.c | U | 805 | 811 | 7 | 74299 | 14 | 210 | 100
658 | Revision_658/eiffel.c | U | 421 | 426 | 6 | 74300 | 15 | 87 | 100
658 | Revision_658/fortran.c | U | 813 | 818 | 6 | 74301 | 15 | 27 | 100
658 | Revision_658/eiffel.c | M | 648 | 652 | 5 | 74302 | 16 | 106 | 100
658 | Revision_658/sql.c | M | 570 | 574 | 5 | 74303 | 16 | 107 | 100
658 | Revision_658/vhdl.c | M | 466 | 470 | 5 | 74304 | 16 | 236 | 100
658 | Revision_658/eiffel.c | M | 718 | 723 | 6 | 74305 | 17 | 212 | 100
658 | Revision_658/fortran.c | M | 1027 | 1032 | 6 | 74306 | 17 | 213 | 100
658 | Revision_658/eiffel.c | M | 864 | 868 | 5 | 74307 | 18 | 89 | 100
658 | Revision_658/eiffel.c | M | 1002 | 1006 | 5 | 74308 | 18 | 85 | 100
658 | Revision_658/fortran.c | M | 1326 | 1330 | 5 | 74309 | 18 | 86 | 100
658 | Revision_658/verilog.c | U | 108 | 118 | 9 | 74310 | 19 | 237 | 100
658 | Revision_658/vhdl.c | M | 582 | 592 | 9 | 74311 | 19 | 238 | 100
658 | Revision_658/verilog.c | U | 142 | 146 | 5 | 74312 | 20 | 224 | 100
658 | Revision_658/fortran.c | M | 969 | 973 | 5 | 74313 | 20 | 225 | 100
658 | Revision_658/jscript.c | U | 208 | 212 | 5 | 74314 | 21 | 173 | 100
658 | Revision_658/vhdl.c | U | 356 | 360 | 5 | 74315 | 21 | 234 | 100
658 | Revision_658/sql.c | U | 412 | 416 | 5 | 74316 | 21 | 174 | 100
658 | Revision_658/jscript.c | U | 221 | 232 | 10 | 74317 | 22 | 214 | 100
658 | Revision_658/vhdl.c | M | 547 | 556 | 10 | 74318 | 22 | 239 | 100
658 | Revision_658/sql.c | U | 425 | 436 | 10 | 74319 | 22 | 109 | 100
658 | Revision_658/jscript.c | U | 240 | 256 | 12 | 74320 | 23 | 173 | 100
658 | Revision_658/sql.c | U | 444 | 460 | 12 | 74321 | 23 | 176 | 100
658 | Revision_658/jscript.c | U | 260 | 269 | 8 | 74322 | 24 | 168 | 100
658 | Revision_658/jscript.c | U | 272 | 281 | 8 | 74323 | 24 | 172 | 100
658 | Revision_658/jscript.c | U | 298 | 316 | 17 | 74324 | 25 | 179 | 100
658 | Revision_658/sql.c | U | 478 | 496 | 17 | 74325 | 25 | 182 | 100
658 | Revision_658/vhdl.c | U | 377 | 395 | 17 | 74326 | 25 | 240 | 100
658 | Revision_658/jscript.c | U | 322 | 333 | 12 | 74327 | 26 | 181 | 100
658 | Revision_658/vhdl.c | U | 400 | 411 | 12 | 74328 | 26 | 241 | 100
658 | Revision_658/sql.c | U | 501 | 512 | 12 | 74329 | 26 | 182 | 100
658 | Revision_658/jscript.c | M | 345 | 349 | 5 | 74330 | 27 | 183 | 100
658 | Revision_658/sql.c | U | 524 | 537 | 5 | 74331 | 27 | 182 | 100
658 | Revision_658/vhdl.c | M | 423 | 427 | 5 | 74332 | 27 | 242 | 100
658 | Revision_658/jscript.c | U | 385 | 415 | 26 | 74333 | 28 | 204 | 100
658 | Revision_658/sql.c | U | 607 | 637 | 26 | 74334 | 28 | 205 | 100
658 | Revision_658/jscript.c | M | 421 | 430 | 10 | 74335 | 29 | 252 | 100
658 | Revision_658/vhdl.c | M | 476 | 485 | 10 | 74336 | 29 | 236 | 100
658 | Revision_658/jscript.c | U | 451 | 481 | 18 | 74337 | 30 | 206 | 100
658 | Revision_658/jscript.c | U | 484 | 513 | 18 | 74338 | 30 | 215 | 100
658 | Revision_658/jscript.c | U | 462 | 480 | 15 | 74339 | 31 | 228 | 100
658 | Revision_658/vhdl.c | U | 523 | 541 | 15 | 74340 | 31 | 245 | 100
658 | Revision_658/sql.c | U | 747 | 765 | 15 | 74341 | 31 | 229 | 100
658 | Revision_658/jscript.c | U | 494 | 512 | 15 | 74342 | 31 | 230 | 100
658 | Revision_658/jscript.c | M | 526 | 533 | 7 | 74343 | 32 | 187 | 100
658 | Revision_658/sql.c | M | 680 | 687 | 7 | 74344 | 32 | 188 | 100
658 | Revision_658/jscript.c | U | 676 | 687 | 6 | 74345 | 33 | 192 | 100
658 | Revision_658/sql.c | M | 1395 | 1401 | 6 | 74346 | 33 | 207 | 100
658 | Revision_658/sql.c | U | 929 | 949 | 6 | 74347 | 33 | 193 | 100
658 | Revision_658/jscript.c | M | 1054 | 1060 | 6 | 74348 | 33 | 197 | 100
658 | Revision_658/jscript.c | U | 1294 | 1309 | 7 | 74349 | 34 | 216 | 100
658 | Revision_658/sql.c | U | 1579 | 1586 | 7 | 74350 | 34 | 198 | 100
658 | Revision_658/jscript.c | M | 1370 | 1374 | 5 | 74351 | 35 | 217 | 100
658 | Revision_658/fortran.c | M | 1899 | 1903 | 5 | 74352 | 35 | 99 | 100
658 | Revision_658/jscript.c | M | 1477 | 1481 | 5 | 74353 | 36 | 199 | 100
658 | Revision_658/sql.c | M | 2047 | 2051 | 5 | 74354 | 36 | 200 | 100
658 | Revision_658/slang.c | U | 34 | 41 | 8 | 74355 | 37 | 32 | 100
658 | Revision_658/yacc.c | U | 31 | 38 | 8 | 74356 | 37 | 33 | 100
658 | Revision_658/gnu_regex/regex.c | U | 1330 | 1339 | 5 | 74357 | 38 | 219 | 100
658 | Revision_658/gnu_regex/regex.c | U | 1816 | 1820 | 5 | 74358 | 38 | 220 | 100
658 | Revision_658/gnu_regex/regex.c | U | 1627 | 1632 | 6 | 74359 | 39 | 226 | 100
658 | Revision_658/gnu_regex/regex.c | U | 1649 | 1654 | 6 | 74360 | 39 | 227 | 100
658 | Revision_658/gnu_regex/regex.c | U | 1757 | 1762 | 6 | 74361 | 39 | 221 | 100
658 | Revision_658/gnu_regex/regex.c | U | 1777 | 1782 | 6 | 74362 | 39 | 222 | 100
658 | Revision_658/gnu_regex/regex.c | U | 1792 | 1797 | 6 | 74363 | 39 | 223 | 100
658 | Revision_658/vim.c | U | 97 | 101 | 5 | 74364 | 40 | 100 | 100
658 | Revision_658/vim.c | U | 103 | 107 | 5 | 74365 | 40 | 101 | 100
658 | Revision_658/vim.c | U | 626 | 634 | 9 | 74366 | 41 | 34 | 100
658 | Revision_658/beta.c | U | 311 | 319 | 9 | 74367 | 41 | 36 | 100
658 | Revision_658/lua.c | U | 123 | 131 | 9 | 74368 | 41 | 84 | 100
658 | Revision_658/python.c | U | 202 | 206 | 5 | 74369 | 42 | 119 | 100
658 | Revision_658/sml.c | U | 84 | 88 | 5 | 74370 | 42 | 120 | 100
658 | Revision_658/erlang.c | U | 58 | 62 | 5 | 74371 | 42 | 131 | 100
658 | Revision_658/python.c | U | 210 | 219 | 9 | 74372 | 43 | 132 | 100
658 | Revision_658/erlang.c | U | 66 | 75 | 9 | 74373 | 43 | 133 | 100
658 | Revision_658/python.c | U | 478 | 486 | 9 | 74374 | 44 | 209 | 100
658 | Revision_658/erlang.c | U | 179 | 187 | 9 | 74375 | 44 | 135 | 100
658 | Revision_658/perl.c | U | 372 | 380 | 9 | 74376 | 44 | 39 | 100
658 | Revision_658/tcl.c | U | 106 | 114 | 9 | 74377 | 44 | 134 | 100
658 | Revision_658/sort.c | U | 118 | 123 | 5 | 74378 | 45 | 96 | 100
658 | Revision_658/sort.c | U | 126 | 131 | 5 | 74379 | 45 | 97 | 100
658 | Revision_658/pascal.c | U | 176 | 182 | 6 | 74380 | 46 | 46 | 100
658 | Revision_658/pascal.c | U | 184 | 190 | 6 | 74381 | 46 | 47 | 100
658 | Revision_658/routines.c | U | 288 | 295 | 8 | 74382 | 47 | 90 | 100
658 | Revision_658/readtags.c | U | 106 | 113 | 8 | 74383 | 47 | 79 | 100
658 | Revision_658/routines.c | U | 298 | 305 | 8 | 74384 | 48 | 91 | 100
658 | Revision_658/readtags.c | U | 116 | 123 | 8 | 74385 | 48 | 81 | 100
658 | Revision_658/routines.c | U | 329 | 335 | 6 | 74386 | 49 | 92 | 100
658 | Revision_658/routines.c | U | 338 | 344 | 6 | 74387 | 49 | 93 | 100
658 | Revision_658/routines.c | U | 349 | 356 | 8 | 74388 | 50 | 94 | 100
658 | Revision_658/routines.c | U | 361 | 368 | 8 | 74389 | 50 | 95 | 100
658 | Revision_658/sh.c | U | 103 | 113 | 9 | 74390 | 51 | 54 | 100
658 | Revision_658/scheme.c | U | 99 | 109 | 9 | 74391 | 51 | 55 | 100
658 | Revision_658/vhdl.c | U | 545 | 557 | 12 | 74392 | 52 | 239 | 100
658 | Revision_658/sql.c | U | 423 | 437 | 12 | 74393 | 52 | 105 | 100
658 | Revision_658/vhdl.c | M | 620 | 624 | 5 | 74394 | 53 | 246 | 100
658 | Revision_658/vhdl.c | M | 629 | 633 | 5 | 74395 | 53 | 247 | 100
658 | Revision_658/vhdl.c | U | 734 | 751 | 15 | 74396 | 54 | 250 | 100
658 | Revision_658/vhdl.c | U | 753 | 770 | 15 | 74397 | 54 | 251 | 100
658 | Revision_658/vhdl.c | M | 823 | 831 | 7 | 74398 | 55 | 248 | 100
658 | Revision_658/sql.c | M | 2054 | 2062 | 7 | 74399 | 55 | 249 | 100
658 | Revision_658/beta.c | U | 152 | 156 | 5 | 74400 | 56 | 56 | 100
658 | Revision_658/beta.c | U | 277 | 281 | 5 | 74401 | 56 | 57 | 100
658 | Revision_658/beta.c | U | 158 | 162 | 5 | 74402 | 56 | 58 | 100
658 | Revision_658/beta.c | U | 165 | 169 | 5 | 74403 | 57 | 59 | 100
658 | Revision_658/beta.c | U | 271 | 275 | 5 | 74404 | 57 | 60 | 100
658 | Revision_658/erlang.c | U | 108 | 113 | 6 | 74405 | 58 | 138 | 100
658 | Revision_658/erlang.c | U | 116 | 121 | 6 | 74406 | 58 | 139 | 100
658 | Revision_658/sql.c | M | 1684 | 1690 | 5 | 74407 | 59 | 201 | 100
658 | Revision_658/sql.c | M | 1713 | 1719 | 5 | 74408 | 59 | 202 | 100
658 | Revision_658/sql.c | M | 2036 | 2043 | 7 | 74409 | 60 | 231 | 100
658 | Revision_658/fortran.c | M | 1308 | 1314 | 7 | 74410 | 60 | 86 | 100
658 | Revision_658/parse.c | U | 45 | 53 | 7 | 74411 | 61 | 121 | 100
658 | Revision_658/sml.c | U | 75 | 81 | 7 | 74412 | 61 | 122 | 100
658 | Revision_658/parse.c | U | 100 | 104 | 5 | 74413 | 62 | 61 | 100
658 | Revision_658/parse.c | U | 114 | 118 | 5 | 74414 | 62 | 62 | 100
658 | Revision_658/parse.c | U | 556 | 560 | 5 | 74415 | 63 | 144 | 100
658 | Revision_658/parse.c | U | 575 | 579 | 5 | 74416 | 63 | 145 | 100
658 | Revision_658/readtags.c | U | 541 | 547 | 6 | 74417 | 64 | 82 | 100
658 | Revision_658/readtags.c | U | 549 | 555 | 6 | 74418 | 64 | 83 | 100
658 | Revision_658/readtags.c | U | 740 | 745 | 6 | 74419 | 65 | 64 | 100
658 | Revision_658/readtags.c | U | 765 | 770 | 6 | 74420 | 65 | 77 | 100
658 | Revision_658/options.c | U | 369 | 375 | 6 | 74421 | 66 | 69 | 100
658 | Revision_658/options.c | U | 378 | 384 | 6 | 74422 | 66 | 70 | 100
658 | Revision_658/options.c | U | 543 | 549 | 7 | 74423 | 67 | 71 | 100
658 | Revision_658/options.c | U | 552 | 558 | 7 | 74424 | 67 | 72 | 100
658 | Revision_658/options.c | U | 570 | 576 | 7 | 74425 | 67 | 73 | 100
658 | Revision_658/options.c | U | 561 | 567 | 7 | 74426 | 67 | 74 | 100
658 | Revision_658/options.c | U | 1102 | 1106 | 5 | 74427 | 68 | 75 | 100
658 | Revision_658/options.c | U | 1108 | 1112 | 5 | 74428 | 68 | 76 | 100
658 | Revision_658/options.c | U | 1154 | 1166 | 12 | 74429 | 69 | 146 | 100
658 | Revision_658/options.c | U | 1171 | 1183 | 12 | 74430 | 69 | 147 | 100
