Revision | filePath | changeType | StartLine | EndLine | Nlines | cloneId | classId | globalCloneId | Similarity
664 | Revision_664/asp.c | U | 71 | 90 | 15 | 75271 | 1 | 1 | 100
664 | Revision_664/asp.c | U | 94 | 113 | 15 | 75272 | 1 | 2 | 100
664 | Revision_664/asp.c | U | 117 | 133 | 14 | 75273 | 2 | 3 | 100
664 | Revision_664/asp.c | U | 156 | 171 | 14 | 75274 | 2 | 116 | 100
664 | Revision_664/asp.c | U | 175 | 190 | 14 | 75275 | 2 | 162 | 100
664 | Revision_664/asp.c | U | 137 | 152 | 14 | 75276 | 2 | 6 | 100
664 | Revision_664/asp.c | U | 201 | 209 | 9 | 75277 | 3 | 8 | 100
664 | Revision_664/sml.c | U | 202 | 210 | 9 | 75278 | 3 | 118 | 100
664 | Revision_664/ruby.c | U | 398 | 406 | 9 | 75279 | 3 | 164 | 100
664 | Revision_664/args.c | U | 85 | 92 | 8 | 75280 | 4 | 11 | 100
664 | Revision_664/args.c | U | 160 | 167 | 8 | 75281 | 4 | 12 | 100
664 | Revision_664/c.c | U | 667 | 678 | 13 | 75282 | 5 | 117 | 100
664 | Revision_664/c.c | U | 686 | 697 | 13 | 75283 | 5 | 232 | 100
664 | Revision_664/c.c | U | 1171 | 1184 | 13 | 75284 | 5 | 123 | 100
664 | Revision_664/c.c | U | 824 | 844 | 45 | 75285 | 6 | 157 | 100
664 | Revision_664/c.c | U | 865 | 885 | 45 | 75286 | 6 | 158 | 100
664 | Revision_664/c.c | U | 1411 | 1418 | 7 | 75287 | 7 | 15 | 100
664 | Revision_664/c.c | U | 1421 | 1428 | 7 | 75288 | 7 | 16 | 100
664 | Revision_664/c.c | U | 1781 | 1785 | 5 | 75289 | 8 | 126 | 100
664 | Revision_664/c.c | U | 1790 | 1794 | 5 | 75290 | 8 | 127 | 100
664 | Revision_664/c.c | U | 2222 | 2227 | 6 | 75291 | 9 | 142 | 100
664 | Revision_664/gnu_regex/regex.c | U | 2828 | 2833 | 6 | 75292 | 9 | 218 | 100
664 | Revision_664/options.c | U | 533 | 538 | 6 | 75293 | 9 | 72 | 100
664 | Revision_664/c.c | U | 2500 | 2504 | 5 | 75294 | 10 | 159 | 100
664 | Revision_664/c.c | U | 2507 | 2511 | 5 | 75295 | 10 | 160 | 100
664 | Revision_664/c.c | U | 2863 | 2872 | 10 | 75296 | 11 | 17 | 100
664 | Revision_664/c.c | U | 2893 | 2902 | 10 | 75297 | 11 | 128 | 100
664 | Revision_664/verilog.c | U | 329 | 338 | 10 | 75298 | 11 | 156 | 100
664 | Revision_664/sql.c | U | 2065 | 2074 | 10 | 75299 | 11 | 102 | 100
664 | Revision_664/c.c | U | 2905 | 2914 | 10 | 75300 | 11 | 18 | 100
664 | Revision_664/eiffel.c | U | 1236 | 1245 | 10 | 75301 | 11 | 19 | 100
664 | Revision_664/eiffel.c | U | 214 | 223 | 8 | 75302 | 12 | 20 | 100
664 | Revision_664/jscript.c | U | 180 | 189 | 8 | 75303 | 12 | 168 | 100
664 | Revision_664/sql.c | U | 385 | 394 | 8 | 75304 | 12 | 103 | 100
664 | Revision_664/fortran.c | U | 398 | 407 | 8 | 75305 | 12 | 21 | 100
664 | Revision_664/eiffel.c | U | 413 | 419 | 7 | 75306 | 13 | 87 | 100
664 | Revision_664/fortran.c | U | 805 | 811 | 7 | 75307 | 13 | 210 | 100
664 | Revision_664/eiffel.c | U | 421 | 426 | 6 | 75308 | 14 | 87 | 100
664 | Revision_664/fortran.c | U | 813 | 818 | 6 | 75309 | 14 | 27 | 100
664 | Revision_664/eiffel.c | U | 648 | 652 | 5 | 75310 | 15 | 106 | 100
664 | Revision_664/sql.c | U | 560 | 564 | 5 | 75311 | 15 | 107 | 100
664 | Revision_664/vhdl.c | U | 457 | 461 | 5 | 75312 | 15 | 236 | 100
664 | Revision_664/eiffel.c | U | 718 | 723 | 6 | 75313 | 16 | 212 | 100
664 | Revision_664/fortran.c | U | 1027 | 1032 | 6 | 75314 | 16 | 213 | 100
664 | Revision_664/eiffel.c | U | 864 | 868 | 5 | 75315 | 17 | 89 | 100
664 | Revision_664/fortran.c | U | 1326 | 1330 | 5 | 75316 | 17 | 86 | 100
664 | Revision_664/eiffel.c | U | 1002 | 1006 | 5 | 75317 | 17 | 85 | 100
664 | Revision_664/verilog.c | U | 108 | 118 | 9 | 75318 | 18 | 237 | 100
664 | Revision_664/vhdl.c | U | 573 | 583 | 9 | 75319 | 18 | 238 | 100
664 | Revision_664/verilog.c | U | 142 | 146 | 5 | 75320 | 19 | 224 | 100
664 | Revision_664/fortran.c | U | 969 | 973 | 5 | 75321 | 19 | 225 | 100
664 | Revision_664/jscript.c | U | 208 | 212 | 5 | 75322 | 20 | 173 | 100
664 | Revision_664/vhdl.c | U | 356 | 360 | 5 | 75323 | 20 | 234 | 100
664 | Revision_664/sql.c | U | 412 | 416 | 5 | 75324 | 20 | 174 | 100
664 | Revision_664/jscript.c | U | 221 | 232 | 10 | 75325 | 21 | 214 | 100
664 | Revision_664/vhdl.c | U | 538 | 547 | 10 | 75326 | 21 | 239 | 100
664 | Revision_664/sql.c | U | 425 | 436 | 10 | 75327 | 21 | 109 | 100
664 | Revision_664/jscript.c | U | 240 | 256 | 12 | 75328 | 22 | 173 | 100
664 | Revision_664/sql.c | U | 444 | 460 | 12 | 75329 | 22 | 176 | 100
664 | Revision_664/jscript.c | M | 260 | 284 | 20 | 75330 | 23 | 256 | 100
664 | Revision_664/jscript.c | M | 287 | 311 | 20 | 75331 | 23 | 179 | 100
664 | Revision_664/jscript.c | U | 267 | 271 | 5 | 75332 | 24 | 168 | 100
664 | Revision_664/jscript.c | M | 1400 | 1404 | 5 | 75333 | 24 | 257 | 100
664 | Revision_664/jscript.c | M | 294 | 298 | 5 | 75334 | 24 | 169 | 100
664 | Revision_664/jscript.c | M | 318 | 336 | 17 | 75335 | 25 | 179 | 100
664 | Revision_664/sql.c | U | 468 | 486 | 17 | 75336 | 25 | 182 | 100
664 | Revision_664/vhdl.c | U | 368 | 386 | 17 | 75337 | 25 | 240 | 100
664 | Revision_664/jscript.c | M | 342 | 353 | 12 | 75338 | 26 | 181 | 100
664 | Revision_664/vhdl.c | U | 391 | 402 | 12 | 75339 | 26 | 241 | 100
664 | Revision_664/sql.c | U | 491 | 502 | 12 | 75340 | 26 | 182 | 100
664 | Revision_664/jscript.c | M | 365 | 369 | 5 | 75341 | 27 | 183 | 100
664 | Revision_664/sql.c | U | 514 | 527 | 5 | 75342 | 27 | 182 | 100
664 | Revision_664/vhdl.c | U | 414 | 418 | 5 | 75343 | 27 | 242 | 100
664 | Revision_664/jscript.c | M | 405 | 435 | 26 | 75344 | 28 | 253 | 100
664 | Revision_664/sql.c | U | 597 | 627 | 26 | 75345 | 28 | 254 | 100
664 | Revision_664/jscript.c | M | 441 | 450 | 10 | 75346 | 29 | 252 | 100
664 | Revision_664/vhdl.c | U | 467 | 476 | 10 | 75347 | 29 | 236 | 100
664 | Revision_664/jscript.c | M | 471 | 501 | 18 | 75348 | 30 | 206 | 100
664 | Revision_664/jscript.c | M | 504 | 533 | 18 | 75349 | 30 | 215 | 100
664 | Revision_664/jscript.c | M | 482 | 500 | 15 | 75350 | 31 | 228 | 100
664 | Revision_664/sql.c | U | 737 | 755 | 15 | 75351 | 31 | 229 | 100
664 | Revision_664/vhdl.c | U | 514 | 532 | 15 | 75352 | 31 | 245 | 100
664 | Revision_664/jscript.c | M | 514 | 532 | 15 | 75353 | 31 | 230 | 100
664 | Revision_664/jscript.c | M | 546 | 553 | 7 | 75354 | 32 | 187 | 100
664 | Revision_664/sql.c | U | 670 | 677 | 7 | 75355 | 32 | 188 | 100
664 | Revision_664/jscript.c | M | 696 | 707 | 6 | 75356 | 33 | 192 | 100
664 | Revision_664/jscript.c | M | 1076 | 1082 | 6 | 75357 | 33 | 197 | 100
664 | Revision_664/sql.c | U | 1395 | 1401 | 6 | 75358 | 33 | 207 | 100
664 | Revision_664/sql.c | U | 929 | 949 | 6 | 75359 | 33 | 193 | 100
664 | Revision_664/jscript.c | M | 1316 | 1331 | 7 | 75360 | 34 | 216 | 100
664 | Revision_664/sql.c | U | 1579 | 1586 | 7 | 75361 | 34 | 198 | 100
664 | Revision_664/jscript.c | M | 1412 | 1416 | 5 | 75362 | 35 | 217 | 100
664 | Revision_664/fortran.c | U | 1899 | 1903 | 5 | 75363 | 35 | 99 | 100
664 | Revision_664/jscript.c | A | 1520 | 1524 | 5 | 75364 | 36 | 199 | 100
664 | Revision_664/sql.c | U | 2047 | 2051 | 5 | 75365 | 36 | 200 | 100
664 | Revision_664/slang.c | U | 34 | 41 | 8 | 75366 | 37 | 32 | 100
664 | Revision_664/yacc.c | U | 31 | 38 | 8 | 75367 | 37 | 33 | 100
664 | Revision_664/gnu_regex/regex.c | U | 1330 | 1339 | 5 | 75368 | 38 | 219 | 100
664 | Revision_664/gnu_regex/regex.c | U | 1816 | 1820 | 5 | 75369 | 38 | 220 | 100
664 | Revision_664/gnu_regex/regex.c | U | 1627 | 1632 | 6 | 75370 | 39 | 226 | 100
664 | Revision_664/gnu_regex/regex.c | U | 1792 | 1797 | 6 | 75371 | 39 | 222 | 100
664 | Revision_664/gnu_regex/regex.c | U | 1757 | 1762 | 6 | 75372 | 39 | 221 | 100
664 | Revision_664/gnu_regex/regex.c | U | 1777 | 1782 | 6 | 75373 | 39 | 223 | 100
664 | Revision_664/gnu_regex/regex.c | U | 1649 | 1654 | 6 | 75374 | 39 | 227 | 100
664 | Revision_664/vim.c | U | 97 | 101 | 5 | 75375 | 40 | 100 | 100
664 | Revision_664/vim.c | U | 103 | 107 | 5 | 75376 | 40 | 101 | 100
664 | Revision_664/vim.c | U | 626 | 634 | 9 | 75377 | 41 | 34 | 100
664 | Revision_664/beta.c | U | 311 | 319 | 9 | 75378 | 41 | 36 | 100
664 | Revision_664/lua.c | U | 123 | 131 | 9 | 75379 | 41 | 84 | 100
664 | Revision_664/python.c | U | 202 | 206 | 5 | 75380 | 42 | 119 | 100
664 | Revision_664/sml.c | U | 84 | 88 | 5 | 75381 | 42 | 120 | 100
664 | Revision_664/erlang.c | U | 58 | 62 | 5 | 75382 | 42 | 131 | 100
664 | Revision_664/python.c | U | 210 | 219 | 9 | 75383 | 43 | 132 | 100
664 | Revision_664/erlang.c | U | 66 | 75 | 9 | 75384 | 43 | 133 | 100
664 | Revision_664/python.c | U | 478 | 486 | 9 | 75385 | 44 | 209 | 100
664 | Revision_664/tcl.c | U | 106 | 114 | 9 | 75386 | 44 | 134 | 100
664 | Revision_664/perl.c | U | 372 | 380 | 9 | 75387 | 44 | 39 | 100
664 | Revision_664/erlang.c | U | 179 | 187 | 9 | 75388 | 44 | 135 | 100
664 | Revision_664/sort.c | U | 118 | 123 | 5 | 75389 | 45 | 96 | 100
664 | Revision_664/sort.c | U | 126 | 131 | 5 | 75390 | 45 | 97 | 100
664 | Revision_664/pascal.c | U | 176 | 182 | 6 | 75391 | 46 | 46 | 100
664 | Revision_664/pascal.c | U | 184 | 190 | 6 | 75392 | 46 | 47 | 100
664 | Revision_664/routines.c | U | 288 | 295 | 8 | 75393 | 47 | 90 | 100
664 | Revision_664/readtags.c | U | 106 | 113 | 8 | 75394 | 47 | 79 | 100
664 | Revision_664/routines.c | U | 298 | 305 | 8 | 75395 | 48 | 91 | 100
664 | Revision_664/readtags.c | U | 116 | 123 | 8 | 75396 | 48 | 81 | 100
664 | Revision_664/routines.c | U | 329 | 335 | 6 | 75397 | 49 | 92 | 100
664 | Revision_664/routines.c | U | 338 | 344 | 6 | 75398 | 49 | 93 | 100
664 | Revision_664/routines.c | U | 349 | 356 | 8 | 75399 | 50 | 94 | 100
664 | Revision_664/routines.c | U | 361 | 368 | 8 | 75400 | 50 | 95 | 100
664 | Revision_664/sh.c | U | 103 | 113 | 9 | 75401 | 51 | 54 | 100
664 | Revision_664/scheme.c | U | 99 | 109 | 9 | 75402 | 51 | 55 | 100
664 | Revision_664/vhdl.c | U | 536 | 548 | 12 | 75403 | 52 | 239 | 100
664 | Revision_664/sql.c | U | 423 | 437 | 12 | 75404 | 52 | 105 | 100
664 | Revision_664/vhdl.c | U | 611 | 615 | 5 | 75405 | 53 | 246 | 100
664 | Revision_664/vhdl.c | U | 620 | 624 | 5 | 75406 | 53 | 246 | 100
664 | Revision_664/vhdl.c | U | 725 | 742 | 15 | 75407 | 54 | 255 | 100
664 | Revision_664/vhdl.c | U | 744 | 761 | 15 | 75408 | 54 | 250 | 100
664 | Revision_664/vhdl.c | U | 814 | 822 | 7 | 75409 | 55 | 248 | 100
664 | Revision_664/sql.c | U | 2054 | 2062 | 7 | 75410 | 55 | 249 | 100
664 | Revision_664/beta.c | U | 152 | 156 | 5 | 75411 | 56 | 56 | 100
664 | Revision_664/beta.c | U | 277 | 281 | 5 | 75412 | 56 | 57 | 100
664 | Revision_664/beta.c | U | 158 | 162 | 5 | 75413 | 56 | 58 | 100
664 | Revision_664/beta.c | U | 165 | 169 | 5 | 75414 | 57 | 59 | 100
664 | Revision_664/beta.c | U | 271 | 275 | 5 | 75415 | 57 | 60 | 100
664 | Revision_664/erlang.c | U | 108 | 113 | 6 | 75416 | 58 | 138 | 100
664 | Revision_664/erlang.c | U | 116 | 121 | 6 | 75417 | 58 | 139 | 100
664 | Revision_664/sql.c | U | 1684 | 1690 | 5 | 75418 | 59 | 201 | 100
664 | Revision_664/sql.c | U | 1713 | 1719 | 5 | 75419 | 59 | 202 | 100
664 | Revision_664/sql.c | U | 2036 | 2043 | 7 | 75420 | 60 | 231 | 100
664 | Revision_664/fortran.c | U | 1308 | 1314 | 7 | 75421 | 60 | 86 | 100
664 | Revision_664/parse.c | U | 45 | 53 | 7 | 75422 | 61 | 121 | 100
664 | Revision_664/sml.c | U | 75 | 81 | 7 | 75423 | 61 | 122 | 100
664 | Revision_664/parse.c | U | 100 | 104 | 5 | 75424 | 62 | 61 | 100
664 | Revision_664/parse.c | U | 114 | 118 | 5 | 75425 | 62 | 62 | 100
664 | Revision_664/parse.c | U | 556 | 560 | 5 | 75426 | 63 | 144 | 100
664 | Revision_664/parse.c | U | 575 | 579 | 5 | 75427 | 63 | 145 | 100
664 | Revision_664/readtags.c | U | 541 | 547 | 6 | 75428 | 64 | 82 | 100
664 | Revision_664/readtags.c | U | 549 | 555 | 6 | 75429 | 64 | 83 | 100
664 | Revision_664/readtags.c | U | 740 | 745 | 6 | 75430 | 65 | 64 | 100
664 | Revision_664/readtags.c | U | 765 | 770 | 6 | 75431 | 65 | 77 | 100
664 | Revision_664/options.c | U | 369 | 375 | 6 | 75432 | 66 | 69 | 100
664 | Revision_664/options.c | U | 378 | 384 | 6 | 75433 | 66 | 70 | 100
664 | Revision_664/options.c | U | 543 | 549 | 7 | 75434 | 67 | 71 | 100
664 | Revision_664/options.c | U | 561 | 567 | 7 | 75435 | 67 | 74 | 100
664 | Revision_664/options.c | U | 552 | 558 | 7 | 75436 | 67 | 72 | 100
664 | Revision_664/options.c | U | 570 | 576 | 7 | 75437 | 67 | 73 | 100
664 | Revision_664/options.c | U | 1102 | 1106 | 5 | 75438 | 68 | 75 | 100
664 | Revision_664/options.c | U | 1108 | 1112 | 5 | 75439 | 68 | 76 | 100
664 | Revision_664/options.c | U | 1154 | 1166 | 12 | 75440 | 69 | 146 | 100
664 | Revision_664/options.c | U | 1171 | 1183 | 12 | 75441 | 69 | 147 | 100
