Revision | filePath | changeType | StartLine | EndLine | Nlines | cloneId | classId | globalCloneId | Similarity
687 | Revision_687/args.c | U | 85 | 92 | 8 | 59207 | 1 | 1 | 100
687 | Revision_687/args.c | U | 160 | 167 | 8 | 59208 | 1 | 2 | 100
687 | Revision_687/asp.c | U | 71 | 90 | 15 | 59209 | 2 | 8 | 100
687 | Revision_687/asp.c | U | 94 | 113 | 15 | 59210 | 2 | 9 | 100
687 | Revision_687/asp.c | U | 117 | 133 | 14 | 59211 | 3 | 10 | 100
687 | Revision_687/asp.c | U | 175 | 190 | 14 | 59212 | 3 | 114 | 100
687 | Revision_687/asp.c | U | 156 | 171 | 14 | 59213 | 3 | 87 | 100
687 | Revision_687/asp.c | U | 137 | 152 | 14 | 59214 | 3 | 12 | 100
687 | Revision_687/asp.c | U | 201 | 209 | 9 | 59215 | 4 | 15 | 100
687 | Revision_687/ruby.c | U | 398 | 406 | 9 | 59216 | 4 | 116 | 100
687 | Revision_687/sml.c | U | 202 | 210 | 9 | 59217 | 4 | 88 | 100
687 | Revision_687/beta.c | U | 152 | 156 | 5 | 59218 | 5 | 18 | 100
687 | Revision_687/beta.c | U | 277 | 281 | 5 | 59219 | 5 | 19 | 100
687 | Revision_687/beta.c | U | 158 | 162 | 5 | 59220 | 5 | 20 | 100
687 | Revision_687/beta.c | U | 165 | 169 | 5 | 59221 | 6 | 21 | 100
687 | Revision_687/beta.c | U | 271 | 275 | 5 | 59222 | 6 | 22 | 100
687 | Revision_687/beta.c | U | 311 | 319 | 9 | 59223 | 7 | 23 | 100
687 | Revision_687/lua.c | U | 123 | 131 | 9 | 59224 | 7 | 65 | 100
687 | Revision_687/vim.c | U | 626 | 634 | 9 | 59225 | 7 | 24 | 100
687 | Revision_687/erlang.c | U | 58 | 62 | 5 | 59226 | 8 | 94 | 100
687 | Revision_687/sml.c | U | 84 | 88 | 5 | 59227 | 8 | 92 | 100
687 | Revision_687/python.c | U | 218 | 222 | 5 | 59228 | 8 | 91 | 100
687 | Revision_687/erlang.c | U | 66 | 75 | 9 | 59229 | 9 | 95 | 100
687 | Revision_687/python.c | U | 226 | 235 | 9 | 59230 | 9 | 96 | 100
687 | Revision_687/erlang.c | U | 108 | 113 | 6 | 59231 | 10 | 101 | 100
687 | Revision_687/erlang.c | U | 116 | 121 | 6 | 59232 | 10 | 102 | 100
687 | Revision_687/erlang.c | U | 179 | 187 | 9 | 59233 | 11 | 99 | 100
687 | Revision_687/tcl.c | U | 106 | 114 | 9 | 59234 | 11 | 100 | 100
687 | Revision_687/perl.c | U | 372 | 380 | 9 | 59235 | 11 | 6 | 100
687 | Revision_687/flex.c | U | 209 | 218 | 8 | 59236 | 12 | 204 | 100
687 | Revision_687/jscript.c | U | 180 | 189 | 8 | 59237 | 12 | 122 | 100
687 | Revision_687/sql.c | U | 385 | 394 | 8 | 59238 | 12 | 123 | 100
687 | Revision_687/flex.c | U | 238 | 242 | 5 | 59239 | 13 | 205 | 100
687 | Revision_687/jscript.c | U | 208 | 212 | 5 | 59240 | 13 | 125 | 100
687 | Revision_687/sql.c | U | 412 | 416 | 5 | 59241 | 13 | 126 | 100
687 | Revision_687/vhdl.c | U | 356 | 360 | 5 | 59242 | 13 | 181 | 100
687 | Revision_687/flex.c | U | 249 | 263 | 12 | 59243 | 14 | 206 | 100
687 | Revision_687/jscript.c | U | 219 | 233 | 12 | 59244 | 14 | 165 | 100
687 | Revision_687/flex.c | U | 251 | 262 | 10 | 59245 | 15 | 206 | 100
687 | Revision_687/sql.c | U | 425 | 436 | 10 | 59246 | 15 | 130 | 100
687 | Revision_687/vhdl.c | U | 538 | 547 | 10 | 59247 | 15 | 180 | 100
687 | Revision_687/jscript.c | U | 221 | 232 | 10 | 59248 | 15 | 165 | 100
687 | Revision_687/flex.c | U | 287 | 295 | 9 | 59249 | 16 | 207 | 100
687 | Revision_687/jscript.c | U | 246 | 254 | 9 | 59250 | 16 | 125 | 100
687 | Revision_687/sql.c | U | 450 | 458 | 9 | 59251 | 16 | 138 | 100
687 | Revision_687/flex.c | U | 301 | 325 | 20 | 59252 | 17 | 208 | 100
687 | Revision_687/jscript.c | U | 287 | 311 | 20 | 59253 | 17 | 133 | 100
687 | Revision_687/jscript.c | U | 260 | 284 | 20 | 59254 | 17 | 202 | 100
687 | Revision_687/flex.c | U | 351 | 375 | 20 | 59255 | 17 | 209 | 100
687 | Revision_687/flex.c | U | 308 | 312 | 5 | 59256 | 18 | 210 | 100
687 | Revision_687/jscript.c | U | 1411 | 1415 | 5 | 59257 | 18 | 122 | 100
687 | Revision_687/flex.c | M | 1821 | 1825 | 5 | 59258 | 18 | 211 | 100
687 | Revision_687/flex.c | U | 335 | 339 | 5 | 59259 | 18 | 212 | 100
687 | Revision_687/jscript.c | U | 267 | 271 | 5 | 59260 | 18 | 203 | 100
687 | Revision_687/jscript.c | U | 294 | 298 | 5 | 59261 | 18 | 131 | 100
687 | Revision_687/flex.c | U | 358 | 362 | 5 | 59262 | 18 | 213 | 100
687 | Revision_687/flex.c | U | 382 | 400 | 17 | 59263 | 19 | 214 | 100
687 | Revision_687/sql.c | U | 468 | 486 | 17 | 59264 | 19 | 136 | 100
687 | Revision_687/jscript.c | U | 318 | 336 | 17 | 59265 | 19 | 133 | 100
687 | Revision_687/vhdl.c | U | 368 | 386 | 17 | 59266 | 19 | 182 | 100
687 | Revision_687/flex.c | U | 406 | 417 | 12 | 59267 | 20 | 215 | 100
687 | Revision_687/vhdl.c | U | 391 | 402 | 12 | 59268 | 20 | 183 | 100
687 | Revision_687/sql.c | U | 491 | 502 | 12 | 59269 | 20 | 136 | 100
687 | Revision_687/jscript.c | U | 342 | 353 | 12 | 59270 | 20 | 135 | 100
687 | Revision_687/flex.c | U | 429 | 433 | 5 | 59271 | 21 | 216 | 100
687 | Revision_687/sql.c | U | 514 | 527 | 5 | 59272 | 21 | 136 | 100
687 | Revision_687/vhdl.c | U | 414 | 418 | 5 | 59273 | 21 | 184 | 100
687 | Revision_687/jscript.c | U | 365 | 369 | 5 | 59274 | 21 | 137 | 100
687 | Revision_687/flex.c | U | 475 | 480 | 6 | 59275 | 22 | 217 | 100
687 | Revision_687/flex.c | U | 522 | 528 | 6 | 59276 | 22 | 218 | 100
687 | Revision_687/flex.c | U | 484 | 495 | 12 | 59277 | 23 | 219 | 100
687 | Revision_687/sql.c | U | 608 | 619 | 12 | 59278 | 23 | 110 | 100
687 | Revision_687/jscript.c | U | 416 | 427 | 12 | 59279 | 23 | 198 | 100
687 | Revision_687/flex.c | U | 502 | 506 | 5 | 59280 | 24 | 220 | 100
687 | Revision_687/flex.c | U | 661 | 665 | 5 | 59281 | 24 | 221 | 100
687 | Revision_687/flex.c | U | 613 | 617 | 5 | 59282 | 24 | 222 | 100
687 | Revision_687/flex.c | U | 535 | 541 | 7 | 59283 | 25 | 223 | 100
687 | Revision_687/flex.c | U | 626 | 632 | 7 | 59284 | 25 | 224 | 100
687 | Revision_687/flex.c | U | 637 | 643 | 7 | 59285 | 25 | 225 | 100
687 | Revision_687/flex.c | U | 589 | 595 | 7 | 59286 | 25 | 226 | 100
687 | Revision_687/flex.c | U | 548 | 555 | 8 | 59287 | 26 | 227 | 100
687 | Revision_687/flex.c | U | 602 | 609 | 8 | 59288 | 26 | 228 | 100
687 | Revision_687/flex.c | U | 650 | 657 | 8 | 59289 | 26 | 229 | 100
687 | Revision_687/flex.c | U | 586 | 621 | 30 | 59290 | 27 | 230 | 100
687 | Revision_687/flex.c | U | 634 | 669 | 30 | 59291 | 27 | 231 | 100
687 | Revision_687/flex.c | U | 691 | 700 | 10 | 59292 | 28 | 232 | 100
687 | Revision_687/vhdl.c | U | 467 | 476 | 10 | 59293 | 28 | 189 | 100
687 | Revision_687/jscript.c | U | 441 | 450 | 10 | 59294 | 28 | 198 | 100
687 | Revision_687/flex.c | U | 722 | 752 | 18 | 59295 | 29 | 233 | 100
687 | Revision_687/jscript.c | U | 471 | 501 | 18 | 59296 | 29 | 161 | 100
687 | Revision_687/jscript.c | U | 504 | 533 | 18 | 59297 | 29 | 166 | 100
687 | Revision_687/flex.c | U | 755 | 784 | 18 | 59298 | 29 | 234 | 100
687 | Revision_687/flex.c | U | 733 | 751 | 15 | 59299 | 30 | 235 | 100
687 | Revision_687/sql.c | U | 737 | 755 | 15 | 59300 | 30 | 177 | 100
687 | Revision_687/vhdl.c | U | 514 | 532 | 15 | 59301 | 30 | 187 | 100
687 | Revision_687/flex.c | U | 765 | 783 | 15 | 59302 | 30 | 236 | 100
687 | Revision_687/jscript.c | U | 514 | 532 | 15 | 59303 | 30 | 178 | 100
687 | Revision_687/jscript.c | U | 482 | 500 | 15 | 59304 | 30 | 176 | 100
687 | Revision_687/flex.c | U | 787 | 794 | 7 | 59305 | 31 | 237 | 100
687 | Revision_687/jscript.c | U | 536 | 543 | 7 | 59306 | 31 | 142 | 100
687 | Revision_687/flex.c | U | 797 | 804 | 7 | 59307 | 32 | 238 | 100
687 | Revision_687/sql.c | U | 670 | 677 | 7 | 59308 | 32 | 143 | 100
687 | Revision_687/jscript.c | U | 546 | 553 | 7 | 59309 | 32 | 142 | 100
687 | Revision_687/flex.c | U | 811 | 833 | 13 | 59310 | 33 | 239 | 100
687 | Revision_687/jscript.c | U | 560 | 582 | 13 | 59311 | 33 | 240 | 100
687 | Revision_687/flex.c | U | 943 | 954 | 6 | 59312 | 34 | 243 | 100
687 | Revision_687/sql.c | U | 1395 | 1401 | 6 | 59313 | 34 | 162 | 100
687 | Revision_687/sql.c | U | 929 | 949 | 6 | 59314 | 34 | 148 | 100
687 | Revision_687/jscript.c | U | 1084 | 1090 | 6 | 59315 | 34 | 152 | 100
687 | Revision_687/flex.c | M | 1946 | 1952 | 6 | 59316 | 34 | 245 | 100
687 | Revision_687/flex.c | M | 2101 | 2107 | 6 | 59317 | 34 | 244 | 100
687 | Revision_687/jscript.c | U | 696 | 707 | 6 | 59318 | 34 | 147 | 100
687 | Revision_687/flex.c | U | 959 | 1066 | 30 | 59319 | 35 | 246 | 100
687 | Revision_687/jscript.c | U | 712 | 819 | 30 | 59320 | 35 | 247 | 100
687 | Revision_687/flex.c | U | 1221 | 1282 | 33 | 59321 | 36 | 248 | 100
687 | Revision_687/jscript.c | U | 963 | 1024 | 33 | 59322 | 36 | 249 | 100
687 | Revision_687/flex.c | U | 1510 | 1615 | 45 | 59323 | 37 | 250 | 100
687 | Revision_687/jscript.c | U | 1101 | 1206 | 45 | 59324 | 37 | 251 | 100
687 | Revision_687/flex.c | U | 1647 | 1666 | 7 | 59325 | 38 | 252 | 100
687 | Revision_687/jscript.c | U | 1234 | 1253 | 7 | 59326 | 38 | 167 | 100
687 | Revision_687/flex.c | M | 1712 | 1717 | 6 | 59327 | 39 | 253 | 100
687 | Revision_687/jscript.c | U | 1299 | 1304 | 6 | 59328 | 39 | 167 | 100
687 | Revision_687/flex.c | U | 1734 | 1749 | 7 | 59329 | 40 | 254 | 100
687 | Revision_687/sql.c | U | 1579 | 1586 | 7 | 59330 | 40 | 153 | 100
687 | Revision_687/jscript.c | U | 1324 | 1339 | 7 | 59331 | 40 | 167 | 100
687 | Revision_687/flex.c | U | 1751 | 1768 | 6 | 59332 | 41 | 255 | 100
687 | Revision_687/jscript.c | U | 1341 | 1358 | 6 | 59333 | 41 | 256 | 100
687 | Revision_687/flex.c | U | 1770 | 1798 | 20 | 59334 | 42 | 257 | 100
687 | Revision_687/jscript.c | U | 1360 | 1388 | 20 | 59335 | 42 | 258 | 100
687 | Revision_687/flex.c | U | 1800 | 1840 | 20 | 59336 | 43 | 259 | 100
687 | Revision_687/jscript.c | U | 1390 | 1430 | 20 | 59337 | 43 | 260 | 100
687 | Revision_687/flex.c | M | 2190 | 2194 | 5 | 59338 | 44 | 261 | 100
687 | Revision_687/jscript.c | U | 1531 | 1535 | 5 | 59339 | 44 | 154 | 100
687 | Revision_687/sql.c | U | 2047 | 2051 | 5 | 59340 | 44 | 155 | 100
687 | Revision_687/flex.c | U | 2197 | 2213 | 14 | 59341 | 45 | 262 | 100
687 | Revision_687/jscript.c | U | 1538 | 1554 | 14 | 59342 | 45 | 263 | 100
687 | Revision_687/gnu_regex/regex.c | U | 1330 | 1339 | 5 | 59343 | 46 | 168 | 100
687 | Revision_687/gnu_regex/regex.c | U | 1816 | 1820 | 5 | 59344 | 46 | 169 | 100
687 | Revision_687/gnu_regex/regex.c | U | 1627 | 1632 | 6 | 59345 | 47 | 174 | 100
687 | Revision_687/gnu_regex/regex.c | U | 1649 | 1654 | 6 | 59346 | 47 | 175 | 100
687 | Revision_687/gnu_regex/regex.c | U | 1757 | 1762 | 6 | 59347 | 47 | 170 | 100
687 | Revision_687/gnu_regex/regex.c | U | 1777 | 1782 | 6 | 59348 | 47 | 171 | 100
687 | Revision_687/gnu_regex/regex.c | U | 1792 | 1797 | 6 | 59349 | 47 | 172 | 100
687 | Revision_687/gnu_regex/regex.c | U | 2828 | 2833 | 6 | 59350 | 48 | 173 | 100
687 | Revision_687/options.c | U | 533 | 538 | 6 | 59351 | 48 | 40 | 100
687 | Revision_687/jscript.c | U | 240 | 256 | 12 | 59352 | 49 | 127 | 100
687 | Revision_687/sql.c | U | 444 | 460 | 12 | 59353 | 49 | 128 | 100
687 | Revision_687/jscript.c | U | 405 | 435 | 26 | 59354 | 50 | 199 | 100
687 | Revision_687/sql.c | U | 597 | 627 | 26 | 59355 | 50 | 200 | 100
687 | Revision_687/options.c | U | 369 | 375 | 6 | 59356 | 51 | 36 | 100
687 | Revision_687/options.c | U | 378 | 384 | 6 | 59357 | 51 | 37 | 100
687 | Revision_687/options.c | U | 543 | 549 | 7 | 59358 | 52 | 38 | 100
687 | Revision_687/options.c | U | 552 | 558 | 7 | 59359 | 52 | 39 | 100
687 | Revision_687/options.c | U | 561 | 567 | 7 | 59360 | 52 | 40 | 100
687 | Revision_687/options.c | U | 570 | 576 | 7 | 59361 | 52 | 41 | 100
687 | Revision_687/options.c | U | 1102 | 1106 | 5 | 59362 | 53 | 42 | 100
687 | Revision_687/options.c | U | 1108 | 1112 | 5 | 59363 | 53 | 42 | 100
687 | Revision_687/options.c | U | 1154 | 1166 | 12 | 59364 | 54 | 103 | 100
687 | Revision_687/options.c | U | 1171 | 1183 | 12 | 59365 | 54 | 104 | 100
687 | Revision_687/parse.c | U | 45 | 53 | 7 | 59366 | 55 | 89 | 100
687 | Revision_687/sml.c | U | 75 | 81 | 7 | 59367 | 55 | 90 | 100
687 | Revision_687/parse.c | U | 100 | 104 | 5 | 59368 | 56 | 44 | 100
687 | Revision_687/parse.c | U | 114 | 118 | 5 | 59369 | 56 | 45 | 100
687 | Revision_687/parse.c | U | 556 | 560 | 5 | 59370 | 57 | 106 | 100
687 | Revision_687/parse.c | U | 575 | 579 | 5 | 59371 | 57 | 107 | 100
687 | Revision_687/pascal.c | U | 176 | 182 | 6 | 59372 | 58 | 46 | 100
687 | Revision_687/pascal.c | U | 184 | 190 | 6 | 59373 | 58 | 47 | 100
687 | Revision_687/readtags.c | U | 106 | 113 | 8 | 59374 | 59 | 60 | 100
687 | Revision_687/routines.c | U | 288 | 295 | 8 | 59375 | 59 | 66 | 100
687 | Revision_687/readtags.c | U | 116 | 123 | 8 | 59376 | 60 | 62 | 100
687 | Revision_687/routines.c | U | 298 | 305 | 8 | 59377 | 60 | 67 | 100
687 | Revision_687/readtags.c | U | 541 | 547 | 6 | 59378 | 61 | 63 | 100
687 | Revision_687/readtags.c | U | 549 | 555 | 6 | 59379 | 61 | 64 | 100
687 | Revision_687/readtags.c | U | 740 | 745 | 6 | 59380 | 62 | 51 | 100
687 | Revision_687/readtags.c | U | 765 | 770 | 6 | 59381 | 62 | 58 | 100
687 | Revision_687/routines.c | U | 329 | 335 | 6 | 59382 | 63 | 68 | 100
687 | Revision_687/routines.c | U | 338 | 344 | 6 | 59383 | 63 | 69 | 100
687 | Revision_687/routines.c | U | 349 | 356 | 8 | 59384 | 64 | 70 | 100
687 | Revision_687/routines.c | U | 361 | 368 | 8 | 59385 | 64 | 71 | 100
687 | Revision_687/scheme.c | U | 99 | 109 | 9 | 59386 | 65 | 52 | 100
687 | Revision_687/sh.c | U | 103 | 113 | 9 | 59387 | 65 | 53 | 100
687 | Revision_687/slang.c | U | 34 | 41 | 8 | 59388 | 66 | 54 | 100
687 | Revision_687/yacc.c | U | 31 | 38 | 8 | 59389 | 66 | 55 | 100
687 | Revision_687/sort.c | U | 118 | 123 | 5 | 59390 | 67 | 72 | 100
687 | Revision_687/sort.c | U | 126 | 131 | 5 | 59391 | 67 | 73 | 100
687 | Revision_687/sql.c | U | 423 | 437 | 12 | 59392 | 68 | 132 | 100
687 | Revision_687/vhdl.c | U | 536 | 548 | 12 | 59393 | 68 | 180 | 100
687 | Revision_687/sql.c | U | 560 | 564 | 5 | 59394 | 69 | 188 | 100
687 | Revision_687/vhdl.c | U | 457 | 461 | 5 | 59395 | 69 | 189 | 100
687 | Revision_687/sql.c | U | 1684 | 1690 | 5 | 59396 | 70 | 156 | 100
687 | Revision_687/sql.c | U | 1713 | 1719 | 5 | 59397 | 70 | 157 | 100
687 | Revision_687/sql.c | U | 2054 | 2062 | 7 | 59398 | 71 | 190 | 100
687 | Revision_687/vhdl.c | U | 814 | 822 | 7 | 59399 | 71 | 191 | 100
687 | Revision_687/sql.c | U | 2065 | 2074 | 10 | 59400 | 72 | 111 | 100
687 | Revision_687/verilog.c | U | 329 | 338 | 10 | 59401 | 72 | 112 | 100
687 | Revision_687/verilog.c | U | 108 | 118 | 9 | 59402 | 73 | 192 | 100
687 | Revision_687/vhdl.c | U | 573 | 583 | 9 | 59403 | 73 | 193 | 100
687 | Revision_687/vhdl.c | U | 611 | 615 | 5 | 59404 | 74 | 194 | 100
687 | Revision_687/vhdl.c | U | 620 | 624 | 5 | 59405 | 74 | 194 | 100
687 | Revision_687/vhdl.c | U | 725 | 742 | 15 | 59406 | 75 | 201 | 100
687 | Revision_687/vhdl.c | U | 744 | 761 | 15 | 59407 | 75 | 196 | 100
687 | Revision_687/vim.c | U | 97 | 101 | 5 | 59408 | 76 | 76 | 100
687 | Revision_687/vim.c | U | 103 | 107 | 5 | 59409 | 76 | 77 | 100
