Revision | filePath | changeType | StartLine | EndLine | Nlines | cloneId | classId | globalCloneId | Similarity
690 | Revision_690/asp.c | U | 71 | 90 | 15 | 80257 | 1 | 1 | 100
690 | Revision_690/asp.c | U | 94 | 113 | 15 | 80258 | 1 | 2 | 100
690 | Revision_690/asp.c | U | 117 | 133 | 14 | 80259 | 2 | 3 | 100
690 | Revision_690/asp.c | U | 175 | 190 | 14 | 80260 | 2 | 162 | 100
690 | Revision_690/asp.c | U | 137 | 152 | 14 | 80261 | 2 | 6 | 100
690 | Revision_690/asp.c | U | 156 | 171 | 14 | 80262 | 2 | 116 | 100
690 | Revision_690/asp.c | U | 201 | 209 | 9 | 80263 | 3 | 8 | 100
690 | Revision_690/sml.c | U | 202 | 210 | 9 | 80264 | 3 | 118 | 100
690 | Revision_690/ruby.c | U | 398 | 406 | 9 | 80265 | 3 | 164 | 100
690 | Revision_690/args.c | U | 85 | 92 | 8 | 80266 | 4 | 11 | 100
690 | Revision_690/args.c | U | 160 | 167 | 8 | 80267 | 4 | 12 | 100
690 | Revision_690/c.c | U | 667 | 678 | 13 | 80268 | 5 | 117 | 100
690 | Revision_690/c.c | U | 1171 | 1184 | 13 | 80269 | 5 | 123 | 100
690 | Revision_690/c.c | U | 686 | 697 | 13 | 80270 | 5 | 232 | 100
690 | Revision_690/c.c | U | 824 | 844 | 45 | 80271 | 6 | 157 | 100
690 | Revision_690/c.c | U | 865 | 885 | 45 | 80272 | 6 | 158 | 100
690 | Revision_690/c.c | U | 1411 | 1418 | 7 | 80273 | 7 | 15 | 100
690 | Revision_690/c.c | U | 1421 | 1428 | 7 | 80274 | 7 | 16 | 100
690 | Revision_690/c.c | U | 1781 | 1785 | 5 | 80275 | 8 | 126 | 100
690 | Revision_690/c.c | U | 1790 | 1794 | 5 | 80276 | 8 | 127 | 100
690 | Revision_690/c.c | U | 2251 | 2256 | 6 | 80277 | 9 | 142 | 100
690 | Revision_690/options.c | U | 533 | 538 | 6 | 80278 | 9 | 72 | 100
690 | Revision_690/gnu_regex/regex.c | U | 2828 | 2833 | 6 | 80279 | 9 | 218 | 100
690 | Revision_690/c.c | U | 2504 | 2508 | 5 | 80280 | 10 | 159 | 100
690 | Revision_690/c.c | U | 2511 | 2515 | 5 | 80281 | 10 | 160 | 100
690 | Revision_690/c.c | U | 2867 | 2876 | 10 | 80282 | 11 | 17 | 100
690 | Revision_690/eiffel.c | U | 1236 | 1245 | 10 | 80283 | 11 | 19 | 100
690 | Revision_690/verilog.c | U | 329 | 338 | 10 | 80284 | 11 | 156 | 100
690 | Revision_690/c.c | U | 2909 | 2918 | 10 | 80285 | 11 | 18 | 100
690 | Revision_690/sql.c | U | 2065 | 2074 | 10 | 80286 | 11 | 102 | 100
690 | Revision_690/c.c | U | 2897 | 2906 | 10 | 80287 | 11 | 128 | 100
690 | Revision_690/eiffel.c | U | 214 | 223 | 8 | 80288 | 12 | 20 | 100
690 | Revision_690/jscript.c | U | 180 | 189 | 8 | 80289 | 12 | 168 | 100
690 | Revision_690/flex.c | U | 209 | 218 | 8 | 80290 | 12 | 258 | 100
690 | Revision_690/fortran.c | U | 398 | 407 | 8 | 80291 | 12 | 21 | 100
690 | Revision_690/sql.c | U | 385 | 394 | 8 | 80292 | 12 | 103 | 100
690 | Revision_690/eiffel.c | U | 413 | 419 | 7 | 80293 | 13 | 87 | 100
690 | Revision_690/fortran.c | U | 805 | 811 | 7 | 80294 | 13 | 210 | 100
690 | Revision_690/eiffel.c | U | 421 | 426 | 6 | 80295 | 14 | 87 | 100
690 | Revision_690/fortran.c | U | 813 | 818 | 6 | 80296 | 14 | 27 | 100
690 | Revision_690/eiffel.c | U | 648 | 652 | 5 | 80297 | 15 | 106 | 100
690 | Revision_690/sql.c | U | 560 | 564 | 5 | 80298 | 15 | 107 | 100
690 | Revision_690/vhdl.c | U | 457 | 461 | 5 | 80299 | 15 | 236 | 100
690 | Revision_690/eiffel.c | U | 718 | 723 | 6 | 80300 | 16 | 212 | 100
690 | Revision_690/fortran.c | U | 1027 | 1032 | 6 | 80301 | 16 | 213 | 100
690 | Revision_690/eiffel.c | U | 864 | 868 | 5 | 80302 | 17 | 89 | 100
690 | Revision_690/fortran.c | U | 1326 | 1330 | 5 | 80303 | 17 | 86 | 100
690 | Revision_690/eiffel.c | U | 1002 | 1006 | 5 | 80304 | 17 | 85 | 100
690 | Revision_690/verilog.c | U | 108 | 118 | 9 | 80305 | 18 | 237 | 100
690 | Revision_690/vhdl.c | U | 573 | 583 | 9 | 80306 | 18 | 238 | 100
690 | Revision_690/verilog.c | U | 142 | 146 | 5 | 80307 | 19 | 224 | 100
690 | Revision_690/fortran.c | U | 969 | 973 | 5 | 80308 | 19 | 225 | 100
690 | Revision_690/jscript.c | U | 208 | 212 | 5 | 80309 | 20 | 173 | 100
690 | Revision_690/flex.c | U | 238 | 242 | 5 | 80310 | 20 | 259 | 100
690 | Revision_690/vhdl.c | U | 356 | 360 | 5 | 80311 | 20 | 234 | 100
690 | Revision_690/sql.c | U | 412 | 416 | 5 | 80312 | 20 | 174 | 100
690 | Revision_690/jscript.c | U | 219 | 233 | 12 | 80313 | 21 | 214 | 100
690 | Revision_690/flex.c | U | 249 | 263 | 12 | 80314 | 21 | 260 | 100
690 | Revision_690/jscript.c | U | 221 | 232 | 10 | 80315 | 22 | 214 | 100
690 | Revision_690/sql.c | U | 425 | 436 | 10 | 80316 | 22 | 109 | 100
690 | Revision_690/vhdl.c | U | 538 | 547 | 10 | 80317 | 22 | 239 | 100
690 | Revision_690/flex.c | U | 251 | 262 | 10 | 80318 | 22 | 260 | 100
690 | Revision_690/jscript.c | U | 240 | 256 | 12 | 80319 | 23 | 173 | 100
690 | Revision_690/sql.c | U | 444 | 460 | 12 | 80320 | 23 | 176 | 100
690 | Revision_690/jscript.c | U | 246 | 254 | 9 | 80321 | 24 | 173 | 100
690 | Revision_690/flex.c | U | 287 | 295 | 9 | 80322 | 24 | 261 | 100
690 | Revision_690/sql.c | U | 450 | 458 | 9 | 80323 | 24 | 113 | 100
690 | Revision_690/jscript.c | U | 260 | 284 | 20 | 80324 | 25 | 256 | 100
690 | Revision_690/flex.c | U | 301 | 325 | 20 | 80325 | 25 | 263 | 100
690 | Revision_690/jscript.c | U | 287 | 311 | 20 | 80326 | 25 | 179 | 100
690 | Revision_690/flex.c | U | 351 | 375 | 20 | 80327 | 25 | 262 | 100
690 | Revision_690/jscript.c | U | 267 | 271 | 5 | 80328 | 26 | 168 | 100
690 | Revision_690/jscript.c | U | 1411 | 1415 | 5 | 80329 | 26 | 257 | 100
690 | Revision_690/flex.c | U | 1821 | 1825 | 5 | 80330 | 26 | 264 | 100
690 | Revision_690/flex.c | U | 335 | 339 | 5 | 80331 | 26 | 265 | 100
690 | Revision_690/jscript.c | U | 294 | 298 | 5 | 80332 | 26 | 169 | 100
690 | Revision_690/flex.c | U | 358 | 362 | 5 | 80333 | 26 | 266 | 100
690 | Revision_690/flex.c | U | 308 | 312 | 5 | 80334 | 26 | 267 | 100
690 | Revision_690/jscript.c | U | 318 | 336 | 17 | 80335 | 27 | 179 | 100
690 | Revision_690/sql.c | U | 468 | 486 | 17 | 80336 | 27 | 182 | 100
690 | Revision_690/vhdl.c | U | 368 | 386 | 17 | 80337 | 27 | 240 | 100
690 | Revision_690/flex.c | U | 382 | 400 | 17 | 80338 | 27 | 268 | 100
690 | Revision_690/jscript.c | U | 342 | 353 | 12 | 80339 | 28 | 181 | 100
690 | Revision_690/vhdl.c | U | 391 | 402 | 12 | 80340 | 28 | 241 | 100
690 | Revision_690/flex.c | U | 406 | 417 | 12 | 80341 | 28 | 269 | 100
690 | Revision_690/sql.c | U | 491 | 502 | 12 | 80342 | 28 | 182 | 100
690 | Revision_690/jscript.c | U | 365 | 369 | 5 | 80343 | 29 | 183 | 100
690 | Revision_690/vhdl.c | U | 414 | 418 | 5 | 80344 | 29 | 242 | 100
690 | Revision_690/flex.c | U | 429 | 433 | 5 | 80345 | 29 | 270 | 100
690 | Revision_690/sql.c | U | 514 | 527 | 5 | 80346 | 29 | 182 | 100
690 | Revision_690/jscript.c | U | 405 | 435 | 26 | 80347 | 30 | 253 | 100
690 | Revision_690/sql.c | U | 597 | 627 | 26 | 80348 | 30 | 254 | 100
690 | Revision_690/jscript.c | U | 416 | 427 | 12 | 80349 | 31 | 252 | 100
690 | Revision_690/flex.c | U | 484 | 495 | 12 | 80350 | 31 | 271 | 100
690 | Revision_690/sql.c | U | 608 | 619 | 12 | 80351 | 31 | 102 | 100
690 | Revision_690/jscript.c | U | 441 | 450 | 10 | 80352 | 32 | 252 | 100
690 | Revision_690/vhdl.c | U | 467 | 476 | 10 | 80353 | 32 | 236 | 100
690 | Revision_690/flex.c | U | 691 | 700 | 10 | 80354 | 32 | 272 | 100
690 | Revision_690/jscript.c | U | 471 | 501 | 18 | 80355 | 33 | 206 | 100
690 | Revision_690/jscript.c | U | 504 | 533 | 18 | 80356 | 33 | 215 | 100
690 | Revision_690/flex.c | U | 722 | 752 | 18 | 80357 | 33 | 273 | 100
690 | Revision_690/flex.c | U | 755 | 784 | 18 | 80358 | 33 | 274 | 100
690 | Revision_690/jscript.c | U | 482 | 500 | 15 | 80359 | 34 | 228 | 100
690 | Revision_690/sql.c | U | 737 | 755 | 15 | 80360 | 34 | 229 | 100
690 | Revision_690/vhdl.c | U | 514 | 532 | 15 | 80361 | 34 | 245 | 100
690 | Revision_690/flex.c | U | 733 | 751 | 15 | 80362 | 34 | 276 | 100
690 | Revision_690/flex.c | U | 765 | 783 | 15 | 80363 | 34 | 275 | 100
690 | Revision_690/jscript.c | U | 514 | 532 | 15 | 80364 | 34 | 230 | 100
690 | Revision_690/jscript.c | U | 536 | 543 | 7 | 80365 | 35 | 187 | 100
690 | Revision_690/flex.c | U | 787 | 794 | 7 | 80366 | 35 | 277 | 100
690 | Revision_690/jscript.c | U | 546 | 553 | 7 | 80367 | 36 | 187 | 100
690 | Revision_690/sql.c | U | 670 | 677 | 7 | 80368 | 36 | 188 | 100
690 | Revision_690/flex.c | U | 797 | 804 | 7 | 80369 | 36 | 278 | 100
690 | Revision_690/jscript.c | U | 560 | 582 | 13 | 80370 | 37 | 279 | 100
690 | Revision_690/flex.c | U | 811 | 833 | 13 | 80371 | 37 | 280 | 100
690 | Revision_690/jscript.c | U | 696 | 707 | 6 | 80372 | 38 | 192 | 100
690 | Revision_690/sql.c | U | 1395 | 1401 | 6 | 80373 | 38 | 207 | 100
690 | Revision_690/flex.c | U | 1946 | 1952 | 6 | 80374 | 38 | 285 | 100
690 | Revision_690/flex.c | U | 2101 | 2107 | 6 | 80375 | 38 | 283 | 100
690 | Revision_690/flex.c | U | 943 | 954 | 6 | 80376 | 38 | 284 | 100
690 | Revision_690/sql.c | U | 929 | 949 | 6 | 80377 | 38 | 193 | 100
690 | Revision_690/jscript.c | U | 1084 | 1090 | 6 | 80378 | 38 | 197 | 100
690 | Revision_690/jscript.c | U | 712 | 819 | 30 | 80379 | 39 | 286 | 100
690 | Revision_690/flex.c | U | 959 | 1066 | 30 | 80380 | 39 | 287 | 100
690 | Revision_690/jscript.c | U | 963 | 1024 | 33 | 80381 | 40 | 288 | 100
690 | Revision_690/flex.c | U | 1221 | 1282 | 33 | 80382 | 40 | 289 | 100
690 | Revision_690/jscript.c | U | 1101 | 1206 | 45 | 80383 | 41 | 290 | 100
690 | Revision_690/flex.c | U | 1510 | 1615 | 45 | 80384 | 41 | 291 | 100
690 | Revision_690/jscript.c | U | 1234 | 1253 | 7 | 80385 | 42 | 216 | 100
690 | Revision_690/flex.c | U | 1647 | 1666 | 7 | 80386 | 42 | 292 | 100
690 | Revision_690/jscript.c | U | 1299 | 1304 | 6 | 80387 | 43 | 216 | 100
690 | Revision_690/flex.c | U | 1712 | 1717 | 6 | 80388 | 43 | 293 | 100
690 | Revision_690/jscript.c | U | 1324 | 1339 | 7 | 80389 | 44 | 216 | 100
690 | Revision_690/flex.c | U | 1734 | 1749 | 7 | 80390 | 44 | 294 | 100
690 | Revision_690/sql.c | U | 1579 | 1586 | 7 | 80391 | 44 | 198 | 100
690 | Revision_690/jscript.c | U | 1341 | 1358 | 6 | 80392 | 45 | 295 | 100
690 | Revision_690/flex.c | U | 1751 | 1768 | 6 | 80393 | 45 | 296 | 100
690 | Revision_690/jscript.c | U | 1360 | 1388 | 20 | 80394 | 46 | 297 | 100
690 | Revision_690/flex.c | U | 1770 | 1798 | 20 | 80395 | 46 | 298 | 100
690 | Revision_690/jscript.c | U | 1390 | 1430 | 20 | 80396 | 47 | 299 | 100
690 | Revision_690/flex.c | U | 1800 | 1840 | 20 | 80397 | 47 | 300 | 100
690 | Revision_690/jscript.c | U | 1423 | 1427 | 5 | 80398 | 48 | 217 | 100
690 | Revision_690/fortran.c | U | 1899 | 1903 | 5 | 80399 | 48 | 99 | 100
690 | Revision_690/flex.c | U | 1833 | 1837 | 5 | 80400 | 48 | 301 | 100
690 | Revision_690/jscript.c | U | 1531 | 1535 | 5 | 80401 | 49 | 199 | 100
690 | Revision_690/sql.c | U | 2047 | 2051 | 5 | 80402 | 49 | 200 | 100
690 | Revision_690/flex.c | U | 2190 | 2194 | 5 | 80403 | 49 | 302 | 100
690 | Revision_690/jscript.c | U | 1538 | 1554 | 14 | 80404 | 50 | 303 | 100
690 | Revision_690/flex.c | U | 2197 | 2213 | 14 | 80405 | 50 | 304 | 100
690 | Revision_690/slang.c | U | 34 | 41 | 8 | 80406 | 51 | 32 | 100
690 | Revision_690/yacc.c | U | 31 | 38 | 8 | 80407 | 51 | 33 | 100
690 | Revision_690/gnu_regex/regex.c | U | 1330 | 1339 | 5 | 80408 | 52 | 219 | 100
690 | Revision_690/gnu_regex/regex.c | U | 1816 | 1820 | 5 | 80409 | 52 | 220 | 100
690 | Revision_690/gnu_regex/regex.c | U | 1627 | 1632 | 6 | 80410 | 53 | 226 | 100
690 | Revision_690/gnu_regex/regex.c | U | 1792 | 1797 | 6 | 80411 | 53 | 222 | 100
690 | Revision_690/gnu_regex/regex.c | U | 1777 | 1782 | 6 | 80412 | 53 | 223 | 100
690 | Revision_690/gnu_regex/regex.c | U | 1757 | 1762 | 6 | 80413 | 53 | 221 | 100
690 | Revision_690/gnu_regex/regex.c | U | 1649 | 1654 | 6 | 80414 | 53 | 227 | 100
690 | Revision_690/vim.c | U | 97 | 101 | 5 | 80415 | 54 | 100 | 100
690 | Revision_690/vim.c | U | 103 | 107 | 5 | 80416 | 54 | 101 | 100
690 | Revision_690/vim.c | U | 626 | 634 | 9 | 80417 | 55 | 34 | 100
690 | Revision_690/beta.c | U | 311 | 319 | 9 | 80418 | 55 | 36 | 100
690 | Revision_690/lua.c | U | 123 | 131 | 9 | 80419 | 55 | 84 | 100
690 | Revision_690/python.c | U | 218 | 222 | 5 | 80420 | 56 | 119 | 100
690 | Revision_690/erlang.c | U | 58 | 62 | 5 | 80421 | 56 | 131 | 100
690 | Revision_690/sml.c | U | 84 | 88 | 5 | 80422 | 56 | 120 | 100
690 | Revision_690/python.c | U | 226 | 235 | 9 | 80423 | 57 | 132 | 100
690 | Revision_690/erlang.c | U | 66 | 75 | 9 | 80424 | 57 | 133 | 100
690 | Revision_690/perl.c | U | 372 | 380 | 9 | 80425 | 58 | 39 | 100
690 | Revision_690/erlang.c | U | 179 | 187 | 9 | 80426 | 58 | 135 | 100
690 | Revision_690/tcl.c | U | 106 | 114 | 9 | 80427 | 58 | 134 | 100
690 | Revision_690/sort.c | U | 118 | 123 | 5 | 80428 | 59 | 96 | 100
690 | Revision_690/sort.c | U | 126 | 131 | 5 | 80429 | 59 | 97 | 100
690 | Revision_690/pascal.c | U | 176 | 182 | 6 | 80430 | 60 | 46 | 100
690 | Revision_690/pascal.c | U | 184 | 190 | 6 | 80431 | 60 | 47 | 100
690 | Revision_690/routines.c | U | 288 | 295 | 8 | 80432 | 61 | 90 | 100
690 | Revision_690/readtags.c | U | 106 | 113 | 8 | 80433 | 61 | 79 | 100
690 | Revision_690/routines.c | U | 298 | 305 | 8 | 80434 | 62 | 91 | 100
690 | Revision_690/readtags.c | U | 116 | 123 | 8 | 80435 | 62 | 81 | 100
690 | Revision_690/routines.c | U | 329 | 335 | 6 | 80436 | 63 | 92 | 100
690 | Revision_690/routines.c | U | 338 | 344 | 6 | 80437 | 63 | 93 | 100
690 | Revision_690/routines.c | U | 349 | 356 | 8 | 80438 | 64 | 94 | 100
690 | Revision_690/routines.c | U | 361 | 368 | 8 | 80439 | 64 | 95 | 100
690 | Revision_690/flex.c | U | 475 | 480 | 6 | 80440 | 65 | 305 | 100
690 | Revision_690/flex.c | U | 522 | 528 | 6 | 80441 | 65 | 306 | 100
690 | Revision_690/flex.c | U | 502 | 506 | 5 | 80442 | 66 | 307 | 100
690 | Revision_690/flex.c | U | 613 | 617 | 5 | 80443 | 66 | 309 | 100
690 | Revision_690/flex.c | U | 661 | 665 | 5 | 80444 | 66 | 308 | 100
690 | Revision_690/flex.c | U | 535 | 541 | 7 | 80445 | 67 | 310 | 100
690 | Revision_690/flex.c | U | 589 | 595 | 7 | 80446 | 67 | 311 | 100
690 | Revision_690/flex.c | U | 626 | 632 | 7 | 80447 | 67 | 312 | 100
690 | Revision_690/flex.c | U | 637 | 643 | 7 | 80448 | 67 | 313 | 100
690 | Revision_690/flex.c | U | 548 | 555 | 8 | 80449 | 68 | 314 | 100
690 | Revision_690/flex.c | U | 650 | 657 | 8 | 80450 | 68 | 315 | 100
690 | Revision_690/flex.c | U | 602 | 609 | 8 | 80451 | 68 | 316 | 100
690 | Revision_690/flex.c | U | 586 | 621 | 30 | 80452 | 69 | 317 | 100
690 | Revision_690/flex.c | U | 634 | 669 | 30 | 80453 | 69 | 318 | 100
690 | Revision_690/sh.c | U | 103 | 113 | 9 | 80454 | 70 | 54 | 100
690 | Revision_690/scheme.c | U | 99 | 109 | 9 | 80455 | 70 | 55 | 100
690 | Revision_690/vhdl.c | U | 536 | 548 | 12 | 80456 | 71 | 239 | 100
690 | Revision_690/sql.c | U | 423 | 437 | 12 | 80457 | 71 | 105 | 100
690 | Revision_690/vhdl.c | U | 611 | 615 | 5 | 80458 | 72 | 246 | 100
690 | Revision_690/vhdl.c | U | 620 | 624 | 5 | 80459 | 72 | 246 | 100
690 | Revision_690/vhdl.c | U | 725 | 742 | 15 | 80460 | 73 | 255 | 100
690 | Revision_690/vhdl.c | U | 744 | 761 | 15 | 80461 | 73 | 250 | 100
690 | Revision_690/vhdl.c | U | 814 | 822 | 7 | 80462 | 74 | 248 | 100
690 | Revision_690/sql.c | U | 2054 | 2062 | 7 | 80463 | 74 | 249 | 100
690 | Revision_690/beta.c | U | 152 | 156 | 5 | 80464 | 75 | 56 | 100
690 | Revision_690/beta.c | U | 158 | 162 | 5 | 80465 | 75 | 58 | 100
690 | Revision_690/beta.c | U | 277 | 281 | 5 | 80466 | 75 | 57 | 100
690 | Revision_690/beta.c | U | 165 | 169 | 5 | 80467 | 76 | 59 | 100
690 | Revision_690/beta.c | U | 271 | 275 | 5 | 80468 | 76 | 60 | 100
690 | Revision_690/erlang.c | U | 108 | 113 | 6 | 80469 | 77 | 138 | 100
690 | Revision_690/erlang.c | U | 116 | 121 | 6 | 80470 | 77 | 139 | 100
690 | Revision_690/sql.c | U | 1684 | 1690 | 5 | 80471 | 78 | 201 | 100
690 | Revision_690/sql.c | U | 1713 | 1719 | 5 | 80472 | 78 | 202 | 100
690 | Revision_690/sql.c | U | 2036 | 2043 | 7 | 80473 | 79 | 231 | 100
690 | Revision_690/fortran.c | U | 1308 | 1314 | 7 | 80474 | 79 | 86 | 100
690 | Revision_690/parse.c | U | 45 | 53 | 7 | 80475 | 80 | 121 | 100
690 | Revision_690/sml.c | U | 75 | 81 | 7 | 80476 | 80 | 122 | 100
690 | Revision_690/parse.c | U | 100 | 104 | 5 | 80477 | 81 | 61 | 100
690 | Revision_690/parse.c | U | 114 | 118 | 5 | 80478 | 81 | 62 | 100
690 | Revision_690/parse.c | U | 556 | 560 | 5 | 80479 | 82 | 144 | 100
690 | Revision_690/parse.c | U | 575 | 579 | 5 | 80480 | 82 | 145 | 100
690 | Revision_690/readtags.c | U | 541 | 547 | 6 | 80481 | 83 | 82 | 100
690 | Revision_690/readtags.c | U | 549 | 555 | 6 | 80482 | 83 | 83 | 100
690 | Revision_690/readtags.c | U | 740 | 745 | 6 | 80483 | 84 | 64 | 100
690 | Revision_690/readtags.c | U | 765 | 770 | 6 | 80484 | 84 | 77 | 100
690 | Revision_690/options.c | U | 369 | 375 | 6 | 80485 | 85 | 69 | 100
690 | Revision_690/options.c | U | 378 | 384 | 6 | 80486 | 85 | 70 | 100
690 | Revision_690/options.c | U | 543 | 549 | 7 | 80487 | 86 | 71 | 100
690 | Revision_690/options.c | U | 561 | 567 | 7 | 80488 | 86 | 74 | 100
690 | Revision_690/options.c | U | 570 | 576 | 7 | 80489 | 86 | 73 | 100
690 | Revision_690/options.c | U | 552 | 558 | 7 | 80490 | 86 | 72 | 100
690 | Revision_690/options.c | U | 1102 | 1106 | 5 | 80491 | 87 | 75 | 100
690 | Revision_690/options.c | U | 1108 | 1112 | 5 | 80492 | 87 | 76 | 100
690 | Revision_690/options.c | U | 1154 | 1166 | 12 | 80493 | 88 | 146 | 100
690 | Revision_690/options.c | U | 1171 | 1183 | 12 | 80494 | 88 | 147 | 100
