Revision | filePath | changeType | StartLine | EndLine | Nlines | cloneId | classId | globalCloneId | Similarity
695 | Revision_695/ant.c | U | 33 | 40 | 8 | 60885 | 1 | 264 | 100
695 | Revision_695/slang.c | U | 34 | 41 | 8 | 60886 | 1 | 54 | 100
695 | Revision_695/yacc.c | U | 31 | 38 | 8 | 60887 | 1 | 55 | 100
695 | Revision_695/matlab.c | U | 35 | 42 | 8 | 60888 | 1 | 265 | 100
695 | Revision_695/args.c | U | 85 | 92 | 8 | 60889 | 2 | 1 | 100
695 | Revision_695/args.c | U | 160 | 167 | 8 | 60890 | 2 | 2 | 100
695 | Revision_695/asp.c | U | 71 | 90 | 15 | 60891 | 3 | 8 | 100
695 | Revision_695/asp.c | U | 94 | 113 | 15 | 60892 | 3 | 9 | 100
695 | Revision_695/asp.c | U | 117 | 133 | 14 | 60893 | 4 | 10 | 100
695 | Revision_695/asp.c | U | 156 | 171 | 14 | 60894 | 4 | 87 | 100
695 | Revision_695/asp.c | U | 175 | 190 | 14 | 60895 | 4 | 114 | 100
695 | Revision_695/asp.c | U | 137 | 152 | 14 | 60896 | 4 | 12 | 100
695 | Revision_695/asp.c | U | 201 | 209 | 9 | 60897 | 5 | 15 | 100
695 | Revision_695/sml.c | U | 202 | 210 | 9 | 60898 | 5 | 88 | 100
695 | Revision_695/ruby.c | U | 398 | 406 | 9 | 60899 | 5 | 116 | 100
695 | Revision_695/beta.c | U | 152 | 156 | 5 | 60900 | 6 | 18 | 100
695 | Revision_695/beta.c | U | 277 | 281 | 5 | 60901 | 6 | 19 | 100
695 | Revision_695/beta.c | U | 158 | 162 | 5 | 60902 | 6 | 20 | 100
695 | Revision_695/beta.c | U | 165 | 169 | 5 | 60903 | 7 | 21 | 100
695 | Revision_695/beta.c | U | 271 | 275 | 5 | 60904 | 7 | 22 | 100
695 | Revision_695/beta.c | U | 311 | 319 | 9 | 60905 | 8 | 23 | 100
695 | Revision_695/lua.c | U | 123 | 131 | 9 | 60906 | 8 | 65 | 100
695 | Revision_695/vim.c | U | 626 | 634 | 9 | 60907 | 8 | 24 | 100
695 | Revision_695/dosbatch.c | U | 33 | 40 | 8 | 60908 | 9 | 266 | 100
695 | Revision_695/html.c | U | 40 | 47 | 8 | 60909 | 9 | 267 | 100
695 | Revision_695/erlang.c | U | 58 | 62 | 5 | 60910 | 10 | 94 | 100
695 | Revision_695/sml.c | U | 84 | 88 | 5 | 60911 | 10 | 92 | 100
695 | Revision_695/python.c | U | 218 | 222 | 5 | 60912 | 10 | 91 | 100
695 | Revision_695/erlang.c | U | 66 | 75 | 9 | 60913 | 11 | 95 | 100
695 | Revision_695/python.c | U | 226 | 235 | 9 | 60914 | 11 | 96 | 100
695 | Revision_695/erlang.c | U | 108 | 113 | 6 | 60915 | 12 | 101 | 100
695 | Revision_695/erlang.c | U | 116 | 121 | 6 | 60916 | 12 | 102 | 100
695 | Revision_695/erlang.c | U | 179 | 187 | 9 | 60917 | 13 | 99 | 100
695 | Revision_695/perl.c | U | 372 | 380 | 9 | 60918 | 13 | 6 | 100
695 | Revision_695/tcl.c | U | 106 | 114 | 9 | 60919 | 13 | 100 | 100
695 | Revision_695/flex.c | U | 209 | 218 | 8 | 60920 | 14 | 204 | 100
695 | Revision_695/jscript.c | U | 180 | 189 | 8 | 60921 | 14 | 122 | 100
695 | Revision_695/sql.c | U | 385 | 394 | 8 | 60922 | 14 | 123 | 100
695 | Revision_695/tex.c | U | 149 | 158 | 8 | 60923 | 14 | 268 | 100
695 | Revision_695/flex.c | U | 238 | 242 | 5 | 60924 | 15 | 205 | 100
695 | Revision_695/vhdl.c | U | 356 | 360 | 5 | 60925 | 15 | 181 | 100
695 | Revision_695/jscript.c | U | 208 | 212 | 5 | 60926 | 15 | 125 | 100
695 | Revision_695/tex.c | U | 175 | 179 | 5 | 60927 | 15 | 271 | 100
695 | Revision_695/sql.c | U | 412 | 416 | 5 | 60928 | 15 | 126 | 100
695 | Revision_695/flex.c | U | 249 | 263 | 12 | 60929 | 16 | 206 | 100
695 | Revision_695/jscript.c | U | 219 | 233 | 12 | 60930 | 16 | 165 | 100
695 | Revision_695/flex.c | U | 251 | 262 | 10 | 60931 | 17 | 206 | 100
695 | Revision_695/vhdl.c | U | 538 | 547 | 10 | 60932 | 17 | 180 | 100
695 | Revision_695/sql.c | U | 425 | 436 | 10 | 60933 | 17 | 130 | 100
695 | Revision_695/tex.c | U | 188 | 199 | 10 | 60934 | 17 | 272 | 100
695 | Revision_695/jscript.c | U | 221 | 232 | 10 | 60935 | 17 | 165 | 100
695 | Revision_695/flex.c | U | 287 | 295 | 9 | 60936 | 18 | 207 | 100
695 | Revision_695/jscript.c | U | 246 | 254 | 9 | 60937 | 18 | 125 | 100
695 | Revision_695/tex.c | U | 213 | 221 | 9 | 60938 | 18 | 273 | 100
695 | Revision_695/sql.c | U | 450 | 458 | 9 | 60939 | 18 | 138 | 100
695 | Revision_695/flex.c | U | 301 | 325 | 20 | 60940 | 19 | 208 | 100
695 | Revision_695/jscript.c | U | 287 | 311 | 20 | 60941 | 19 | 133 | 100
695 | Revision_695/jscript.c | U | 260 | 284 | 20 | 60942 | 19 | 202 | 100
695 | Revision_695/flex.c | U | 351 | 375 | 20 | 60943 | 19 | 209 | 100
695 | Revision_695/flex.c | U | 308 | 312 | 5 | 60944 | 20 | 210 | 100
695 | Revision_695/jscript.c | U | 1411 | 1415 | 5 | 60945 | 20 | 122 | 100
695 | Revision_695/flex.c | U | 335 | 339 | 5 | 60946 | 20 | 211 | 100
695 | Revision_695/flex.c | U | 1821 | 1825 | 5 | 60947 | 20 | 212 | 100
695 | Revision_695/jscript.c | U | 267 | 271 | 5 | 60948 | 20 | 203 | 100
695 | Revision_695/flex.c | U | 358 | 362 | 5 | 60949 | 20 | 213 | 100
695 | Revision_695/jscript.c | U | 294 | 298 | 5 | 60950 | 20 | 131 | 100
695 | Revision_695/flex.c | U | 382 | 400 | 17 | 60951 | 21 | 214 | 100
695 | Revision_695/jscript.c | U | 318 | 336 | 17 | 60952 | 21 | 133 | 100
695 | Revision_695/sql.c | U | 468 | 486 | 17 | 60953 | 21 | 136 | 100
695 | Revision_695/vhdl.c | U | 368 | 386 | 17 | 60954 | 21 | 182 | 100
695 | Revision_695/tex.c | U | 231 | 249 | 17 | 60955 | 21 | 274 | 100
695 | Revision_695/flex.c | U | 406 | 417 | 12 | 60956 | 22 | 215 | 100
695 | Revision_695/tex.c | U | 256 | 268 | 12 | 60957 | 22 | 275 | 100
695 | Revision_695/jscript.c | U | 342 | 353 | 12 | 60958 | 22 | 135 | 100
695 | Revision_695/sql.c | U | 491 | 502 | 12 | 60959 | 22 | 136 | 100
695 | Revision_695/vhdl.c | U | 391 | 402 | 12 | 60960 | 22 | 183 | 100
695 | Revision_695/flex.c | U | 429 | 433 | 5 | 60961 | 23 | 216 | 100
695 | Revision_695/jscript.c | U | 365 | 369 | 5 | 60962 | 23 | 137 | 100
695 | Revision_695/sql.c | U | 514 | 527 | 5 | 60963 | 23 | 136 | 100
695 | Revision_695/vhdl.c | U | 414 | 418 | 5 | 60964 | 23 | 184 | 100
695 | Revision_695/tex.c | U | 280 | 284 | 5 | 60965 | 23 | 276 | 100
695 | Revision_695/flex.c | U | 475 | 480 | 6 | 60966 | 24 | 217 | 100
695 | Revision_695/flex.c | U | 522 | 528 | 6 | 60967 | 24 | 218 | 100
695 | Revision_695/flex.c | U | 484 | 495 | 12 | 60968 | 25 | 219 | 100
695 | Revision_695/jscript.c | U | 416 | 427 | 12 | 60969 | 25 | 198 | 100
695 | Revision_695/sql.c | U | 608 | 619 | 12 | 60970 | 25 | 110 | 100
695 | Revision_695/flex.c | U | 502 | 506 | 5 | 60971 | 26 | 220 | 100
695 | Revision_695/flex.c | U | 661 | 665 | 5 | 60972 | 26 | 221 | 100
695 | Revision_695/flex.c | U | 613 | 617 | 5 | 60973 | 26 | 222 | 100
695 | Revision_695/flex.c | U | 535 | 541 | 7 | 60974 | 27 | 223 | 100
695 | Revision_695/flex.c | U | 637 | 643 | 7 | 60975 | 27 | 225 | 100
695 | Revision_695/flex.c | U | 589 | 595 | 7 | 60976 | 27 | 224 | 100
695 | Revision_695/flex.c | U | 626 | 632 | 7 | 60977 | 27 | 226 | 100
695 | Revision_695/flex.c | U | 548 | 555 | 8 | 60978 | 28 | 227 | 100
695 | Revision_695/flex.c | U | 602 | 609 | 8 | 60979 | 28 | 228 | 100
695 | Revision_695/flex.c | U | 650 | 657 | 8 | 60980 | 28 | 229 | 100
695 | Revision_695/flex.c | U | 586 | 621 | 30 | 60981 | 29 | 230 | 100
695 | Revision_695/flex.c | U | 634 | 669 | 30 | 60982 | 29 | 231 | 100
695 | Revision_695/flex.c | U | 691 | 700 | 10 | 60983 | 30 | 232 | 100
695 | Revision_695/jscript.c | U | 441 | 450 | 10 | 60984 | 30 | 198 | 100
695 | Revision_695/tex.c | U | 322 | 331 | 10 | 60985 | 30 | 277 | 100
695 | Revision_695/vhdl.c | U | 467 | 476 | 10 | 60986 | 30 | 189 | 100
695 | Revision_695/flex.c | U | 722 | 752 | 18 | 60987 | 31 | 233 | 100
695 | Revision_695/jscript.c | U | 504 | 533 | 18 | 60988 | 31 | 166 | 100
695 | Revision_695/jscript.c | U | 471 | 501 | 18 | 60989 | 31 | 161 | 100
695 | Revision_695/flex.c | U | 755 | 784 | 18 | 60990 | 31 | 234 | 100
695 | Revision_695/flex.c | U | 733 | 751 | 15 | 60991 | 32 | 235 | 100
695 | Revision_695/vhdl.c | U | 514 | 532 | 15 | 60992 | 32 | 187 | 100
695 | Revision_695/sql.c | U | 737 | 755 | 15 | 60993 | 32 | 177 | 100
695 | Revision_695/jscript.c | U | 482 | 500 | 15 | 60994 | 32 | 176 | 100
695 | Revision_695/jscript.c | U | 514 | 532 | 15 | 60995 | 32 | 178 | 100
695 | Revision_695/flex.c | U | 765 | 783 | 15 | 60996 | 32 | 236 | 100
695 | Revision_695/flex.c | U | 787 | 794 | 7 | 60997 | 33 | 237 | 100
695 | Revision_695/jscript.c | U | 536 | 543 | 7 | 60998 | 33 | 142 | 100
695 | Revision_695/flex.c | U | 797 | 804 | 7 | 60999 | 34 | 238 | 100
695 | Revision_695/jscript.c | U | 546 | 553 | 7 | 61000 | 34 | 142 | 100
695 | Revision_695/sql.c | U | 670 | 677 | 7 | 61001 | 34 | 143 | 100
695 | Revision_695/flex.c | U | 811 | 833 | 13 | 61002 | 35 | 239 | 100
695 | Revision_695/jscript.c | U | 560 | 582 | 13 | 61003 | 35 | 240 | 100
695 | Revision_695/flex.c | U | 943 | 954 | 6 | 61004 | 36 | 243 | 100
695 | Revision_695/flex.c | U | 2101 | 2107 | 6 | 61005 | 36 | 244 | 100
695 | Revision_695/sql.c | U | 929 | 949 | 6 | 61006 | 36 | 148 | 100
695 | Revision_695/flex.c | U | 1946 | 1952 | 6 | 61007 | 36 | 245 | 100
695 | Revision_695/jscript.c | U | 1084 | 1090 | 6 | 61008 | 36 | 152 | 100
695 | Revision_695/jscript.c | U | 696 | 707 | 6 | 61009 | 36 | 147 | 100
695 | Revision_695/sql.c | U | 1395 | 1401 | 6 | 61010 | 36 | 162 | 100
695 | Revision_695/flex.c | U | 959 | 1066 | 30 | 61011 | 37 | 246 | 100
695 | Revision_695/jscript.c | U | 712 | 819 | 30 | 61012 | 37 | 247 | 100
695 | Revision_695/flex.c | U | 1221 | 1282 | 33 | 61013 | 38 | 248 | 100
695 | Revision_695/jscript.c | U | 963 | 1024 | 33 | 61014 | 38 | 249 | 100
695 | Revision_695/flex.c | U | 1510 | 1615 | 45 | 61015 | 39 | 250 | 100
695 | Revision_695/jscript.c | U | 1101 | 1206 | 45 | 61016 | 39 | 251 | 100
695 | Revision_695/flex.c | U | 1647 | 1666 | 7 | 61017 | 40 | 252 | 100
695 | Revision_695/jscript.c | U | 1234 | 1253 | 7 | 61018 | 40 | 167 | 100
695 | Revision_695/flex.c | U | 1712 | 1717 | 6 | 61019 | 41 | 253 | 100
695 | Revision_695/jscript.c | U | 1299 | 1304 | 6 | 61020 | 41 | 167 | 100
695 | Revision_695/flex.c | U | 1734 | 1749 | 7 | 61021 | 42 | 254 | 100
695 | Revision_695/sql.c | U | 1579 | 1586 | 7 | 61022 | 42 | 153 | 100
695 | Revision_695/jscript.c | U | 1324 | 1339 | 7 | 61023 | 42 | 167 | 100
695 | Revision_695/flex.c | U | 1751 | 1768 | 6 | 61024 | 43 | 255 | 100
695 | Revision_695/jscript.c | U | 1341 | 1358 | 6 | 61025 | 43 | 256 | 100
695 | Revision_695/flex.c | U | 1770 | 1798 | 20 | 61026 | 44 | 257 | 100
695 | Revision_695/jscript.c | U | 1360 | 1388 | 20 | 61027 | 44 | 258 | 100
695 | Revision_695/flex.c | U | 1800 | 1840 | 20 | 61028 | 45 | 259 | 100
695 | Revision_695/jscript.c | U | 1390 | 1430 | 20 | 61029 | 45 | 260 | 100
695 | Revision_695/flex.c | U | 2190 | 2194 | 5 | 61030 | 46 | 261 | 100
695 | Revision_695/tex.c | U | 471 | 475 | 5 | 61031 | 46 | 286 | 100
695 | Revision_695/jscript.c | U | 1531 | 1535 | 5 | 61032 | 46 | 154 | 100
695 | Revision_695/sql.c | U | 2047 | 2051 | 5 | 61033 | 46 | 155 | 100
695 | Revision_695/flex.c | U | 2197 | 2213 | 14 | 61034 | 47 | 262 | 100
695 | Revision_695/jscript.c | U | 1538 | 1554 | 14 | 61035 | 47 | 263 | 100
695 | Revision_695/gnu_regex/regex.c | U | 1330 | 1339 | 5 | 61036 | 48 | 168 | 100
695 | Revision_695/gnu_regex/regex.c | U | 1816 | 1820 | 5 | 61037 | 48 | 169 | 100
695 | Revision_695/gnu_regex/regex.c | U | 1627 | 1632 | 6 | 61038 | 49 | 174 | 100
695 | Revision_695/gnu_regex/regex.c | U | 1649 | 1654 | 6 | 61039 | 49 | 175 | 100
695 | Revision_695/gnu_regex/regex.c | U | 1757 | 1762 | 6 | 61040 | 49 | 170 | 100
695 | Revision_695/gnu_regex/regex.c | U | 1777 | 1782 | 6 | 61041 | 49 | 171 | 100
695 | Revision_695/gnu_regex/regex.c | U | 1792 | 1797 | 6 | 61042 | 49 | 172 | 100
695 | Revision_695/gnu_regex/regex.c | U | 2828 | 2833 | 6 | 61043 | 50 | 173 | 100
695 | Revision_695/options.c | U | 533 | 538 | 6 | 61044 | 50 | 40 | 100
695 | Revision_695/jscript.c | U | 240 | 256 | 12 | 61045 | 51 | 127 | 100
695 | Revision_695/sql.c | U | 444 | 460 | 12 | 61046 | 51 | 128 | 100
695 | Revision_695/tex.c | U | 207 | 223 | 12 | 61047 | 51 | 287 | 100
695 | Revision_695/jscript.c | U | 405 | 435 | 26 | 61048 | 52 | 199 | 100
695 | Revision_695/sql.c | U | 597 | 627 | 26 | 61049 | 52 | 200 | 100
695 | Revision_695/jscript.c | U | 1558 | 1571 | 10 | 61050 | 53 | 288 | 100
695 | Revision_695/tex.c | U | 491 | 504 | 10 | 61051 | 53 | 289 | 100
695 | Revision_695/options.c | U | 369 | 375 | 6 | 61052 | 54 | 36 | 100
695 | Revision_695/options.c | U | 378 | 384 | 6 | 61053 | 54 | 37 | 100
695 | Revision_695/options.c | U | 543 | 549 | 7 | 61054 | 55 | 38 | 100
695 | Revision_695/options.c | U | 552 | 558 | 7 | 61055 | 55 | 39 | 100
695 | Revision_695/options.c | U | 570 | 576 | 7 | 61056 | 55 | 41 | 100
695 | Revision_695/options.c | U | 561 | 567 | 7 | 61057 | 55 | 40 | 100
695 | Revision_695/options.c | U | 1102 | 1106 | 5 | 61058 | 56 | 42 | 100
695 | Revision_695/options.c | U | 1108 | 1112 | 5 | 61059 | 56 | 42 | 100
695 | Revision_695/options.c | U | 1154 | 1166 | 12 | 61060 | 57 | 103 | 100
695 | Revision_695/options.c | U | 1171 | 1183 | 12 | 61061 | 57 | 104 | 100
695 | Revision_695/parse.c | U | 45 | 53 | 7 | 61062 | 58 | 89 | 100
695 | Revision_695/sml.c | U | 75 | 81 | 7 | 61063 | 58 | 90 | 100
695 | Revision_695/parse.c | U | 100 | 104 | 5 | 61064 | 59 | 44 | 100
695 | Revision_695/parse.c | U | 114 | 118 | 5 | 61065 | 59 | 45 | 100
695 | Revision_695/parse.c | U | 556 | 560 | 5 | 61066 | 60 | 106 | 100
695 | Revision_695/parse.c | U | 575 | 579 | 5 | 61067 | 60 | 107 | 100
695 | Revision_695/pascal.c | U | 176 | 182 | 6 | 61068 | 61 | 46 | 100
695 | Revision_695/pascal.c | U | 184 | 190 | 6 | 61069 | 61 | 47 | 100
695 | Revision_695/readtags.c | U | 106 | 113 | 8 | 61070 | 62 | 60 | 100
695 | Revision_695/routines.c | U | 288 | 295 | 8 | 61071 | 62 | 66 | 100
695 | Revision_695/readtags.c | U | 116 | 123 | 8 | 61072 | 63 | 62 | 100
695 | Revision_695/routines.c | U | 298 | 305 | 8 | 61073 | 63 | 67 | 100
695 | Revision_695/readtags.c | U | 541 | 547 | 6 | 61074 | 64 | 63 | 100
695 | Revision_695/readtags.c | U | 549 | 555 | 6 | 61075 | 64 | 64 | 100
695 | Revision_695/readtags.c | U | 740 | 745 | 6 | 61076 | 65 | 51 | 100
695 | Revision_695/readtags.c | U | 765 | 770 | 6 | 61077 | 65 | 58 | 100
695 | Revision_695/routines.c | U | 329 | 335 | 6 | 61078 | 66 | 68 | 100
695 | Revision_695/routines.c | U | 338 | 344 | 6 | 61079 | 66 | 69 | 100
695 | Revision_695/routines.c | U | 349 | 356 | 8 | 61080 | 67 | 70 | 100
695 | Revision_695/routines.c | U | 361 | 368 | 8 | 61081 | 67 | 71 | 100
695 | Revision_695/scheme.c | U | 99 | 109 | 9 | 61082 | 68 | 52 | 100
695 | Revision_695/sh.c | U | 103 | 113 | 9 | 61083 | 68 | 53 | 100
695 | Revision_695/sort.c | U | 118 | 123 | 5 | 61084 | 69 | 72 | 100
695 | Revision_695/sort.c | U | 126 | 131 | 5 | 61085 | 69 | 73 | 100
695 | Revision_695/sql.c | U | 423 | 437 | 12 | 61086 | 70 | 132 | 100
695 | Revision_695/vhdl.c | U | 536 | 548 | 12 | 61087 | 70 | 180 | 100
695 | Revision_695/tex.c | U | 186 | 200 | 12 | 61088 | 70 | 272 | 100
695 | Revision_695/sql.c | U | 440 | 461 | 15 | 61089 | 71 | 136 | 100
695 | Revision_695/tex.c | U | 203 | 224 | 15 | 61090 | 71 | 287 | 100
695 | Revision_695/sql.c | U | 560 | 564 | 5 | 61091 | 72 | 188 | 100
695 | Revision_695/vhdl.c | U | 457 | 461 | 5 | 61092 | 72 | 189 | 100
695 | Revision_695/sql.c | U | 684 | 689 | 5 | 61093 | 73 | 143 | 100
695 | Revision_695/tex.c | U | 354 | 359 | 5 | 61094 | 73 | 290 | 100
695 | Revision_695/sql.c | U | 1684 | 1690 | 5 | 61095 | 74 | 156 | 100
695 | Revision_695/sql.c | U | 1713 | 1719 | 5 | 61096 | 74 | 157 | 100
695 | Revision_695/sql.c | U | 2054 | 2062 | 7 | 61097 | 75 | 190 | 100
695 | Revision_695/vhdl.c | U | 814 | 822 | 7 | 61098 | 75 | 191 | 100
695 | Revision_695/sql.c | U | 2065 | 2074 | 10 | 61099 | 76 | 111 | 100
695 | Revision_695/verilog.c | U | 329 | 338 | 10 | 61100 | 76 | 112 | 100
695 | Revision_695/tex.c | U | 161 | 172 | 10 | 61101 | 77 | 291 | 100
695 | Revision_695/vhdl.c | U | 342 | 351 | 10 | 61102 | 77 | 181 | 100
695 | Revision_695/verilog.c | U | 108 | 118 | 9 | 61103 | 78 | 192 | 100
695 | Revision_695/vhdl.c | U | 573 | 583 | 9 | 61104 | 78 | 193 | 100
695 | Revision_695/vhdl.c | U | 611 | 615 | 5 | 61105 | 79 | 194 | 100
695 | Revision_695/vhdl.c | U | 620 | 624 | 5 | 61106 | 79 | 194 | 100
695 | Revision_695/vhdl.c | U | 725 | 742 | 15 | 61107 | 80 | 201 | 100
695 | Revision_695/vhdl.c | U | 744 | 761 | 15 | 61108 | 80 | 196 | 100
695 | Revision_695/vim.c | U | 97 | 101 | 5 | 61109 | 81 | 76 | 100
695 | Revision_695/vim.c | U | 103 | 107 | 5 | 61110 | 81 | 77 | 100
