Revision | filePath | changeType | StartLine | EndLine | Nlines | cloneId | classId | globalCloneId | Similarity
705 | Revision_705/ant.c | U | 33 | 40 | 8 | 63147 | 1 | 264 | 100
705 | Revision_705/matlab.c | U | 35 | 42 | 8 | 63148 | 1 | 265 | 100
705 | Revision_705/slang.c | U | 34 | 41 | 8 | 63149 | 1 | 54 | 100
705 | Revision_705/yacc.c | U | 31 | 38 | 8 | 63150 | 1 | 55 | 100
705 | Revision_705/args.c | U | 85 | 92 | 8 | 63151 | 2 | 1 | 100
705 | Revision_705/args.c | U | 160 | 167 | 8 | 63152 | 2 | 2 | 100
705 | Revision_705/asp.c | U | 71 | 90 | 15 | 63153 | 3 | 8 | 100
705 | Revision_705/asp.c | U | 94 | 113 | 15 | 63154 | 3 | 9 | 100
705 | Revision_705/asp.c | U | 117 | 133 | 14 | 63155 | 4 | 10 | 100
705 | Revision_705/asp.c | U | 156 | 171 | 14 | 63156 | 4 | 87 | 100
705 | Revision_705/asp.c | U | 175 | 190 | 14 | 63157 | 4 | 114 | 100
705 | Revision_705/asp.c | U | 137 | 152 | 14 | 63158 | 4 | 12 | 100
705 | Revision_705/asp.c | U | 201 | 209 | 9 | 63159 | 5 | 15 | 100
705 | Revision_705/sml.c | U | 202 | 210 | 9 | 63160 | 5 | 88 | 100
705 | Revision_705/ruby.c | U | 398 | 406 | 9 | 63161 | 5 | 116 | 100
705 | Revision_705/beta.c | U | 152 | 156 | 5 | 63162 | 6 | 18 | 100
705 | Revision_705/beta.c | U | 158 | 162 | 5 | 63163 | 6 | 20 | 100
705 | Revision_705/beta.c | U | 277 | 281 | 5 | 63164 | 6 | 19 | 100
705 | Revision_705/beta.c | U | 165 | 169 | 5 | 63165 | 7 | 21 | 100
705 | Revision_705/beta.c | U | 271 | 275 | 5 | 63166 | 7 | 22 | 100
705 | Revision_705/beta.c | U | 311 | 319 | 9 | 63167 | 8 | 23 | 100
705 | Revision_705/vim.c | U | 626 | 634 | 9 | 63168 | 8 | 24 | 100
705 | Revision_705/lua.c | U | 123 | 131 | 9 | 63169 | 8 | 65 | 100
705 | Revision_705/dosbatch.c | U | 33 | 40 | 8 | 63170 | 9 | 266 | 100
705 | Revision_705/html.c | U | 40 | 47 | 8 | 63171 | 9 | 267 | 100
705 | Revision_705/erlang.c | U | 58 | 62 | 5 | 63172 | 10 | 94 | 100
705 | Revision_705/sml.c | U | 84 | 88 | 5 | 63173 | 10 | 92 | 100
705 | Revision_705/python.c | U | 218 | 222 | 5 | 63174 | 10 | 91 | 100
705 | Revision_705/erlang.c | U | 66 | 75 | 9 | 63175 | 11 | 95 | 100
705 | Revision_705/python.c | U | 226 | 235 | 9 | 63176 | 11 | 96 | 100
705 | Revision_705/erlang.c | U | 108 | 113 | 6 | 63177 | 12 | 101 | 100
705 | Revision_705/erlang.c | U | 116 | 121 | 6 | 63178 | 12 | 102 | 100
705 | Revision_705/erlang.c | U | 179 | 187 | 9 | 63179 | 13 | 99 | 100
705 | Revision_705/tcl.c | U | 106 | 114 | 9 | 63180 | 13 | 100 | 100
705 | Revision_705/perl.c | U | 372 | 380 | 9 | 63181 | 13 | 6 | 100
705 | Revision_705/flex.c | U | 209 | 218 | 8 | 63182 | 14 | 204 | 100
705 | Revision_705/jscript.c | U | 180 | 189 | 8 | 63183 | 14 | 122 | 100
705 | Revision_705/tex.c | U | 157 | 166 | 8 | 63184 | 14 | 268 | 100
705 | Revision_705/sql.c | U | 392 | 401 | 8 | 63185 | 14 | 123 | 100
705 | Revision_705/flex.c | U | 238 | 242 | 5 | 63186 | 15 | 205 | 100
705 | Revision_705/sql.c | U | 419 | 423 | 5 | 63187 | 15 | 126 | 100
705 | Revision_705/tex.c | U | 183 | 187 | 5 | 63188 | 15 | 271 | 100
705 | Revision_705/jscript.c | U | 208 | 212 | 5 | 63189 | 15 | 125 | 100
705 | Revision_705/vhdl.c | U | 356 | 360 | 5 | 63190 | 15 | 181 | 100
705 | Revision_705/flex.c | U | 249 | 263 | 12 | 63191 | 16 | 206 | 100
705 | Revision_705/jscript.c | U | 219 | 233 | 12 | 63192 | 16 | 165 | 100
705 | Revision_705/flex.c | U | 251 | 262 | 10 | 63193 | 17 | 206 | 100
705 | Revision_705/sql.c | U | 432 | 443 | 10 | 63194 | 17 | 130 | 100
705 | Revision_705/vhdl.c | U | 538 | 547 | 10 | 63195 | 17 | 180 | 100
705 | Revision_705/tex.c | U | 196 | 207 | 10 | 63196 | 17 | 272 | 100
705 | Revision_705/jscript.c | U | 221 | 232 | 10 | 63197 | 17 | 165 | 100
705 | Revision_705/flex.c | U | 288 | 296 | 9 | 63198 | 18 | 207 | 100
705 | Revision_705/sql.c | U | 457 | 465 | 9 | 63199 | 18 | 138 | 100
705 | Revision_705/jscript.c | U | 246 | 254 | 9 | 63200 | 18 | 125 | 100
705 | Revision_705/tex.c | U | 221 | 229 | 9 | 63201 | 18 | 273 | 100
705 | Revision_705/flex.c | U | 302 | 326 | 20 | 63202 | 19 | 208 | 100
705 | Revision_705/jscript.c | U | 260 | 284 | 20 | 63203 | 19 | 202 | 100
705 | Revision_705/flex.c | U | 352 | 376 | 20 | 63204 | 19 | 209 | 100
705 | Revision_705/jscript.c | U | 287 | 311 | 20 | 63205 | 19 | 133 | 100
705 | Revision_705/flex.c | U | 309 | 313 | 5 | 63206 | 20 | 210 | 100
705 | Revision_705/jscript.c | U | 1411 | 1415 | 5 | 63207 | 20 | 122 | 100
705 | Revision_705/flex.c | U | 336 | 340 | 5 | 63208 | 20 | 211 | 100
705 | Revision_705/flex.c | U | 1842 | 1846 | 5 | 63209 | 20 | 212 | 100
705 | Revision_705/jscript.c | U | 294 | 298 | 5 | 63210 | 20 | 203 | 100
705 | Revision_705/jscript.c | U | 267 | 271 | 5 | 63211 | 20 | 131 | 100
705 | Revision_705/flex.c | U | 359 | 363 | 5 | 63212 | 20 | 213 | 100
705 | Revision_705/flex.c | U | 383 | 401 | 17 | 63213 | 21 | 214 | 100
705 | Revision_705/jscript.c | U | 318 | 336 | 17 | 63214 | 21 | 133 | 100
705 | Revision_705/tex.c | U | 239 | 257 | 17 | 63215 | 21 | 274 | 100
705 | Revision_705/vhdl.c | U | 368 | 386 | 17 | 63216 | 21 | 182 | 100
705 | Revision_705/flex.c | U | 407 | 418 | 12 | 63217 | 22 | 215 | 100
705 | Revision_705/tex.c | U | 264 | 276 | 12 | 63218 | 22 | 275 | 100
705 | Revision_705/sql.c | U | 500 | 511 | 12 | 63219 | 22 | 136 | 100
705 | Revision_705/jscript.c | U | 342 | 353 | 12 | 63220 | 22 | 135 | 100
705 | Revision_705/vhdl.c | U | 391 | 402 | 12 | 63221 | 22 | 183 | 100
705 | Revision_705/flex.c | U | 430 | 434 | 5 | 63222 | 23 | 216 | 100
705 | Revision_705/vhdl.c | U | 414 | 418 | 5 | 63223 | 23 | 184 | 100
705 | Revision_705/jscript.c | U | 365 | 369 | 5 | 63224 | 23 | 137 | 100
705 | Revision_705/sql.c | U | 523 | 536 | 5 | 63225 | 23 | 136 | 100
705 | Revision_705/tex.c | U | 288 | 292 | 5 | 63226 | 23 | 276 | 100
705 | Revision_705/flex.c | U | 476 | 481 | 6 | 63227 | 24 | 217 | 100
705 | Revision_705/flex.c | U | 523 | 529 | 6 | 63228 | 24 | 218 | 100
705 | Revision_705/flex.c | U | 485 | 496 | 12 | 63229 | 25 | 219 | 100
705 | Revision_705/sql.c | U | 617 | 628 | 12 | 63230 | 25 | 110 | 100
705 | Revision_705/jscript.c | U | 416 | 427 | 12 | 63231 | 25 | 198 | 100
705 | Revision_705/flex.c | U | 503 | 507 | 5 | 63232 | 26 | 220 | 100
705 | Revision_705/flex.c | U | 614 | 618 | 5 | 63233 | 26 | 222 | 100
705 | Revision_705/flex.c | U | 662 | 666 | 5 | 63234 | 26 | 221 | 100
705 | Revision_705/flex.c | U | 536 | 542 | 7 | 63235 | 27 | 223 | 100
705 | Revision_705/flex.c | U | 638 | 644 | 7 | 63236 | 27 | 225 | 100
705 | Revision_705/flex.c | U | 590 | 596 | 7 | 63237 | 27 | 224 | 100
705 | Revision_705/flex.c | U | 627 | 633 | 7 | 63238 | 27 | 226 | 100
705 | Revision_705/flex.c | U | 549 | 556 | 8 | 63239 | 28 | 227 | 100
705 | Revision_705/flex.c | U | 603 | 610 | 8 | 63240 | 28 | 228 | 100
705 | Revision_705/flex.c | U | 651 | 658 | 8 | 63241 | 28 | 229 | 100
705 | Revision_705/flex.c | U | 587 | 622 | 30 | 63242 | 29 | 230 | 100
705 | Revision_705/flex.c | U | 635 | 670 | 30 | 63243 | 29 | 231 | 100
705 | Revision_705/flex.c | U | 692 | 701 | 10 | 63244 | 30 | 232 | 100
705 | Revision_705/jscript.c | U | 441 | 450 | 10 | 63245 | 30 | 198 | 100
705 | Revision_705/tex.c | U | 330 | 339 | 10 | 63246 | 30 | 277 | 100
705 | Revision_705/vhdl.c | U | 467 | 476 | 10 | 63247 | 30 | 189 | 100
705 | Revision_705/flex.c | U | 723 | 753 | 18 | 63248 | 31 | 233 | 100
705 | Revision_705/jscript.c | U | 471 | 501 | 18 | 63249 | 31 | 161 | 100
705 | Revision_705/flex.c | U | 756 | 785 | 18 | 63250 | 31 | 234 | 100
705 | Revision_705/jscript.c | U | 504 | 533 | 18 | 63251 | 31 | 166 | 100
705 | Revision_705/flex.c | U | 734 | 752 | 15 | 63252 | 32 | 235 | 100
705 | Revision_705/sql.c | U | 746 | 764 | 15 | 63253 | 32 | 177 | 100
705 | Revision_705/vhdl.c | U | 514 | 532 | 15 | 63254 | 32 | 187 | 100
705 | Revision_705/jscript.c | U | 482 | 500 | 15 | 63255 | 32 | 176 | 100
705 | Revision_705/jscript.c | U | 514 | 532 | 15 | 63256 | 32 | 178 | 100
705 | Revision_705/flex.c | U | 766 | 784 | 15 | 63257 | 32 | 236 | 100
705 | Revision_705/flex.c | U | 788 | 795 | 7 | 63258 | 33 | 237 | 100
705 | Revision_705/jscript.c | U | 536 | 543 | 7 | 63259 | 33 | 142 | 100
705 | Revision_705/flex.c | U | 798 | 805 | 7 | 63260 | 34 | 238 | 100
705 | Revision_705/jscript.c | U | 546 | 553 | 7 | 63261 | 34 | 142 | 100
705 | Revision_705/sql.c | U | 679 | 686 | 7 | 63262 | 34 | 143 | 100
705 | Revision_705/flex.c | U | 812 | 834 | 13 | 63263 | 35 | 239 | 100
705 | Revision_705/jscript.c | U | 560 | 582 | 13 | 63264 | 35 | 240 | 100
705 | Revision_705/flex.c | U | 944 | 955 | 6 | 63265 | 36 | 243 | 100
705 | Revision_705/sql.c | U | 878 | 885 | 6 | 63266 | 36 | 294 | 100
705 | Revision_705/sql.c | U | 965 | 985 | 6 | 63267 | 36 | 148 | 100
705 | Revision_705/flex.c | U | 2114 | 2120 | 6 | 63268 | 36 | 244 | 100
705 | Revision_705/flex.c | U | 1967 | 1973 | 6 | 63269 | 36 | 245 | 100
705 | Revision_705/jscript.c | U | 1084 | 1090 | 6 | 63270 | 36 | 152 | 100
705 | Revision_705/jscript.c | U | 696 | 707 | 6 | 63271 | 36 | 147 | 100
705 | Revision_705/sql.c | U | 1431 | 1437 | 6 | 63272 | 36 | 162 | 100
705 | Revision_705/flex.c | U | 960 | 1067 | 30 | 63273 | 37 | 246 | 100
705 | Revision_705/jscript.c | U | 712 | 819 | 30 | 63274 | 37 | 247 | 100
705 | Revision_705/flex.c | U | 1239 | 1300 | 33 | 63275 | 38 | 248 | 100
705 | Revision_705/jscript.c | U | 963 | 1024 | 33 | 63276 | 38 | 249 | 100
705 | Revision_705/flex.c | U | 1531 | 1636 | 45 | 63277 | 39 | 250 | 100
705 | Revision_705/jscript.c | U | 1101 | 1206 | 45 | 63278 | 39 | 251 | 100
705 | Revision_705/flex.c | U | 1668 | 1687 | 7 | 63279 | 40 | 252 | 100
705 | Revision_705/jscript.c | U | 1234 | 1253 | 7 | 63280 | 40 | 167 | 100
705 | Revision_705/flex.c | U | 1733 | 1738 | 6 | 63281 | 41 | 253 | 100
705 | Revision_705/jscript.c | U | 1299 | 1304 | 6 | 63282 | 41 | 167 | 100
705 | Revision_705/flex.c | U | 1755 | 1770 | 7 | 63283 | 42 | 254 | 100
705 | Revision_705/sql.c | U | 1615 | 1622 | 7 | 63284 | 42 | 153 | 100
705 | Revision_705/jscript.c | U | 1324 | 1339 | 7 | 63285 | 42 | 167 | 100
705 | Revision_705/flex.c | U | 1772 | 1789 | 6 | 63286 | 43 | 255 | 100
705 | Revision_705/jscript.c | U | 1341 | 1358 | 6 | 63287 | 43 | 256 | 100
705 | Revision_705/flex.c | U | 1791 | 1819 | 20 | 63288 | 44 | 257 | 100
705 | Revision_705/jscript.c | U | 1360 | 1388 | 20 | 63289 | 44 | 258 | 100
705 | Revision_705/flex.c | U | 1821 | 1861 | 20 | 63290 | 45 | 259 | 100
705 | Revision_705/jscript.c | U | 1390 | 1430 | 20 | 63291 | 45 | 260 | 100
705 | Revision_705/flex.c | U | 2203 | 2207 | 5 | 63292 | 46 | 261 | 100
705 | Revision_705/jscript.c | U | 1531 | 1535 | 5 | 63293 | 46 | 154 | 100
705 | Revision_705/sql.c | U | 2083 | 2087 | 5 | 63294 | 46 | 155 | 100
705 | Revision_705/tex.c | U | 490 | 494 | 5 | 63295 | 46 | 286 | 100
705 | Revision_705/flex.c | U | 2210 | 2226 | 14 | 63296 | 47 | 262 | 100
705 | Revision_705/jscript.c | U | 1538 | 1554 | 14 | 63297 | 47 | 263 | 100
705 | Revision_705/gnu_regex/regex.c | U | 1330 | 1339 | 5 | 63298 | 48 | 168 | 100
705 | Revision_705/gnu_regex/regex.c | U | 1816 | 1820 | 5 | 63299 | 48 | 169 | 100
705 | Revision_705/gnu_regex/regex.c | U | 1627 | 1632 | 6 | 63300 | 49 | 174 | 100
705 | Revision_705/gnu_regex/regex.c | U | 1649 | 1654 | 6 | 63301 | 49 | 175 | 100
705 | Revision_705/gnu_regex/regex.c | U | 1757 | 1762 | 6 | 63302 | 49 | 170 | 100
705 | Revision_705/gnu_regex/regex.c | U | 1792 | 1797 | 6 | 63303 | 49 | 171 | 100
705 | Revision_705/gnu_regex/regex.c | U | 1777 | 1782 | 6 | 63304 | 49 | 172 | 100
705 | Revision_705/gnu_regex/regex.c | U | 2828 | 2833 | 6 | 63305 | 50 | 173 | 100
705 | Revision_705/options.c | U | 533 | 538 | 6 | 63306 | 50 | 40 | 100
705 | Revision_705/jscript.c | U | 240 | 256 | 12 | 63307 | 51 | 127 | 100
705 | Revision_705/sql.c | U | 451 | 467 | 12 | 63308 | 51 | 128 | 100
705 | Revision_705/tex.c | U | 215 | 231 | 12 | 63309 | 51 | 287 | 100
705 | Revision_705/jscript.c | U | 405 | 435 | 26 | 63310 | 52 | 199 | 100
705 | Revision_705/sql.c | U | 606 | 636 | 26 | 63311 | 52 | 200 | 100
705 | Revision_705/jscript.c | U | 1558 | 1571 | 10 | 63312 | 53 | 288 | 100
705 | Revision_705/tex.c | U | 510 | 523 | 10 | 63313 | 53 | 289 | 100
705 | Revision_705/options.c | U | 369 | 375 | 6 | 63314 | 54 | 36 | 100
705 | Revision_705/options.c | U | 378 | 384 | 6 | 63315 | 54 | 37 | 100
705 | Revision_705/options.c | U | 543 | 549 | 7 | 63316 | 55 | 38 | 100
705 | Revision_705/options.c | U | 552 | 558 | 7 | 63317 | 55 | 39 | 100
705 | Revision_705/options.c | U | 570 | 576 | 7 | 63318 | 55 | 41 | 100
705 | Revision_705/options.c | U | 561 | 567 | 7 | 63319 | 55 | 40 | 100
705 | Revision_705/options.c | U | 1102 | 1106 | 5 | 63320 | 56 | 42 | 100
705 | Revision_705/options.c | U | 1108 | 1112 | 5 | 63321 | 56 | 42 | 100
705 | Revision_705/options.c | U | 1154 | 1166 | 12 | 63322 | 57 | 103 | 100
705 | Revision_705/options.c | U | 1171 | 1183 | 12 | 63323 | 57 | 104 | 100
705 | Revision_705/parse.c | U | 45 | 53 | 7 | 63324 | 58 | 89 | 100
705 | Revision_705/sml.c | U | 75 | 81 | 7 | 63325 | 58 | 90 | 100
705 | Revision_705/parse.c | U | 100 | 104 | 5 | 63326 | 59 | 44 | 100
705 | Revision_705/parse.c | U | 114 | 118 | 5 | 63327 | 59 | 45 | 100
705 | Revision_705/parse.c | U | 556 | 560 | 5 | 63328 | 60 | 106 | 100
705 | Revision_705/parse.c | U | 575 | 579 | 5 | 63329 | 60 | 107 | 100
705 | Revision_705/pascal.c | U | 176 | 182 | 6 | 63330 | 61 | 46 | 100
705 | Revision_705/pascal.c | U | 184 | 190 | 6 | 63331 | 61 | 47 | 100
705 | Revision_705/readtags.c | U | 106 | 113 | 8 | 63332 | 62 | 60 | 100
705 | Revision_705/routines.c | U | 288 | 295 | 8 | 63333 | 62 | 66 | 100
705 | Revision_705/readtags.c | U | 116 | 123 | 8 | 63334 | 63 | 62 | 100
705 | Revision_705/routines.c | U | 298 | 305 | 8 | 63335 | 63 | 67 | 100
705 | Revision_705/readtags.c | U | 541 | 547 | 6 | 63336 | 64 | 63 | 100
705 | Revision_705/readtags.c | U | 549 | 555 | 6 | 63337 | 64 | 64 | 100
705 | Revision_705/readtags.c | U | 740 | 745 | 6 | 63338 | 65 | 51 | 100
705 | Revision_705/readtags.c | U | 765 | 770 | 6 | 63339 | 65 | 58 | 100
705 | Revision_705/routines.c | U | 329 | 335 | 6 | 63340 | 66 | 68 | 100
705 | Revision_705/routines.c | U | 338 | 344 | 6 | 63341 | 66 | 69 | 100
705 | Revision_705/routines.c | U | 349 | 356 | 8 | 63342 | 67 | 70 | 100
705 | Revision_705/routines.c | U | 361 | 368 | 8 | 63343 | 67 | 71 | 100
705 | Revision_705/scheme.c | U | 99 | 109 | 9 | 63344 | 68 | 52 | 100
705 | Revision_705/sh.c | U | 103 | 113 | 9 | 63345 | 68 | 53 | 100
705 | Revision_705/sort.c | U | 118 | 123 | 5 | 63346 | 69 | 72 | 100
705 | Revision_705/sort.c | U | 126 | 131 | 5 | 63347 | 69 | 73 | 100
705 | Revision_705/sql.c | U | 430 | 444 | 12 | 63348 | 70 | 132 | 100
705 | Revision_705/tex.c | U | 194 | 208 | 12 | 63349 | 70 | 272 | 100
705 | Revision_705/vhdl.c | U | 536 | 548 | 12 | 63350 | 70 | 180 | 100
705 | Revision_705/sql.c | U | 447 | 468 | 15 | 63351 | 71 | 136 | 100
705 | Revision_705/tex.c | U | 211 | 232 | 15 | 63352 | 71 | 287 | 100
705 | Revision_705/sql.c | U | 569 | 573 | 5 | 63353 | 72 | 188 | 100
705 | Revision_705/vhdl.c | U | 457 | 461 | 5 | 63354 | 72 | 189 | 100
705 | Revision_705/sql.c | U | 1720 | 1726 | 5 | 63355 | 73 | 156 | 100
705 | Revision_705/sql.c | U | 1749 | 1755 | 5 | 63356 | 73 | 157 | 100
705 | Revision_705/sql.c | U | 2090 | 2098 | 7 | 63357 | 74 | 190 | 100
705 | Revision_705/vhdl.c | U | 813 | 821 | 7 | 63358 | 74 | 191 | 100
705 | Revision_705/sql.c | U | 2101 | 2110 | 10 | 63359 | 75 | 111 | 100
705 | Revision_705/verilog.c | U | 329 | 338 | 10 | 63360 | 75 | 112 | 100
705 | Revision_705/tex.c | U | 169 | 180 | 10 | 63361 | 76 | 291 | 100
705 | Revision_705/vhdl.c | U | 342 | 351 | 10 | 63362 | 76 | 181 | 100
705 | Revision_705/tex.c | U | 408 | 412 | 5 | 63363 | 77 | 292 | 100
705 | Revision_705/tex.c | U | 431 | 435 | 5 | 63364 | 77 | 293 | 100
705 | Revision_705/verilog.c | U | 108 | 118 | 9 | 63365 | 78 | 192 | 100
705 | Revision_705/vhdl.c | U | 573 | 583 | 9 | 63366 | 78 | 193 | 100
705 | Revision_705/vhdl.c | U | 611 | 615 | 5 | 63367 | 79 | 194 | 100
705 | Revision_705/vhdl.c | U | 620 | 624 | 5 | 63368 | 79 | 194 | 100
705 | Revision_705/vhdl.c | U | 724 | 741 | 15 | 63369 | 80 | 201 | 100
705 | Revision_705/vhdl.c | U | 743 | 760 | 15 | 63370 | 80 | 196 | 100
705 | Revision_705/vim.c | U | 97 | 101 | 5 | 63371 | 81 | 76 | 100
705 | Revision_705/vim.c | U | 103 | 107 | 5 | 63372 | 81 | 77 | 100
