Revision | filePath | changeType | StartLine | EndLine | Nlines | cloneId | classId | globalCloneId | Similarity
716 | Revision_716/matlab.c | U | 35 | 42 | 8 | 86993 | 1 | 319 | 100
716 | Revision_716/ant.c | U | 33 | 40 | 8 | 86994 | 1 | 320 | 100
716 | Revision_716/yacc.c | U | 31 | 38 | 8 | 86995 | 1 | 33 | 100
716 | Revision_716/slang.c | U | 34 | 41 | 8 | 86996 | 1 | 32 | 100
716 | Revision_716/asp.c | U | 72 | 91 | 15 | 86997 | 2 | 1 | 100
716 | Revision_716/asp.c | U | 95 | 114 | 15 | 86998 | 2 | 2 | 100
716 | Revision_716/asp.c | U | 118 | 163 | 40 | 86999 | 3 | 357 | 100
716 | Revision_716/asp.c | U | 165 | 210 | 40 | 87000 | 3 | 358 | 100
716 | Revision_716/asp.c | U | 125 | 137 | 12 | 87001 | 4 | 359 | 100
716 | Revision_716/asp.c | U | 139 | 151 | 12 | 87002 | 4 | 6 | 100
716 | Revision_716/asp.c | U | 172 | 184 | 12 | 87003 | 5 | 360 | 100
716 | Revision_716/asp.c | U | 186 | 198 | 12 | 87004 | 5 | 361 | 100
716 | Revision_716/asp.c | U | 214 | 230 | 14 | 87005 | 6 | 3 | 100
716 | Revision_716/asp.c | U | 253 | 268 | 14 | 87006 | 6 | 116 | 100
716 | Revision_716/asp.c | U | 291 | 306 | 14 | 87007 | 6 | 162 | 100
716 | Revision_716/asp.c | U | 272 | 287 | 14 | 87008 | 6 | 362 | 100
716 | Revision_716/asp.c | U | 234 | 249 | 14 | 87009 | 6 | 6 | 100
716 | Revision_716/asp.c | U | 317 | 325 | 9 | 87010 | 7 | 8 | 100
716 | Revision_716/ruby.c | U | 398 | 406 | 9 | 87011 | 7 | 164 | 100
716 | Revision_716/sml.c | U | 202 | 210 | 9 | 87012 | 7 | 118 | 100
716 | Revision_716/args.c | U | 85 | 92 | 8 | 87013 | 8 | 11 | 100
716 | Revision_716/args.c | U | 160 | 167 | 8 | 87014 | 8 | 12 | 100
716 | Revision_716/c.c | U | 667 | 678 | 13 | 87015 | 9 | 117 | 100
716 | Revision_716/c.c | U | 686 | 697 | 13 | 87016 | 9 | 232 | 100
716 | Revision_716/c.c | U | 1171 | 1184 | 13 | 87017 | 9 | 123 | 100
716 | Revision_716/c.c | U | 824 | 844 | 45 | 87018 | 10 | 157 | 100
716 | Revision_716/c.c | U | 865 | 885 | 45 | 87019 | 10 | 158 | 100
716 | Revision_716/c.c | U | 1411 | 1418 | 7 | 87020 | 11 | 15 | 100
716 | Revision_716/c.c | U | 1421 | 1428 | 7 | 87021 | 11 | 16 | 100
716 | Revision_716/c.c | U | 1781 | 1785 | 5 | 87022 | 12 | 126 | 100
716 | Revision_716/c.c | U | 1790 | 1794 | 5 | 87023 | 12 | 127 | 100
716 | Revision_716/c.c | U | 2251 | 2256 | 6 | 87024 | 13 | 142 | 100
716 | Revision_716/options.c | U | 533 | 538 | 6 | 87025 | 13 | 72 | 100
716 | Revision_716/c.c | U | 2504 | 2508 | 5 | 87026 | 14 | 159 | 100
716 | Revision_716/c.c | U | 2511 | 2515 | 5 | 87027 | 14 | 160 | 100
716 | Revision_716/c.c | U | 2867 | 2876 | 10 | 87028 | 15 | 17 | 100
716 | Revision_716/eiffel.c | U | 1253 | 1262 | 10 | 87029 | 15 | 19 | 100
716 | Revision_716/verilog.c | U | 329 | 338 | 10 | 87030 | 15 | 156 | 100
716 | Revision_716/c.c | U | 2897 | 2906 | 10 | 87031 | 15 | 128 | 100
716 | Revision_716/sql.c | U | 2101 | 2110 | 10 | 87032 | 15 | 102 | 100
716 | Revision_716/c.c | U | 2909 | 2918 | 10 | 87033 | 15 | 18 | 100
716 | Revision_716/eiffel.c | U | 218 | 227 | 8 | 87034 | 16 | 20 | 100
716 | Revision_716/fortran.c | U | 398 | 407 | 8 | 87035 | 16 | 21 | 100
716 | Revision_716/tex.c | U | 157 | 166 | 8 | 87036 | 16 | 321 | 100
716 | Revision_716/flex.c | U | 209 | 218 | 8 | 87037 | 16 | 258 | 100
716 | Revision_716/sql.c | U | 392 | 401 | 8 | 87038 | 16 | 103 | 100
716 | Revision_716/jscript.c | U | 180 | 189 | 8 | 87039 | 16 | 168 | 100
716 | Revision_716/eiffel.c | U | 370 | 379 | 8 | 87040 | 17 | 104 | 100
716 | Revision_716/read.c | U | 453 | 460 | 8 | 87041 | 17 | 350 | 100
716 | Revision_716/eiffel.c | U | 417 | 423 | 7 | 87042 | 18 | 87 | 100
716 | Revision_716/fortran.c | U | 805 | 811 | 7 | 87043 | 18 | 210 | 100
716 | Revision_716/eiffel.c | U | 425 | 430 | 6 | 87044 | 19 | 87 | 100
716 | Revision_716/fortran.c | U | 813 | 818 | 6 | 87045 | 19 | 27 | 100
716 | Revision_716/eiffel.c | U | 687 | 691 | 5 | 87046 | 20 | 106 | 100
716 | Revision_716/vhdl.c | U | 457 | 461 | 5 | 87047 | 20 | 236 | 100
716 | Revision_716/sql.c | U | 569 | 573 | 5 | 87048 | 20 | 107 | 100
716 | Revision_716/eiffel.c | U | 761 | 766 | 6 | 87049 | 21 | 212 | 100
716 | Revision_716/fortran.c | U | 1027 | 1032 | 6 | 87050 | 21 | 213 | 100
716 | Revision_716/eiffel.c | U | 1068 | 1072 | 5 | 87051 | 22 | 85 | 100
716 | Revision_716/fortran.c | U | 1326 | 1330 | 5 | 87052 | 22 | 86 | 100
716 | Revision_716/dosbatch.c | U | 33 | 40 | 8 | 87053 | 23 | 322 | 100
716 | Revision_716/html.c | U | 40 | 47 | 8 | 87054 | 23 | 323 | 100
716 | Revision_716/verilog.c | U | 108 | 118 | 9 | 87055 | 24 | 237 | 100
716 | Revision_716/vhdl.c | U | 573 | 583 | 9 | 87056 | 24 | 238 | 100
716 | Revision_716/verilog.c | U | 142 | 146 | 5 | 87057 | 25 | 224 | 100
716 | Revision_716/fortran.c | U | 969 | 973 | 5 | 87058 | 25 | 225 | 100
716 | Revision_716/jscript.c | U | 208 | 212 | 5 | 87059 | 26 | 173 | 100
716 | Revision_716/flex.c | U | 238 | 242 | 5 | 87060 | 26 | 259 | 100
716 | Revision_716/vhdl.c | U | 356 | 360 | 5 | 87061 | 26 | 234 | 100
716 | Revision_716/tex.c | U | 183 | 187 | 5 | 87062 | 26 | 324 | 100
716 | Revision_716/sql.c | U | 419 | 423 | 5 | 87063 | 26 | 174 | 100
716 | Revision_716/jscript.c | U | 219 | 233 | 12 | 87064 | 27 | 214 | 100
716 | Revision_716/flex.c | U | 249 | 263 | 12 | 87065 | 27 | 260 | 100
716 | Revision_716/jscript.c | U | 221 | 232 | 10 | 87066 | 28 | 214 | 100
716 | Revision_716/vhdl.c | U | 538 | 547 | 10 | 87067 | 28 | 239 | 100
716 | Revision_716/tex.c | U | 196 | 207 | 10 | 87068 | 28 | 325 | 100
716 | Revision_716/sql.c | U | 432 | 443 | 10 | 87069 | 28 | 109 | 100
716 | Revision_716/flex.c | U | 251 | 262 | 10 | 87070 | 28 | 260 | 100
716 | Revision_716/jscript.c | U | 240 | 256 | 12 | 87071 | 29 | 173 | 100
716 | Revision_716/tex.c | U | 215 | 231 | 12 | 87072 | 29 | 326 | 100
716 | Revision_716/sql.c | U | 451 | 467 | 12 | 87073 | 29 | 176 | 100
716 | Revision_716/jscript.c | U | 246 | 254 | 9 | 87074 | 30 | 173 | 100
716 | Revision_716/flex.c | U | 288 | 296 | 9 | 87075 | 30 | 261 | 100
716 | Revision_716/tex.c | U | 221 | 229 | 9 | 87076 | 30 | 327 | 100
716 | Revision_716/sql.c | U | 457 | 465 | 9 | 87077 | 30 | 113 | 100
716 | Revision_716/jscript.c | U | 260 | 284 | 20 | 87078 | 31 | 256 | 100
716 | Revision_716/flex.c | U | 352 | 376 | 20 | 87079 | 31 | 262 | 100
716 | Revision_716/jscript.c | U | 287 | 311 | 20 | 87080 | 31 | 179 | 100
716 | Revision_716/flex.c | U | 302 | 326 | 20 | 87081 | 31 | 263 | 100
716 | Revision_716/jscript.c | U | 267 | 271 | 5 | 87082 | 32 | 168 | 100
716 | Revision_716/jscript.c | U | 1411 | 1415 | 5 | 87083 | 32 | 257 | 100
716 | Revision_716/flex.c | U | 1842 | 1846 | 5 | 87084 | 32 | 264 | 100
716 | Revision_716/flex.c | U | 336 | 340 | 5 | 87085 | 32 | 265 | 100
716 | Revision_716/flex.c | U | 309 | 313 | 5 | 87086 | 32 | 266 | 100
716 | Revision_716/jscript.c | U | 294 | 298 | 5 | 87087 | 32 | 169 | 100
716 | Revision_716/flex.c | U | 359 | 363 | 5 | 87088 | 32 | 267 | 100
716 | Revision_716/jscript.c | U | 318 | 336 | 17 | 87089 | 33 | 179 | 100
716 | Revision_716/flex.c | U | 383 | 401 | 17 | 87090 | 33 | 268 | 100
716 | Revision_716/tex.c | U | 239 | 257 | 17 | 87091 | 33 | 328 | 100
716 | Revision_716/vhdl.c | U | 368 | 386 | 17 | 87092 | 33 | 240 | 100
716 | Revision_716/jscript.c | U | 342 | 353 | 12 | 87093 | 34 | 181 | 100
716 | Revision_716/vhdl.c | U | 391 | 402 | 12 | 87094 | 34 | 241 | 100
716 | Revision_716/tex.c | U | 264 | 276 | 12 | 87095 | 34 | 329 | 100
716 | Revision_716/sql.c | U | 500 | 511 | 12 | 87096 | 34 | 182 | 100
716 | Revision_716/flex.c | U | 407 | 418 | 12 | 87097 | 34 | 269 | 100
716 | Revision_716/jscript.c | U | 365 | 369 | 5 | 87098 | 35 | 183 | 100
716 | Revision_716/flex.c | U | 430 | 434 | 5 | 87099 | 35 | 270 | 100
716 | Revision_716/sql.c | U | 523 | 536 | 5 | 87100 | 35 | 182 | 100
716 | Revision_716/tex.c | U | 288 | 292 | 5 | 87101 | 35 | 330 | 100
716 | Revision_716/vhdl.c | U | 414 | 418 | 5 | 87102 | 35 | 242 | 100
716 | Revision_716/jscript.c | U | 405 | 435 | 26 | 87103 | 36 | 253 | 100
716 | Revision_716/sql.c | U | 606 | 636 | 26 | 87104 | 36 | 254 | 100
716 | Revision_716/jscript.c | U | 416 | 427 | 12 | 87105 | 37 | 252 | 100
716 | Revision_716/flex.c | U | 485 | 496 | 12 | 87106 | 37 | 271 | 100
716 | Revision_716/sql.c | U | 617 | 628 | 12 | 87107 | 37 | 102 | 100
716 | Revision_716/jscript.c | U | 441 | 450 | 10 | 87108 | 38 | 252 | 100
716 | Revision_716/vhdl.c | U | 467 | 476 | 10 | 87109 | 38 | 236 | 100
716 | Revision_716/flex.c | U | 692 | 701 | 10 | 87110 | 38 | 272 | 100
716 | Revision_716/tex.c | U | 330 | 339 | 10 | 87111 | 38 | 331 | 100
716 | Revision_716/jscript.c | U | 471 | 501 | 18 | 87112 | 39 | 206 | 100
716 | Revision_716/jscript.c | U | 504 | 533 | 18 | 87113 | 39 | 215 | 100
716 | Revision_716/flex.c | U | 723 | 753 | 18 | 87114 | 39 | 273 | 100
716 | Revision_716/flex.c | U | 756 | 785 | 18 | 87115 | 39 | 274 | 100
716 | Revision_716/jscript.c | U | 482 | 500 | 15 | 87116 | 40 | 228 | 100
716 | Revision_716/sql.c | U | 746 | 764 | 15 | 87117 | 40 | 229 | 100
716 | Revision_716/vhdl.c | U | 514 | 532 | 15 | 87118 | 40 | 245 | 100
716 | Revision_716/flex.c | U | 766 | 784 | 15 | 87119 | 40 | 275 | 100
716 | Revision_716/flex.c | U | 734 | 752 | 15 | 87120 | 40 | 276 | 100
716 | Revision_716/jscript.c | U | 514 | 532 | 15 | 87121 | 40 | 230 | 100
716 | Revision_716/jscript.c | U | 536 | 543 | 7 | 87122 | 41 | 187 | 100
716 | Revision_716/flex.c | U | 788 | 795 | 7 | 87123 | 41 | 277 | 100
716 | Revision_716/jscript.c | U | 546 | 553 | 7 | 87124 | 42 | 187 | 100
716 | Revision_716/flex.c | U | 798 | 805 | 7 | 87125 | 42 | 278 | 100
716 | Revision_716/sql.c | U | 679 | 686 | 7 | 87126 | 42 | 188 | 100
716 | Revision_716/jscript.c | U | 560 | 582 | 13 | 87127 | 43 | 279 | 100
716 | Revision_716/flex.c | U | 812 | 834 | 13 | 87128 | 43 | 280 | 100
716 | Revision_716/jscript.c | U | 696 | 707 | 6 | 87129 | 44 | 192 | 100
716 | Revision_716/flex.c | U | 944 | 955 | 6 | 87130 | 44 | 284 | 100
716 | Revision_716/jscript.c | U | 1084 | 1090 | 6 | 87131 | 44 | 197 | 100
716 | Revision_716/sql.c | U | 1431 | 1437 | 6 | 87132 | 44 | 207 | 100
716 | Revision_716/flex.c | U | 1967 | 1973 | 6 | 87133 | 44 | 285 | 100
716 | Revision_716/sql.c | U | 965 | 985 | 6 | 87134 | 44 | 193 | 100
716 | Revision_716/flex.c | U | 2114 | 2120 | 6 | 87135 | 44 | 283 | 100
716 | Revision_716/sql.c | U | 878 | 885 | 6 | 87136 | 44 | 349 | 100
716 | Revision_716/jscript.c | U | 712 | 819 | 30 | 87137 | 45 | 286 | 100
716 | Revision_716/flex.c | U | 960 | 1067 | 30 | 87138 | 45 | 287 | 100
716 | Revision_716/jscript.c | U | 963 | 1024 | 33 | 87139 | 46 | 288 | 100
716 | Revision_716/flex.c | U | 1239 | 1300 | 33 | 87140 | 46 | 289 | 100
716 | Revision_716/jscript.c | U | 1101 | 1206 | 45 | 87141 | 47 | 290 | 100
716 | Revision_716/flex.c | U | 1531 | 1636 | 45 | 87142 | 47 | 291 | 100
716 | Revision_716/jscript.c | U | 1234 | 1253 | 7 | 87143 | 48 | 216 | 100
716 | Revision_716/flex.c | U | 1668 | 1687 | 7 | 87144 | 48 | 292 | 100
716 | Revision_716/jscript.c | U | 1299 | 1304 | 6 | 87145 | 49 | 216 | 100
716 | Revision_716/flex.c | U | 1733 | 1738 | 6 | 87146 | 49 | 293 | 100
716 | Revision_716/jscript.c | U | 1324 | 1339 | 7 | 87147 | 50 | 216 | 100
716 | Revision_716/flex.c | U | 1755 | 1770 | 7 | 87148 | 50 | 294 | 100
716 | Revision_716/sql.c | U | 1615 | 1622 | 7 | 87149 | 50 | 198 | 100
716 | Revision_716/jscript.c | U | 1341 | 1358 | 6 | 87150 | 51 | 295 | 100
716 | Revision_716/flex.c | U | 1772 | 1789 | 6 | 87151 | 51 | 296 | 100
716 | Revision_716/jscript.c | U | 1360 | 1388 | 20 | 87152 | 52 | 297 | 100
716 | Revision_716/flex.c | U | 1791 | 1819 | 20 | 87153 | 52 | 298 | 100
716 | Revision_716/jscript.c | U | 1390 | 1430 | 20 | 87154 | 53 | 299 | 100
716 | Revision_716/flex.c | U | 1821 | 1861 | 20 | 87155 | 53 | 300 | 100
716 | Revision_716/jscript.c | U | 1423 | 1427 | 5 | 87156 | 54 | 217 | 100
716 | Revision_716/fortran.c | U | 1899 | 1903 | 5 | 87157 | 54 | 99 | 100
716 | Revision_716/flex.c | U | 1854 | 1858 | 5 | 87158 | 54 | 301 | 100
716 | Revision_716/jscript.c | U | 1531 | 1535 | 5 | 87159 | 55 | 199 | 100
716 | Revision_716/sql.c | U | 2083 | 2087 | 5 | 87160 | 55 | 200 | 100
716 | Revision_716/flex.c | U | 2203 | 2207 | 5 | 87161 | 55 | 302 | 100
716 | Revision_716/tex.c | U | 490 | 494 | 5 | 87162 | 55 | 338 | 100
716 | Revision_716/jscript.c | U | 1538 | 1554 | 14 | 87163 | 56 | 303 | 100
716 | Revision_716/flex.c | U | 2210 | 2226 | 14 | 87164 | 56 | 304 | 100
716 | Revision_716/jscript.c | U | 1558 | 1571 | 10 | 87165 | 57 | 339 | 100
716 | Revision_716/tex.c | U | 510 | 523 | 10 | 87166 | 57 | 340 | 100
716 | Revision_716/gnu_regex/regcomp.c | U | 1277 | 1281 | 5 | 87167 | 58 | 351 | 100
716 | Revision_716/gnu_regex/regcomp.c | U | 1283 | 1287 | 5 | 87168 | 58 | 352 | 100
716 | Revision_716/gnu_regex/regcomp.c | U | 2292 | 2296 | 5 | 87169 | 59 | 353 | 100
716 | Revision_716/gnu_regex/regcomp.c | U | 2298 | 2302 | 5 | 87170 | 59 | 354 | 100
716 | Revision_716/gnu_regex/regex_internal.c | U | 1103 | 1108 | 5 | 87171 | 60 | 355 | 100
716 | Revision_716/gnu_regex/regex_internal.c | U | 1236 | 1241 | 5 | 87172 | 60 | 356 | 100
716 | Revision_716/vim.c | U | 97 | 101 | 5 | 87173 | 61 | 100 | 100
716 | Revision_716/vim.c | U | 103 | 107 | 5 | 87174 | 61 | 101 | 100
716 | Revision_716/vim.c | U | 626 | 634 | 9 | 87175 | 62 | 34 | 100
716 | Revision_716/lua.c | U | 123 | 131 | 9 | 87176 | 62 | 84 | 100
716 | Revision_716/beta.c | U | 311 | 319 | 9 | 87177 | 62 | 36 | 100
716 | Revision_716/python.c | U | 204 | 208 | 5 | 87178 | 63 | 119 | 100
716 | Revision_716/sml.c | U | 84 | 88 | 5 | 87179 | 63 | 120 | 100
716 | Revision_716/erlang.c | U | 58 | 62 | 5 | 87180 | 63 | 131 | 100
716 | Revision_716/python.c | U | 212 | 221 | 9 | 87181 | 64 | 132 | 100
716 | Revision_716/erlang.c | U | 66 | 75 | 9 | 87182 | 64 | 133 | 100
716 | Revision_716/perl.c | U | 372 | 380 | 9 | 87183 | 65 | 39 | 100
716 | Revision_716/erlang.c | U | 179 | 187 | 9 | 87184 | 65 | 135 | 100
716 | Revision_716/tcl.c | U | 106 | 114 | 9 | 87185 | 65 | 134 | 100
716 | Revision_716/sort.c | U | 118 | 123 | 5 | 87186 | 66 | 96 | 100
716 | Revision_716/sort.c | U | 126 | 131 | 5 | 87187 | 66 | 97 | 100
716 | Revision_716/pascal.c | U | 176 | 182 | 6 | 87188 | 67 | 46 | 100
716 | Revision_716/pascal.c | U | 184 | 190 | 6 | 87189 | 67 | 47 | 100
716 | Revision_716/routines.c | U | 288 | 295 | 8 | 87190 | 68 | 90 | 100
716 | Revision_716/readtags.c | U | 106 | 113 | 8 | 87191 | 68 | 79 | 100
716 | Revision_716/routines.c | U | 298 | 305 | 8 | 87192 | 69 | 91 | 100
716 | Revision_716/readtags.c | U | 116 | 123 | 8 | 87193 | 69 | 81 | 100
716 | Revision_716/routines.c | U | 329 | 335 | 6 | 87194 | 70 | 92 | 100
716 | Revision_716/routines.c | U | 338 | 344 | 6 | 87195 | 70 | 93 | 100
716 | Revision_716/routines.c | U | 349 | 356 | 8 | 87196 | 71 | 94 | 100
716 | Revision_716/routines.c | U | 361 | 368 | 8 | 87197 | 71 | 95 | 100
716 | Revision_716/flex.c | U | 476 | 481 | 6 | 87198 | 72 | 305 | 100
716 | Revision_716/flex.c | U | 523 | 529 | 6 | 87199 | 72 | 306 | 100
716 | Revision_716/flex.c | U | 503 | 507 | 5 | 87200 | 73 | 307 | 100
716 | Revision_716/flex.c | U | 614 | 618 | 5 | 87201 | 73 | 309 | 100
716 | Revision_716/flex.c | U | 662 | 666 | 5 | 87202 | 73 | 308 | 100
716 | Revision_716/flex.c | U | 536 | 542 | 7 | 87203 | 74 | 310 | 100
716 | Revision_716/flex.c | U | 590 | 596 | 7 | 87204 | 74 | 311 | 100
716 | Revision_716/flex.c | U | 638 | 644 | 7 | 87205 | 74 | 313 | 100
716 | Revision_716/flex.c | U | 627 | 633 | 7 | 87206 | 74 | 312 | 100
716 | Revision_716/flex.c | U | 549 | 556 | 8 | 87207 | 75 | 314 | 100
716 | Revision_716/flex.c | U | 603 | 610 | 8 | 87208 | 75 | 316 | 100
716 | Revision_716/flex.c | U | 651 | 658 | 8 | 87209 | 75 | 315 | 100
716 | Revision_716/flex.c | U | 587 | 622 | 30 | 87210 | 76 | 317 | 100
716 | Revision_716/flex.c | U | 635 | 670 | 30 | 87211 | 76 | 318 | 100
716 | Revision_716/sh.c | U | 103 | 113 | 9 | 87212 | 77 | 54 | 100
716 | Revision_716/scheme.c | U | 99 | 109 | 9 | 87213 | 77 | 55 | 100
716 | Revision_716/vhdl.c | U | 342 | 351 | 10 | 87214 | 78 | 234 | 100
716 | Revision_716/tex.c | U | 169 | 180 | 10 | 87215 | 78 | 346 | 100
716 | Revision_716/vhdl.c | U | 536 | 548 | 12 | 87216 | 79 | 239 | 100
716 | Revision_716/tex.c | U | 194 | 208 | 12 | 87217 | 79 | 325 | 100
716 | Revision_716/sql.c | U | 430 | 444 | 12 | 87218 | 79 | 105 | 100
716 | Revision_716/vhdl.c | U | 611 | 615 | 5 | 87219 | 80 | 246 | 100
716 | Revision_716/vhdl.c | U | 620 | 624 | 5 | 87220 | 80 | 246 | 100
716 | Revision_716/vhdl.c | U | 724 | 741 | 15 | 87221 | 81 | 255 | 100
716 | Revision_716/vhdl.c | U | 743 | 760 | 15 | 87222 | 81 | 250 | 100
716 | Revision_716/vhdl.c | U | 813 | 821 | 7 | 87223 | 82 | 248 | 100
716 | Revision_716/sql.c | U | 2090 | 2098 | 7 | 87224 | 82 | 249 | 100
716 | Revision_716/beta.c | U | 152 | 156 | 5 | 87225 | 83 | 56 | 100
716 | Revision_716/beta.c | U | 158 | 162 | 5 | 87226 | 83 | 58 | 100
716 | Revision_716/beta.c | U | 277 | 281 | 5 | 87227 | 83 | 57 | 100
716 | Revision_716/beta.c | U | 165 | 169 | 5 | 87228 | 84 | 59 | 100
716 | Revision_716/beta.c | U | 271 | 275 | 5 | 87229 | 84 | 60 | 100
716 | Revision_716/erlang.c | U | 108 | 113 | 6 | 87230 | 85 | 138 | 100
716 | Revision_716/erlang.c | U | 116 | 121 | 6 | 87231 | 85 | 139 | 100
716 | Revision_716/sql.c | U | 447 | 468 | 15 | 87232 | 86 | 182 | 100
716 | Revision_716/tex.c | U | 211 | 232 | 15 | 87233 | 86 | 326 | 100
716 | Revision_716/sql.c | U | 1720 | 1726 | 5 | 87234 | 87 | 201 | 100
716 | Revision_716/sql.c | U | 1749 | 1755 | 5 | 87235 | 87 | 202 | 100
716 | Revision_716/sql.c | U | 2072 | 2079 | 7 | 87236 | 88 | 231 | 100
716 | Revision_716/fortran.c | U | 1308 | 1314 | 7 | 87237 | 88 | 86 | 100
716 | Revision_716/parse.c | U | 45 | 53 | 7 | 87238 | 89 | 121 | 100
716 | Revision_716/sml.c | U | 75 | 81 | 7 | 87239 | 89 | 122 | 100
716 | Revision_716/parse.c | U | 100 | 104 | 5 | 87240 | 90 | 61 | 100
716 | Revision_716/parse.c | U | 114 | 118 | 5 | 87241 | 90 | 62 | 100
716 | Revision_716/parse.c | U | 556 | 560 | 5 | 87242 | 91 | 144 | 100
716 | Revision_716/parse.c | U | 575 | 579 | 5 | 87243 | 91 | 145 | 100
716 | Revision_716/readtags.c | U | 541 | 547 | 6 | 87244 | 92 | 82 | 100
716 | Revision_716/readtags.c | U | 549 | 555 | 6 | 87245 | 92 | 83 | 100
716 | Revision_716/readtags.c | U | 740 | 745 | 6 | 87246 | 93 | 64 | 100
716 | Revision_716/readtags.c | U | 765 | 770 | 6 | 87247 | 93 | 77 | 100
716 | Revision_716/tex.c | U | 408 | 412 | 5 | 87248 | 94 | 347 | 100
716 | Revision_716/tex.c | U | 431 | 435 | 5 | 87249 | 94 | 348 | 100
716 | Revision_716/options.c | U | 369 | 375 | 6 | 87250 | 95 | 69 | 100
716 | Revision_716/options.c | U | 378 | 384 | 6 | 87251 | 95 | 70 | 100
716 | Revision_716/options.c | U | 543 | 549 | 7 | 87252 | 96 | 71 | 100
716 | Revision_716/options.c | U | 570 | 576 | 7 | 87253 | 96 | 73 | 100
716 | Revision_716/options.c | U | 552 | 558 | 7 | 87254 | 96 | 72 | 100
716 | Revision_716/options.c | U | 561 | 567 | 7 | 87255 | 96 | 74 | 100
716 | Revision_716/options.c | U | 1102 | 1106 | 5 | 87256 | 97 | 75 | 100
716 | Revision_716/options.c | U | 1108 | 1112 | 5 | 87257 | 97 | 76 | 100
716 | Revision_716/options.c | U | 1154 | 1166 | 12 | 87258 | 98 | 146 | 100
716 | Revision_716/options.c | U | 1171 | 1183 | 12 | 87259 | 98 | 147 | 100
