Revision | filePath | changeType | StartLine | EndLine | Nlines | cloneId | classId | globalCloneId | Similarity
722 | Revision_722/lisp.c | U | 127 | 137 | 9 | 88610 | 1 | 363 | 100
722 | Revision_722/scheme.c | U | 99 | 109 | 9 | 88611 | 1 | 55 | 100
722 | Revision_722/sh.c | U | 103 | 113 | 9 | 88612 | 1 | 54 | 100
722 | Revision_722/matlab.c | U | 35 | 42 | 8 | 88613 | 2 | 319 | 100
722 | Revision_722/ant.c | U | 33 | 40 | 8 | 88614 | 2 | 320 | 100
722 | Revision_722/yacc.c | U | 31 | 38 | 8 | 88615 | 2 | 33 | 100
722 | Revision_722/slang.c | U | 34 | 41 | 8 | 88616 | 2 | 32 | 100
722 | Revision_722/asp.c | U | 72 | 91 | 15 | 88617 | 3 | 1 | 100
722 | Revision_722/asp.c | U | 95 | 114 | 15 | 88618 | 3 | 2 | 100
722 | Revision_722/asp.c | U | 118 | 163 | 40 | 88619 | 4 | 357 | 100
722 | Revision_722/asp.c | U | 165 | 210 | 40 | 88620 | 4 | 358 | 100
722 | Revision_722/asp.c | U | 125 | 137 | 12 | 88621 | 5 | 359 | 100
722 | Revision_722/asp.c | U | 139 | 151 | 12 | 88622 | 5 | 6 | 100
722 | Revision_722/asp.c | U | 172 | 184 | 12 | 88623 | 6 | 360 | 100
722 | Revision_722/asp.c | U | 186 | 198 | 12 | 88624 | 6 | 361 | 100
722 | Revision_722/asp.c | U | 214 | 230 | 14 | 88625 | 7 | 3 | 100
722 | Revision_722/asp.c | U | 291 | 306 | 14 | 88626 | 7 | 162 | 100
722 | Revision_722/asp.c | U | 253 | 268 | 14 | 88627 | 7 | 116 | 100
722 | Revision_722/asp.c | U | 272 | 287 | 14 | 88628 | 7 | 362 | 100
722 | Revision_722/asp.c | U | 234 | 249 | 14 | 88629 | 7 | 6 | 100
722 | Revision_722/asp.c | U | 317 | 325 | 9 | 88630 | 8 | 8 | 100
722 | Revision_722/sml.c | U | 202 | 210 | 9 | 88631 | 8 | 118 | 100
722 | Revision_722/ruby.c | U | 398 | 406 | 9 | 88632 | 8 | 164 | 100
722 | Revision_722/args.c | U | 85 | 92 | 8 | 88633 | 9 | 11 | 100
722 | Revision_722/args.c | U | 160 | 167 | 8 | 88634 | 9 | 12 | 100
722 | Revision_722/c.c | U | 667 | 678 | 13 | 88635 | 10 | 117 | 100
722 | Revision_722/c.c | U | 1171 | 1184 | 13 | 88636 | 10 | 123 | 100
722 | Revision_722/c.c | U | 686 | 697 | 13 | 88637 | 10 | 232 | 100
722 | Revision_722/c.c | U | 824 | 844 | 45 | 88638 | 11 | 157 | 100
722 | Revision_722/c.c | U | 865 | 885 | 45 | 88639 | 11 | 158 | 100
722 | Revision_722/c.c | U | 1411 | 1418 | 7 | 88640 | 12 | 15 | 100
722 | Revision_722/c.c | U | 1421 | 1428 | 7 | 88641 | 12 | 16 | 100
722 | Revision_722/c.c | U | 1781 | 1785 | 5 | 88642 | 13 | 126 | 100
722 | Revision_722/c.c | U | 1790 | 1794 | 5 | 88643 | 13 | 127 | 100
722 | Revision_722/c.c | U | 2251 | 2256 | 6 | 88644 | 14 | 142 | 100
722 | Revision_722/options.c | U | 533 | 538 | 6 | 88645 | 14 | 72 | 100
722 | Revision_722/c.c | U | 2504 | 2508 | 5 | 88646 | 15 | 159 | 100
722 | Revision_722/c.c | U | 2511 | 2515 | 5 | 88647 | 15 | 160 | 100
722 | Revision_722/c.c | U | 2867 | 2876 | 10 | 88648 | 16 | 17 | 100
722 | Revision_722/c.c | U | 2897 | 2906 | 10 | 88649 | 16 | 128 | 100
722 | Revision_722/c.c | U | 2909 | 2918 | 10 | 88650 | 16 | 18 | 100
722 | Revision_722/eiffel.c | U | 1253 | 1262 | 10 | 88651 | 16 | 19 | 100
722 | Revision_722/verilog.c | U | 329 | 338 | 10 | 88652 | 16 | 156 | 100
722 | Revision_722/sql.c | U | 2101 | 2110 | 10 | 88653 | 16 | 102 | 100
722 | Revision_722/eiffel.c | U | 218 | 227 | 8 | 88654 | 17 | 20 | 100
722 | Revision_722/sql.c | U | 392 | 401 | 8 | 88655 | 17 | 103 | 100
722 | Revision_722/jscript.c | U | 180 | 189 | 8 | 88656 | 17 | 168 | 100
722 | Revision_722/flex.c | U | 209 | 218 | 8 | 88657 | 17 | 258 | 100
722 | Revision_722/fortran.c | U | 398 | 407 | 8 | 88658 | 17 | 21 | 100
722 | Revision_722/tex.c | U | 157 | 166 | 8 | 88659 | 17 | 321 | 100
722 | Revision_722/eiffel.c | U | 370 | 379 | 8 | 88660 | 18 | 104 | 100
722 | Revision_722/read.c | U | 453 | 460 | 8 | 88661 | 18 | 350 | 100
722 | Revision_722/eiffel.c | U | 417 | 423 | 7 | 88662 | 19 | 87 | 100
722 | Revision_722/fortran.c | U | 805 | 811 | 7 | 88663 | 19 | 210 | 100
722 | Revision_722/eiffel.c | U | 425 | 430 | 6 | 88664 | 20 | 87 | 100
722 | Revision_722/fortran.c | U | 813 | 818 | 6 | 88665 | 20 | 27 | 100
722 | Revision_722/eiffel.c | U | 687 | 691 | 5 | 88666 | 21 | 106 | 100
722 | Revision_722/sql.c | U | 569 | 573 | 5 | 88667 | 21 | 107 | 100
722 | Revision_722/vhdl.c | U | 457 | 461 | 5 | 88668 | 21 | 236 | 100
722 | Revision_722/eiffel.c | U | 761 | 766 | 6 | 88669 | 22 | 212 | 100
722 | Revision_722/fortran.c | U | 1027 | 1032 | 6 | 88670 | 22 | 213 | 100
722 | Revision_722/eiffel.c | U | 1068 | 1072 | 5 | 88671 | 23 | 85 | 100
722 | Revision_722/fortran.c | U | 1326 | 1330 | 5 | 88672 | 23 | 86 | 100
722 | Revision_722/dosbatch.c | U | 33 | 40 | 8 | 88673 | 24 | 322 | 100
722 | Revision_722/html.c | U | 40 | 47 | 8 | 88674 | 24 | 323 | 100
722 | Revision_722/verilog.c | U | 108 | 118 | 9 | 88675 | 25 | 237 | 100
722 | Revision_722/vhdl.c | U | 573 | 583 | 9 | 88676 | 25 | 238 | 100
722 | Revision_722/verilog.c | U | 142 | 146 | 5 | 88677 | 26 | 224 | 100
722 | Revision_722/fortran.c | U | 969 | 973 | 5 | 88678 | 26 | 225 | 100
722 | Revision_722/jscript.c | U | 208 | 212 | 5 | 88679 | 27 | 173 | 100
722 | Revision_722/vhdl.c | U | 356 | 360 | 5 | 88680 | 27 | 234 | 100
722 | Revision_722/flex.c | U | 238 | 242 | 5 | 88681 | 27 | 259 | 100
722 | Revision_722/tex.c | U | 183 | 187 | 5 | 88682 | 27 | 324 | 100
722 | Revision_722/sql.c | U | 419 | 423 | 5 | 88683 | 27 | 174 | 100
722 | Revision_722/jscript.c | U | 219 | 233 | 12 | 88684 | 28 | 214 | 100
722 | Revision_722/flex.c | U | 249 | 263 | 12 | 88685 | 28 | 260 | 100
722 | Revision_722/jscript.c | U | 221 | 232 | 10 | 88686 | 29 | 214 | 100
722 | Revision_722/tex.c | U | 196 | 207 | 10 | 88687 | 29 | 325 | 100
722 | Revision_722/vhdl.c | U | 538 | 547 | 10 | 88688 | 29 | 239 | 100
722 | Revision_722/sql.c | U | 432 | 443 | 10 | 88689 | 29 | 109 | 100
722 | Revision_722/flex.c | U | 251 | 262 | 10 | 88690 | 29 | 260 | 100
722 | Revision_722/jscript.c | U | 240 | 256 | 12 | 88691 | 30 | 173 | 100
722 | Revision_722/tex.c | U | 215 | 231 | 12 | 88692 | 30 | 326 | 100
722 | Revision_722/sql.c | U | 451 | 467 | 12 | 88693 | 30 | 176 | 100
722 | Revision_722/jscript.c | U | 246 | 254 | 9 | 88694 | 31 | 173 | 100
722 | Revision_722/flex.c | U | 288 | 296 | 9 | 88695 | 31 | 261 | 100
722 | Revision_722/sql.c | U | 457 | 465 | 9 | 88696 | 31 | 113 | 100
722 | Revision_722/tex.c | U | 221 | 229 | 9 | 88697 | 31 | 327 | 100
722 | Revision_722/jscript.c | U | 260 | 284 | 20 | 88698 | 32 | 256 | 100
722 | Revision_722/flex.c | U | 352 | 376 | 20 | 88699 | 32 | 262 | 100
722 | Revision_722/flex.c | U | 302 | 326 | 20 | 88700 | 32 | 263 | 100
722 | Revision_722/jscript.c | U | 287 | 311 | 20 | 88701 | 32 | 179 | 100
722 | Revision_722/jscript.c | U | 267 | 271 | 5 | 88702 | 33 | 168 | 100
722 | Revision_722/flex.c | U | 336 | 340 | 5 | 88703 | 33 | 264 | 100
722 | Revision_722/jscript.c | U | 1411 | 1415 | 5 | 88704 | 33 | 257 | 100
722 | Revision_722/flex.c | U | 1842 | 1846 | 5 | 88705 | 33 | 265 | 100
722 | Revision_722/flex.c | U | 359 | 363 | 5 | 88706 | 33 | 266 | 100
722 | Revision_722/flex.c | U | 309 | 313 | 5 | 88707 | 33 | 267 | 100
722 | Revision_722/jscript.c | U | 294 | 298 | 5 | 88708 | 33 | 169 | 100
722 | Revision_722/jscript.c | U | 318 | 336 | 17 | 88709 | 34 | 179 | 100
722 | Revision_722/vhdl.c | U | 368 | 386 | 17 | 88710 | 34 | 240 | 100
722 | Revision_722/tex.c | U | 239 | 257 | 17 | 88711 | 34 | 328 | 100
722 | Revision_722/flex.c | U | 383 | 401 | 17 | 88712 | 34 | 268 | 100
722 | Revision_722/jscript.c | U | 342 | 353 | 12 | 88713 | 35 | 181 | 100
722 | Revision_722/flex.c | U | 407 | 418 | 12 | 88714 | 35 | 269 | 100
722 | Revision_722/sql.c | U | 500 | 511 | 12 | 88715 | 35 | 182 | 100
722 | Revision_722/vhdl.c | U | 391 | 402 | 12 | 88716 | 35 | 241 | 100
722 | Revision_722/tex.c | U | 264 | 276 | 12 | 88717 | 35 | 329 | 100
722 | Revision_722/jscript.c | U | 365 | 369 | 5 | 88718 | 36 | 183 | 100
722 | Revision_722/flex.c | U | 430 | 434 | 5 | 88719 | 36 | 270 | 100
722 | Revision_722/tex.c | U | 288 | 292 | 5 | 88720 | 36 | 330 | 100
722 | Revision_722/sql.c | U | 523 | 536 | 5 | 88721 | 36 | 182 | 100
722 | Revision_722/vhdl.c | U | 414 | 418 | 5 | 88722 | 36 | 242 | 100
722 | Revision_722/jscript.c | U | 405 | 435 | 26 | 88723 | 37 | 253 | 100
722 | Revision_722/sql.c | U | 606 | 636 | 26 | 88724 | 37 | 254 | 100
722 | Revision_722/jscript.c | U | 416 | 427 | 12 | 88725 | 38 | 252 | 100
722 | Revision_722/flex.c | U | 485 | 496 | 12 | 88726 | 38 | 271 | 100
722 | Revision_722/sql.c | U | 617 | 628 | 12 | 88727 | 38 | 102 | 100
722 | Revision_722/jscript.c | U | 441 | 450 | 10 | 88728 | 39 | 252 | 100
722 | Revision_722/flex.c | U | 692 | 701 | 10 | 88729 | 39 | 272 | 100
722 | Revision_722/vhdl.c | U | 467 | 476 | 10 | 88730 | 39 | 236 | 100
722 | Revision_722/tex.c | U | 330 | 339 | 10 | 88731 | 39 | 331 | 100
722 | Revision_722/jscript.c | U | 471 | 501 | 18 | 88732 | 40 | 206 | 100
722 | Revision_722/jscript.c | U | 504 | 533 | 18 | 88733 | 40 | 215 | 100
722 | Revision_722/flex.c | U | 756 | 785 | 18 | 88734 | 40 | 274 | 100
722 | Revision_722/flex.c | U | 723 | 753 | 18 | 88735 | 40 | 273 | 100
722 | Revision_722/jscript.c | U | 482 | 500 | 15 | 88736 | 41 | 228 | 100
722 | Revision_722/sql.c | U | 746 | 764 | 15 | 88737 | 41 | 229 | 100
722 | Revision_722/vhdl.c | U | 514 | 532 | 15 | 88738 | 41 | 245 | 100
722 | Revision_722/flex.c | U | 734 | 752 | 15 | 88739 | 41 | 276 | 100
722 | Revision_722/jscript.c | U | 514 | 532 | 15 | 88740 | 41 | 230 | 100
722 | Revision_722/flex.c | U | 766 | 784 | 15 | 88741 | 41 | 275 | 100
722 | Revision_722/jscript.c | U | 536 | 543 | 7 | 88742 | 42 | 187 | 100
722 | Revision_722/flex.c | U | 788 | 795 | 7 | 88743 | 42 | 277 | 100
722 | Revision_722/jscript.c | U | 546 | 553 | 7 | 88744 | 43 | 187 | 100
722 | Revision_722/flex.c | U | 798 | 805 | 7 | 88745 | 43 | 278 | 100
722 | Revision_722/sql.c | U | 679 | 686 | 7 | 88746 | 43 | 188 | 100
722 | Revision_722/jscript.c | U | 560 | 582 | 13 | 88747 | 44 | 279 | 100
722 | Revision_722/flex.c | U | 812 | 834 | 13 | 88748 | 44 | 280 | 100
722 | Revision_722/jscript.c | U | 696 | 707 | 6 | 88749 | 45 | 192 | 100
722 | Revision_722/flex.c | U | 944 | 955 | 6 | 88750 | 45 | 284 | 100
722 | Revision_722/flex.c | U | 1967 | 1973 | 6 | 88751 | 45 | 285 | 100
722 | Revision_722/flex.c | U | 2114 | 2120 | 6 | 88752 | 45 | 283 | 100
722 | Revision_722/jscript.c | U | 1084 | 1090 | 6 | 88753 | 45 | 197 | 100
722 | Revision_722/sql.c | U | 878 | 885 | 6 | 88754 | 45 | 349 | 100
722 | Revision_722/sql.c | U | 965 | 985 | 6 | 88755 | 45 | 193 | 100
722 | Revision_722/sql.c | U | 1431 | 1437 | 6 | 88756 | 45 | 207 | 100
722 | Revision_722/jscript.c | U | 712 | 819 | 30 | 88757 | 46 | 286 | 100
722 | Revision_722/flex.c | U | 960 | 1067 | 30 | 88758 | 46 | 287 | 100
722 | Revision_722/jscript.c | U | 963 | 1024 | 33 | 88759 | 47 | 288 | 100
722 | Revision_722/flex.c | U | 1239 | 1300 | 33 | 88760 | 47 | 289 | 100
722 | Revision_722/jscript.c | U | 1101 | 1206 | 45 | 88761 | 48 | 290 | 100
722 | Revision_722/flex.c | U | 1531 | 1636 | 45 | 88762 | 48 | 291 | 100
722 | Revision_722/jscript.c | U | 1234 | 1253 | 7 | 88763 | 49 | 216 | 100
722 | Revision_722/flex.c | U | 1668 | 1687 | 7 | 88764 | 49 | 292 | 100
722 | Revision_722/jscript.c | U | 1299 | 1304 | 6 | 88765 | 50 | 216 | 100
722 | Revision_722/flex.c | U | 1733 | 1738 | 6 | 88766 | 50 | 293 | 100
722 | Revision_722/jscript.c | U | 1324 | 1339 | 7 | 88767 | 51 | 216 | 100
722 | Revision_722/flex.c | U | 1755 | 1770 | 7 | 88768 | 51 | 294 | 100
722 | Revision_722/sql.c | U | 1615 | 1622 | 7 | 88769 | 51 | 198 | 100
722 | Revision_722/jscript.c | U | 1341 | 1358 | 6 | 88770 | 52 | 295 | 100
722 | Revision_722/flex.c | U | 1772 | 1789 | 6 | 88771 | 52 | 296 | 100
722 | Revision_722/jscript.c | U | 1360 | 1388 | 20 | 88772 | 53 | 297 | 100
722 | Revision_722/flex.c | U | 1791 | 1819 | 20 | 88773 | 53 | 298 | 100
722 | Revision_722/jscript.c | U | 1390 | 1430 | 20 | 88774 | 54 | 299 | 100
722 | Revision_722/flex.c | U | 1821 | 1861 | 20 | 88775 | 54 | 300 | 100
722 | Revision_722/jscript.c | U | 1423 | 1427 | 5 | 88776 | 55 | 217 | 100
722 | Revision_722/fortran.c | U | 1899 | 1903 | 5 | 88777 | 55 | 99 | 100
722 | Revision_722/flex.c | U | 1854 | 1858 | 5 | 88778 | 55 | 301 | 100
722 | Revision_722/jscript.c | U | 1531 | 1535 | 5 | 88779 | 56 | 199 | 100
722 | Revision_722/flex.c | U | 2203 | 2207 | 5 | 88780 | 56 | 302 | 100
722 | Revision_722/tex.c | U | 490 | 494 | 5 | 88781 | 56 | 338 | 100
722 | Revision_722/sql.c | U | 2083 | 2087 | 5 | 88782 | 56 | 200 | 100
722 | Revision_722/jscript.c | U | 1538 | 1554 | 14 | 88783 | 57 | 303 | 100
722 | Revision_722/flex.c | U | 2210 | 2226 | 14 | 88784 | 57 | 304 | 100
722 | Revision_722/jscript.c | U | 1558 | 1571 | 10 | 88785 | 58 | 339 | 100
722 | Revision_722/tex.c | U | 510 | 523 | 10 | 88786 | 58 | 340 | 100
722 | Revision_722/gnu_regex/regcomp.c | U | 1277 | 1281 | 5 | 88787 | 59 | 351 | 100
722 | Revision_722/gnu_regex/regcomp.c | U | 1283 | 1287 | 5 | 88788 | 59 | 352 | 100
722 | Revision_722/gnu_regex/regcomp.c | U | 2292 | 2296 | 5 | 88789 | 60 | 353 | 100
722 | Revision_722/gnu_regex/regcomp.c | U | 2298 | 2302 | 5 | 88790 | 60 | 354 | 100
722 | Revision_722/gnu_regex/regex_internal.c | U | 1103 | 1108 | 5 | 88791 | 61 | 355 | 100
722 | Revision_722/gnu_regex/regex_internal.c | U | 1236 | 1241 | 5 | 88792 | 61 | 356 | 100
722 | Revision_722/vim.c | U | 97 | 101 | 5 | 88793 | 62 | 100 | 100
722 | Revision_722/vim.c | U | 103 | 107 | 5 | 88794 | 62 | 101 | 100
722 | Revision_722/vim.c | U | 626 | 634 | 9 | 88795 | 63 | 34 | 100
722 | Revision_722/beta.c | U | 311 | 319 | 9 | 88796 | 63 | 36 | 100
722 | Revision_722/lua.c | U | 123 | 131 | 9 | 88797 | 63 | 84 | 100
722 | Revision_722/python.c | U | 278 | 282 | 5 | 88798 | 64 | 119 | 100
722 | Revision_722/sml.c | U | 84 | 88 | 5 | 88799 | 64 | 120 | 100
722 | Revision_722/erlang.c | U | 58 | 62 | 5 | 88800 | 64 | 131 | 100
722 | Revision_722/python.c | U | 286 | 295 | 9 | 88801 | 65 | 132 | 100
722 | Revision_722/erlang.c | U | 66 | 75 | 9 | 88802 | 65 | 133 | 100
722 | Revision_722/perl.c | U | 372 | 380 | 9 | 88803 | 66 | 39 | 100
722 | Revision_722/tcl.c | U | 106 | 114 | 9 | 88804 | 66 | 134 | 100
722 | Revision_722/erlang.c | U | 179 | 187 | 9 | 88805 | 66 | 135 | 100
722 | Revision_722/sort.c | U | 118 | 123 | 5 | 88806 | 67 | 96 | 100
722 | Revision_722/sort.c | U | 126 | 131 | 5 | 88807 | 67 | 97 | 100
722 | Revision_722/pascal.c | U | 176 | 182 | 6 | 88808 | 68 | 46 | 100
722 | Revision_722/pascal.c | U | 184 | 190 | 6 | 88809 | 68 | 47 | 100
722 | Revision_722/ocaml.c | U | 1832 | 1842 | 10 | 88810 | 69 | 364 | 100
722 | Revision_722/vhdl.c | U | 824 | 833 | 10 | 88811 | 69 | 248 | 100
722 | Revision_722/routines.c | U | 288 | 295 | 8 | 88812 | 70 | 90 | 100
722 | Revision_722/readtags.c | U | 106 | 113 | 8 | 88813 | 70 | 79 | 100
722 | Revision_722/routines.c | U | 298 | 305 | 8 | 88814 | 71 | 91 | 100
722 | Revision_722/readtags.c | U | 116 | 123 | 8 | 88815 | 71 | 81 | 100
722 | Revision_722/routines.c | U | 329 | 335 | 6 | 88816 | 72 | 92 | 100
722 | Revision_722/routines.c | U | 338 | 344 | 6 | 88817 | 72 | 93 | 100
722 | Revision_722/routines.c | U | 349 | 356 | 8 | 88818 | 73 | 94 | 100
722 | Revision_722/routines.c | U | 361 | 368 | 8 | 88819 | 73 | 95 | 100
722 | Revision_722/flex.c | U | 476 | 481 | 6 | 88820 | 74 | 305 | 100
722 | Revision_722/flex.c | U | 523 | 529 | 6 | 88821 | 74 | 306 | 100
722 | Revision_722/flex.c | U | 503 | 507 | 5 | 88822 | 75 | 307 | 100
722 | Revision_722/flex.c | U | 662 | 666 | 5 | 88823 | 75 | 308 | 100
722 | Revision_722/flex.c | U | 614 | 618 | 5 | 88824 | 75 | 309 | 100
722 | Revision_722/flex.c | U | 536 | 542 | 7 | 88825 | 76 | 310 | 100
722 | Revision_722/flex.c | U | 627 | 633 | 7 | 88826 | 76 | 311 | 100
722 | Revision_722/flex.c | U | 638 | 644 | 7 | 88827 | 76 | 313 | 100
722 | Revision_722/flex.c | U | 590 | 596 | 7 | 88828 | 76 | 312 | 100
722 | Revision_722/flex.c | U | 549 | 556 | 8 | 88829 | 77 | 314 | 100
722 | Revision_722/flex.c | U | 651 | 658 | 8 | 88830 | 77 | 315 | 100
722 | Revision_722/flex.c | U | 603 | 610 | 8 | 88831 | 77 | 316 | 100
722 | Revision_722/flex.c | U | 587 | 622 | 30 | 88832 | 78 | 317 | 100
722 | Revision_722/flex.c | U | 635 | 670 | 30 | 88833 | 78 | 318 | 100
722 | Revision_722/vhdl.c | U | 342 | 351 | 10 | 88834 | 79 | 234 | 100
722 | Revision_722/tex.c | U | 169 | 180 | 10 | 88835 | 79 | 346 | 100
722 | Revision_722/vhdl.c | U | 536 | 548 | 12 | 88836 | 80 | 239 | 100
722 | Revision_722/sql.c | U | 430 | 444 | 12 | 88837 | 80 | 105 | 100
722 | Revision_722/tex.c | U | 194 | 208 | 12 | 88838 | 80 | 325 | 100
722 | Revision_722/vhdl.c | U | 611 | 615 | 5 | 88839 | 81 | 246 | 100
722 | Revision_722/vhdl.c | U | 620 | 624 | 5 | 88840 | 81 | 246 | 100
722 | Revision_722/vhdl.c | U | 724 | 741 | 15 | 88841 | 82 | 255 | 100
722 | Revision_722/vhdl.c | U | 743 | 760 | 15 | 88842 | 82 | 250 | 100
722 | Revision_722/vhdl.c | U | 813 | 821 | 7 | 88843 | 83 | 248 | 100
722 | Revision_722/sql.c | U | 2090 | 2098 | 7 | 88844 | 83 | 249 | 100
722 | Revision_722/beta.c | U | 152 | 156 | 5 | 88845 | 84 | 56 | 100
722 | Revision_722/beta.c | U | 277 | 281 | 5 | 88846 | 84 | 57 | 100
722 | Revision_722/beta.c | U | 158 | 162 | 5 | 88847 | 84 | 58 | 100
722 | Revision_722/beta.c | U | 165 | 169 | 5 | 88848 | 85 | 59 | 100
722 | Revision_722/beta.c | U | 271 | 275 | 5 | 88849 | 85 | 60 | 100
722 | Revision_722/erlang.c | U | 108 | 113 | 6 | 88850 | 86 | 138 | 100
722 | Revision_722/erlang.c | U | 116 | 121 | 6 | 88851 | 86 | 139 | 100
722 | Revision_722/sql.c | U | 447 | 468 | 15 | 88852 | 87 | 182 | 100
722 | Revision_722/tex.c | U | 211 | 232 | 15 | 88853 | 87 | 326 | 100
722 | Revision_722/sql.c | U | 1720 | 1726 | 5 | 88854 | 88 | 201 | 100
722 | Revision_722/sql.c | U | 1749 | 1755 | 5 | 88855 | 88 | 202 | 100
722 | Revision_722/sql.c | U | 2072 | 2079 | 7 | 88856 | 89 | 231 | 100
722 | Revision_722/fortran.c | U | 1308 | 1314 | 7 | 88857 | 89 | 86 | 100
722 | Revision_722/parse.c | U | 45 | 53 | 7 | 88858 | 90 | 121 | 100
722 | Revision_722/sml.c | U | 75 | 81 | 7 | 88859 | 90 | 122 | 100
722 | Revision_722/parse.c | U | 100 | 104 | 5 | 88860 | 91 | 61 | 100
722 | Revision_722/parse.c | U | 114 | 118 | 5 | 88861 | 91 | 62 | 100
722 | Revision_722/parse.c | U | 556 | 560 | 5 | 88862 | 92 | 144 | 100
722 | Revision_722/parse.c | U | 575 | 579 | 5 | 88863 | 92 | 145 | 100
722 | Revision_722/readtags.c | U | 541 | 547 | 6 | 88864 | 93 | 82 | 100
722 | Revision_722/readtags.c | U | 549 | 555 | 6 | 88865 | 93 | 83 | 100
722 | Revision_722/readtags.c | U | 740 | 745 | 6 | 88866 | 94 | 64 | 100
722 | Revision_722/readtags.c | U | 765 | 770 | 6 | 88867 | 94 | 77 | 100
722 | Revision_722/tex.c | U | 408 | 412 | 5 | 88868 | 95 | 347 | 100
722 | Revision_722/tex.c | U | 431 | 435 | 5 | 88869 | 95 | 348 | 100
722 | Revision_722/options.c | U | 369 | 375 | 6 | 88870 | 96 | 69 | 100
722 | Revision_722/options.c | U | 378 | 384 | 6 | 88871 | 96 | 70 | 100
722 | Revision_722/options.c | U | 543 | 549 | 7 | 88872 | 97 | 71 | 100
722 | Revision_722/options.c | U | 570 | 576 | 7 | 88873 | 97 | 73 | 100
722 | Revision_722/options.c | U | 552 | 558 | 7 | 88874 | 97 | 72 | 100
722 | Revision_722/options.c | U | 561 | 567 | 7 | 88875 | 97 | 74 | 100
722 | Revision_722/options.c | U | 1102 | 1106 | 5 | 88876 | 98 | 75 | 100
722 | Revision_722/options.c | U | 1108 | 1112 | 5 | 88877 | 98 | 76 | 100
722 | Revision_722/options.c | U | 1154 | 1166 | 12 | 88878 | 99 | 146 | 100
722 | Revision_722/options.c | U | 1171 | 1183 | 12 | 88879 | 99 | 147 | 100
