Revision | filePath | changeType | StartLine | EndLine | Nlines | cloneId | classId | globalCloneId | Similarity
774 | Revision_774/lisp.c | U | 127 | 137 | 9 | 102801 | 1 | 363 | 100
774 | Revision_774/scheme.c | U | 99 | 109 | 9 | 102802 | 1 | 55 | 100
774 | Revision_774/sh.c | U | 103 | 113 | 9 | 102803 | 1 | 54 | 100
774 | Revision_774/matlab.c | U | 35 | 42 | 8 | 102804 | 2 | 319 | 100
774 | Revision_774/ant.c | U | 33 | 40 | 8 | 102805 | 2 | 320 | 100
774 | Revision_774/slang.c | U | 34 | 41 | 8 | 102806 | 2 | 32 | 100
774 | Revision_774/yacc.c | U | 31 | 38 | 8 | 102807 | 2 | 33 | 100
774 | Revision_774/asp.c | U | 72 | 91 | 15 | 102808 | 3 | 1 | 100
774 | Revision_774/asp.c | U | 95 | 114 | 15 | 102809 | 3 | 2 | 100
774 | Revision_774/asp.c | U | 118 | 163 | 40 | 102810 | 4 | 357 | 100
774 | Revision_774/asp.c | U | 165 | 210 | 40 | 102811 | 4 | 358 | 100
774 | Revision_774/asp.c | U | 125 | 137 | 12 | 102812 | 5 | 359 | 100
774 | Revision_774/asp.c | U | 139 | 151 | 12 | 102813 | 5 | 6 | 100
774 | Revision_774/asp.c | U | 172 | 184 | 12 | 102814 | 6 | 360 | 100
774 | Revision_774/asp.c | U | 186 | 198 | 12 | 102815 | 6 | 361 | 100
774 | Revision_774/asp.c | U | 214 | 230 | 14 | 102816 | 7 | 3 | 100
774 | Revision_774/asp.c | U | 291 | 306 | 14 | 102817 | 7 | 162 | 100
774 | Revision_774/asp.c | U | 253 | 268 | 14 | 102818 | 7 | 116 | 100
774 | Revision_774/asp.c | U | 272 | 287 | 14 | 102819 | 7 | 362 | 100
774 | Revision_774/asp.c | U | 234 | 249 | 14 | 102820 | 7 | 6 | 100
774 | Revision_774/asp.c | U | 317 | 325 | 9 | 102821 | 8 | 8 | 100
774 | Revision_774/sml.c | U | 202 | 210 | 9 | 102822 | 8 | 118 | 100
774 | Revision_774/ruby.c | U | 398 | 406 | 9 | 102823 | 8 | 164 | 100
774 | Revision_774/args.c | U | 85 | 92 | 8 | 102824 | 9 | 11 | 100
774 | Revision_774/args.c | U | 160 | 167 | 8 | 102825 | 9 | 12 | 100
774 | Revision_774/c.c | U | 667 | 678 | 13 | 102826 | 10 | 117 | 100
774 | Revision_774/c.c | U | 1171 | 1184 | 13 | 102827 | 10 | 123 | 100
774 | Revision_774/c.c | U | 686 | 697 | 13 | 102828 | 10 | 232 | 100
774 | Revision_774/c.c | U | 824 | 844 | 45 | 102829 | 11 | 157 | 100
774 | Revision_774/c.c | U | 865 | 885 | 45 | 102830 | 11 | 158 | 100
774 | Revision_774/c.c | U | 1411 | 1418 | 7 | 102831 | 12 | 15 | 100
774 | Revision_774/c.c | U | 1421 | 1428 | 7 | 102832 | 12 | 16 | 100
774 | Revision_774/c.c | U | 1781 | 1785 | 5 | 102833 | 13 | 126 | 100
774 | Revision_774/c.c | U | 1790 | 1794 | 5 | 102834 | 13 | 127 | 100
774 | Revision_774/c.c | U | 2251 | 2256 | 6 | 102835 | 14 | 142 | 100
774 | Revision_774/options.c | U | 533 | 538 | 6 | 102836 | 14 | 72 | 100
774 | Revision_774/c.c | U | 2504 | 2508 | 5 | 102837 | 15 | 159 | 100
774 | Revision_774/c.c | U | 2511 | 2515 | 5 | 102838 | 15 | 160 | 100
774 | Revision_774/c.c | U | 2867 | 2876 | 10 | 102839 | 16 | 17 | 100
774 | Revision_774/verilog.c | U | 330 | 339 | 10 | 102840 | 16 | 156 | 100
774 | Revision_774/eiffel.c | U | 1259 | 1268 | 10 | 102841 | 16 | 19 | 100
774 | Revision_774/sql.c | U | 2360 | 2369 | 10 | 102842 | 16 | 102 | 100
774 | Revision_774/c.c | U | 2909 | 2918 | 10 | 102843 | 16 | 18 | 100
774 | Revision_774/c.c | U | 2897 | 2906 | 10 | 102844 | 16 | 128 | 100
774 | Revision_774/eiffel.c | U | 222 | 231 | 8 | 102845 | 17 | 20 | 100
774 | Revision_774/tex.c | U | 149 | 158 | 8 | 102846 | 17 | 321 | 100
774 | Revision_774/jscript.c | U | 180 | 189 | 8 | 102847 | 17 | 168 | 100
774 | Revision_774/fortran.c | U | 398 | 407 | 8 | 102848 | 17 | 21 | 100
774 | Revision_774/sql.c | U | 409 | 418 | 8 | 102849 | 17 | 103 | 100
774 | Revision_774/flex.c | U | 216 | 225 | 8 | 102850 | 17 | 258 | 100
774 | Revision_774/eiffel.c | U | 374 | 383 | 8 | 102851 | 18 | 104 | 100
774 | Revision_774/read.c | U | 452 | 459 | 8 | 102852 | 18 | 350 | 100
774 | Revision_774/eiffel.c | U | 421 | 427 | 7 | 102853 | 19 | 87 | 100
774 | Revision_774/fortran.c | U | 805 | 811 | 7 | 102854 | 19 | 210 | 100
774 | Revision_774/eiffel.c | U | 429 | 434 | 6 | 102855 | 20 | 87 | 100
774 | Revision_774/fortran.c | U | 813 | 818 | 6 | 102856 | 20 | 27 | 100
774 | Revision_774/eiffel.c | U | 691 | 695 | 5 | 102857 | 21 | 106 | 100
774 | Revision_774/sql.c | U | 588 | 592 | 5 | 102858 | 21 | 107 | 100
774 | Revision_774/vhdl.c | U | 457 | 461 | 5 | 102859 | 21 | 236 | 100
774 | Revision_774/eiffel.c | U | 765 | 770 | 6 | 102860 | 22 | 212 | 100
774 | Revision_774/fortran.c | U | 1027 | 1032 | 6 | 102861 | 22 | 213 | 100
774 | Revision_774/eiffel.c | U | 1074 | 1078 | 5 | 102862 | 23 | 85 | 100
774 | Revision_774/fortran.c | U | 1326 | 1330 | 5 | 102863 | 23 | 86 | 100
774 | Revision_774/dosbatch.c | U | 33 | 40 | 8 | 102864 | 24 | 322 | 100
774 | Revision_774/html.c | U | 40 | 47 | 8 | 102865 | 24 | 323 | 100
774 | Revision_774/verilog.c | U | 108 | 118 | 9 | 102866 | 25 | 237 | 100
774 | Revision_774/vhdl.c | U | 573 | 583 | 9 | 102867 | 25 | 238 | 100
774 | Revision_774/verilog.c | U | 142 | 146 | 5 | 102868 | 26 | 224 | 100
774 | Revision_774/fortran.c | U | 969 | 973 | 5 | 102869 | 26 | 225 | 100
774 | Revision_774/jscript.c | U | 208 | 212 | 5 | 102870 | 27 | 173 | 100
774 | Revision_774/vhdl.c | U | 356 | 360 | 5 | 102871 | 27 | 234 | 100
774 | Revision_774/sql.c | U | 436 | 440 | 5 | 102872 | 27 | 174 | 100
774 | Revision_774/tex.c | U | 175 | 179 | 5 | 102873 | 27 | 324 | 100
774 | Revision_774/flex.c | U | 245 | 249 | 5 | 102874 | 27 | 259 | 100
774 | Revision_774/jscript.c | U | 219 | 233 | 12 | 102875 | 28 | 214 | 100
774 | Revision_774/flex.c | U | 256 | 270 | 12 | 102876 | 28 | 260 | 100
774 | Revision_774/jscript.c | U | 221 | 232 | 10 | 102877 | 29 | 214 | 100
774 | Revision_774/vhdl.c | U | 538 | 547 | 10 | 102878 | 29 | 239 | 100
774 | Revision_774/sql.c | U | 449 | 460 | 10 | 102879 | 29 | 109 | 100
774 | Revision_774/tex.c | U | 188 | 199 | 10 | 102880 | 29 | 325 | 100
774 | Revision_774/flex.c | U | 258 | 269 | 10 | 102881 | 29 | 260 | 100
774 | Revision_774/jscript.c | U | 240 | 256 | 12 | 102882 | 30 | 173 | 100
774 | Revision_774/sql.c | U | 468 | 484 | 12 | 102883 | 30 | 176 | 100
774 | Revision_774/tex.c | U | 207 | 223 | 12 | 102884 | 30 | 326 | 100
774 | Revision_774/jscript.c | U | 246 | 254 | 9 | 102885 | 31 | 173 | 100
774 | Revision_774/flex.c | U | 295 | 303 | 9 | 102886 | 31 | 261 | 100
774 | Revision_774/tex.c | U | 213 | 221 | 9 | 102887 | 31 | 327 | 100
774 | Revision_774/sql.c | U | 474 | 482 | 9 | 102888 | 31 | 113 | 100
774 | Revision_774/jscript.c | U | 260 | 284 | 20 | 102889 | 32 | 256 | 100
774 | Revision_774/flex.c | U | 309 | 333 | 20 | 102890 | 32 | 263 | 100
774 | Revision_774/flex.c | U | 359 | 383 | 20 | 102891 | 32 | 262 | 100
774 | Revision_774/jscript.c | U | 287 | 311 | 20 | 102892 | 32 | 179 | 100
774 | Revision_774/jscript.c | U | 267 | 271 | 5 | 102893 | 33 | 168 | 100
774 | Revision_774/jscript.c | U | 1391 | 1395 | 5 | 102894 | 33 | 257 | 100
774 | Revision_774/jscript.c | U | 1474 | 1478 | 5 | 102895 | 33 | 169 | 100
774 | Revision_774/flex.c | U | 343 | 347 | 5 | 102896 | 33 | 264 | 100
774 | Revision_774/flex.c | U | 1884 | 1888 | 5 | 102897 | 33 | 265 | 100
774 | Revision_774/jscript.c | U | 294 | 298 | 5 | 102898 | 33 | 169 | 100
774 | Revision_774/flex.c | U | 366 | 370 | 5 | 102899 | 33 | 266 | 100
774 | Revision_774/flex.c | U | 316 | 320 | 5 | 102900 | 33 | 267 | 100
774 | Revision_774/jscript.c | U | 318 | 336 | 17 | 102901 | 34 | 179 | 100
774 | Revision_774/tex.c | U | 231 | 249 | 17 | 102902 | 34 | 328 | 100
774 | Revision_774/vhdl.c | U | 368 | 386 | 17 | 102903 | 34 | 240 | 100
774 | Revision_774/flex.c | U | 390 | 408 | 17 | 102904 | 34 | 268 | 100
774 | Revision_774/jscript.c | U | 342 | 353 | 12 | 102905 | 35 | 181 | 100
774 | Revision_774/vhdl.c | U | 391 | 402 | 12 | 102906 | 35 | 241 | 100
774 | Revision_774/tex.c | U | 256 | 268 | 12 | 102907 | 35 | 329 | 100
774 | Revision_774/sql.c | U | 517 | 528 | 12 | 102908 | 35 | 182 | 100
774 | Revision_774/flex.c | U | 414 | 425 | 12 | 102909 | 35 | 269 | 100
774 | Revision_774/jscript.c | U | 365 | 369 | 5 | 102910 | 36 | 183 | 100
774 | Revision_774/flex.c | U | 437 | 441 | 5 | 102911 | 36 | 270 | 100
774 | Revision_774/sql.c | U | 540 | 553 | 5 | 102912 | 36 | 182 | 100
774 | Revision_774/vhdl.c | U | 414 | 418 | 5 | 102913 | 36 | 242 | 100
774 | Revision_774/tex.c | U | 280 | 284 | 5 | 102914 | 36 | 330 | 100
774 | Revision_774/jscript.c | U | 405 | 435 | 26 | 102915 | 37 | 253 | 100
774 | Revision_774/sql.c | U | 625 | 655 | 26 | 102916 | 37 | 254 | 100
774 | Revision_774/jscript.c | U | 416 | 427 | 12 | 102917 | 38 | 252 | 100
774 | Revision_774/flex.c | U | 492 | 503 | 12 | 102918 | 38 | 271 | 100
774 | Revision_774/sql.c | U | 636 | 647 | 12 | 102919 | 38 | 102 | 100
774 | Revision_774/jscript.c | U | 441 | 450 | 10 | 102920 | 39 | 252 | 100
774 | Revision_774/flex.c | U | 734 | 743 | 10 | 102921 | 39 | 272 | 100
774 | Revision_774/tex.c | U | 317 | 326 | 10 | 102922 | 39 | 331 | 100
774 | Revision_774/vhdl.c | U | 467 | 476 | 10 | 102923 | 39 | 236 | 100
774 | Revision_774/jscript.c | U | 471 | 501 | 18 | 102924 | 40 | 206 | 100
774 | Revision_774/jscript.c | U | 504 | 533 | 18 | 102925 | 40 | 215 | 100
774 | Revision_774/flex.c | U | 798 | 827 | 18 | 102926 | 40 | 274 | 100
774 | Revision_774/flex.c | U | 765 | 795 | 18 | 102927 | 40 | 273 | 100
774 | Revision_774/jscript.c | U | 482 | 500 | 15 | 102928 | 41 | 228 | 100
774 | Revision_774/sql.c | U | 765 | 783 | 15 | 102929 | 41 | 229 | 100
774 | Revision_774/vhdl.c | U | 514 | 532 | 15 | 102930 | 41 | 245 | 100
774 | Revision_774/jscript.c | U | 514 | 532 | 15 | 102931 | 41 | 230 | 100
774 | Revision_774/flex.c | U | 776 | 794 | 15 | 102932 | 41 | 276 | 100
774 | Revision_774/flex.c | U | 808 | 826 | 15 | 102933 | 41 | 275 | 100
774 | Revision_774/jscript.c | U | 536 | 543 | 7 | 102934 | 42 | 187 | 100
774 | Revision_774/flex.c | U | 830 | 837 | 7 | 102935 | 42 | 277 | 100
774 | Revision_774/jscript.c | U | 546 | 553 | 7 | 102936 | 43 | 187 | 100
774 | Revision_774/sql.c | U | 698 | 705 | 7 | 102937 | 43 | 188 | 100
774 | Revision_774/flex.c | U | 840 | 847 | 7 | 102938 | 43 | 278 | 100
774 | Revision_774/jscript.c | U | 560 | 582 | 13 | 102939 | 44 | 279 | 100
774 | Revision_774/flex.c | U | 854 | 876 | 13 | 102940 | 44 | 280 | 100
774 | Revision_774/jscript.c | U | 696 | 707 | 6 | 102941 | 45 | 192 | 100
774 | Revision_774/sql.c | U | 1032 | 1052 | 6 | 102942 | 45 | 193 | 100
774 | Revision_774/flex.c | U | 986 | 997 | 6 | 102943 | 45 | 284 | 100
774 | Revision_774/flex.c | U | 2009 | 2015 | 6 | 102944 | 45 | 285 | 100
774 | Revision_774/jscript.c | U | 1101 | 1107 | 6 | 102945 | 45 | 197 | 100
774 | Revision_774/sql.c | U | 1623 | 1629 | 6 | 102946 | 45 | 207 | 100
774 | Revision_774/flex.c | U | 2250 | 2256 | 6 | 102947 | 45 | 283 | 100
774 | Revision_774/sql.c | U | 937 | 944 | 6 | 102948 | 45 | 349 | 100
774 | Revision_774/jscript.c | U | 712 | 819 | 30 | 102949 | 46 | 286 | 100
774 | Revision_774/flex.c | U | 1002 | 1109 | 30 | 102950 | 46 | 287 | 100
774 | Revision_774/jscript.c | U | 1118 | 1223 | 45 | 102951 | 47 | 290 | 100
774 | Revision_774/flex.c | U | 1573 | 1678 | 45 | 102952 | 47 | 291 | 100
774 | Revision_774/jscript.c | U | 1251 | 1270 | 7 | 102953 | 48 | 216 | 100
774 | Revision_774/flex.c | U | 1710 | 1729 | 7 | 102954 | 48 | 292 | 100
774 | Revision_774/jscript.c | U | 1316 | 1321 | 6 | 102955 | 49 | 216 | 100
774 | Revision_774/flex.c | U | 1775 | 1780 | 6 | 102956 | 49 | 293 | 100
774 | Revision_774/jscript.c | U | 1341 | 1356 | 7 | 102957 | 50 | 216 | 100
774 | Revision_774/sql.c | U | 1809 | 1816 | 7 | 102958 | 50 | 198 | 100
774 | Revision_774/flex.c | U | 1797 | 1812 | 7 | 102959 | 50 | 294 | 100
774 | Revision_774/jscript.c | U | 1423 | 1451 | 20 | 102960 | 51 | 297 | 100
774 | Revision_774/flex.c | U | 1833 | 1861 | 20 | 102961 | 51 | 298 | 100
774 | Revision_774/jscript.c | U | 1453 | 1493 | 20 | 102962 | 52 | 299 | 100
774 | Revision_774/flex.c | U | 1863 | 1903 | 20 | 102963 | 52 | 300 | 100
774 | Revision_774/jscript.c | U | 1486 | 1490 | 5 | 102964 | 53 | 217 | 100
774 | Revision_774/fortran.c | U | 1899 | 1903 | 5 | 102965 | 53 | 99 | 100
774 | Revision_774/flex.c | U | 1896 | 1900 | 5 | 102966 | 53 | 301 | 100
774 | Revision_774/jscript.c | U | 1594 | 1598 | 5 | 102967 | 54 | 199 | 100
774 | Revision_774/tex.c | U | 481 | 485 | 5 | 102968 | 54 | 338 | 100
774 | Revision_774/sql.c | U | 2342 | 2346 | 5 | 102969 | 54 | 200 | 100
774 | Revision_774/flex.c | U | 2382 | 2386 | 5 | 102970 | 54 | 302 | 100
774 | Revision_774/jscript.c | U | 1601 | 1617 | 14 | 102971 | 55 | 303 | 100
774 | Revision_774/flex.c | U | 2389 | 2405 | 14 | 102972 | 55 | 304 | 100
774 | Revision_774/jscript.c | U | 1621 | 1634 | 10 | 102973 | 56 | 339 | 100
774 | Revision_774/tex.c | U | 501 | 514 | 10 | 102974 | 56 | 340 | 100
774 | Revision_774/gnu_regex/regcomp.c | U | 1277 | 1281 | 5 | 102975 | 57 | 351 | 100
774 | Revision_774/gnu_regex/regcomp.c | U | 1283 | 1287 | 5 | 102976 | 57 | 352 | 100
774 | Revision_774/gnu_regex/regcomp.c | U | 2292 | 2296 | 5 | 102977 | 58 | 353 | 100
774 | Revision_774/gnu_regex/regcomp.c | U | 2298 | 2302 | 5 | 102978 | 58 | 354 | 100
774 | Revision_774/gnu_regex/regex_internal.c | U | 1103 | 1108 | 5 | 102979 | 59 | 355 | 100
774 | Revision_774/gnu_regex/regex_internal.c | U | 1236 | 1241 | 5 | 102980 | 59 | 356 | 100
774 | Revision_774/vim.c | U | 97 | 101 | 5 | 102981 | 60 | 100 | 100
774 | Revision_774/vim.c | U | 103 | 107 | 5 | 102982 | 60 | 101 | 100
774 | Revision_774/vim.c | U | 637 | 645 | 9 | 102983 | 61 | 34 | 100
774 | Revision_774/lua.c | U | 123 | 131 | 9 | 102984 | 61 | 84 | 100
774 | Revision_774/beta.c | U | 311 | 319 | 9 | 102985 | 61 | 36 | 100
774 | Revision_774/python.c | U | 278 | 282 | 5 | 102986 | 62 | 119 | 100
774 | Revision_774/sml.c | U | 84 | 88 | 5 | 102987 | 62 | 120 | 100
774 | Revision_774/erlang.c | U | 58 | 62 | 5 | 102988 | 62 | 131 | 100
774 | Revision_774/python.c | U | 286 | 295 | 9 | 102989 | 63 | 132 | 100
774 | Revision_774/erlang.c | U | 66 | 75 | 9 | 102990 | 63 | 133 | 100
774 | Revision_774/perl.c | U | 372 | 380 | 9 | 102991 | 64 | 39 | 100
774 | Revision_774/tcl.c | U | 106 | 114 | 9 | 102992 | 64 | 134 | 100
774 | Revision_774/erlang.c | U | 179 | 187 | 9 | 102993 | 64 | 135 | 100
774 | Revision_774/sort.c | U | 118 | 123 | 5 | 102994 | 65 | 96 | 100
774 | Revision_774/sort.c | U | 126 | 131 | 5 | 102995 | 65 | 97 | 100
774 | Revision_774/pascal.c | U | 176 | 182 | 6 | 102996 | 66 | 46 | 100
774 | Revision_774/pascal.c | U | 184 | 190 | 6 | 102997 | 66 | 47 | 100
774 | Revision_774/ocaml.c | U | 182 | 191 | 7 | 102998 | 67 | 373 | 100
774 | Revision_774/objc.c | U | 154 | 163 | 7 | 102999 | 67 | 374 | 100
774 | Revision_774/ocaml.c | U | 251 | 257 | 6 | 103000 | 68 | 375 | 100
774 | Revision_774/objc.c | U | 199 | 205 | 6 | 103001 | 68 | 376 | 100
774 | Revision_774/ocaml.c | U | 260 | 280 | 15 | 103002 | 69 | 377 | 100
774 | Revision_774/objc.c | U | 208 | 228 | 15 | 103003 | 69 | 378 | 100
774 | Revision_774/ocaml.c | U | 293 | 301 | 6 | 103004 | 70 | 379 | 100
774 | Revision_774/objc.c | U | 241 | 249 | 6 | 103005 | 70 | 380 | 100
774 | Revision_774/ocaml.c | M | 344 | 359 | 10 | 103006 | 71 | 381 | 100
774 | Revision_774/objc.c | U | 264 | 279 | 10 | 103007 | 71 | 382 | 100
774 | Revision_774/ocaml.c | M | 419 | 431 | 10 | 103008 | 72 | 383 | 100
774 | Revision_774/objc.c | U | 332 | 344 | 10 | 103009 | 72 | 385 | 100
774 | Revision_774/objc.c | U | 318 | 330 | 10 | 103010 | 72 | 384 | 100
774 | Revision_774/ocaml.c | M | 908 | 912 | 5 | 103011 | 73 | 386 | 100
774 | Revision_774/objc.c | U | 484 | 488 | 5 | 103012 | 73 | 387 | 100
774 | Revision_774/ocaml.c | A | 1882 | 1892 | 10 | 103013 | 74 | 364 | 100
774 | Revision_774/vhdl.c | U | 824 | 833 | 10 | 103014 | 74 | 248 | 100
774 | Revision_774/objc.c | U | 1137 | 1147 | 10 | 103015 | 74 | 388 | 100
774 | Revision_774/routines.c | U | 288 | 295 | 8 | 103016 | 75 | 90 | 100
774 | Revision_774/readtags.c | U | 106 | 113 | 8 | 103017 | 75 | 79 | 100
774 | Revision_774/routines.c | U | 298 | 305 | 8 | 103018 | 76 | 91 | 100
774 | Revision_774/readtags.c | U | 116 | 123 | 8 | 103019 | 76 | 81 | 100
774 | Revision_774/routines.c | U | 329 | 335 | 6 | 103020 | 77 | 92 | 100
774 | Revision_774/routines.c | U | 338 | 344 | 6 | 103021 | 77 | 93 | 100
774 | Revision_774/routines.c | U | 349 | 356 | 8 | 103022 | 78 | 94 | 100
774 | Revision_774/routines.c | U | 361 | 368 | 8 | 103023 | 78 | 95 | 100
774 | Revision_774/flex.c | U | 599 | 606 | 8 | 103024 | 79 | 316 | 100
774 | Revision_774/flex.c | U | 664 | 671 | 8 | 103025 | 79 | 368 | 100
774 | Revision_774/flex.c | U | 652 | 659 | 8 | 103026 | 79 | 315 | 100
774 | Revision_774/flex.c | U | 703 | 710 | 8 | 103027 | 79 | 308 | 100
774 | Revision_774/flex.c | U | 638 | 645 | 8 | 103028 | 79 | 313 | 100
774 | Revision_774/flex.c | U | 610 | 629 | 18 | 103029 | 80 | 369 | 100
774 | Revision_774/flex.c | U | 675 | 694 | 18 | 103030 | 80 | 370 | 100
774 | Revision_774/flex.c | U | 623 | 628 | 6 | 103031 | 81 | 311 | 100
774 | Revision_774/flex.c | U | 631 | 636 | 6 | 103032 | 81 | 311 | 100
774 | Revision_774/flex.c | U | 696 | 701 | 6 | 103033 | 81 | 272 | 100
774 | Revision_774/flex.c | U | 688 | 693 | 6 | 103034 | 81 | 371 | 100
774 | Revision_774/vhdl.c | U | 342 | 351 | 10 | 103035 | 82 | 234 | 100
774 | Revision_774/tex.c | U | 161 | 172 | 10 | 103036 | 82 | 346 | 100
774 | Revision_774/vhdl.c | U | 536 | 548 | 12 | 103037 | 83 | 239 | 100
774 | Revision_774/tex.c | U | 186 | 200 | 12 | 103038 | 83 | 325 | 100
774 | Revision_774/sql.c | U | 447 | 461 | 12 | 103039 | 83 | 105 | 100
774 | Revision_774/vhdl.c | U | 611 | 615 | 5 | 103040 | 84 | 246 | 100
774 | Revision_774/vhdl.c | U | 620 | 624 | 5 | 103041 | 84 | 246 | 100
774 | Revision_774/vhdl.c | U | 724 | 741 | 15 | 103042 | 85 | 255 | 100
774 | Revision_774/vhdl.c | U | 743 | 760 | 15 | 103043 | 85 | 250 | 100
774 | Revision_774/vhdl.c | U | 813 | 821 | 7 | 103044 | 86 | 248 | 100
774 | Revision_774/sql.c | U | 2349 | 2357 | 7 | 103045 | 86 | 249 | 100
774 | Revision_774/beta.c | U | 152 | 156 | 5 | 103046 | 87 | 56 | 100
774 | Revision_774/beta.c | U | 277 | 281 | 5 | 103047 | 87 | 57 | 100
774 | Revision_774/beta.c | U | 158 | 162 | 5 | 103048 | 87 | 58 | 100
774 | Revision_774/beta.c | U | 165 | 169 | 5 | 103049 | 88 | 59 | 100
774 | Revision_774/beta.c | U | 271 | 275 | 5 | 103050 | 88 | 60 | 100
774 | Revision_774/erlang.c | U | 108 | 113 | 6 | 103051 | 89 | 138 | 100
774 | Revision_774/erlang.c | U | 116 | 121 | 6 | 103052 | 89 | 139 | 100
774 | Revision_774/sql.c | U | 464 | 485 | 15 | 103053 | 90 | 182 | 100
774 | Revision_774/tex.c | U | 203 | 224 | 15 | 103054 | 90 | 326 | 100
774 | Revision_774/sql.c | U | 787 | 794 | 8 | 103055 | 91 | 372 | 100
774 | Revision_774/tex.c | U | 349 | 356 | 8 | 103056 | 91 | 345 | 100
774 | Revision_774/sql.c | U | 1413 | 1424 | 5 | 103057 | 92 | 365 | 100
774 | Revision_774/sql.c | U | 1569 | 1574 | 5 | 103058 | 92 | 207 | 100
774 | Revision_774/sql.c | U | 1914 | 1920 | 5 | 103059 | 93 | 201 | 100
774 | Revision_774/sql.c | U | 1943 | 1949 | 5 | 103060 | 93 | 202 | 100
774 | Revision_774/sql.c | U | 2085 | 2143 | 34 | 103061 | 94 | 366 | 100
774 | Revision_774/sql.c | U | 2192 | 2253 | 34 | 103062 | 94 | 367 | 100
774 | Revision_774/sql.c | U | 2331 | 2338 | 7 | 103063 | 95 | 231 | 100
774 | Revision_774/fortran.c | U | 1308 | 1314 | 7 | 103064 | 95 | 86 | 100
774 | Revision_774/parse.c | U | 45 | 53 | 7 | 103065 | 96 | 121 | 100
774 | Revision_774/sml.c | U | 75 | 81 | 7 | 103066 | 96 | 122 | 100
774 | Revision_774/parse.c | U | 100 | 104 | 5 | 103067 | 97 | 61 | 100
774 | Revision_774/parse.c | U | 114 | 118 | 5 | 103068 | 97 | 62 | 100
774 | Revision_774/parse.c | U | 556 | 560 | 5 | 103069 | 98 | 144 | 100
774 | Revision_774/parse.c | U | 575 | 579 | 5 | 103070 | 98 | 145 | 100
774 | Revision_774/readtags.c | U | 541 | 547 | 6 | 103071 | 99 | 82 | 100
774 | Revision_774/readtags.c | U | 549 | 555 | 6 | 103072 | 99 | 83 | 100
774 | Revision_774/readtags.c | U | 740 | 745 | 6 | 103073 | 100 | 64 | 100
774 | Revision_774/readtags.c | U | 765 | 770 | 6 | 103074 | 100 | 77 | 100
774 | Revision_774/tex.c | U | 395 | 399 | 5 | 103075 | 101 | 347 | 100
774 | Revision_774/tex.c | U | 419 | 423 | 5 | 103076 | 101 | 348 | 100
774 | Revision_774/options.c | U | 369 | 375 | 6 | 103077 | 102 | 69 | 100
774 | Revision_774/options.c | U | 378 | 384 | 6 | 103078 | 102 | 70 | 100
774 | Revision_774/options.c | U | 543 | 549 | 7 | 103079 | 103 | 71 | 100
774 | Revision_774/options.c | U | 570 | 576 | 7 | 103080 | 103 | 73 | 100
774 | Revision_774/options.c | U | 561 | 567 | 7 | 103081 | 103 | 74 | 100
774 | Revision_774/options.c | U | 552 | 558 | 7 | 103082 | 103 | 72 | 100
774 | Revision_774/options.c | U | 1102 | 1106 | 5 | 103083 | 104 | 75 | 100
774 | Revision_774/options.c | U | 1108 | 1112 | 5 | 103084 | 104 | 76 | 100
774 | Revision_774/options.c | U | 1154 | 1166 | 12 | 103085 | 105 | 146 | 100
774 | Revision_774/options.c | U | 1171 | 1183 | 12 | 103086 | 105 | 147 | 100
774 | Revision_774/objc.c | U | 578 | 616 | 31 | 103087 | 106 | 389 | 100
774 | Revision_774/objc.c | U | 619 | 657 | 31 | 103088 | 106 | 390 | 100
774 | Revision_774/objc.c | U | 751 | 758 | 7 | 103089 | 107 | 391 | 100
774 | Revision_774/objc.c | U | 771 | 779 | 7 | 103090 | 107 | 392 | 100
774 | Revision_774/objc.c | U | 761 | 768 | 7 | 103091 | 107 | 393 | 100
774 | Revision_774/objc.c | U | 832 | 836 | 5 | 103092 | 108 | 394 | 100
774 | Revision_774/objc.c | U | 910 | 914 | 5 | 103093 | 108 | 395 | 100
774 | Revision_774/objc.c | U | 838 | 843 | 6 | 103094 | 109 | 396 | 100
774 | Revision_774/objc.c | U | 916 | 921 | 6 | 103095 | 109 | 397 | 100
