Revision | filePath | changeType | StartLine | EndLine | Nlines | cloneId | classId | globalCloneId | Similarity
777 | Revision_777/lisp.c | U | 127 | 137 | 9 | 103686 | 1 | 363 | 100
777 | Revision_777/scheme.c | U | 99 | 109 | 9 | 103687 | 1 | 55 | 100
777 | Revision_777/sh.c | U | 103 | 113 | 9 | 103688 | 1 | 54 | 100
777 | Revision_777/matlab.c | U | 35 | 42 | 8 | 103689 | 2 | 319 | 100
777 | Revision_777/ant.c | U | 33 | 40 | 8 | 103690 | 2 | 320 | 100
777 | Revision_777/slang.c | U | 34 | 41 | 8 | 103691 | 2 | 32 | 100
777 | Revision_777/yacc.c | U | 31 | 38 | 8 | 103692 | 2 | 33 | 100
777 | Revision_777/asp.c | U | 72 | 91 | 15 | 103693 | 3 | 1 | 100
777 | Revision_777/asp.c | U | 95 | 114 | 15 | 103694 | 3 | 2 | 100
777 | Revision_777/asp.c | U | 118 | 163 | 40 | 103695 | 4 | 357 | 100
777 | Revision_777/asp.c | U | 165 | 210 | 40 | 103696 | 4 | 358 | 100
777 | Revision_777/asp.c | U | 125 | 137 | 12 | 103697 | 5 | 359 | 100
777 | Revision_777/asp.c | U | 139 | 151 | 12 | 103698 | 5 | 6 | 100
777 | Revision_777/asp.c | U | 172 | 184 | 12 | 103699 | 6 | 360 | 100
777 | Revision_777/asp.c | U | 186 | 198 | 12 | 103700 | 6 | 361 | 100
777 | Revision_777/asp.c | U | 214 | 230 | 14 | 103701 | 7 | 3 | 100
777 | Revision_777/asp.c | U | 272 | 287 | 14 | 103702 | 7 | 362 | 100
777 | Revision_777/asp.c | U | 253 | 268 | 14 | 103703 | 7 | 116 | 100
777 | Revision_777/asp.c | U | 291 | 306 | 14 | 103704 | 7 | 162 | 100
777 | Revision_777/asp.c | U | 234 | 249 | 14 | 103705 | 7 | 6 | 100
777 | Revision_777/asp.c | U | 317 | 325 | 9 | 103706 | 8 | 8 | 100
777 | Revision_777/sml.c | U | 202 | 210 | 9 | 103707 | 8 | 118 | 100
777 | Revision_777/ruby.c | U | 398 | 406 | 9 | 103708 | 8 | 164 | 100
777 | Revision_777/args.c | U | 85 | 92 | 8 | 103709 | 9 | 11 | 100
777 | Revision_777/args.c | U | 160 | 167 | 8 | 103710 | 9 | 12 | 100
777 | Revision_777/c.c | U | 667 | 678 | 13 | 103711 | 10 | 117 | 100
777 | Revision_777/c.c | U | 1171 | 1184 | 13 | 103712 | 10 | 123 | 100
777 | Revision_777/c.c | U | 686 | 697 | 13 | 103713 | 10 | 232 | 100
777 | Revision_777/c.c | U | 824 | 844 | 45 | 103714 | 11 | 157 | 100
777 | Revision_777/c.c | U | 865 | 885 | 45 | 103715 | 11 | 158 | 100
777 | Revision_777/c.c | U | 1411 | 1418 | 7 | 103716 | 12 | 15 | 100
777 | Revision_777/c.c | U | 1421 | 1428 | 7 | 103717 | 12 | 16 | 100
777 | Revision_777/c.c | U | 1781 | 1785 | 5 | 103718 | 13 | 126 | 100
777 | Revision_777/c.c | U | 1790 | 1794 | 5 | 103719 | 13 | 127 | 100
777 | Revision_777/c.c | U | 2251 | 2256 | 6 | 103720 | 14 | 142 | 100
777 | Revision_777/options.c | U | 533 | 538 | 6 | 103721 | 14 | 72 | 100
777 | Revision_777/c.c | U | 2504 | 2508 | 5 | 103722 | 15 | 159 | 100
777 | Revision_777/c.c | U | 2511 | 2515 | 5 | 103723 | 15 | 160 | 100
777 | Revision_777/c.c | U | 2867 | 2876 | 10 | 103724 | 16 | 17 | 100
777 | Revision_777/sql.c | U | 2360 | 2369 | 10 | 103725 | 16 | 102 | 100
777 | Revision_777/c.c | U | 2909 | 2918 | 10 | 103726 | 16 | 18 | 100
777 | Revision_777/eiffel.c | U | 1259 | 1268 | 10 | 103727 | 16 | 19 | 100
777 | Revision_777/verilog.c | U | 330 | 339 | 10 | 103728 | 16 | 156 | 100
777 | Revision_777/c.c | U | 2897 | 2906 | 10 | 103729 | 16 | 128 | 100
777 | Revision_777/eiffel.c | U | 222 | 231 | 8 | 103730 | 17 | 20 | 100
777 | Revision_777/jscript.c | U | 180 | 189 | 8 | 103731 | 17 | 168 | 100
777 | Revision_777/fortran.c | U | 398 | 407 | 8 | 103732 | 17 | 21 | 100
777 | Revision_777/sql.c | U | 409 | 418 | 8 | 103733 | 17 | 103 | 100
777 | Revision_777/tex.c | U | 149 | 158 | 8 | 103734 | 17 | 321 | 100
777 | Revision_777/flex.c | U | 216 | 225 | 8 | 103735 | 17 | 258 | 100
777 | Revision_777/eiffel.c | U | 374 | 383 | 8 | 103736 | 18 | 104 | 100
777 | Revision_777/read.c | U | 452 | 459 | 8 | 103737 | 18 | 350 | 100
777 | Revision_777/eiffel.c | U | 421 | 427 | 7 | 103738 | 19 | 87 | 100
777 | Revision_777/fortran.c | U | 805 | 811 | 7 | 103739 | 19 | 210 | 100
777 | Revision_777/eiffel.c | U | 429 | 434 | 6 | 103740 | 20 | 87 | 100
777 | Revision_777/fortran.c | U | 813 | 818 | 6 | 103741 | 20 | 27 | 100
777 | Revision_777/eiffel.c | U | 691 | 695 | 5 | 103742 | 21 | 106 | 100
777 | Revision_777/sql.c | U | 588 | 592 | 5 | 103743 | 21 | 107 | 100
777 | Revision_777/vhdl.c | U | 457 | 461 | 5 | 103744 | 21 | 236 | 100
777 | Revision_777/eiffel.c | U | 765 | 770 | 6 | 103745 | 22 | 212 | 100
777 | Revision_777/fortran.c | U | 1027 | 1032 | 6 | 103746 | 22 | 213 | 100
777 | Revision_777/eiffel.c | U | 1074 | 1078 | 5 | 103747 | 23 | 85 | 100
777 | Revision_777/fortran.c | U | 1326 | 1330 | 5 | 103748 | 23 | 86 | 100
777 | Revision_777/dosbatch.c | U | 33 | 40 | 8 | 103749 | 24 | 322 | 100
777 | Revision_777/html.c | U | 40 | 47 | 8 | 103750 | 24 | 323 | 100
777 | Revision_777/verilog.c | U | 108 | 118 | 9 | 103751 | 25 | 237 | 100
777 | Revision_777/vhdl.c | U | 573 | 583 | 9 | 103752 | 25 | 238 | 100
777 | Revision_777/verilog.c | U | 142 | 146 | 5 | 103753 | 26 | 224 | 100
777 | Revision_777/fortran.c | U | 969 | 973 | 5 | 103754 | 26 | 225 | 100
777 | Revision_777/jscript.c | U | 208 | 212 | 5 | 103755 | 27 | 173 | 100
777 | Revision_777/vhdl.c | U | 356 | 360 | 5 | 103756 | 27 | 234 | 100
777 | Revision_777/sql.c | U | 436 | 440 | 5 | 103757 | 27 | 174 | 100
777 | Revision_777/flex.c | U | 245 | 249 | 5 | 103758 | 27 | 259 | 100
777 | Revision_777/tex.c | U | 175 | 179 | 5 | 103759 | 27 | 324 | 100
777 | Revision_777/jscript.c | U | 219 | 233 | 12 | 103760 | 28 | 214 | 100
777 | Revision_777/flex.c | U | 256 | 270 | 12 | 103761 | 28 | 260 | 100
777 | Revision_777/jscript.c | U | 221 | 232 | 10 | 103762 | 29 | 214 | 100
777 | Revision_777/vhdl.c | U | 538 | 547 | 10 | 103763 | 29 | 239 | 100
777 | Revision_777/sql.c | U | 449 | 460 | 10 | 103764 | 29 | 109 | 100
777 | Revision_777/tex.c | U | 188 | 199 | 10 | 103765 | 29 | 325 | 100
777 | Revision_777/flex.c | U | 258 | 269 | 10 | 103766 | 29 | 260 | 100
777 | Revision_777/jscript.c | U | 240 | 256 | 12 | 103767 | 30 | 173 | 100
777 | Revision_777/sql.c | U | 468 | 484 | 12 | 103768 | 30 | 176 | 100
777 | Revision_777/tex.c | U | 207 | 223 | 12 | 103769 | 30 | 326 | 100
777 | Revision_777/jscript.c | U | 246 | 254 | 9 | 103770 | 31 | 173 | 100
777 | Revision_777/flex.c | U | 295 | 303 | 9 | 103771 | 31 | 261 | 100
777 | Revision_777/tex.c | U | 213 | 221 | 9 | 103772 | 31 | 327 | 100
777 | Revision_777/sql.c | U | 474 | 482 | 9 | 103773 | 31 | 113 | 100
777 | Revision_777/jscript.c | U | 260 | 284 | 20 | 103774 | 32 | 256 | 100
777 | Revision_777/flex.c | U | 309 | 333 | 20 | 103775 | 32 | 263 | 100
777 | Revision_777/flex.c | U | 359 | 383 | 20 | 103776 | 32 | 262 | 100
777 | Revision_777/jscript.c | U | 287 | 311 | 20 | 103777 | 32 | 179 | 100
777 | Revision_777/jscript.c | U | 267 | 271 | 5 | 103778 | 33 | 168 | 100
777 | Revision_777/flex.c | U | 343 | 347 | 5 | 103779 | 33 | 264 | 100
777 | Revision_777/flex.c | U | 1884 | 1888 | 5 | 103780 | 33 | 265 | 100
777 | Revision_777/jscript.c | U | 1474 | 1478 | 5 | 103781 | 33 | 257 | 100
777 | Revision_777/jscript.c | U | 1391 | 1395 | 5 | 103782 | 33 | 169 | 100
777 | Revision_777/flex.c | U | 316 | 320 | 5 | 103783 | 33 | 266 | 100
777 | Revision_777/flex.c | U | 366 | 370 | 5 | 103784 | 33 | 267 | 100
777 | Revision_777/jscript.c | U | 294 | 298 | 5 | 103785 | 33 | 169 | 100
777 | Revision_777/jscript.c | U | 318 | 336 | 17 | 103786 | 34 | 179 | 100
777 | Revision_777/vhdl.c | U | 368 | 386 | 17 | 103787 | 34 | 240 | 100
777 | Revision_777/tex.c | U | 231 | 249 | 17 | 103788 | 34 | 328 | 100
777 | Revision_777/flex.c | U | 390 | 408 | 17 | 103789 | 34 | 268 | 100
777 | Revision_777/jscript.c | U | 342 | 353 | 12 | 103790 | 35 | 181 | 100
777 | Revision_777/flex.c | U | 414 | 425 | 12 | 103791 | 35 | 269 | 100
777 | Revision_777/sql.c | U | 517 | 528 | 12 | 103792 | 35 | 182 | 100
777 | Revision_777/tex.c | U | 256 | 268 | 12 | 103793 | 35 | 329 | 100
777 | Revision_777/vhdl.c | U | 391 | 402 | 12 | 103794 | 35 | 241 | 100
777 | Revision_777/jscript.c | U | 365 | 369 | 5 | 103795 | 36 | 183 | 100
777 | Revision_777/tex.c | U | 280 | 284 | 5 | 103796 | 36 | 330 | 100
777 | Revision_777/sql.c | U | 540 | 553 | 5 | 103797 | 36 | 182 | 100
777 | Revision_777/vhdl.c | U | 414 | 418 | 5 | 103798 | 36 | 242 | 100
777 | Revision_777/flex.c | U | 437 | 441 | 5 | 103799 | 36 | 270 | 100
777 | Revision_777/jscript.c | U | 405 | 435 | 26 | 103800 | 37 | 253 | 100
777 | Revision_777/sql.c | U | 625 | 655 | 26 | 103801 | 37 | 254 | 100
777 | Revision_777/jscript.c | U | 416 | 427 | 12 | 103802 | 38 | 252 | 100
777 | Revision_777/flex.c | U | 492 | 503 | 12 | 103803 | 38 | 271 | 100
777 | Revision_777/sql.c | U | 636 | 647 | 12 | 103804 | 38 | 102 | 100
777 | Revision_777/jscript.c | U | 441 | 450 | 10 | 103805 | 39 | 252 | 100
777 | Revision_777/tex.c | U | 317 | 326 | 10 | 103806 | 39 | 331 | 100
777 | Revision_777/vhdl.c | U | 467 | 476 | 10 | 103807 | 39 | 236 | 100
777 | Revision_777/flex.c | U | 734 | 743 | 10 | 103808 | 39 | 272 | 100
777 | Revision_777/jscript.c | U | 471 | 501 | 18 | 103809 | 40 | 206 | 100
777 | Revision_777/flex.c | U | 798 | 827 | 18 | 103810 | 40 | 274 | 100
777 | Revision_777/flex.c | U | 765 | 795 | 18 | 103811 | 40 | 273 | 100
777 | Revision_777/jscript.c | U | 504 | 533 | 18 | 103812 | 40 | 215 | 100
777 | Revision_777/jscript.c | U | 482 | 500 | 15 | 103813 | 41 | 228 | 100
777 | Revision_777/sql.c | U | 765 | 783 | 15 | 103814 | 41 | 229 | 100
777 | Revision_777/vhdl.c | U | 514 | 532 | 15 | 103815 | 41 | 245 | 100
777 | Revision_777/flex.c | U | 776 | 794 | 15 | 103816 | 41 | 276 | 100
777 | Revision_777/flex.c | U | 808 | 826 | 15 | 103817 | 41 | 275 | 100
777 | Revision_777/jscript.c | U | 514 | 532 | 15 | 103818 | 41 | 230 | 100
777 | Revision_777/jscript.c | U | 536 | 543 | 7 | 103819 | 42 | 187 | 100
777 | Revision_777/flex.c | U | 830 | 837 | 7 | 103820 | 42 | 277 | 100
777 | Revision_777/jscript.c | U | 546 | 553 | 7 | 103821 | 43 | 187 | 100
777 | Revision_777/flex.c | U | 840 | 847 | 7 | 103822 | 43 | 278 | 100
777 | Revision_777/sql.c | U | 698 | 705 | 7 | 103823 | 43 | 188 | 100
777 | Revision_777/jscript.c | U | 560 | 582 | 13 | 103824 | 44 | 279 | 100
777 | Revision_777/flex.c | U | 854 | 876 | 13 | 103825 | 44 | 280 | 100
777 | Revision_777/jscript.c | U | 696 | 707 | 6 | 103826 | 45 | 192 | 100
777 | Revision_777/sql.c | U | 1032 | 1052 | 6 | 103827 | 45 | 193 | 100
777 | Revision_777/flex.c | U | 2250 | 2256 | 6 | 103828 | 45 | 283 | 100
777 | Revision_777/flex.c | U | 986 | 997 | 6 | 103829 | 45 | 284 | 100
777 | Revision_777/sql.c | U | 937 | 944 | 6 | 103830 | 45 | 349 | 100
777 | Revision_777/sql.c | U | 1623 | 1629 | 6 | 103831 | 45 | 207 | 100
777 | Revision_777/flex.c | U | 2009 | 2015 | 6 | 103832 | 45 | 285 | 100
777 | Revision_777/jscript.c | U | 1101 | 1107 | 6 | 103833 | 45 | 197 | 100
777 | Revision_777/jscript.c | U | 712 | 819 | 30 | 103834 | 46 | 286 | 100
777 | Revision_777/flex.c | U | 1002 | 1109 | 30 | 103835 | 46 | 287 | 100
777 | Revision_777/jscript.c | U | 1118 | 1223 | 45 | 103836 | 47 | 290 | 100
777 | Revision_777/flex.c | U | 1573 | 1678 | 45 | 103837 | 47 | 291 | 100
777 | Revision_777/jscript.c | U | 1251 | 1270 | 7 | 103838 | 48 | 216 | 100
777 | Revision_777/flex.c | U | 1710 | 1729 | 7 | 103839 | 48 | 292 | 100
777 | Revision_777/jscript.c | U | 1316 | 1321 | 6 | 103840 | 49 | 216 | 100
777 | Revision_777/flex.c | U | 1775 | 1780 | 6 | 103841 | 49 | 293 | 100
777 | Revision_777/jscript.c | U | 1341 | 1356 | 7 | 103842 | 50 | 216 | 100
777 | Revision_777/flex.c | U | 1797 | 1812 | 7 | 103843 | 50 | 294 | 100
777 | Revision_777/sql.c | U | 1809 | 1816 | 7 | 103844 | 50 | 198 | 100
777 | Revision_777/jscript.c | U | 1423 | 1451 | 20 | 103845 | 51 | 297 | 100
777 | Revision_777/flex.c | U | 1833 | 1861 | 20 | 103846 | 51 | 298 | 100
777 | Revision_777/jscript.c | U | 1453 | 1493 | 20 | 103847 | 52 | 299 | 100
777 | Revision_777/flex.c | U | 1863 | 1903 | 20 | 103848 | 52 | 300 | 100
777 | Revision_777/jscript.c | U | 1486 | 1490 | 5 | 103849 | 53 | 217 | 100
777 | Revision_777/fortran.c | U | 1899 | 1903 | 5 | 103850 | 53 | 99 | 100
777 | Revision_777/flex.c | U | 1896 | 1900 | 5 | 103851 | 53 | 301 | 100
777 | Revision_777/jscript.c | U | 1594 | 1598 | 5 | 103852 | 54 | 199 | 100
777 | Revision_777/flex.c | U | 2382 | 2386 | 5 | 103853 | 54 | 302 | 100
777 | Revision_777/sql.c | U | 2342 | 2346 | 5 | 103854 | 54 | 200 | 100
777 | Revision_777/tex.c | U | 481 | 485 | 5 | 103855 | 54 | 338 | 100
777 | Revision_777/jscript.c | U | 1601 | 1617 | 14 | 103856 | 55 | 303 | 100
777 | Revision_777/flex.c | U | 2389 | 2405 | 14 | 103857 | 55 | 304 | 100
777 | Revision_777/jscript.c | U | 1621 | 1634 | 10 | 103858 | 56 | 339 | 100
777 | Revision_777/tex.c | U | 501 | 514 | 10 | 103859 | 56 | 340 | 100
777 | Revision_777/gnu_regex/regcomp.c | U | 1277 | 1281 | 5 | 103860 | 57 | 351 | 100
777 | Revision_777/gnu_regex/regcomp.c | U | 1283 | 1287 | 5 | 103861 | 57 | 352 | 100
777 | Revision_777/gnu_regex/regcomp.c | U | 2292 | 2296 | 5 | 103862 | 58 | 353 | 100
777 | Revision_777/gnu_regex/regcomp.c | U | 2298 | 2302 | 5 | 103863 | 58 | 354 | 100
777 | Revision_777/gnu_regex/regex_internal.c | U | 1103 | 1108 | 5 | 103864 | 59 | 355 | 100
777 | Revision_777/gnu_regex/regex_internal.c | U | 1236 | 1241 | 5 | 103865 | 59 | 356 | 100
777 | Revision_777/vim.c | U | 97 | 101 | 5 | 103866 | 60 | 100 | 100
777 | Revision_777/vim.c | U | 103 | 107 | 5 | 103867 | 60 | 101 | 100
777 | Revision_777/vim.c | U | 637 | 645 | 9 | 103868 | 61 | 34 | 100
777 | Revision_777/lua.c | U | 123 | 131 | 9 | 103869 | 61 | 84 | 100
777 | Revision_777/beta.c | U | 311 | 319 | 9 | 103870 | 61 | 36 | 100
777 | Revision_777/python.c | M | 299 | 303 | 5 | 103871 | 62 | 119 | 100
777 | Revision_777/erlang.c | U | 58 | 62 | 5 | 103872 | 62 | 131 | 100
777 | Revision_777/sml.c | U | 84 | 88 | 5 | 103873 | 62 | 120 | 100
777 | Revision_777/python.c | M | 307 | 316 | 9 | 103874 | 63 | 132 | 100
777 | Revision_777/erlang.c | U | 66 | 75 | 9 | 103875 | 63 | 133 | 100
777 | Revision_777/perl.c | U | 372 | 380 | 9 | 103876 | 64 | 39 | 100
777 | Revision_777/erlang.c | U | 179 | 187 | 9 | 103877 | 64 | 135 | 100
777 | Revision_777/tcl.c | U | 106 | 114 | 9 | 103878 | 64 | 134 | 100
777 | Revision_777/sort.c | U | 118 | 123 | 5 | 103879 | 65 | 96 | 100
777 | Revision_777/sort.c | U | 126 | 131 | 5 | 103880 | 65 | 97 | 100
777 | Revision_777/pascal.c | U | 176 | 182 | 6 | 103881 | 66 | 46 | 100
777 | Revision_777/pascal.c | U | 184 | 190 | 6 | 103882 | 66 | 47 | 100
777 | Revision_777/ocaml.c | U | 182 | 191 | 7 | 103883 | 67 | 373 | 100
777 | Revision_777/objc.c | U | 154 | 163 | 7 | 103884 | 67 | 374 | 100
777 | Revision_777/ocaml.c | U | 251 | 257 | 6 | 103885 | 68 | 375 | 100
777 | Revision_777/objc.c | U | 199 | 205 | 6 | 103886 | 68 | 376 | 100
777 | Revision_777/ocaml.c | U | 260 | 280 | 15 | 103887 | 69 | 377 | 100
777 | Revision_777/objc.c | U | 208 | 228 | 15 | 103888 | 69 | 378 | 100
777 | Revision_777/ocaml.c | U | 293 | 301 | 6 | 103889 | 70 | 379 | 100
777 | Revision_777/objc.c | U | 241 | 249 | 6 | 103890 | 70 | 380 | 100
777 | Revision_777/ocaml.c | U | 344 | 359 | 10 | 103891 | 71 | 381 | 100
777 | Revision_777/objc.c | U | 264 | 279 | 10 | 103892 | 71 | 382 | 100
777 | Revision_777/ocaml.c | U | 419 | 431 | 10 | 103893 | 72 | 383 | 100
777 | Revision_777/objc.c | U | 332 | 344 | 10 | 103894 | 72 | 385 | 100
777 | Revision_777/objc.c | U | 318 | 330 | 10 | 103895 | 72 | 384 | 100
777 | Revision_777/ocaml.c | U | 908 | 912 | 5 | 103896 | 73 | 386 | 100
777 | Revision_777/objc.c | U | 484 | 488 | 5 | 103897 | 73 | 387 | 100
777 | Revision_777/ocaml.c | U | 1882 | 1892 | 10 | 103898 | 74 | 364 | 100
777 | Revision_777/vhdl.c | U | 824 | 833 | 10 | 103899 | 74 | 248 | 100
777 | Revision_777/objc.c | U | 1137 | 1147 | 10 | 103900 | 74 | 388 | 100
777 | Revision_777/routines.c | U | 288 | 295 | 8 | 103901 | 75 | 90 | 100
777 | Revision_777/readtags.c | U | 106 | 113 | 8 | 103902 | 75 | 79 | 100
777 | Revision_777/routines.c | U | 298 | 305 | 8 | 103903 | 76 | 91 | 100
777 | Revision_777/readtags.c | U | 116 | 123 | 8 | 103904 | 76 | 81 | 100
777 | Revision_777/routines.c | U | 329 | 335 | 6 | 103905 | 77 | 92 | 100
777 | Revision_777/routines.c | U | 338 | 344 | 6 | 103906 | 77 | 93 | 100
777 | Revision_777/routines.c | U | 349 | 356 | 8 | 103907 | 78 | 94 | 100
777 | Revision_777/routines.c | U | 361 | 368 | 8 | 103908 | 78 | 95 | 100
777 | Revision_777/flex.c | U | 599 | 606 | 8 | 103909 | 79 | 316 | 100
777 | Revision_777/flex.c | U | 638 | 645 | 8 | 103910 | 79 | 315 | 100
777 | Revision_777/flex.c | U | 652 | 659 | 8 | 103911 | 79 | 313 | 100
777 | Revision_777/flex.c | U | 703 | 710 | 8 | 103912 | 79 | 368 | 100
777 | Revision_777/flex.c | U | 664 | 671 | 8 | 103913 | 79 | 308 | 100
777 | Revision_777/flex.c | U | 610 | 629 | 18 | 103914 | 80 | 369 | 100
777 | Revision_777/flex.c | U | 675 | 694 | 18 | 103915 | 80 | 370 | 100
777 | Revision_777/flex.c | U | 623 | 628 | 6 | 103916 | 81 | 311 | 100
777 | Revision_777/flex.c | U | 631 | 636 | 6 | 103917 | 81 | 311 | 100
777 | Revision_777/flex.c | U | 696 | 701 | 6 | 103918 | 81 | 272 | 100
777 | Revision_777/flex.c | U | 688 | 693 | 6 | 103919 | 81 | 371 | 100
777 | Revision_777/vhdl.c | U | 342 | 351 | 10 | 103920 | 82 | 234 | 100
777 | Revision_777/tex.c | U | 161 | 172 | 10 | 103921 | 82 | 346 | 100
777 | Revision_777/vhdl.c | U | 536 | 548 | 12 | 103922 | 83 | 239 | 100
777 | Revision_777/sql.c | U | 447 | 461 | 12 | 103923 | 83 | 105 | 100
777 | Revision_777/tex.c | U | 186 | 200 | 12 | 103924 | 83 | 325 | 100
777 | Revision_777/vhdl.c | U | 611 | 615 | 5 | 103925 | 84 | 246 | 100
777 | Revision_777/vhdl.c | U | 620 | 624 | 5 | 103926 | 84 | 246 | 100
777 | Revision_777/vhdl.c | U | 724 | 741 | 15 | 103927 | 85 | 255 | 100
777 | Revision_777/vhdl.c | U | 743 | 760 | 15 | 103928 | 85 | 250 | 100
777 | Revision_777/vhdl.c | U | 813 | 821 | 7 | 103929 | 86 | 248 | 100
777 | Revision_777/sql.c | U | 2349 | 2357 | 7 | 103930 | 86 | 249 | 100
777 | Revision_777/beta.c | U | 152 | 156 | 5 | 103931 | 87 | 56 | 100
777 | Revision_777/beta.c | U | 158 | 162 | 5 | 103932 | 87 | 58 | 100
777 | Revision_777/beta.c | U | 277 | 281 | 5 | 103933 | 87 | 57 | 100
777 | Revision_777/beta.c | U | 165 | 169 | 5 | 103934 | 88 | 59 | 100
777 | Revision_777/beta.c | U | 271 | 275 | 5 | 103935 | 88 | 60 | 100
777 | Revision_777/erlang.c | U | 108 | 113 | 6 | 103936 | 89 | 138 | 100
777 | Revision_777/erlang.c | U | 116 | 121 | 6 | 103937 | 89 | 139 | 100
777 | Revision_777/sql.c | U | 464 | 485 | 15 | 103938 | 90 | 182 | 100
777 | Revision_777/tex.c | U | 203 | 224 | 15 | 103939 | 90 | 326 | 100
777 | Revision_777/sql.c | U | 787 | 794 | 8 | 103940 | 91 | 372 | 100
777 | Revision_777/tex.c | U | 349 | 356 | 8 | 103941 | 91 | 345 | 100
777 | Revision_777/sql.c | U | 1413 | 1424 | 5 | 103942 | 92 | 365 | 100
777 | Revision_777/sql.c | U | 1569 | 1574 | 5 | 103943 | 92 | 207 | 100
777 | Revision_777/sql.c | U | 1914 | 1920 | 5 | 103944 | 93 | 201 | 100
777 | Revision_777/sql.c | U | 1943 | 1949 | 5 | 103945 | 93 | 202 | 100
777 | Revision_777/sql.c | U | 2085 | 2143 | 34 | 103946 | 94 | 366 | 100
777 | Revision_777/sql.c | U | 2192 | 2253 | 34 | 103947 | 94 | 367 | 100
777 | Revision_777/sql.c | U | 2331 | 2338 | 7 | 103948 | 95 | 231 | 100
777 | Revision_777/fortran.c | U | 1308 | 1314 | 7 | 103949 | 95 | 86 | 100
777 | Revision_777/parse.c | U | 45 | 53 | 7 | 103950 | 96 | 121 | 100
777 | Revision_777/sml.c | U | 75 | 81 | 7 | 103951 | 96 | 122 | 100
777 | Revision_777/parse.c | U | 100 | 104 | 5 | 103952 | 97 | 61 | 100
777 | Revision_777/parse.c | U | 114 | 118 | 5 | 103953 | 97 | 62 | 100
777 | Revision_777/parse.c | U | 556 | 560 | 5 | 103954 | 98 | 144 | 100
777 | Revision_777/parse.c | U | 575 | 579 | 5 | 103955 | 98 | 145 | 100
777 | Revision_777/readtags.c | U | 541 | 547 | 6 | 103956 | 99 | 82 | 100
777 | Revision_777/readtags.c | U | 549 | 555 | 6 | 103957 | 99 | 83 | 100
777 | Revision_777/readtags.c | U | 740 | 745 | 6 | 103958 | 100 | 64 | 100
777 | Revision_777/readtags.c | U | 765 | 770 | 6 | 103959 | 100 | 77 | 100
777 | Revision_777/tex.c | U | 395 | 399 | 5 | 103960 | 101 | 347 | 100
777 | Revision_777/tex.c | U | 419 | 423 | 5 | 103961 | 101 | 348 | 100
777 | Revision_777/options.c | U | 369 | 375 | 6 | 103962 | 102 | 69 | 100
777 | Revision_777/options.c | U | 378 | 384 | 6 | 103963 | 102 | 70 | 100
777 | Revision_777/options.c | U | 543 | 549 | 7 | 103964 | 103 | 71 | 100
777 | Revision_777/options.c | U | 552 | 558 | 7 | 103965 | 103 | 72 | 100
777 | Revision_777/options.c | U | 570 | 576 | 7 | 103966 | 103 | 73 | 100
777 | Revision_777/options.c | U | 561 | 567 | 7 | 103967 | 103 | 74 | 100
777 | Revision_777/options.c | U | 1102 | 1106 | 5 | 103968 | 104 | 75 | 100
777 | Revision_777/options.c | U | 1108 | 1112 | 5 | 103969 | 104 | 76 | 100
777 | Revision_777/options.c | U | 1154 | 1166 | 12 | 103970 | 105 | 146 | 100
777 | Revision_777/options.c | U | 1171 | 1183 | 12 | 103971 | 105 | 147 | 100
777 | Revision_777/objc.c | U | 578 | 616 | 31 | 103972 | 106 | 389 | 100
777 | Revision_777/objc.c | U | 619 | 657 | 31 | 103973 | 106 | 390 | 100
777 | Revision_777/objc.c | U | 751 | 758 | 7 | 103974 | 107 | 391 | 100
777 | Revision_777/objc.c | U | 761 | 768 | 7 | 103975 | 107 | 393 | 100
777 | Revision_777/objc.c | U | 771 | 779 | 7 | 103976 | 107 | 392 | 100
777 | Revision_777/objc.c | U | 832 | 836 | 5 | 103977 | 108 | 394 | 100
777 | Revision_777/objc.c | U | 910 | 914 | 5 | 103978 | 108 | 395 | 100
777 | Revision_777/objc.c | U | 838 | 843 | 6 | 103979 | 109 | 396 | 100
777 | Revision_777/objc.c | U | 916 | 921 | 6 | 103980 | 109 | 397 | 100
