Revision | filePath | changeType | StartLine | EndLine | Nlines | cloneId | classId | globalCloneId | Similarity
808 | Revision_808/ant.c | U | 33 | 40 | 8 | 87785 | 1 | 264 | 100
808 | Revision_808/yacc.c | U | 31 | 38 | 8 | 87786 | 1 | 55 | 100
808 | Revision_808/matlab.c | U | 35 | 42 | 8 | 87787 | 1 | 265 | 100
808 | Revision_808/slang.c | U | 34 | 41 | 8 | 87788 | 1 | 54 | 100
808 | Revision_808/args.c | U | 85 | 92 | 8 | 87789 | 2 | 1 | 100
808 | Revision_808/args.c | U | 160 | 167 | 8 | 87790 | 2 | 2 | 100
808 | Revision_808/asp.c | U | 72 | 91 | 15 | 87791 | 3 | 8 | 100
808 | Revision_808/asp.c | U | 95 | 114 | 15 | 87792 | 3 | 9 | 100
808 | Revision_808/asp.c | U | 118 | 163 | 40 | 87793 | 4 | 301 | 100
808 | Revision_808/asp.c | U | 165 | 210 | 40 | 87794 | 4 | 302 | 100
808 | Revision_808/asp.c | U | 125 | 137 | 12 | 87795 | 5 | 303 | 100
808 | Revision_808/asp.c | U | 139 | 151 | 12 | 87796 | 5 | 12 | 100
808 | Revision_808/asp.c | U | 172 | 184 | 12 | 87797 | 6 | 304 | 100
808 | Revision_808/asp.c | U | 186 | 198 | 12 | 87798 | 6 | 305 | 100
808 | Revision_808/asp.c | U | 214 | 230 | 14 | 87799 | 7 | 10 | 100
808 | Revision_808/asp.c | U | 234 | 249 | 14 | 87800 | 7 | 12 | 100
808 | Revision_808/asp.c | U | 253 | 268 | 14 | 87801 | 7 | 87 | 100
808 | Revision_808/asp.c | U | 272 | 287 | 14 | 87802 | 7 | 306 | 100
808 | Revision_808/asp.c | U | 291 | 306 | 14 | 87803 | 7 | 114 | 100
808 | Revision_808/asp.c | U | 317 | 325 | 9 | 87804 | 8 | 15 | 100
808 | Revision_808/ruby.c | U | 398 | 406 | 9 | 87805 | 8 | 116 | 100
808 | Revision_808/sml.c | U | 202 | 210 | 9 | 87806 | 8 | 88 | 100
808 | Revision_808/vim.c | U | 731 | 739 | 9 | 87807 | 8 | 343 | 100
808 | Revision_808/beta.c | U | 152 | 156 | 5 | 87808 | 9 | 18 | 100
808 | Revision_808/beta.c | U | 277 | 281 | 5 | 87809 | 9 | 19 | 100
808 | Revision_808/beta.c | U | 158 | 162 | 5 | 87810 | 9 | 20 | 100
808 | Revision_808/beta.c | U | 165 | 169 | 5 | 87811 | 10 | 21 | 100
808 | Revision_808/beta.c | U | 271 | 275 | 5 | 87812 | 10 | 22 | 100
808 | Revision_808/beta.c | U | 311 | 319 | 9 | 87813 | 11 | 23 | 100
808 | Revision_808/lua.c | U | 123 | 131 | 9 | 87814 | 11 | 65 | 100
808 | Revision_808/dosbatch.c | U | 33 | 40 | 8 | 87815 | 12 | 266 | 100
808 | Revision_808/html.c | U | 40 | 47 | 8 | 87816 | 12 | 267 | 100
808 | Revision_808/erlang.c | U | 58 | 62 | 5 | 87817 | 13 | 94 | 100
808 | Revision_808/python.c | U | 299 | 303 | 5 | 87818 | 13 | 91 | 100
808 | Revision_808/sml.c | U | 84 | 88 | 5 | 87819 | 13 | 92 | 100
808 | Revision_808/erlang.c | U | 66 | 75 | 9 | 87820 | 14 | 95 | 100
808 | Revision_808/python.c | U | 307 | 316 | 9 | 87821 | 14 | 96 | 100
808 | Revision_808/erlang.c | U | 108 | 113 | 6 | 87822 | 15 | 101 | 100
808 | Revision_808/erlang.c | U | 116 | 121 | 6 | 87823 | 15 | 102 | 100
808 | Revision_808/erlang.c | U | 179 | 187 | 9 | 87824 | 16 | 99 | 100
808 | Revision_808/perl.c | U | 489 | 497 | 9 | 87825 | 16 | 6 | 100
808 | Revision_808/tcl.c | U | 106 | 114 | 9 | 87826 | 16 | 100 | 100
808 | Revision_808/flex.c | U | 216 | 225 | 8 | 87827 | 17 | 204 | 100
808 | Revision_808/jscript.c | U | 185 | 194 | 8 | 87828 | 17 | 122 | 100
808 | Revision_808/tex.c | U | 160 | 169 | 8 | 87829 | 17 | 268 | 100
808 | Revision_808/sql.c | U | 409 | 418 | 8 | 87830 | 17 | 123 | 100
808 | Revision_808/flex.c | U | 245 | 249 | 5 | 87831 | 18 | 205 | 100
808 | Revision_808/jscript.c | U | 213 | 217 | 5 | 87832 | 18 | 125 | 100
808 | Revision_808/tex.c | U | 186 | 190 | 5 | 87833 | 18 | 271 | 100
808 | Revision_808/sql.c | U | 436 | 440 | 5 | 87834 | 18 | 126 | 100
808 | Revision_808/vhdl.c | U | 356 | 360 | 5 | 87835 | 18 | 181 | 100
808 | Revision_808/flex.c | U | 258 | 269 | 10 | 87836 | 19 | 206 | 100
808 | Revision_808/sql.c | U | 449 | 460 | 10 | 87837 | 19 | 130 | 100
808 | Revision_808/vhdl.c | U | 538 | 547 | 10 | 87838 | 19 | 180 | 100
808 | Revision_808/flex.c | U | 295 | 303 | 9 | 87839 | 20 | 207 | 100
808 | Revision_808/sql.c | U | 474 | 482 | 9 | 87840 | 20 | 138 | 100
808 | Revision_808/flex.c | U | 309 | 333 | 20 | 87841 | 21 | 208 | 100
808 | Revision_808/jscript.c | U | 295 | 319 | 20 | 87842 | 21 | 133 | 100
808 | Revision_808/flex.c | U | 359 | 383 | 20 | 87843 | 21 | 209 | 100
808 | Revision_808/jscript.c | U | 268 | 292 | 20 | 87844 | 21 | 202 | 100
808 | Revision_808/flex.c | U | 316 | 320 | 5 | 87845 | 22 | 210 | 100
808 | Revision_808/jscript.c | U | 1453 | 1457 | 5 | 87846 | 22 | 122 | 100
808 | Revision_808/flex.c | U | 1884 | 1888 | 5 | 87847 | 22 | 211 | 100
808 | Revision_808/flex.c | U | 343 | 347 | 5 | 87848 | 22 | 212 | 100
808 | Revision_808/jscript.c | U | 1536 | 1540 | 5 | 87849 | 22 | 203 | 100
808 | Revision_808/jscript.c | U | 302 | 306 | 5 | 87850 | 22 | 131 | 100
808 | Revision_808/flex.c | U | 366 | 370 | 5 | 87851 | 22 | 213 | 100
808 | Revision_808/jscript.c | U | 275 | 279 | 5 | 87852 | 22 | 131 | 100
808 | Revision_808/flex.c | U | 390 | 408 | 17 | 87853 | 23 | 214 | 100
808 | Revision_808/vhdl.c | U | 368 | 386 | 17 | 87854 | 23 | 182 | 100
808 | Revision_808/jscript.c | U | 326 | 345 | 17 | 87855 | 23 | 133 | 100
808 | Revision_808/flex.c | U | 414 | 425 | 12 | 87856 | 24 | 215 | 100
808 | Revision_808/jscript.c | U | 377 | 388 | 12 | 87857 | 24 | 135 | 100
808 | Revision_808/vhdl.c | U | 391 | 402 | 12 | 87858 | 24 | 183 | 100
808 | Revision_808/sql.c | U | 517 | 528 | 12 | 87859 | 24 | 136 | 100
808 | Revision_808/tex.c | U | 289 | 301 | 12 | 87860 | 24 | 275 | 100
808 | Revision_808/flex.c | U | 437 | 441 | 5 | 87861 | 25 | 216 | 100
808 | Revision_808/vhdl.c | U | 414 | 418 | 5 | 87862 | 25 | 184 | 100
808 | Revision_808/tex.c | U | 313 | 317 | 5 | 87863 | 25 | 276 | 100
808 | Revision_808/sql.c | U | 540 | 553 | 5 | 87864 | 25 | 136 | 100
808 | Revision_808/flex.c | U | 492 | 503 | 12 | 87865 | 26 | 219 | 100
808 | Revision_808/jscript.c | U | 470 | 481 | 12 | 87866 | 26 | 198 | 100
808 | Revision_808/sql.c | U | 636 | 647 | 12 | 87867 | 26 | 110 | 100
808 | Revision_808/flex.c | U | 599 | 606 | 8 | 87868 | 27 | 228 | 100
808 | Revision_808/flex.c | U | 664 | 671 | 8 | 87869 | 27 | 312 | 100
808 | Revision_808/flex.c | U | 703 | 710 | 8 | 87870 | 27 | 221 | 100
808 | Revision_808/flex.c | U | 638 | 645 | 8 | 87871 | 27 | 225 | 100
808 | Revision_808/flex.c | U | 652 | 659 | 8 | 87872 | 27 | 229 | 100
808 | Revision_808/flex.c | U | 610 | 629 | 18 | 87873 | 28 | 313 | 100
808 | Revision_808/flex.c | U | 675 | 694 | 18 | 87874 | 28 | 314 | 100
808 | Revision_808/flex.c | U | 623 | 628 | 6 | 87875 | 29 | 224 | 100
808 | Revision_808/flex.c | U | 696 | 701 | 6 | 87876 | 29 | 232 | 100
808 | Revision_808/flex.c | U | 631 | 636 | 6 | 87877 | 29 | 224 | 100
808 | Revision_808/flex.c | U | 688 | 693 | 6 | 87878 | 29 | 315 | 100
808 | Revision_808/flex.c | U | 734 | 743 | 10 | 87879 | 30 | 232 | 100
808 | Revision_808/tex.c | U | 342 | 351 | 10 | 87880 | 30 | 277 | 100
808 | Revision_808/jscript.c | U | 495 | 504 | 10 | 87881 | 30 | 198 | 100
808 | Revision_808/vhdl.c | U | 467 | 476 | 10 | 87882 | 30 | 189 | 100
808 | Revision_808/flex.c | U | 765 | 795 | 18 | 87883 | 31 | 233 | 100
808 | Revision_808/jscript.c | U | 560 | 589 | 18 | 87884 | 31 | 166 | 100
808 | Revision_808/jscript.c | U | 527 | 557 | 18 | 87885 | 31 | 161 | 100
808 | Revision_808/flex.c | U | 798 | 827 | 18 | 87886 | 31 | 234 | 100
808 | Revision_808/flex.c | U | 776 | 794 | 15 | 87887 | 32 | 235 | 100
808 | Revision_808/vhdl.c | U | 514 | 532 | 15 | 87888 | 32 | 187 | 100
808 | Revision_808/sql.c | U | 765 | 783 | 15 | 87889 | 32 | 177 | 100
808 | Revision_808/flex.c | U | 808 | 826 | 15 | 87890 | 32 | 236 | 100
808 | Revision_808/jscript.c | U | 570 | 588 | 15 | 87891 | 32 | 178 | 100
808 | Revision_808/jscript.c | U | 538 | 556 | 15 | 87892 | 32 | 176 | 100
808 | Revision_808/flex.c | U | 830 | 837 | 7 | 87893 | 33 | 237 | 100
808 | Revision_808/jscript.c | U | 592 | 599 | 7 | 87894 | 33 | 142 | 100
808 | Revision_808/flex.c | U | 840 | 847 | 7 | 87895 | 34 | 238 | 100
808 | Revision_808/sql.c | U | 698 | 705 | 7 | 87896 | 34 | 143 | 100
808 | Revision_808/jscript.c | U | 602 | 609 | 7 | 87897 | 34 | 142 | 100
808 | Revision_808/flex.c | U | 986 | 997 | 6 | 87898 | 35 | 243 | 100
808 | Revision_808/jscript.c | U | 753 | 764 | 6 | 87899 | 35 | 147 | 100
808 | Revision_808/flex.c | U | 2250 | 2256 | 6 | 87900 | 35 | 244 | 100
808 | Revision_808/sql.c | U | 1623 | 1629 | 6 | 87901 | 35 | 162 | 100
808 | Revision_808/jscript.c | U | 1156 | 1162 | 6 | 87902 | 35 | 152 | 100
808 | Revision_808/sql.c | U | 937 | 944 | 6 | 87903 | 35 | 294 | 100
808 | Revision_808/flex.c | U | 2009 | 2015 | 6 | 87904 | 35 | 245 | 100
808 | Revision_808/sql.c | U | 1032 | 1052 | 6 | 87905 | 35 | 148 | 100
808 | Revision_808/flex.c | U | 1582 | 1590 | 8 | 87906 | 36 | 344 | 100
808 | Revision_808/jscript.c | U | 1182 | 1190 | 8 | 87907 | 36 | 345 | 100
808 | Revision_808/flex.c | U | 1652 | 1674 | 10 | 87908 | 37 | 252 | 100
808 | Revision_808/jscript.c | U | 1255 | 1277 | 10 | 87909 | 37 | 348 | 100
808 | Revision_808/flex.c | U | 1710 | 1729 | 7 | 87910 | 38 | 252 | 100
808 | Revision_808/jscript.c | U | 1309 | 1328 | 7 | 87911 | 38 | 167 | 100
808 | Revision_808/flex.c | U | 1775 | 1780 | 6 | 87912 | 39 | 253 | 100
808 | Revision_808/jscript.c | U | 1374 | 1379 | 6 | 87913 | 39 | 167 | 100
808 | Revision_808/flex.c | U | 1797 | 1812 | 7 | 87914 | 40 | 254 | 100
808 | Revision_808/sql.c | U | 1809 | 1816 | 7 | 87915 | 40 | 153 | 100
808 | Revision_808/flex.c | U | 1849 | 1859 | 10 | 87916 | 41 | 349 | 100
808 | Revision_808/jscript.c | U | 1499 | 1509 | 10 | 87917 | 41 | 350 | 100
808 | Revision_808/flex.c | U | 1863 | 1903 | 20 | 87918 | 42 | 259 | 100
808 | Revision_808/jscript.c | U | 1515 | 1555 | 20 | 87919 | 42 | 260 | 100
808 | Revision_808/flex.c | U | 2382 | 2386 | 5 | 87920 | 43 | 261 | 100
808 | Revision_808/jscript.c | A | 1706 | 1710 | 5 | 87921 | 43 | 154 | 100
808 | Revision_808/sql.c | U | 2342 | 2346 | 5 | 87922 | 43 | 155 | 100
808 | Revision_808/gnu_regex/regcomp.c | U | 1277 | 1281 | 5 | 87923 | 44 | 295 | 100
808 | Revision_808/gnu_regex/regcomp.c | U | 1283 | 1287 | 5 | 87924 | 44 | 296 | 100
808 | Revision_808/gnu_regex/regcomp.c | U | 2292 | 2296 | 5 | 87925 | 45 | 297 | 100
808 | Revision_808/gnu_regex/regcomp.c | U | 2298 | 2302 | 5 | 87926 | 45 | 298 | 100
808 | Revision_808/gnu_regex/regex_internal.c | U | 1103 | 1108 | 5 | 87927 | 46 | 299 | 100
808 | Revision_808/gnu_regex/regex_internal.c | U | 1236 | 1241 | 5 | 87928 | 46 | 300 | 100
808 | Revision_808/jscript.c | U | 468 | 487 | 18 | 87929 | 47 | 176 | 100
808 | Revision_808/sql.c | U | 634 | 653 | 18 | 87930 | 47 | 351 | 100
808 | Revision_808/jscript.c | A | 1734 | 1747 | 10 | 87931 | 48 | 288 | 100
808 | Revision_808/tex.c | U | 570 | 583 | 10 | 87932 | 48 | 289 | 100
808 | Revision_808/lisp.c | U | 127 | 137 | 9 | 87933 | 49 | 307 | 100
808 | Revision_808/sh.c | U | 103 | 113 | 9 | 87934 | 49 | 53 | 100
808 | Revision_808/scheme.c | U | 99 | 109 | 9 | 87935 | 49 | 52 | 100
808 | Revision_808/objc.c | U | 154 | 163 | 7 | 87936 | 50 | 317 | 100
808 | Revision_808/ocaml.c | U | 182 | 191 | 7 | 87937 | 50 | 318 | 100
808 | Revision_808/objc.c | U | 199 | 205 | 6 | 87938 | 51 | 319 | 100
808 | Revision_808/ocaml.c | U | 251 | 257 | 6 | 87939 | 51 | 320 | 100
808 | Revision_808/objc.c | U | 208 | 228 | 15 | 87940 | 52 | 321 | 100
808 | Revision_808/ocaml.c | U | 260 | 280 | 15 | 87941 | 52 | 322 | 100
808 | Revision_808/objc.c | U | 241 | 249 | 6 | 87942 | 53 | 323 | 100
808 | Revision_808/ocaml.c | U | 293 | 301 | 6 | 87943 | 53 | 324 | 100
808 | Revision_808/objc.c | U | 264 | 279 | 10 | 87944 | 54 | 325 | 100
808 | Revision_808/ocaml.c | U | 344 | 359 | 10 | 87945 | 54 | 326 | 100
808 | Revision_808/objc.c | U | 318 | 330 | 10 | 87946 | 55 | 327 | 100
808 | Revision_808/objc.c | U | 332 | 344 | 10 | 87947 | 55 | 329 | 100
808 | Revision_808/ocaml.c | U | 419 | 431 | 10 | 87948 | 55 | 328 | 100
808 | Revision_808/objc.c | U | 484 | 488 | 5 | 87949 | 56 | 330 | 100
808 | Revision_808/ocaml.c | U | 908 | 912 | 5 | 87950 | 56 | 331 | 100
808 | Revision_808/objc.c | U | 576 | 614 | 31 | 87951 | 57 | 332 | 100
808 | Revision_808/objc.c | U | 617 | 655 | 31 | 87952 | 57 | 333 | 100
808 | Revision_808/objc.c | U | 747 | 754 | 7 | 87953 | 58 | 334 | 100
808 | Revision_808/objc.c | U | 767 | 775 | 7 | 87954 | 58 | 336 | 100
808 | Revision_808/objc.c | U | 757 | 764 | 7 | 87955 | 58 | 335 | 100
808 | Revision_808/objc.c | U | 828 | 832 | 5 | 87956 | 59 | 337 | 100
808 | Revision_808/objc.c | U | 904 | 908 | 5 | 87957 | 59 | 338 | 100
808 | Revision_808/objc.c | U | 834 | 839 | 6 | 87958 | 60 | 337 | 100
808 | Revision_808/objc.c | U | 910 | 915 | 6 | 87959 | 60 | 338 | 100
808 | Revision_808/objc.c | U | 1141 | 1151 | 10 | 87960 | 61 | 341 | 100
808 | Revision_808/vhdl.c | U | 824 | 833 | 10 | 87961 | 61 | 191 | 100
808 | Revision_808/ocaml.c | U | 1888 | 1898 | 10 | 87962 | 61 | 308 | 100
808 | Revision_808/options.c | U | 369 | 375 | 6 | 87963 | 62 | 36 | 100
808 | Revision_808/options.c | U | 378 | 384 | 6 | 87964 | 62 | 37 | 100
808 | Revision_808/options.c | U | 543 | 549 | 7 | 87965 | 63 | 38 | 100
808 | Revision_808/options.c | U | 552 | 558 | 7 | 87966 | 63 | 39 | 100
808 | Revision_808/options.c | U | 561 | 567 | 7 | 87967 | 63 | 40 | 100
808 | Revision_808/options.c | U | 570 | 576 | 7 | 87968 | 63 | 41 | 100
808 | Revision_808/options.c | U | 1102 | 1106 | 5 | 87969 | 64 | 42 | 100
808 | Revision_808/options.c | U | 1108 | 1112 | 5 | 87970 | 64 | 42 | 100
808 | Revision_808/options.c | U | 1154 | 1166 | 12 | 87971 | 65 | 103 | 100
808 | Revision_808/options.c | U | 1171 | 1183 | 12 | 87972 | 65 | 104 | 100
808 | Revision_808/parse.c | U | 45 | 53 | 7 | 87973 | 66 | 89 | 100
808 | Revision_808/sml.c | U | 75 | 81 | 7 | 87974 | 66 | 90 | 100
808 | Revision_808/parse.c | U | 100 | 104 | 5 | 87975 | 67 | 44 | 100
808 | Revision_808/parse.c | U | 114 | 118 | 5 | 87976 | 67 | 45 | 100
808 | Revision_808/parse.c | U | 556 | 560 | 5 | 87977 | 68 | 106 | 100
808 | Revision_808/parse.c | U | 575 | 579 | 5 | 87978 | 68 | 107 | 100
808 | Revision_808/pascal.c | U | 176 | 182 | 6 | 87979 | 69 | 46 | 100
808 | Revision_808/pascal.c | U | 184 | 190 | 6 | 87980 | 69 | 47 | 100
808 | Revision_808/perl.c | U | 327 | 333 | 7 | 87981 | 70 | 6 | 100
808 | Revision_808/perl.c | U | 400 | 407 | 7 | 87982 | 70 | 352 | 100
808 | Revision_808/readtags.c | U | 106 | 113 | 8 | 87983 | 71 | 60 | 100
808 | Revision_808/routines.c | U | 288 | 295 | 8 | 87984 | 71 | 66 | 100
808 | Revision_808/readtags.c | U | 116 | 123 | 8 | 87985 | 72 | 62 | 100
808 | Revision_808/routines.c | U | 298 | 305 | 8 | 87986 | 72 | 67 | 100
808 | Revision_808/readtags.c | U | 541 | 547 | 6 | 87987 | 73 | 63 | 100
808 | Revision_808/readtags.c | U | 549 | 555 | 6 | 87988 | 73 | 64 | 100
808 | Revision_808/readtags.c | U | 740 | 745 | 6 | 87989 | 74 | 51 | 100
808 | Revision_808/readtags.c | U | 765 | 770 | 6 | 87990 | 74 | 58 | 100
808 | Revision_808/routines.c | U | 329 | 335 | 6 | 87991 | 75 | 68 | 100
808 | Revision_808/routines.c | U | 338 | 344 | 6 | 87992 | 75 | 69 | 100
808 | Revision_808/routines.c | U | 349 | 356 | 8 | 87993 | 76 | 70 | 100
808 | Revision_808/routines.c | U | 361 | 368 | 8 | 87994 | 76 | 71 | 100
808 | Revision_808/sort.c | U | 118 | 123 | 5 | 87995 | 77 | 72 | 100
808 | Revision_808/sort.c | U | 126 | 131 | 5 | 87996 | 77 | 73 | 100
808 | Revision_808/sql.c | U | 447 | 461 | 12 | 87997 | 78 | 132 | 100
808 | Revision_808/vhdl.c | U | 536 | 548 | 12 | 87998 | 78 | 180 | 100
808 | Revision_808/sql.c | U | 588 | 592 | 5 | 87999 | 79 | 188 | 100
808 | Revision_808/vhdl.c | U | 457 | 461 | 5 | 88000 | 79 | 189 | 100
808 | Revision_808/sql.c | U | 787 | 794 | 8 | 88001 | 80 | 316 | 100
808 | Revision_808/tex.c | U | 374 | 381 | 8 | 88002 | 80 | 290 | 100
808 | Revision_808/sql.c | U | 1413 | 1424 | 5 | 88003 | 81 | 309 | 100
808 | Revision_808/sql.c | U | 1569 | 1574 | 5 | 88004 | 81 | 162 | 100
808 | Revision_808/sql.c | U | 1914 | 1920 | 5 | 88005 | 82 | 156 | 100
808 | Revision_808/sql.c | U | 1943 | 1949 | 5 | 88006 | 82 | 157 | 100
808 | Revision_808/sql.c | U | 2085 | 2143 | 34 | 88007 | 83 | 310 | 100
808 | Revision_808/sql.c | U | 2192 | 2253 | 34 | 88008 | 83 | 311 | 100
808 | Revision_808/sql.c | U | 2349 | 2357 | 7 | 88009 | 84 | 190 | 100
808 | Revision_808/vhdl.c | U | 813 | 821 | 7 | 88010 | 84 | 191 | 100
808 | Revision_808/sql.c | U | 2360 | 2369 | 10 | 88011 | 85 | 111 | 100
808 | Revision_808/verilog.c | U | 330 | 339 | 10 | 88012 | 85 | 112 | 100
808 | Revision_808/tex.c | U | 172 | 183 | 10 | 88013 | 86 | 291 | 100
808 | Revision_808/vhdl.c | U | 342 | 351 | 10 | 88014 | 86 | 181 | 100
808 | Revision_808/tex.c | U | 232 | 237 | 6 | 88015 | 87 | 342 | 100
808 | Revision_808/tex.c | U | 242 | 247 | 6 | 88016 | 87 | 342 | 100
808 | Revision_808/tex.c | U | 237 | 242 | 6 | 88017 | 87 | 342 | 100
808 | Revision_808/tex.c | U | 420 | 424 | 5 | 88018 | 88 | 292 | 100
808 | Revision_808/tex.c | U | 444 | 448 | 5 | 88019 | 88 | 293 | 100
808 | Revision_808/verilog.c | U | 108 | 118 | 9 | 88020 | 89 | 192 | 100
808 | Revision_808/vhdl.c | U | 573 | 583 | 9 | 88021 | 89 | 193 | 100
808 | Revision_808/vhdl.c | U | 611 | 615 | 5 | 88022 | 90 | 194 | 100
808 | Revision_808/vhdl.c | U | 620 | 624 | 5 | 88023 | 90 | 194 | 100
808 | Revision_808/vhdl.c | U | 724 | 741 | 15 | 88024 | 91 | 201 | 100
808 | Revision_808/vhdl.c | U | 743 | 760 | 15 | 88025 | 91 | 196 | 100
808 | Revision_808/vim.c | U | 99 | 103 | 5 | 88026 | 92 | 76 | 100
808 | Revision_808/vim.c | U | 105 | 109 | 5 | 88027 | 92 | 77 | 100
