Revision | filePath | changeType | StartLine | EndLine | Nlines | cloneId | classId | globalCloneId | Similarity
810 | Revision_810/lisp.c | U | 127 | 137 | 9 | 113152 | 1 | 363 | 100
810 | Revision_810/scheme.c | U | 99 | 109 | 9 | 113153 | 1 | 55 | 100
810 | Revision_810/sh.c | U | 103 | 113 | 9 | 113154 | 1 | 54 | 100
810 | Revision_810/matlab.c | U | 35 | 42 | 8 | 113155 | 2 | 319 | 100
810 | Revision_810/yacc.c | U | 31 | 38 | 8 | 113156 | 2 | 33 | 100
810 | Revision_810/slang.c | U | 34 | 41 | 8 | 113157 | 2 | 32 | 100
810 | Revision_810/ant.c | U | 33 | 40 | 8 | 113158 | 2 | 320 | 100
810 | Revision_810/asp.c | U | 72 | 91 | 15 | 113159 | 3 | 1 | 100
810 | Revision_810/asp.c | U | 95 | 114 | 15 | 113160 | 3 | 2 | 100
810 | Revision_810/asp.c | U | 118 | 163 | 40 | 113161 | 4 | 357 | 100
810 | Revision_810/asp.c | U | 165 | 210 | 40 | 113162 | 4 | 358 | 100
810 | Revision_810/asp.c | U | 125 | 137 | 12 | 113163 | 5 | 359 | 100
810 | Revision_810/asp.c | U | 139 | 151 | 12 | 113164 | 5 | 6 | 100
810 | Revision_810/asp.c | U | 172 | 184 | 12 | 113165 | 6 | 360 | 100
810 | Revision_810/asp.c | U | 186 | 198 | 12 | 113166 | 6 | 361 | 100
810 | Revision_810/asp.c | U | 214 | 230 | 14 | 113167 | 7 | 3 | 100
810 | Revision_810/asp.c | U | 234 | 249 | 14 | 113168 | 7 | 6 | 100
810 | Revision_810/asp.c | U | 253 | 268 | 14 | 113169 | 7 | 116 | 100
810 | Revision_810/asp.c | U | 272 | 287 | 14 | 113170 | 7 | 362 | 100
810 | Revision_810/asp.c | U | 291 | 306 | 14 | 113171 | 7 | 162 | 100
810 | Revision_810/asp.c | U | 317 | 325 | 9 | 113172 | 8 | 8 | 100
810 | Revision_810/vim.c | U | 731 | 739 | 9 | 113173 | 8 | 399 | 100
810 | Revision_810/sml.c | U | 202 | 210 | 9 | 113174 | 8 | 118 | 100
810 | Revision_810/ruby.c | U | 398 | 406 | 9 | 113175 | 8 | 164 | 100
810 | Revision_810/args.c | U | 85 | 92 | 8 | 113176 | 9 | 11 | 100
810 | Revision_810/args.c | U | 160 | 167 | 8 | 113177 | 9 | 12 | 100
810 | Revision_810/c.c | U | 667 | 678 | 13 | 113178 | 10 | 117 | 100
810 | Revision_810/c.c | U | 1171 | 1184 | 13 | 113179 | 10 | 123 | 100
810 | Revision_810/c.c | U | 686 | 697 | 13 | 113180 | 10 | 232 | 100
810 | Revision_810/c.c | U | 824 | 844 | 45 | 113181 | 11 | 157 | 100
810 | Revision_810/c.c | U | 865 | 885 | 45 | 113182 | 11 | 158 | 100
810 | Revision_810/c.c | U | 1411 | 1418 | 7 | 113183 | 12 | 15 | 100
810 | Revision_810/c.c | U | 1421 | 1428 | 7 | 113184 | 12 | 16 | 100
810 | Revision_810/c.c | U | 1781 | 1785 | 5 | 113185 | 13 | 126 | 100
810 | Revision_810/c.c | U | 1790 | 1794 | 5 | 113186 | 13 | 127 | 100
810 | Revision_810/c.c | U | 2254 | 2259 | 6 | 113187 | 14 | 142 | 100
810 | Revision_810/options.c | U | 533 | 538 | 6 | 113188 | 14 | 72 | 100
810 | Revision_810/c.c | U | 2507 | 2511 | 5 | 113189 | 15 | 159 | 100
810 | Revision_810/c.c | U | 2514 | 2518 | 5 | 113190 | 15 | 160 | 100
810 | Revision_810/c.c | U | 2870 | 2879 | 10 | 113191 | 16 | 17 | 100
810 | Revision_810/c.c | U | 2900 | 2909 | 10 | 113192 | 16 | 128 | 100
810 | Revision_810/eiffel.c | U | 1259 | 1268 | 10 | 113193 | 16 | 19 | 100
810 | Revision_810/verilog.c | U | 330 | 339 | 10 | 113194 | 16 | 156 | 100
810 | Revision_810/sql.c | U | 2360 | 2369 | 10 | 113195 | 16 | 102 | 100
810 | Revision_810/c.c | U | 2912 | 2921 | 10 | 113196 | 16 | 18 | 100
810 | Revision_810/eiffel.c | U | 222 | 231 | 8 | 113197 | 17 | 20 | 100
810 | Revision_810/jscript.c | U | 185 | 194 | 8 | 113198 | 17 | 168 | 100
810 | Revision_810/flex.c | U | 216 | 225 | 8 | 113199 | 17 | 258 | 100
810 | Revision_810/fortran.c | U | 398 | 407 | 8 | 113200 | 17 | 21 | 100
810 | Revision_810/tex.c | U | 160 | 169 | 8 | 113201 | 17 | 321 | 100
810 | Revision_810/sql.c | U | 409 | 418 | 8 | 113202 | 17 | 103 | 100
810 | Revision_810/eiffel.c | U | 374 | 383 | 8 | 113203 | 18 | 104 | 100
810 | Revision_810/read.c | U | 452 | 459 | 8 | 113204 | 18 | 350 | 100
810 | Revision_810/eiffel.c | U | 421 | 427 | 7 | 113205 | 19 | 87 | 100
810 | Revision_810/fortran.c | U | 805 | 811 | 7 | 113206 | 19 | 210 | 100
810 | Revision_810/eiffel.c | U | 429 | 434 | 6 | 113207 | 20 | 87 | 100
810 | Revision_810/fortran.c | U | 813 | 818 | 6 | 113208 | 20 | 27 | 100
810 | Revision_810/eiffel.c | U | 691 | 695 | 5 | 113209 | 21 | 106 | 100
810 | Revision_810/sql.c | U | 588 | 592 | 5 | 113210 | 21 | 107 | 100
810 | Revision_810/vhdl.c | U | 457 | 461 | 5 | 113211 | 21 | 236 | 100
810 | Revision_810/eiffel.c | U | 765 | 770 | 6 | 113212 | 22 | 212 | 100
810 | Revision_810/fortran.c | U | 1027 | 1032 | 6 | 113213 | 22 | 213 | 100
810 | Revision_810/eiffel.c | U | 1014 | 1018 | 5 | 113214 | 23 | 85 | 100
810 | Revision_810/jscript.c | U | 1580 | 1597 | 5 | 113215 | 23 | 339 | 100
810 | Revision_810/eiffel.c | U | 1074 | 1078 | 5 | 113216 | 24 | 85 | 100
810 | Revision_810/fortran.c | U | 1326 | 1330 | 5 | 113217 | 24 | 86 | 100
810 | Revision_810/dosbatch.c | U | 33 | 40 | 8 | 113218 | 25 | 322 | 100
810 | Revision_810/html.c | U | 40 | 47 | 8 | 113219 | 25 | 323 | 100
810 | Revision_810/verilog.c | U | 108 | 118 | 9 | 113220 | 26 | 237 | 100
810 | Revision_810/vhdl.c | U | 573 | 583 | 9 | 113221 | 26 | 238 | 100
810 | Revision_810/verilog.c | U | 142 | 146 | 5 | 113222 | 27 | 224 | 100
810 | Revision_810/fortran.c | U | 969 | 973 | 5 | 113223 | 27 | 225 | 100
810 | Revision_810/jscript.c | U | 213 | 217 | 5 | 113224 | 28 | 173 | 100
810 | Revision_810/sql.c | U | 436 | 440 | 5 | 113225 | 28 | 174 | 100
810 | Revision_810/tex.c | U | 186 | 190 | 5 | 113226 | 28 | 324 | 100
810 | Revision_810/vhdl.c | U | 356 | 360 | 5 | 113227 | 28 | 234 | 100
810 | Revision_810/flex.c | U | 245 | 249 | 5 | 113228 | 28 | 259 | 100
810 | Revision_810/jscript.c | U | 268 | 292 | 20 | 113229 | 29 | 256 | 100
810 | Revision_810/flex.c | U | 309 | 333 | 20 | 113230 | 29 | 263 | 100
810 | Revision_810/jscript.c | U | 295 | 319 | 20 | 113231 | 29 | 179 | 100
810 | Revision_810/flex.c | U | 359 | 383 | 20 | 113232 | 29 | 262 | 100
810 | Revision_810/jscript.c | U | 275 | 279 | 5 | 113233 | 30 | 168 | 100
810 | Revision_810/jscript.c | U | 1472 | 1476 | 5 | 113234 | 30 | 257 | 100
810 | Revision_810/flex.c | U | 343 | 347 | 5 | 113235 | 30 | 264 | 100
810 | Revision_810/flex.c | U | 1884 | 1888 | 5 | 113236 | 30 | 265 | 100
810 | Revision_810/jscript.c | U | 1555 | 1559 | 5 | 113237 | 30 | 169 | 100
810 | Revision_810/flex.c | U | 366 | 370 | 5 | 113238 | 30 | 266 | 100
810 | Revision_810/jscript.c | U | 302 | 306 | 5 | 113239 | 30 | 169 | 100
810 | Revision_810/flex.c | U | 316 | 320 | 5 | 113240 | 30 | 267 | 100
810 | Revision_810/jscript.c | U | 326 | 345 | 17 | 113241 | 31 | 179 | 100
810 | Revision_810/vhdl.c | U | 368 | 386 | 17 | 113242 | 31 | 240 | 100
810 | Revision_810/flex.c | U | 390 | 408 | 17 | 113243 | 31 | 268 | 100
810 | Revision_810/jscript.c | U | 377 | 388 | 12 | 113244 | 32 | 181 | 100
810 | Revision_810/tex.c | U | 289 | 301 | 12 | 113245 | 32 | 329 | 100
810 | Revision_810/sql.c | U | 517 | 528 | 12 | 113246 | 32 | 182 | 100
810 | Revision_810/vhdl.c | U | 391 | 402 | 12 | 113247 | 32 | 241 | 100
810 | Revision_810/flex.c | U | 414 | 425 | 12 | 113248 | 32 | 269 | 100
810 | Revision_810/jscript.c | U | 468 | 487 | 18 | 113249 | 33 | 228 | 100
810 | Revision_810/sql.c | U | 634 | 653 | 18 | 113250 | 33 | 405 | 100
810 | Revision_810/jscript.c | U | 470 | 481 | 12 | 113251 | 34 | 252 | 100
810 | Revision_810/flex.c | U | 492 | 503 | 12 | 113252 | 34 | 271 | 100
810 | Revision_810/sql.c | U | 636 | 647 | 12 | 113253 | 34 | 102 | 100
810 | Revision_810/jscript.c | U | 495 | 504 | 10 | 113254 | 35 | 252 | 100
810 | Revision_810/tex.c | U | 342 | 351 | 10 | 113255 | 35 | 331 | 100
810 | Revision_810/flex.c | U | 734 | 743 | 10 | 113256 | 35 | 272 | 100
810 | Revision_810/vhdl.c | U | 467 | 476 | 10 | 113257 | 35 | 236 | 100
810 | Revision_810/jscript.c | U | 527 | 557 | 18 | 113258 | 36 | 206 | 100
810 | Revision_810/jscript.c | U | 560 | 589 | 18 | 113259 | 36 | 215 | 100
810 | Revision_810/flex.c | U | 798 | 827 | 18 | 113260 | 36 | 274 | 100
810 | Revision_810/flex.c | U | 765 | 795 | 18 | 113261 | 36 | 273 | 100
810 | Revision_810/jscript.c | U | 538 | 556 | 15 | 113262 | 37 | 228 | 100
810 | Revision_810/vhdl.c | U | 514 | 532 | 15 | 113263 | 37 | 245 | 100
810 | Revision_810/sql.c | U | 765 | 783 | 15 | 113264 | 37 | 229 | 100
810 | Revision_810/flex.c | U | 776 | 794 | 15 | 113265 | 37 | 276 | 100
810 | Revision_810/flex.c | U | 808 | 826 | 15 | 113266 | 37 | 275 | 100
810 | Revision_810/jscript.c | U | 570 | 588 | 15 | 113267 | 37 | 230 | 100
810 | Revision_810/jscript.c | U | 541 | 554 | 11 | 113268 | 38 | 187 | 100
810 | Revision_810/jscript.c | U | 649 | 662 | 11 | 113269 | 38 | 408 | 100
810 | Revision_810/vhdl.c | U | 517 | 530 | 11 | 113270 | 38 | 245 | 100
810 | Revision_810/flex.c | U | 811 | 824 | 11 | 113271 | 38 | 275 | 100
810 | Revision_810/flex.c | U | 779 | 792 | 11 | 113272 | 38 | 276 | 100
810 | Revision_810/sql.c | U | 768 | 781 | 11 | 113273 | 38 | 229 | 100
810 | Revision_810/jscript.c | U | 573 | 586 | 11 | 113274 | 38 | 230 | 100
810 | Revision_810/jscript.c | U | 592 | 599 | 7 | 113275 | 39 | 187 | 100
810 | Revision_810/flex.c | U | 830 | 837 | 7 | 113276 | 39 | 277 | 100
810 | Revision_810/jscript.c | U | 602 | 609 | 7 | 113277 | 40 | 187 | 100
810 | Revision_810/flex.c | U | 840 | 847 | 7 | 113278 | 40 | 278 | 100
810 | Revision_810/sql.c | U | 698 | 705 | 7 | 113279 | 40 | 188 | 100
810 | Revision_810/jscript.c | U | 772 | 783 | 6 | 113280 | 41 | 192 | 100
810 | Revision_810/flex.c | U | 2250 | 2256 | 6 | 113281 | 41 | 283 | 100
810 | Revision_810/flex.c | U | 986 | 997 | 6 | 113282 | 41 | 284 | 100
810 | Revision_810/sql.c | U | 1623 | 1629 | 6 | 113283 | 41 | 207 | 100
810 | Revision_810/sql.c | U | 1032 | 1052 | 6 | 113284 | 41 | 193 | 100
810 | Revision_810/sql.c | U | 937 | 944 | 6 | 113285 | 41 | 349 | 100
810 | Revision_810/jscript.c | U | 1175 | 1181 | 6 | 113286 | 41 | 197 | 100
810 | Revision_810/flex.c | U | 2009 | 2015 | 6 | 113287 | 41 | 285 | 100
810 | Revision_810/jscript.c | U | 1201 | 1209 | 8 | 113288 | 42 | 400 | 100
810 | Revision_810/flex.c | U | 1582 | 1590 | 8 | 113289 | 42 | 401 | 100
810 | Revision_810/jscript.c | U | 1274 | 1296 | 10 | 113290 | 43 | 404 | 100
810 | Revision_810/flex.c | U | 1652 | 1674 | 10 | 113291 | 43 | 292 | 100
810 | Revision_810/jscript.c | U | 1328 | 1347 | 7 | 113292 | 44 | 216 | 100
810 | Revision_810/flex.c | U | 1710 | 1729 | 7 | 113293 | 44 | 292 | 100
810 | Revision_810/jscript.c | U | 1393 | 1398 | 6 | 113294 | 45 | 216 | 100
810 | Revision_810/flex.c | U | 1775 | 1780 | 6 | 113295 | 45 | 293 | 100
810 | Revision_810/jscript.c | U | 1518 | 1528 | 10 | 113296 | 46 | 406 | 100
810 | Revision_810/flex.c | U | 1849 | 1859 | 10 | 113297 | 46 | 301 | 100
810 | Revision_810/jscript.c | U | 1534 | 1574 | 20 | 113298 | 47 | 299 | 100
810 | Revision_810/flex.c | U | 1863 | 1903 | 20 | 113299 | 47 | 300 | 100
810 | Revision_810/jscript.c | U | 1567 | 1571 | 5 | 113300 | 48 | 217 | 100
810 | Revision_810/fortran.c | U | 1899 | 1903 | 5 | 113301 | 48 | 99 | 100
810 | Revision_810/flex.c | U | 1896 | 1900 | 5 | 113302 | 48 | 301 | 100
810 | Revision_810/jscript.c | U | 1725 | 1729 | 5 | 113303 | 49 | 199 | 100
810 | Revision_810/sql.c | U | 2342 | 2346 | 5 | 113304 | 49 | 200 | 100
810 | Revision_810/flex.c | U | 2382 | 2386 | 5 | 113305 | 49 | 302 | 100
810 | Revision_810/jscript.c | U | 1753 | 1766 | 10 | 113306 | 50 | 339 | 100
810 | Revision_810/tex.c | U | 570 | 583 | 10 | 113307 | 50 | 340 | 100
810 | Revision_810/gnu_regex/regcomp.c | U | 1277 | 1281 | 5 | 113308 | 51 | 351 | 100
810 | Revision_810/gnu_regex/regcomp.c | U | 1283 | 1287 | 5 | 113309 | 51 | 352 | 100
810 | Revision_810/gnu_regex/regcomp.c | U | 2292 | 2296 | 5 | 113310 | 52 | 353 | 100
810 | Revision_810/gnu_regex/regcomp.c | U | 2298 | 2302 | 5 | 113311 | 52 | 354 | 100
810 | Revision_810/gnu_regex/regex_internal.c | U | 1103 | 1108 | 5 | 113312 | 53 | 355 | 100
810 | Revision_810/gnu_regex/regex_internal.c | U | 1236 | 1241 | 5 | 113313 | 53 | 356 | 100
810 | Revision_810/vim.c | U | 99 | 103 | 5 | 113314 | 54 | 100 | 100
810 | Revision_810/vim.c | U | 105 | 109 | 5 | 113315 | 54 | 101 | 100
810 | Revision_810/python.c | U | 299 | 303 | 5 | 113316 | 55 | 119 | 100
810 | Revision_810/sml.c | U | 84 | 88 | 5 | 113317 | 55 | 120 | 100
810 | Revision_810/erlang.c | U | 58 | 62 | 5 | 113318 | 55 | 131 | 100
810 | Revision_810/python.c | U | 307 | 316 | 9 | 113319 | 56 | 132 | 100
810 | Revision_810/erlang.c | U | 66 | 75 | 9 | 113320 | 56 | 133 | 100
810 | Revision_810/perl.c | U | 329 | 335 | 7 | 113321 | 57 | 39 | 100
810 | Revision_810/perl.c | U | 402 | 409 | 7 | 113322 | 57 | 407 | 100
810 | Revision_810/perl.c | U | 491 | 499 | 9 | 113323 | 58 | 39 | 100
810 | Revision_810/erlang.c | U | 179 | 187 | 9 | 113324 | 58 | 135 | 100
810 | Revision_810/tcl.c | U | 106 | 114 | 9 | 113325 | 58 | 134 | 100
810 | Revision_810/lua.c | U | 123 | 131 | 9 | 113326 | 59 | 84 | 100
810 | Revision_810/beta.c | U | 311 | 319 | 9 | 113327 | 59 | 36 | 100
810 | Revision_810/sort.c | U | 118 | 123 | 5 | 113328 | 60 | 96 | 100
810 | Revision_810/sort.c | U | 126 | 131 | 5 | 113329 | 60 | 97 | 100
810 | Revision_810/pascal.c | U | 176 | 182 | 6 | 113330 | 61 | 46 | 100
810 | Revision_810/pascal.c | U | 184 | 190 | 6 | 113331 | 61 | 47 | 100
810 | Revision_810/ocaml.c | U | 182 | 191 | 7 | 113332 | 62 | 373 | 100
810 | Revision_810/objc.c | U | 154 | 163 | 7 | 113333 | 62 | 374 | 100
810 | Revision_810/ocaml.c | U | 251 | 257 | 6 | 113334 | 63 | 375 | 100
810 | Revision_810/objc.c | U | 199 | 205 | 6 | 113335 | 63 | 376 | 100
810 | Revision_810/ocaml.c | U | 260 | 280 | 15 | 113336 | 64 | 377 | 100
810 | Revision_810/objc.c | U | 208 | 228 | 15 | 113337 | 64 | 378 | 100
810 | Revision_810/ocaml.c | U | 293 | 301 | 6 | 113338 | 65 | 379 | 100
810 | Revision_810/objc.c | U | 241 | 249 | 6 | 113339 | 65 | 380 | 100
810 | Revision_810/ocaml.c | U | 344 | 359 | 10 | 113340 | 66 | 381 | 100
810 | Revision_810/objc.c | U | 264 | 279 | 10 | 113341 | 66 | 382 | 100
810 | Revision_810/ocaml.c | U | 419 | 431 | 10 | 113342 | 67 | 383 | 100
810 | Revision_810/objc.c | U | 318 | 330 | 10 | 113343 | 67 | 384 | 100
810 | Revision_810/objc.c | U | 332 | 344 | 10 | 113344 | 67 | 385 | 100
810 | Revision_810/ocaml.c | U | 908 | 912 | 5 | 113345 | 68 | 386 | 100
810 | Revision_810/objc.c | U | 484 | 488 | 5 | 113346 | 68 | 387 | 100
810 | Revision_810/ocaml.c | U | 1888 | 1898 | 10 | 113347 | 69 | 364 | 100
810 | Revision_810/vhdl.c | U | 824 | 833 | 10 | 113348 | 69 | 248 | 100
810 | Revision_810/objc.c | U | 1141 | 1151 | 10 | 113349 | 69 | 388 | 100
810 | Revision_810/routines.c | U | 288 | 295 | 8 | 113350 | 70 | 90 | 100
810 | Revision_810/readtags.c | U | 106 | 113 | 8 | 113351 | 70 | 79 | 100
810 | Revision_810/routines.c | U | 298 | 305 | 8 | 113352 | 71 | 91 | 100
810 | Revision_810/readtags.c | U | 116 | 123 | 8 | 113353 | 71 | 81 | 100
810 | Revision_810/routines.c | U | 329 | 335 | 6 | 113354 | 72 | 92 | 100
810 | Revision_810/routines.c | U | 338 | 344 | 6 | 113355 | 72 | 93 | 100
810 | Revision_810/routines.c | U | 349 | 356 | 8 | 113356 | 73 | 94 | 100
810 | Revision_810/routines.c | U | 361 | 368 | 8 | 113357 | 73 | 95 | 100
810 | Revision_810/flex.c | U | 258 | 269 | 10 | 113358 | 74 | 260 | 100
810 | Revision_810/sql.c | U | 449 | 460 | 10 | 113359 | 74 | 109 | 100
810 | Revision_810/vhdl.c | U | 538 | 547 | 10 | 113360 | 74 | 239 | 100
810 | Revision_810/flex.c | U | 295 | 303 | 9 | 113361 | 75 | 261 | 100
810 | Revision_810/sql.c | U | 474 | 482 | 9 | 113362 | 75 | 113 | 100
810 | Revision_810/flex.c | U | 437 | 441 | 5 | 113363 | 76 | 270 | 100
810 | Revision_810/sql.c | U | 540 | 553 | 5 | 113364 | 76 | 182 | 100
810 | Revision_810/vhdl.c | U | 414 | 418 | 5 | 113365 | 76 | 242 | 100
810 | Revision_810/tex.c | U | 313 | 317 | 5 | 113366 | 76 | 330 | 100
810 | Revision_810/flex.c | U | 599 | 606 | 8 | 113367 | 77 | 316 | 100
810 | Revision_810/flex.c | U | 703 | 710 | 8 | 113368 | 77 | 368 | 100
810 | Revision_810/flex.c | U | 638 | 645 | 8 | 113369 | 77 | 315 | 100
810 | Revision_810/flex.c | U | 664 | 671 | 8 | 113370 | 77 | 308 | 100
810 | Revision_810/flex.c | U | 652 | 659 | 8 | 113371 | 77 | 313 | 100
810 | Revision_810/flex.c | U | 610 | 629 | 18 | 113372 | 78 | 369 | 100
810 | Revision_810/flex.c | U | 675 | 694 | 18 | 113373 | 78 | 370 | 100
810 | Revision_810/flex.c | U | 623 | 628 | 6 | 113374 | 79 | 311 | 100
810 | Revision_810/flex.c | U | 696 | 701 | 6 | 113375 | 79 | 272 | 100
810 | Revision_810/flex.c | U | 631 | 636 | 6 | 113376 | 79 | 311 | 100
810 | Revision_810/flex.c | U | 688 | 693 | 6 | 113377 | 79 | 371 | 100
810 | Revision_810/flex.c | U | 1797 | 1812 | 7 | 113378 | 80 | 294 | 100
810 | Revision_810/sql.c | U | 1809 | 1816 | 7 | 113379 | 80 | 198 | 100
810 | Revision_810/vhdl.c | U | 342 | 351 | 10 | 113380 | 81 | 234 | 100
810 | Revision_810/tex.c | U | 172 | 183 | 10 | 113381 | 81 | 346 | 100
810 | Revision_810/vhdl.c | U | 536 | 548 | 12 | 113382 | 82 | 239 | 100
810 | Revision_810/sql.c | U | 447 | 461 | 12 | 113383 | 82 | 105 | 100
810 | Revision_810/vhdl.c | U | 611 | 615 | 5 | 113384 | 83 | 246 | 100
810 | Revision_810/vhdl.c | U | 620 | 624 | 5 | 113385 | 83 | 246 | 100
810 | Revision_810/vhdl.c | U | 724 | 741 | 15 | 113386 | 84 | 255 | 100
810 | Revision_810/vhdl.c | U | 743 | 760 | 15 | 113387 | 84 | 250 | 100
810 | Revision_810/vhdl.c | U | 813 | 821 | 7 | 113388 | 85 | 248 | 100
810 | Revision_810/sql.c | U | 2349 | 2357 | 7 | 113389 | 85 | 249 | 100
810 | Revision_810/beta.c | U | 152 | 156 | 5 | 113390 | 86 | 56 | 100
810 | Revision_810/beta.c | U | 158 | 162 | 5 | 113391 | 86 | 58 | 100
810 | Revision_810/beta.c | U | 277 | 281 | 5 | 113392 | 86 | 57 | 100
810 | Revision_810/beta.c | U | 165 | 169 | 5 | 113393 | 87 | 59 | 100
810 | Revision_810/beta.c | U | 271 | 275 | 5 | 113394 | 87 | 60 | 100
810 | Revision_810/erlang.c | U | 108 | 113 | 6 | 113395 | 88 | 138 | 100
810 | Revision_810/erlang.c | U | 116 | 121 | 6 | 113396 | 88 | 139 | 100
810 | Revision_810/sql.c | U | 787 | 794 | 8 | 113397 | 89 | 372 | 100
810 | Revision_810/tex.c | U | 374 | 381 | 8 | 113398 | 89 | 345 | 100
810 | Revision_810/sql.c | U | 1413 | 1424 | 5 | 113399 | 90 | 365 | 100
810 | Revision_810/sql.c | U | 1569 | 1574 | 5 | 113400 | 90 | 207 | 100
810 | Revision_810/sql.c | U | 1914 | 1920 | 5 | 113401 | 91 | 201 | 100
810 | Revision_810/sql.c | U | 1943 | 1949 | 5 | 113402 | 91 | 202 | 100
810 | Revision_810/sql.c | U | 2085 | 2143 | 34 | 113403 | 92 | 366 | 100
810 | Revision_810/sql.c | U | 2192 | 2253 | 34 | 113404 | 92 | 367 | 100
810 | Revision_810/sql.c | U | 2331 | 2338 | 7 | 113405 | 93 | 231 | 100
810 | Revision_810/fortran.c | U | 1308 | 1314 | 7 | 113406 | 93 | 86 | 100
810 | Revision_810/parse.c | U | 45 | 53 | 7 | 113407 | 94 | 121 | 100
810 | Revision_810/sml.c | U | 75 | 81 | 7 | 113408 | 94 | 122 | 100
810 | Revision_810/parse.c | U | 100 | 104 | 5 | 113409 | 95 | 61 | 100
810 | Revision_810/parse.c | U | 114 | 118 | 5 | 113410 | 95 | 62 | 100
810 | Revision_810/parse.c | U | 556 | 560 | 5 | 113411 | 96 | 144 | 100
810 | Revision_810/parse.c | U | 575 | 579 | 5 | 113412 | 96 | 145 | 100
810 | Revision_810/readtags.c | U | 541 | 547 | 6 | 113413 | 97 | 82 | 100
810 | Revision_810/readtags.c | U | 549 | 555 | 6 | 113414 | 97 | 83 | 100
810 | Revision_810/readtags.c | U | 740 | 745 | 6 | 113415 | 98 | 64 | 100
810 | Revision_810/readtags.c | U | 765 | 770 | 6 | 113416 | 98 | 77 | 100
810 | Revision_810/tex.c | U | 232 | 237 | 6 | 113417 | 99 | 398 | 100
810 | Revision_810/tex.c | U | 242 | 247 | 6 | 113418 | 99 | 398 | 100
810 | Revision_810/tex.c | U | 237 | 242 | 6 | 113419 | 99 | 398 | 100
810 | Revision_810/tex.c | U | 420 | 424 | 5 | 113420 | 100 | 347 | 100
810 | Revision_810/tex.c | U | 444 | 448 | 5 | 113421 | 100 | 348 | 100
810 | Revision_810/options.c | U | 369 | 375 | 6 | 113422 | 101 | 69 | 100
810 | Revision_810/options.c | U | 378 | 384 | 6 | 113423 | 101 | 70 | 100
810 | Revision_810/options.c | U | 543 | 549 | 7 | 113424 | 102 | 71 | 100
810 | Revision_810/options.c | U | 570 | 576 | 7 | 113425 | 102 | 73 | 100
810 | Revision_810/options.c | U | 561 | 567 | 7 | 113426 | 102 | 74 | 100
810 | Revision_810/options.c | U | 552 | 558 | 7 | 113427 | 102 | 72 | 100
810 | Revision_810/options.c | U | 1102 | 1106 | 5 | 113428 | 103 | 75 | 100
810 | Revision_810/options.c | U | 1108 | 1112 | 5 | 113429 | 103 | 76 | 100
810 | Revision_810/options.c | U | 1154 | 1166 | 12 | 113430 | 104 | 146 | 100
810 | Revision_810/options.c | U | 1171 | 1183 | 12 | 113431 | 104 | 147 | 100
810 | Revision_810/objc.c | U | 576 | 614 | 31 | 113432 | 105 | 389 | 100
810 | Revision_810/objc.c | U | 617 | 655 | 31 | 113433 | 105 | 390 | 100
810 | Revision_810/objc.c | U | 747 | 754 | 7 | 113434 | 106 | 391 | 100
810 | Revision_810/objc.c | U | 767 | 775 | 7 | 113435 | 106 | 392 | 100
810 | Revision_810/objc.c | U | 757 | 764 | 7 | 113436 | 106 | 393 | 100
810 | Revision_810/objc.c | U | 828 | 832 | 5 | 113437 | 107 | 394 | 100
810 | Revision_810/objc.c | U | 904 | 908 | 5 | 113438 | 107 | 395 | 100
810 | Revision_810/objc.c | U | 834 | 839 | 6 | 113439 | 108 | 394 | 100
810 | Revision_810/objc.c | U | 910 | 915 | 6 | 113440 | 108 | 395 | 100
