Revision | filePath | changeType | StartLine | EndLine | Nlines | cloneId | classId | Similarity
767 | Revision_767/lisp.c | U | 127 | 137 | 9 | 100836 | 1 | 100
767 | Revision_767/scheme.c | U | 99 | 109 | 9 | 100837 | 1 | 100
767 | Revision_767/sh.c | U | 103 | 113 | 9 | 100838 | 1 | 100
767 | Revision_767/matlab.c | U | 35 | 42 | 8 | 100839 | 2 | 100
767 | Revision_767/ant.c | U | 33 | 40 | 8 | 100840 | 2 | 100
767 | Revision_767/yacc.c | U | 31 | 38 | 8 | 100841 | 2 | 100
767 | Revision_767/slang.c | U | 34 | 41 | 8 | 100842 | 2 | 100
767 | Revision_767/asp.c | U | 72 | 91 | 15 | 100843 | 3 | 100
767 | Revision_767/asp.c | U | 95 | 114 | 15 | 100844 | 3 | 100
767 | Revision_767/asp.c | U | 118 | 163 | 40 | 100845 | 4 | 100
767 | Revision_767/asp.c | U | 165 | 210 | 40 | 100846 | 4 | 100
767 | Revision_767/asp.c | U | 125 | 137 | 12 | 100847 | 5 | 100
767 | Revision_767/asp.c | U | 139 | 151 | 12 | 100848 | 5 | 100
767 | Revision_767/asp.c | U | 172 | 184 | 12 | 100849 | 6 | 100
767 | Revision_767/asp.c | U | 186 | 198 | 12 | 100850 | 6 | 100
767 | Revision_767/asp.c | U | 214 | 230 | 14 | 100851 | 7 | 100
767 | Revision_767/asp.c | U | 234 | 249 | 14 | 100852 | 7 | 100
767 | Revision_767/asp.c | U | 291 | 306 | 14 | 100853 | 7 | 100
767 | Revision_767/asp.c | U | 253 | 268 | 14 | 100854 | 7 | 100
767 | Revision_767/asp.c | U | 272 | 287 | 14 | 100855 | 7 | 100
767 | Revision_767/asp.c | U | 317 | 325 | 9 | 100856 | 8 | 100
767 | Revision_767/sml.c | U | 202 | 210 | 9 | 100857 | 8 | 100
767 | Revision_767/ruby.c | U | 398 | 406 | 9 | 100858 | 8 | 100
767 | Revision_767/args.c | U | 85 | 92 | 8 | 100859 | 9 | 100
767 | Revision_767/args.c | U | 160 | 167 | 8 | 100860 | 9 | 100
767 | Revision_767/c.c | U | 667 | 678 | 13 | 100861 | 10 | 100
767 | Revision_767/c.c | U | 1171 | 1184 | 13 | 100862 | 10 | 100
767 | Revision_767/c.c | U | 686 | 697 | 13 | 100863 | 10 | 100
767 | Revision_767/c.c | U | 824 | 844 | 45 | 100864 | 11 | 100
767 | Revision_767/c.c | U | 865 | 885 | 45 | 100865 | 11 | 100
767 | Revision_767/c.c | U | 1411 | 1418 | 7 | 100866 | 12 | 100
767 | Revision_767/c.c | U | 1421 | 1428 | 7 | 100867 | 12 | 100
767 | Revision_767/c.c | U | 1781 | 1785 | 5 | 100868 | 13 | 100
767 | Revision_767/c.c | U | 1790 | 1794 | 5 | 100869 | 13 | 100
767 | Revision_767/c.c | U | 2251 | 2256 | 6 | 100870 | 14 | 100
767 | Revision_767/options.c | U | 533 | 538 | 6 | 100871 | 14 | 100
767 | Revision_767/c.c | U | 2504 | 2508 | 5 | 100872 | 15 | 100
767 | Revision_767/c.c | U | 2511 | 2515 | 5 | 100873 | 15 | 100
767 | Revision_767/c.c | U | 2867 | 2876 | 10 | 100874 | 16 | 100
767 | Revision_767/verilog.c | U | 330 | 339 | 10 | 100875 | 16 | 100
767 | Revision_767/eiffel.c | U | 1259 | 1268 | 10 | 100876 | 16 | 100
767 | Revision_767/c.c | U | 2909 | 2918 | 10 | 100877 | 16 | 100
767 | Revision_767/sql.c | U | 2360 | 2369 | 10 | 100878 | 16 | 100
767 | Revision_767/c.c | U | 2897 | 2906 | 10 | 100879 | 16 | 100
767 | Revision_767/eiffel.c | U | 222 | 231 | 8 | 100880 | 17 | 100
767 | Revision_767/sql.c | U | 409 | 418 | 8 | 100881 | 17 | 100
767 | Revision_767/fortran.c | U | 398 | 407 | 8 | 100882 | 17 | 100
767 | Revision_767/flex.c | U | 216 | 225 | 8 | 100883 | 17 | 100
767 | Revision_767/jscript.c | U | 180 | 189 | 8 | 100884 | 17 | 100
767 | Revision_767/tex.c | U | 149 | 158 | 8 | 100885 | 17 | 100
767 | Revision_767/eiffel.c | U | 374 | 383 | 8 | 100886 | 18 | 100
767 | Revision_767/read.c | U | 453 | 460 | 8 | 100887 | 18 | 100
767 | Revision_767/eiffel.c | U | 421 | 427 | 7 | 100888 | 19 | 100
767 | Revision_767/fortran.c | U | 805 | 811 | 7 | 100889 | 19 | 100
767 | Revision_767/eiffel.c | U | 429 | 434 | 6 | 100890 | 20 | 100
767 | Revision_767/fortran.c | U | 813 | 818 | 6 | 100891 | 20 | 100
767 | Revision_767/eiffel.c | U | 691 | 695 | 5 | 100892 | 21 | 100
767 | Revision_767/sql.c | U | 588 | 592 | 5 | 100893 | 21 | 100
767 | Revision_767/vhdl.c | U | 457 | 461 | 5 | 100894 | 21 | 100
767 | Revision_767/eiffel.c | U | 765 | 770 | 6 | 100895 | 22 | 100
767 | Revision_767/fortran.c | U | 1027 | 1032 | 6 | 100896 | 22 | 100
767 | Revision_767/eiffel.c | U | 1074 | 1078 | 5 | 100897 | 23 | 100
767 | Revision_767/fortran.c | U | 1326 | 1330 | 5 | 100898 | 23 | 100
767 | Revision_767/dosbatch.c | U | 33 | 40 | 8 | 100899 | 24 | 100
767 | Revision_767/html.c | U | 40 | 47 | 8 | 100900 | 24 | 100
767 | Revision_767/verilog.c | U | 108 | 118 | 9 | 100901 | 25 | 100
767 | Revision_767/vhdl.c | U | 573 | 583 | 9 | 100902 | 25 | 100
767 | Revision_767/verilog.c | U | 142 | 146 | 5 | 100903 | 26 | 100
767 | Revision_767/fortran.c | U | 969 | 973 | 5 | 100904 | 26 | 100
767 | Revision_767/jscript.c | U | 208 | 212 | 5 | 100905 | 27 | 100
767 | Revision_767/flex.c | U | 245 | 249 | 5 | 100906 | 27 | 100
767 | Revision_767/sql.c | U | 436 | 440 | 5 | 100907 | 27 | 100
767 | Revision_767/vhdl.c | U | 356 | 360 | 5 | 100908 | 27 | 100
767 | Revision_767/tex.c | U | 175 | 179 | 5 | 100909 | 27 | 100
767 | Revision_767/jscript.c | U | 219 | 233 | 12 | 100910 | 28 | 100
767 | Revision_767/flex.c | U | 256 | 270 | 12 | 100911 | 28 | 100
767 | Revision_767/jscript.c | U | 221 | 232 | 10 | 100912 | 29 | 100
767 | Revision_767/sql.c | U | 449 | 460 | 10 | 100913 | 29 | 100
767 | Revision_767/vhdl.c | U | 538 | 547 | 10 | 100914 | 29 | 100
767 | Revision_767/tex.c | U | 188 | 199 | 10 | 100915 | 29 | 100
767 | Revision_767/flex.c | U | 258 | 269 | 10 | 100916 | 29 | 100
767 | Revision_767/jscript.c | U | 240 | 256 | 12 | 100917 | 30 | 100
767 | Revision_767/sql.c | U | 468 | 484 | 12 | 100918 | 30 | 100
767 | Revision_767/tex.c | U | 207 | 223 | 12 | 100919 | 30 | 100
767 | Revision_767/jscript.c | U | 246 | 254 | 9 | 100920 | 31 | 100
767 | Revision_767/flex.c | U | 295 | 303 | 9 | 100921 | 31 | 100
767 | Revision_767/tex.c | U | 213 | 221 | 9 | 100922 | 31 | 100
767 | Revision_767/sql.c | U | 474 | 482 | 9 | 100923 | 31 | 100
767 | Revision_767/jscript.c | U | 260 | 284 | 20 | 100924 | 32 | 100
767 | Revision_767/jscript.c | U | 287 | 311 | 20 | 100925 | 32 | 100
767 | Revision_767/flex.c | U | 309 | 333 | 20 | 100926 | 32 | 100
767 | Revision_767/flex.c | U | 359 | 383 | 20 | 100927 | 32 | 100
767 | Revision_767/jscript.c | U | 267 | 271 | 5 | 100928 | 33 | 100
767 | Revision_767/flex.c | U | 1884 | 1888 | 5 | 100929 | 33 | 100
767 | Revision_767/jscript.c | U | 1391 | 1395 | 5 | 100930 | 33 | 100
767 | Revision_767/jscript.c | U | 1474 | 1478 | 5 | 100931 | 33 | 100
767 | Revision_767/flex.c | U | 343 | 347 | 5 | 100932 | 33 | 100
767 | Revision_767/jscript.c | U | 294 | 298 | 5 | 100933 | 33 | 100
767 | Revision_767/flex.c | U | 366 | 370 | 5 | 100934 | 33 | 100
767 | Revision_767/flex.c | U | 316 | 320 | 5 | 100935 | 33 | 100
767 | Revision_767/jscript.c | U | 318 | 336 | 17 | 100936 | 34 | 100
767 | Revision_767/tex.c | U | 231 | 249 | 17 | 100937 | 34 | 100
767 | Revision_767/vhdl.c | U | 368 | 386 | 17 | 100938 | 34 | 100
767 | Revision_767/flex.c | U | 390 | 408 | 17 | 100939 | 34 | 100
767 | Revision_767/jscript.c | U | 342 | 353 | 12 | 100940 | 35 | 100
767 | Revision_767/flex.c | U | 414 | 425 | 12 | 100941 | 35 | 100
767 | Revision_767/sql.c | U | 517 | 528 | 12 | 100942 | 35 | 100
767 | Revision_767/tex.c | U | 256 | 268 | 12 | 100943 | 35 | 100
767 | Revision_767/vhdl.c | U | 391 | 402 | 12 | 100944 | 35 | 100
767 | Revision_767/jscript.c | U | 365 | 369 | 5 | 100945 | 36 | 100
767 | Revision_767/tex.c | U | 280 | 284 | 5 | 100946 | 36 | 100
767 | Revision_767/sql.c | U | 540 | 553 | 5 | 100947 | 36 | 100
767 | Revision_767/flex.c | U | 437 | 441 | 5 | 100948 | 36 | 100
767 | Revision_767/vhdl.c | U | 414 | 418 | 5 | 100949 | 36 | 100
767 | Revision_767/jscript.c | U | 405 | 435 | 26 | 100950 | 37 | 100
767 | Revision_767/sql.c | U | 625 | 655 | 26 | 100951 | 37 | 100
767 | Revision_767/jscript.c | U | 416 | 427 | 12 | 100952 | 38 | 100
767 | Revision_767/flex.c | U | 492 | 503 | 12 | 100953 | 38 | 100
767 | Revision_767/sql.c | U | 636 | 647 | 12 | 100954 | 38 | 100
767 | Revision_767/jscript.c | U | 441 | 450 | 10 | 100955 | 39 | 100
767 | Revision_767/flex.c | U | 734 | 743 | 10 | 100956 | 39 | 100
767 | Revision_767/vhdl.c | U | 467 | 476 | 10 | 100957 | 39 | 100
767 | Revision_767/tex.c | U | 317 | 326 | 10 | 100958 | 39 | 100
767 | Revision_767/jscript.c | U | 471 | 501 | 18 | 100959 | 40 | 100
767 | Revision_767/flex.c | U | 798 | 827 | 18 | 100960 | 40 | 100
767 | Revision_767/flex.c | U | 765 | 795 | 18 | 100961 | 40 | 100
767 | Revision_767/jscript.c | U | 504 | 533 | 18 | 100962 | 40 | 100
767 | Revision_767/jscript.c | U | 482 | 500 | 15 | 100963 | 41 | 100
767 | Revision_767/vhdl.c | U | 514 | 532 | 15 | 100964 | 41 | 100
767 | Revision_767/sql.c | U | 765 | 783 | 15 | 100965 | 41 | 100
767 | Revision_767/jscript.c | U | 514 | 532 | 15 | 100966 | 41 | 100
767 | Revision_767/flex.c | U | 808 | 826 | 15 | 100967 | 41 | 100
767 | Revision_767/flex.c | U | 776 | 794 | 15 | 100968 | 41 | 100
767 | Revision_767/jscript.c | U | 536 | 543 | 7 | 100969 | 42 | 100
767 | Revision_767/flex.c | U | 830 | 837 | 7 | 100970 | 42 | 100
767 | Revision_767/jscript.c | U | 546 | 553 | 7 | 100971 | 43 | 100
767 | Revision_767/sql.c | U | 698 | 705 | 7 | 100972 | 43 | 100
767 | Revision_767/flex.c | U | 840 | 847 | 7 | 100973 | 43 | 100
767 | Revision_767/jscript.c | U | 560 | 582 | 13 | 100974 | 44 | 100
767 | Revision_767/flex.c | U | 854 | 876 | 13 | 100975 | 44 | 100
767 | Revision_767/jscript.c | U | 696 | 707 | 6 | 100976 | 45 | 100
767 | Revision_767/flex.c | U | 2009 | 2015 | 6 | 100977 | 45 | 100
767 | Revision_767/sql.c | U | 1623 | 1629 | 6 | 100978 | 45 | 100
767 | Revision_767/sql.c | U | 1032 | 1052 | 6 | 100979 | 45 | 100
767 | Revision_767/flex.c | U | 2250 | 2256 | 6 | 100980 | 45 | 100
767 | Revision_767/sql.c | U | 937 | 944 | 6 | 100981 | 45 | 100
767 | Revision_767/flex.c | U | 986 | 997 | 6 | 100982 | 45 | 100
767 | Revision_767/jscript.c | U | 1101 | 1107 | 6 | 100983 | 45 | 100
767 | Revision_767/jscript.c | U | 712 | 819 | 30 | 100984 | 46 | 100
767 | Revision_767/flex.c | U | 1002 | 1109 | 30 | 100985 | 46 | 100
767 | Revision_767/jscript.c | U | 1118 | 1223 | 45 | 100986 | 47 | 100
767 | Revision_767/flex.c | U | 1573 | 1678 | 45 | 100987 | 47 | 100
767 | Revision_767/jscript.c | U | 1251 | 1270 | 7 | 100988 | 48 | 100
767 | Revision_767/flex.c | U | 1710 | 1729 | 7 | 100989 | 48 | 100
767 | Revision_767/jscript.c | U | 1316 | 1321 | 6 | 100990 | 49 | 100
767 | Revision_767/flex.c | U | 1775 | 1780 | 6 | 100991 | 49 | 100
767 | Revision_767/jscript.c | U | 1341 | 1356 | 7 | 100992 | 50 | 100
767 | Revision_767/sql.c | U | 1809 | 1816 | 7 | 100993 | 50 | 100
767 | Revision_767/flex.c | U | 1797 | 1812 | 7 | 100994 | 50 | 100
767 | Revision_767/jscript.c | U | 1423 | 1451 | 20 | 100995 | 51 | 100
767 | Revision_767/flex.c | U | 1833 | 1861 | 20 | 100996 | 51 | 100
767 | Revision_767/jscript.c | U | 1453 | 1493 | 20 | 100997 | 52 | 100
767 | Revision_767/flex.c | U | 1863 | 1903 | 20 | 100998 | 52 | 100
767 | Revision_767/jscript.c | U | 1486 | 1490 | 5 | 100999 | 53 | 100
767 | Revision_767/fortran.c | U | 1899 | 1903 | 5 | 101000 | 53 | 100
767 | Revision_767/flex.c | U | 1896 | 1900 | 5 | 101001 | 53 | 100
767 | Revision_767/jscript.c | U | 1594 | 1598 | 5 | 101002 | 54 | 100
767 | Revision_767/tex.c | U | 481 | 485 | 5 | 101003 | 54 | 100
767 | Revision_767/flex.c | U | 2382 | 2386 | 5 | 101004 | 54 | 100
767 | Revision_767/sql.c | U | 2342 | 2346 | 5 | 101005 | 54 | 100
767 | Revision_767/jscript.c | U | 1601 | 1617 | 14 | 101006 | 55 | 100
767 | Revision_767/flex.c | U | 2389 | 2405 | 14 | 101007 | 55 | 100
767 | Revision_767/jscript.c | U | 1621 | 1634 | 10 | 101008 | 56 | 100
767 | Revision_767/tex.c | U | 501 | 514 | 10 | 101009 | 56 | 100
767 | Revision_767/gnu_regex/regcomp.c | U | 1277 | 1281 | 5 | 101010 | 57 | 100
767 | Revision_767/gnu_regex/regcomp.c | U | 1283 | 1287 | 5 | 101011 | 57 | 100
767 | Revision_767/gnu_regex/regcomp.c | U | 2292 | 2296 | 5 | 101012 | 58 | 100
767 | Revision_767/gnu_regex/regcomp.c | U | 2298 | 2302 | 5 | 101013 | 58 | 100
767 | Revision_767/gnu_regex/regex_internal.c | U | 1103 | 1108 | 5 | 101014 | 59 | 100
767 | Revision_767/gnu_regex/regex_internal.c | U | 1236 | 1241 | 5 | 101015 | 59 | 100
767 | Revision_767/vim.c | U | 97 | 101 | 5 | 101016 | 60 | 100
767 | Revision_767/vim.c | U | 103 | 107 | 5 | 101017 | 60 | 100
767 | Revision_767/vim.c | U | 637 | 645 | 9 | 101018 | 61 | 100
767 | Revision_767/beta.c | U | 311 | 319 | 9 | 101019 | 61 | 100
767 | Revision_767/lua.c | U | 123 | 131 | 9 | 101020 | 61 | 100
767 | Revision_767/python.c | U | 278 | 282 | 5 | 101021 | 62 | 100
767 | Revision_767/sml.c | U | 84 | 88 | 5 | 101022 | 62 | 100
767 | Revision_767/erlang.c | U | 58 | 62 | 5 | 101023 | 62 | 100
767 | Revision_767/python.c | U | 286 | 295 | 9 | 101024 | 63 | 100
767 | Revision_767/erlang.c | U | 66 | 75 | 9 | 101025 | 63 | 100
767 | Revision_767/perl.c | U | 372 | 380 | 9 | 101026 | 64 | 100
767 | Revision_767/tcl.c | U | 106 | 114 | 9 | 101027 | 64 | 100
767 | Revision_767/erlang.c | U | 179 | 187 | 9 | 101028 | 64 | 100
767 | Revision_767/sort.c | U | 118 | 123 | 5 | 101029 | 65 | 100
767 | Revision_767/sort.c | U | 126 | 131 | 5 | 101030 | 65 | 100
767 | Revision_767/pascal.c | U | 176 | 182 | 6 | 101031 | 66 | 100
767 | Revision_767/pascal.c | U | 184 | 190 | 6 | 101032 | 66 | 100
767 | Revision_767/ocaml.c | U | 1840 | 1850 | 10 | 101033 | 67 | 100
767 | Revision_767/vhdl.c | U | 824 | 833 | 10 | 101034 | 67 | 100
767 | Revision_767/routines.c | U | 288 | 295 | 8 | 101035 | 68 | 100
767 | Revision_767/readtags.c | U | 106 | 113 | 8 | 101036 | 68 | 100
767 | Revision_767/routines.c | U | 298 | 305 | 8 | 101037 | 69 | 100
767 | Revision_767/readtags.c | U | 116 | 123 | 8 | 101038 | 69 | 100
767 | Revision_767/routines.c | U | 329 | 335 | 6 | 101039 | 70 | 100
767 | Revision_767/routines.c | U | 338 | 344 | 6 | 101040 | 70 | 100
767 | Revision_767/routines.c | U | 349 | 356 | 8 | 101041 | 71 | 100
767 | Revision_767/routines.c | U | 361 | 368 | 8 | 101042 | 71 | 100
767 | Revision_767/flex.c | U | 599 | 606 | 8 | 101043 | 72 | 100
767 | Revision_767/flex.c | U | 638 | 645 | 8 | 101044 | 72 | 100
767 | Revision_767/flex.c | U | 664 | 671 | 8 | 101045 | 72 | 100
767 | Revision_767/flex.c | U | 703 | 710 | 8 | 101046 | 72 | 100
767 | Revision_767/flex.c | U | 652 | 659 | 8 | 101047 | 72 | 100
767 | Revision_767/flex.c | U | 610 | 629 | 18 | 101048 | 73 | 100
767 | Revision_767/flex.c | U | 675 | 694 | 18 | 101049 | 73 | 100
767 | Revision_767/flex.c | U | 623 | 628 | 6 | 101050 | 74 | 100
767 | Revision_767/flex.c | U | 631 | 636 | 6 | 101051 | 74 | 100
767 | Revision_767/flex.c | U | 696 | 701 | 6 | 101052 | 74 | 100
767 | Revision_767/flex.c | U | 688 | 693 | 6 | 101053 | 74 | 100
767 | Revision_767/vhdl.c | U | 342 | 351 | 10 | 101054 | 75 | 100
767 | Revision_767/tex.c | U | 161 | 172 | 10 | 101055 | 75 | 100
767 | Revision_767/vhdl.c | U | 536 | 548 | 12 | 101056 | 76 | 100
767 | Revision_767/tex.c | U | 186 | 200 | 12 | 101057 | 76 | 100
767 | Revision_767/sql.c | U | 447 | 461 | 12 | 101058 | 76 | 100
767 | Revision_767/vhdl.c | U | 611 | 615 | 5 | 101059 | 77 | 100
767 | Revision_767/vhdl.c | U | 620 | 624 | 5 | 101060 | 77 | 100
767 | Revision_767/vhdl.c | U | 724 | 741 | 15 | 101061 | 78 | 100
767 | Revision_767/vhdl.c | U | 743 | 760 | 15 | 101062 | 78 | 100
767 | Revision_767/vhdl.c | U | 813 | 821 | 7 | 101063 | 79 | 100
767 | Revision_767/sql.c | U | 2349 | 2357 | 7 | 101064 | 79 | 100
767 | Revision_767/beta.c | U | 152 | 156 | 5 | 101065 | 80 | 100
767 | Revision_767/beta.c | U | 277 | 281 | 5 | 101066 | 80 | 100
767 | Revision_767/beta.c | U | 158 | 162 | 5 | 101067 | 80 | 100
767 | Revision_767/beta.c | U | 165 | 169 | 5 | 101068 | 81 | 100
767 | Revision_767/beta.c | U | 271 | 275 | 5 | 101069 | 81 | 100
767 | Revision_767/erlang.c | U | 108 | 113 | 6 | 101070 | 82 | 100
767 | Revision_767/erlang.c | U | 116 | 121 | 6 | 101071 | 82 | 100
767 | Revision_767/sql.c | U | 464 | 485 | 15 | 101072 | 83 | 100
767 | Revision_767/tex.c | U | 203 | 224 | 15 | 101073 | 83 | 100
767 | Revision_767/sql.c | U | 787 | 794 | 8 | 101074 | 84 | 100
767 | Revision_767/tex.c | U | 349 | 356 | 8 | 101075 | 84 | 100
767 | Revision_767/sql.c | U | 1413 | 1424 | 5 | 101076 | 85 | 100
767 | Revision_767/sql.c | U | 1569 | 1574 | 5 | 101077 | 85 | 100
767 | Revision_767/sql.c | U | 1914 | 1920 | 5 | 101078 | 86 | 100
767 | Revision_767/sql.c | U | 1943 | 1949 | 5 | 101079 | 86 | 100
767 | Revision_767/sql.c | U | 2085 | 2143 | 34 | 101080 | 87 | 100
767 | Revision_767/sql.c | U | 2192 | 2253 | 34 | 101081 | 87 | 100
767 | Revision_767/sql.c | U | 2331 | 2338 | 7 | 101082 | 88 | 100
767 | Revision_767/fortran.c | U | 1308 | 1314 | 7 | 101083 | 88 | 100
767 | Revision_767/parse.c | U | 45 | 53 | 7 | 101084 | 89 | 100
767 | Revision_767/sml.c | U | 75 | 81 | 7 | 101085 | 89 | 100
767 | Revision_767/parse.c | U | 100 | 104 | 5 | 101086 | 90 | 100
767 | Revision_767/parse.c | U | 114 | 118 | 5 | 101087 | 90 | 100
767 | Revision_767/parse.c | U | 556 | 560 | 5 | 101088 | 91 | 100
767 | Revision_767/parse.c | U | 575 | 579 | 5 | 101089 | 91 | 100
767 | Revision_767/readtags.c | U | 541 | 547 | 6 | 101090 | 92 | 100
767 | Revision_767/readtags.c | U | 549 | 555 | 6 | 101091 | 92 | 100
767 | Revision_767/readtags.c | U | 740 | 745 | 6 | 101092 | 93 | 100
767 | Revision_767/readtags.c | U | 765 | 770 | 6 | 101093 | 93 | 100
767 | Revision_767/tex.c | U | 395 | 399 | 5 | 101094 | 94 | 100
767 | Revision_767/tex.c | U | 419 | 423 | 5 | 101095 | 94 | 100
767 | Revision_767/options.c | U | 369 | 375 | 6 | 101096 | 95 | 100
767 | Revision_767/options.c | U | 378 | 384 | 6 | 101097 | 95 | 100
767 | Revision_767/options.c | U | 543 | 549 | 7 | 101098 | 96 | 100
767 | Revision_767/options.c | U | 552 | 558 | 7 | 101099 | 96 | 100
767 | Revision_767/options.c | U | 561 | 567 | 7 | 101100 | 96 | 100
767 | Revision_767/options.c | U | 570 | 576 | 7 | 101101 | 96 | 100
767 | Revision_767/options.c | U | 1102 | 1106 | 5 | 101102 | 97 | 100
767 | Revision_767/options.c | U | 1108 | 1112 | 5 | 101103 | 97 | 100
767 | Revision_767/options.c | U | 1154 | 1166 | 12 | 101104 | 98 | 100
767 | Revision_767/options.c | U | 1171 | 1183 | 12 | 101105 | 98 | 100
