Revision | filePath | changeType | StartLine | EndLine | Nlines | cloneId | classId | Similarity
783 | Revision_783/lisp.c | U | 127 | 137 | 9 | 105456 | 1 | 100
783 | Revision_783/scheme.c | U | 99 | 109 | 9 | 105457 | 1 | 100
783 | Revision_783/sh.c | U | 103 | 113 | 9 | 105458 | 1 | 100
783 | Revision_783/matlab.c | U | 35 | 42 | 8 | 105459 | 2 | 100
783 | Revision_783/ant.c | U | 33 | 40 | 8 | 105460 | 2 | 100
783 | Revision_783/slang.c | U | 34 | 41 | 8 | 105461 | 2 | 100
783 | Revision_783/yacc.c | U | 31 | 38 | 8 | 105462 | 2 | 100
783 | Revision_783/asp.c | U | 72 | 91 | 15 | 105463 | 3 | 100
783 | Revision_783/asp.c | U | 95 | 114 | 15 | 105464 | 3 | 100
783 | Revision_783/asp.c | U | 118 | 163 | 40 | 105465 | 4 | 100
783 | Revision_783/asp.c | U | 165 | 210 | 40 | 105466 | 4 | 100
783 | Revision_783/asp.c | U | 125 | 137 | 12 | 105467 | 5 | 100
783 | Revision_783/asp.c | U | 139 | 151 | 12 | 105468 | 5 | 100
783 | Revision_783/asp.c | U | 172 | 184 | 12 | 105469 | 6 | 100
783 | Revision_783/asp.c | U | 186 | 198 | 12 | 105470 | 6 | 100
783 | Revision_783/asp.c | U | 214 | 230 | 14 | 105471 | 7 | 100
783 | Revision_783/asp.c | U | 291 | 306 | 14 | 105472 | 7 | 100
783 | Revision_783/asp.c | U | 272 | 287 | 14 | 105473 | 7 | 100
783 | Revision_783/asp.c | U | 253 | 268 | 14 | 105474 | 7 | 100
783 | Revision_783/asp.c | U | 234 | 249 | 14 | 105475 | 7 | 100
783 | Revision_783/asp.c | U | 317 | 325 | 9 | 105476 | 8 | 100
783 | Revision_783/ruby.c | U | 398 | 406 | 9 | 105477 | 8 | 100
783 | Revision_783/sml.c | U | 202 | 210 | 9 | 105478 | 8 | 100
783 | Revision_783/args.c | U | 85 | 92 | 8 | 105479 | 9 | 100
783 | Revision_783/args.c | U | 160 | 167 | 8 | 105480 | 9 | 100
783 | Revision_783/c.c | U | 667 | 678 | 13 | 105481 | 10 | 100
783 | Revision_783/c.c | U | 1171 | 1184 | 13 | 105482 | 10 | 100
783 | Revision_783/c.c | U | 686 | 697 | 13 | 105483 | 10 | 100
783 | Revision_783/c.c | U | 824 | 844 | 45 | 105484 | 11 | 100
783 | Revision_783/c.c | U | 865 | 885 | 45 | 105485 | 11 | 100
783 | Revision_783/c.c | U | 1411 | 1418 | 7 | 105486 | 12 | 100
783 | Revision_783/c.c | U | 1421 | 1428 | 7 | 105487 | 12 | 100
783 | Revision_783/c.c | U | 1781 | 1785 | 5 | 105488 | 13 | 100
783 | Revision_783/c.c | U | 1790 | 1794 | 5 | 105489 | 13 | 100
783 | Revision_783/c.c | U | 2254 | 2259 | 6 | 105490 | 14 | 100
783 | Revision_783/options.c | U | 533 | 538 | 6 | 105491 | 14 | 100
783 | Revision_783/c.c | U | 2507 | 2511 | 5 | 105492 | 15 | 100
783 | Revision_783/c.c | U | 2514 | 2518 | 5 | 105493 | 15 | 100
783 | Revision_783/c.c | U | 2870 | 2879 | 10 | 105494 | 16 | 100
783 | Revision_783/verilog.c | U | 330 | 339 | 10 | 105495 | 16 | 100
783 | Revision_783/eiffel.c | U | 1259 | 1268 | 10 | 105496 | 16 | 100
783 | Revision_783/sql.c | U | 2360 | 2369 | 10 | 105497 | 16 | 100
783 | Revision_783/c.c | U | 2900 | 2909 | 10 | 105498 | 16 | 100
783 | Revision_783/c.c | U | 2912 | 2921 | 10 | 105499 | 16 | 100
783 | Revision_783/eiffel.c | U | 222 | 231 | 8 | 105500 | 17 | 100
783 | Revision_783/jscript.c | U | 180 | 189 | 8 | 105501 | 17 | 100
783 | Revision_783/tex.c | U | 149 | 158 | 8 | 105502 | 17 | 100
783 | Revision_783/sql.c | U | 409 | 418 | 8 | 105503 | 17 | 100
783 | Revision_783/fortran.c | U | 398 | 407 | 8 | 105504 | 17 | 100
783 | Revision_783/flex.c | U | 216 | 225 | 8 | 105505 | 17 | 100
783 | Revision_783/eiffel.c | U | 374 | 383 | 8 | 105506 | 18 | 100
783 | Revision_783/read.c | U | 452 | 459 | 8 | 105507 | 18 | 100
783 | Revision_783/eiffel.c | U | 421 | 427 | 7 | 105508 | 19 | 100
783 | Revision_783/fortran.c | U | 805 | 811 | 7 | 105509 | 19 | 100
783 | Revision_783/eiffel.c | U | 429 | 434 | 6 | 105510 | 20 | 100
783 | Revision_783/fortran.c | U | 813 | 818 | 6 | 105511 | 20 | 100
783 | Revision_783/eiffel.c | U | 691 | 695 | 5 | 105512 | 21 | 100
783 | Revision_783/sql.c | U | 588 | 592 | 5 | 105513 | 21 | 100
783 | Revision_783/vhdl.c | U | 457 | 461 | 5 | 105514 | 21 | 100
783 | Revision_783/eiffel.c | U | 765 | 770 | 6 | 105515 | 22 | 100
783 | Revision_783/fortran.c | U | 1027 | 1032 | 6 | 105516 | 22 | 100
783 | Revision_783/eiffel.c | U | 1074 | 1078 | 5 | 105517 | 23 | 100
783 | Revision_783/fortran.c | U | 1326 | 1330 | 5 | 105518 | 23 | 100
783 | Revision_783/dosbatch.c | U | 33 | 40 | 8 | 105519 | 24 | 100
783 | Revision_783/html.c | U | 40 | 47 | 8 | 105520 | 24 | 100
783 | Revision_783/verilog.c | U | 108 | 118 | 9 | 105521 | 25 | 100
783 | Revision_783/vhdl.c | U | 573 | 583 | 9 | 105522 | 25 | 100
783 | Revision_783/verilog.c | U | 142 | 146 | 5 | 105523 | 26 | 100
783 | Revision_783/fortran.c | U | 969 | 973 | 5 | 105524 | 26 | 100
783 | Revision_783/jscript.c | U | 208 | 212 | 5 | 105525 | 27 | 100
783 | Revision_783/tex.c | U | 175 | 179 | 5 | 105526 | 27 | 100
783 | Revision_783/sql.c | U | 436 | 440 | 5 | 105527 | 27 | 100
783 | Revision_783/flex.c | U | 245 | 249 | 5 | 105528 | 27 | 100
783 | Revision_783/vhdl.c | U | 356 | 360 | 5 | 105529 | 27 | 100
783 | Revision_783/jscript.c | U | 219 | 233 | 12 | 105530 | 28 | 100
783 | Revision_783/flex.c | U | 256 | 270 | 12 | 105531 | 28 | 100
783 | Revision_783/jscript.c | U | 221 | 232 | 10 | 105532 | 29 | 100
783 | Revision_783/tex.c | U | 188 | 199 | 10 | 105533 | 29 | 100
783 | Revision_783/vhdl.c | U | 538 | 547 | 10 | 105534 | 29 | 100
783 | Revision_783/sql.c | U | 449 | 460 | 10 | 105535 | 29 | 100
783 | Revision_783/flex.c | U | 258 | 269 | 10 | 105536 | 29 | 100
783 | Revision_783/jscript.c | U | 240 | 256 | 12 | 105537 | 30 | 100
783 | Revision_783/tex.c | U | 207 | 223 | 12 | 105538 | 30 | 100
783 | Revision_783/sql.c | U | 468 | 484 | 12 | 105539 | 30 | 100
783 | Revision_783/jscript.c | U | 246 | 254 | 9 | 105540 | 31 | 100
783 | Revision_783/flex.c | U | 295 | 303 | 9 | 105541 | 31 | 100
783 | Revision_783/sql.c | U | 474 | 482 | 9 | 105542 | 31 | 100
783 | Revision_783/tex.c | U | 213 | 221 | 9 | 105543 | 31 | 100
783 | Revision_783/jscript.c | U | 260 | 284 | 20 | 105544 | 32 | 100
783 | Revision_783/jscript.c | U | 287 | 311 | 20 | 105545 | 32 | 100
783 | Revision_783/flex.c | U | 359 | 383 | 20 | 105546 | 32 | 100
783 | Revision_783/flex.c | U | 309 | 333 | 20 | 105547 | 32 | 100
783 | Revision_783/jscript.c | U | 267 | 271 | 5 | 105548 | 33 | 100
783 | Revision_783/flex.c | U | 343 | 347 | 5 | 105549 | 33 | 100
783 | Revision_783/flex.c | U | 1884 | 1888 | 5 | 105550 | 33 | 100
783 | Revision_783/jscript.c | U | 1474 | 1478 | 5 | 105551 | 33 | 100
783 | Revision_783/jscript.c | U | 1391 | 1395 | 5 | 105552 | 33 | 100
783 | Revision_783/jscript.c | U | 294 | 298 | 5 | 105553 | 33 | 100
783 | Revision_783/flex.c | U | 316 | 320 | 5 | 105554 | 33 | 100
783 | Revision_783/flex.c | U | 366 | 370 | 5 | 105555 | 33 | 100
783 | Revision_783/jscript.c | U | 318 | 336 | 17 | 105556 | 34 | 100
783 | Revision_783/flex.c | U | 390 | 408 | 17 | 105557 | 34 | 100
783 | Revision_783/tex.c | U | 231 | 249 | 17 | 105558 | 34 | 100
783 | Revision_783/vhdl.c | U | 368 | 386 | 17 | 105559 | 34 | 100
783 | Revision_783/jscript.c | U | 342 | 353 | 12 | 105560 | 35 | 100
783 | Revision_783/vhdl.c | U | 391 | 402 | 12 | 105561 | 35 | 100
783 | Revision_783/flex.c | U | 414 | 425 | 12 | 105562 | 35 | 100
783 | Revision_783/tex.c | U | 256 | 268 | 12 | 105563 | 35 | 100
783 | Revision_783/sql.c | U | 517 | 528 | 12 | 105564 | 35 | 100
783 | Revision_783/jscript.c | U | 365 | 369 | 5 | 105565 | 36 | 100
783 | Revision_783/vhdl.c | U | 414 | 418 | 5 | 105566 | 36 | 100
783 | Revision_783/flex.c | U | 437 | 441 | 5 | 105567 | 36 | 100
783 | Revision_783/sql.c | U | 540 | 553 | 5 | 105568 | 36 | 100
783 | Revision_783/tex.c | U | 280 | 284 | 5 | 105569 | 36 | 100
783 | Revision_783/jscript.c | U | 405 | 435 | 26 | 105570 | 37 | 100
783 | Revision_783/sql.c | U | 625 | 655 | 26 | 105571 | 37 | 100
783 | Revision_783/jscript.c | U | 416 | 427 | 12 | 105572 | 38 | 100
783 | Revision_783/flex.c | U | 492 | 503 | 12 | 105573 | 38 | 100
783 | Revision_783/sql.c | U | 636 | 647 | 12 | 105574 | 38 | 100
783 | Revision_783/jscript.c | U | 441 | 450 | 10 | 105575 | 39 | 100
783 | Revision_783/vhdl.c | U | 467 | 476 | 10 | 105576 | 39 | 100
783 | Revision_783/tex.c | U | 317 | 326 | 10 | 105577 | 39 | 100
783 | Revision_783/flex.c | U | 734 | 743 | 10 | 105578 | 39 | 100
783 | Revision_783/jscript.c | U | 471 | 501 | 18 | 105579 | 40 | 100
783 | Revision_783/jscript.c | U | 504 | 533 | 18 | 105580 | 40 | 100
783 | Revision_783/flex.c | U | 798 | 827 | 18 | 105581 | 40 | 100
783 | Revision_783/flex.c | U | 765 | 795 | 18 | 105582 | 40 | 100
783 | Revision_783/jscript.c | U | 482 | 500 | 15 | 105583 | 41 | 100
783 | Revision_783/sql.c | U | 765 | 783 | 15 | 105584 | 41 | 100
783 | Revision_783/vhdl.c | U | 514 | 532 | 15 | 105585 | 41 | 100
783 | Revision_783/flex.c | U | 776 | 794 | 15 | 105586 | 41 | 100
783 | Revision_783/flex.c | U | 808 | 826 | 15 | 105587 | 41 | 100
783 | Revision_783/jscript.c | U | 514 | 532 | 15 | 105588 | 41 | 100
783 | Revision_783/jscript.c | U | 536 | 543 | 7 | 105589 | 42 | 100
783 | Revision_783/flex.c | U | 830 | 837 | 7 | 105590 | 42 | 100
783 | Revision_783/jscript.c | U | 546 | 553 | 7 | 105591 | 43 | 100
783 | Revision_783/flex.c | U | 840 | 847 | 7 | 105592 | 43 | 100
783 | Revision_783/sql.c | U | 698 | 705 | 7 | 105593 | 43 | 100
783 | Revision_783/jscript.c | U | 560 | 582 | 13 | 105594 | 44 | 100
783 | Revision_783/flex.c | U | 854 | 876 | 13 | 105595 | 44 | 100
783 | Revision_783/jscript.c | U | 696 | 707 | 6 | 105596 | 45 | 100
783 | Revision_783/flex.c | U | 2009 | 2015 | 6 | 105597 | 45 | 100
783 | Revision_783/flex.c | U | 2250 | 2256 | 6 | 105598 | 45 | 100
783 | Revision_783/sql.c | U | 1032 | 1052 | 6 | 105599 | 45 | 100
783 | Revision_783/flex.c | U | 986 | 997 | 6 | 105600 | 45 | 100
783 | Revision_783/sql.c | U | 937 | 944 | 6 | 105601 | 45 | 100
783 | Revision_783/sql.c | U | 1623 | 1629 | 6 | 105602 | 45 | 100
783 | Revision_783/jscript.c | U | 1101 | 1107 | 6 | 105603 | 45 | 100
783 | Revision_783/jscript.c | U | 712 | 819 | 30 | 105604 | 46 | 100
783 | Revision_783/flex.c | U | 1002 | 1109 | 30 | 105605 | 46 | 100
783 | Revision_783/jscript.c | U | 1118 | 1223 | 45 | 105606 | 47 | 100
783 | Revision_783/flex.c | U | 1573 | 1678 | 45 | 105607 | 47 | 100
783 | Revision_783/jscript.c | U | 1251 | 1270 | 7 | 105608 | 48 | 100
783 | Revision_783/flex.c | U | 1710 | 1729 | 7 | 105609 | 48 | 100
783 | Revision_783/jscript.c | U | 1316 | 1321 | 6 | 105610 | 49 | 100
783 | Revision_783/flex.c | U | 1775 | 1780 | 6 | 105611 | 49 | 100
783 | Revision_783/jscript.c | U | 1341 | 1356 | 7 | 105612 | 50 | 100
783 | Revision_783/sql.c | U | 1809 | 1816 | 7 | 105613 | 50 | 100
783 | Revision_783/flex.c | U | 1797 | 1812 | 7 | 105614 | 50 | 100
783 | Revision_783/jscript.c | U | 1423 | 1451 | 20 | 105615 | 51 | 100
783 | Revision_783/flex.c | U | 1833 | 1861 | 20 | 105616 | 51 | 100
783 | Revision_783/jscript.c | U | 1453 | 1493 | 20 | 105617 | 52 | 100
783 | Revision_783/flex.c | U | 1863 | 1903 | 20 | 105618 | 52 | 100
783 | Revision_783/jscript.c | U | 1486 | 1490 | 5 | 105619 | 53 | 100
783 | Revision_783/fortran.c | U | 1899 | 1903 | 5 | 105620 | 53 | 100
783 | Revision_783/flex.c | U | 1896 | 1900 | 5 | 105621 | 53 | 100
783 | Revision_783/jscript.c | U | 1594 | 1598 | 5 | 105622 | 54 | 100
783 | Revision_783/flex.c | U | 2382 | 2386 | 5 | 105623 | 54 | 100
783 | Revision_783/tex.c | U | 481 | 485 | 5 | 105624 | 54 | 100
783 | Revision_783/sql.c | U | 2342 | 2346 | 5 | 105625 | 54 | 100
783 | Revision_783/jscript.c | U | 1601 | 1617 | 14 | 105626 | 55 | 100
783 | Revision_783/flex.c | U | 2389 | 2405 | 14 | 105627 | 55 | 100
783 | Revision_783/jscript.c | U | 1621 | 1634 | 10 | 105628 | 56 | 100
783 | Revision_783/tex.c | U | 501 | 514 | 10 | 105629 | 56 | 100
783 | Revision_783/gnu_regex/regcomp.c | U | 1277 | 1281 | 5 | 105630 | 57 | 100
783 | Revision_783/gnu_regex/regcomp.c | U | 1283 | 1287 | 5 | 105631 | 57 | 100
783 | Revision_783/gnu_regex/regcomp.c | U | 2292 | 2296 | 5 | 105632 | 58 | 100
783 | Revision_783/gnu_regex/regcomp.c | U | 2298 | 2302 | 5 | 105633 | 58 | 100
783 | Revision_783/gnu_regex/regex_internal.c | U | 1103 | 1108 | 5 | 105634 | 59 | 100
783 | Revision_783/gnu_regex/regex_internal.c | U | 1236 | 1241 | 5 | 105635 | 59 | 100
783 | Revision_783/vim.c | U | 97 | 101 | 5 | 105636 | 60 | 100
783 | Revision_783/vim.c | U | 103 | 107 | 5 | 105637 | 60 | 100
783 | Revision_783/vim.c | U | 637 | 645 | 9 | 105638 | 61 | 100
783 | Revision_783/beta.c | U | 311 | 319 | 9 | 105639 | 61 | 100
783 | Revision_783/lua.c | U | 123 | 131 | 9 | 105640 | 61 | 100
783 | Revision_783/python.c | U | 299 | 303 | 5 | 105641 | 62 | 100
783 | Revision_783/sml.c | U | 84 | 88 | 5 | 105642 | 62 | 100
783 | Revision_783/erlang.c | U | 58 | 62 | 5 | 105643 | 62 | 100
783 | Revision_783/python.c | U | 307 | 316 | 9 | 105644 | 63 | 100
783 | Revision_783/erlang.c | U | 66 | 75 | 9 | 105645 | 63 | 100
783 | Revision_783/perl.c | U | 372 | 380 | 9 | 105646 | 64 | 100
783 | Revision_783/erlang.c | U | 179 | 187 | 9 | 105647 | 64 | 100
783 | Revision_783/tcl.c | U | 106 | 114 | 9 | 105648 | 64 | 100
783 | Revision_783/sort.c | U | 118 | 123 | 5 | 105649 | 65 | 100
783 | Revision_783/sort.c | U | 126 | 131 | 5 | 105650 | 65 | 100
783 | Revision_783/pascal.c | U | 176 | 182 | 6 | 105651 | 66 | 100
783 | Revision_783/pascal.c | U | 184 | 190 | 6 | 105652 | 66 | 100
783 | Revision_783/ocaml.c | U | 182 | 191 | 7 | 105653 | 67 | 100
783 | Revision_783/objc.c | U | 154 | 163 | 7 | 105654 | 67 | 100
783 | Revision_783/ocaml.c | U | 251 | 257 | 6 | 105655 | 68 | 100
783 | Revision_783/objc.c | U | 199 | 205 | 6 | 105656 | 68 | 100
783 | Revision_783/ocaml.c | U | 260 | 280 | 15 | 105657 | 69 | 100
783 | Revision_783/objc.c | U | 208 | 228 | 15 | 105658 | 69 | 100
783 | Revision_783/ocaml.c | U | 293 | 301 | 6 | 105659 | 70 | 100
783 | Revision_783/objc.c | U | 241 | 249 | 6 | 105660 | 70 | 100
783 | Revision_783/ocaml.c | U | 344 | 359 | 10 | 105661 | 71 | 100
783 | Revision_783/objc.c | U | 264 | 279 | 10 | 105662 | 71 | 100
783 | Revision_783/ocaml.c | U | 419 | 431 | 10 | 105663 | 72 | 100
783 | Revision_783/objc.c | U | 318 | 330 | 10 | 105664 | 72 | 100
783 | Revision_783/objc.c | U | 332 | 344 | 10 | 105665 | 72 | 100
783 | Revision_783/ocaml.c | U | 908 | 912 | 5 | 105666 | 73 | 100
783 | Revision_783/objc.c | U | 484 | 488 | 5 | 105667 | 73 | 100
783 | Revision_783/ocaml.c | U | 1882 | 1892 | 10 | 105668 | 74 | 100
783 | Revision_783/objc.c | U | 1134 | 1144 | 10 | 105669 | 74 | 100
783 | Revision_783/vhdl.c | U | 824 | 833 | 10 | 105670 | 74 | 100
783 | Revision_783/routines.c | U | 288 | 295 | 8 | 105671 | 75 | 100
783 | Revision_783/readtags.c | U | 106 | 113 | 8 | 105672 | 75 | 100
783 | Revision_783/routines.c | U | 298 | 305 | 8 | 105673 | 76 | 100
783 | Revision_783/readtags.c | U | 116 | 123 | 8 | 105674 | 76 | 100
783 | Revision_783/routines.c | U | 329 | 335 | 6 | 105675 | 77 | 100
783 | Revision_783/routines.c | U | 338 | 344 | 6 | 105676 | 77 | 100
783 | Revision_783/routines.c | U | 349 | 356 | 8 | 105677 | 78 | 100
783 | Revision_783/routines.c | U | 361 | 368 | 8 | 105678 | 78 | 100
783 | Revision_783/flex.c | U | 599 | 606 | 8 | 105679 | 79 | 100
783 | Revision_783/flex.c | U | 638 | 645 | 8 | 105680 | 79 | 100
783 | Revision_783/flex.c | U | 652 | 659 | 8 | 105681 | 79 | 100
783 | Revision_783/flex.c | U | 664 | 671 | 8 | 105682 | 79 | 100
783 | Revision_783/flex.c | U | 703 | 710 | 8 | 105683 | 79 | 100
783 | Revision_783/flex.c | U | 610 | 629 | 18 | 105684 | 80 | 100
783 | Revision_783/flex.c | U | 675 | 694 | 18 | 105685 | 80 | 100
783 | Revision_783/flex.c | U | 623 | 628 | 6 | 105686 | 81 | 100
783 | Revision_783/flex.c | U | 631 | 636 | 6 | 105687 | 81 | 100
783 | Revision_783/flex.c | U | 696 | 701 | 6 | 105688 | 81 | 100
783 | Revision_783/flex.c | U | 688 | 693 | 6 | 105689 | 81 | 100
783 | Revision_783/vhdl.c | U | 342 | 351 | 10 | 105690 | 82 | 100
783 | Revision_783/tex.c | U | 161 | 172 | 10 | 105691 | 82 | 100
783 | Revision_783/vhdl.c | U | 536 | 548 | 12 | 105692 | 83 | 100
783 | Revision_783/sql.c | U | 447 | 461 | 12 | 105693 | 83 | 100
783 | Revision_783/tex.c | U | 186 | 200 | 12 | 105694 | 83 | 100
783 | Revision_783/vhdl.c | U | 611 | 615 | 5 | 105695 | 84 | 100
783 | Revision_783/vhdl.c | U | 620 | 624 | 5 | 105696 | 84 | 100
783 | Revision_783/vhdl.c | U | 724 | 741 | 15 | 105697 | 85 | 100
783 | Revision_783/vhdl.c | U | 743 | 760 | 15 | 105698 | 85 | 100
783 | Revision_783/vhdl.c | U | 813 | 821 | 7 | 105699 | 86 | 100
783 | Revision_783/sql.c | U | 2349 | 2357 | 7 | 105700 | 86 | 100
783 | Revision_783/beta.c | U | 152 | 156 | 5 | 105701 | 87 | 100
783 | Revision_783/beta.c | U | 158 | 162 | 5 | 105702 | 87 | 100
783 | Revision_783/beta.c | U | 277 | 281 | 5 | 105703 | 87 | 100
783 | Revision_783/beta.c | U | 165 | 169 | 5 | 105704 | 88 | 100
783 | Revision_783/beta.c | U | 271 | 275 | 5 | 105705 | 88 | 100
783 | Revision_783/erlang.c | U | 108 | 113 | 6 | 105706 | 89 | 100
783 | Revision_783/erlang.c | U | 116 | 121 | 6 | 105707 | 89 | 100
783 | Revision_783/sql.c | U | 464 | 485 | 15 | 105708 | 90 | 100
783 | Revision_783/tex.c | U | 203 | 224 | 15 | 105709 | 90 | 100
783 | Revision_783/sql.c | U | 787 | 794 | 8 | 105710 | 91 | 100
783 | Revision_783/tex.c | U | 349 | 356 | 8 | 105711 | 91 | 100
783 | Revision_783/sql.c | U | 1413 | 1424 | 5 | 105712 | 92 | 100
783 | Revision_783/sql.c | U | 1569 | 1574 | 5 | 105713 | 92 | 100
783 | Revision_783/sql.c | U | 1914 | 1920 | 5 | 105714 | 93 | 100
783 | Revision_783/sql.c | U | 1943 | 1949 | 5 | 105715 | 93 | 100
783 | Revision_783/sql.c | U | 2085 | 2143 | 34 | 105716 | 94 | 100
783 | Revision_783/sql.c | U | 2192 | 2253 | 34 | 105717 | 94 | 100
783 | Revision_783/sql.c | U | 2331 | 2338 | 7 | 105718 | 95 | 100
783 | Revision_783/fortran.c | U | 1308 | 1314 | 7 | 105719 | 95 | 100
783 | Revision_783/parse.c | U | 45 | 53 | 7 | 105720 | 96 | 100
783 | Revision_783/sml.c | U | 75 | 81 | 7 | 105721 | 96 | 100
783 | Revision_783/parse.c | U | 100 | 104 | 5 | 105722 | 97 | 100
783 | Revision_783/parse.c | U | 114 | 118 | 5 | 105723 | 97 | 100
783 | Revision_783/parse.c | U | 556 | 560 | 5 | 105724 | 98 | 100
783 | Revision_783/parse.c | U | 575 | 579 | 5 | 105725 | 98 | 100
783 | Revision_783/readtags.c | U | 541 | 547 | 6 | 105726 | 99 | 100
783 | Revision_783/readtags.c | U | 549 | 555 | 6 | 105727 | 99 | 100
783 | Revision_783/readtags.c | U | 740 | 745 | 6 | 105728 | 100 | 100
783 | Revision_783/readtags.c | U | 765 | 770 | 6 | 105729 | 100 | 100
783 | Revision_783/tex.c | U | 395 | 399 | 5 | 105730 | 101 | 100
783 | Revision_783/tex.c | U | 419 | 423 | 5 | 105731 | 101 | 100
783 | Revision_783/options.c | U | 369 | 375 | 6 | 105732 | 102 | 100
783 | Revision_783/options.c | U | 378 | 384 | 6 | 105733 | 102 | 100
783 | Revision_783/options.c | U | 543 | 549 | 7 | 105734 | 103 | 100
783 | Revision_783/options.c | U | 570 | 576 | 7 | 105735 | 103 | 100
783 | Revision_783/options.c | U | 561 | 567 | 7 | 105736 | 103 | 100
783 | Revision_783/options.c | U | 552 | 558 | 7 | 105737 | 103 | 100
783 | Revision_783/options.c | U | 1102 | 1106 | 5 | 105738 | 104 | 100
783 | Revision_783/options.c | U | 1108 | 1112 | 5 | 105739 | 104 | 100
783 | Revision_783/options.c | U | 1154 | 1166 | 12 | 105740 | 105 | 100
783 | Revision_783/options.c | U | 1171 | 1183 | 12 | 105741 | 105 | 100
783 | Revision_783/objc.c | U | 576 | 614 | 31 | 105742 | 106 | 100
783 | Revision_783/objc.c | U | 617 | 655 | 31 | 105743 | 106 | 100
783 | Revision_783/objc.c | U | 747 | 754 | 7 | 105744 | 107 | 100
783 | Revision_783/objc.c | U | 767 | 775 | 7 | 105745 | 107 | 100
783 | Revision_783/objc.c | U | 757 | 764 | 7 | 105746 | 107 | 100
783 | Revision_783/objc.c | U | 829 | 833 | 5 | 105747 | 108 | 100
783 | Revision_783/objc.c | U | 907 | 911 | 5 | 105748 | 108 | 100
783 | Revision_783/objc.c | U | 835 | 840 | 6 | 105749 | 109 | 100
783 | Revision_783/objc.c | U | 913 | 918 | 6 | 105750 | 109 | 100
