Revision | filePath | changeType | StartLine | EndLine | Nlines | cloneId | classId | Similarity
786 | Revision_786/lisp.c | U | 127 | 137 | 9 | 106336 | 1 | 100
786 | Revision_786/scheme.c | U | 99 | 109 | 9 | 106337 | 1 | 100
786 | Revision_786/sh.c | U | 103 | 113 | 9 | 106338 | 1 | 100
786 | Revision_786/matlab.c | U | 35 | 42 | 8 | 106339 | 2 | 100
786 | Revision_786/ant.c | U | 33 | 40 | 8 | 106340 | 2 | 100
786 | Revision_786/yacc.c | U | 31 | 38 | 8 | 106341 | 2 | 100
786 | Revision_786/slang.c | U | 34 | 41 | 8 | 106342 | 2 | 100
786 | Revision_786/asp.c | U | 72 | 91 | 15 | 106343 | 3 | 100
786 | Revision_786/asp.c | U | 95 | 114 | 15 | 106344 | 3 | 100
786 | Revision_786/asp.c | U | 118 | 163 | 40 | 106345 | 4 | 100
786 | Revision_786/asp.c | U | 165 | 210 | 40 | 106346 | 4 | 100
786 | Revision_786/asp.c | U | 125 | 137 | 12 | 106347 | 5 | 100
786 | Revision_786/asp.c | U | 139 | 151 | 12 | 106348 | 5 | 100
786 | Revision_786/asp.c | U | 172 | 184 | 12 | 106349 | 6 | 100
786 | Revision_786/asp.c | U | 186 | 198 | 12 | 106350 | 6 | 100
786 | Revision_786/asp.c | U | 214 | 230 | 14 | 106351 | 7 | 100
786 | Revision_786/asp.c | U | 272 | 287 | 14 | 106352 | 7 | 100
786 | Revision_786/asp.c | U | 234 | 249 | 14 | 106353 | 7 | 100
786 | Revision_786/asp.c | U | 253 | 268 | 14 | 106354 | 7 | 100
786 | Revision_786/asp.c | U | 291 | 306 | 14 | 106355 | 7 | 100
786 | Revision_786/asp.c | U | 317 | 325 | 9 | 106356 | 8 | 100
786 | Revision_786/vim.c | A | 743 | 751 | 9 | 106357 | 8 | 100
786 | Revision_786/ruby.c | U | 398 | 406 | 9 | 106358 | 8 | 100
786 | Revision_786/sml.c | U | 202 | 210 | 9 | 106359 | 8 | 100
786 | Revision_786/args.c | U | 85 | 92 | 8 | 106360 | 9 | 100
786 | Revision_786/args.c | U | 160 | 167 | 8 | 106361 | 9 | 100
786 | Revision_786/c.c | U | 667 | 678 | 13 | 106362 | 10 | 100
786 | Revision_786/c.c | U | 1171 | 1184 | 13 | 106363 | 10 | 100
786 | Revision_786/c.c | U | 686 | 697 | 13 | 106364 | 10 | 100
786 | Revision_786/c.c | U | 824 | 844 | 45 | 106365 | 11 | 100
786 | Revision_786/c.c | U | 865 | 885 | 45 | 106366 | 11 | 100
786 | Revision_786/c.c | U | 1411 | 1418 | 7 | 106367 | 12 | 100
786 | Revision_786/c.c | U | 1421 | 1428 | 7 | 106368 | 12 | 100
786 | Revision_786/c.c | U | 1781 | 1785 | 5 | 106369 | 13 | 100
786 | Revision_786/c.c | U | 1790 | 1794 | 5 | 106370 | 13 | 100
786 | Revision_786/c.c | U | 2254 | 2259 | 6 | 106371 | 14 | 100
786 | Revision_786/options.c | U | 533 | 538 | 6 | 106372 | 14 | 100
786 | Revision_786/c.c | U | 2507 | 2511 | 5 | 106373 | 15 | 100
786 | Revision_786/c.c | U | 2514 | 2518 | 5 | 106374 | 15 | 100
786 | Revision_786/c.c | U | 2870 | 2879 | 10 | 106375 | 16 | 100
786 | Revision_786/c.c | U | 2900 | 2909 | 10 | 106376 | 16 | 100
786 | Revision_786/c.c | U | 2912 | 2921 | 10 | 106377 | 16 | 100
786 | Revision_786/verilog.c | U | 330 | 339 | 10 | 106378 | 16 | 100
786 | Revision_786/eiffel.c | U | 1259 | 1268 | 10 | 106379 | 16 | 100
786 | Revision_786/sql.c | U | 2360 | 2369 | 10 | 106380 | 16 | 100
786 | Revision_786/eiffel.c | U | 222 | 231 | 8 | 106381 | 17 | 100
786 | Revision_786/flex.c | U | 216 | 225 | 8 | 106382 | 17 | 100
786 | Revision_786/tex.c | U | 160 | 169 | 8 | 106383 | 17 | 100
786 | Revision_786/fortran.c | U | 398 | 407 | 8 | 106384 | 17 | 100
786 | Revision_786/jscript.c | U | 180 | 189 | 8 | 106385 | 17 | 100
786 | Revision_786/sql.c | U | 409 | 418 | 8 | 106386 | 17 | 100
786 | Revision_786/eiffel.c | U | 374 | 383 | 8 | 106387 | 18 | 100
786 | Revision_786/read.c | U | 452 | 459 | 8 | 106388 | 18 | 100
786 | Revision_786/eiffel.c | U | 421 | 427 | 7 | 106389 | 19 | 100
786 | Revision_786/fortran.c | U | 805 | 811 | 7 | 106390 | 19 | 100
786 | Revision_786/eiffel.c | U | 429 | 434 | 6 | 106391 | 20 | 100
786 | Revision_786/fortran.c | U | 813 | 818 | 6 | 106392 | 20 | 100
786 | Revision_786/eiffel.c | U | 691 | 695 | 5 | 106393 | 21 | 100
786 | Revision_786/sql.c | U | 588 | 592 | 5 | 106394 | 21 | 100
786 | Revision_786/vhdl.c | U | 457 | 461 | 5 | 106395 | 21 | 100
786 | Revision_786/eiffel.c | U | 765 | 770 | 6 | 106396 | 22 | 100
786 | Revision_786/fortran.c | U | 1027 | 1032 | 6 | 106397 | 22 | 100
786 | Revision_786/eiffel.c | U | 1074 | 1078 | 5 | 106398 | 23 | 100
786 | Revision_786/fortran.c | U | 1326 | 1330 | 5 | 106399 | 23 | 100
786 | Revision_786/dosbatch.c | U | 33 | 40 | 8 | 106400 | 24 | 100
786 | Revision_786/html.c | U | 40 | 47 | 8 | 106401 | 24 | 100
786 | Revision_786/verilog.c | U | 108 | 118 | 9 | 106402 | 25 | 100
786 | Revision_786/vhdl.c | U | 573 | 583 | 9 | 106403 | 25 | 100
786 | Revision_786/verilog.c | U | 142 | 146 | 5 | 106404 | 26 | 100
786 | Revision_786/fortran.c | U | 969 | 973 | 5 | 106405 | 26 | 100
786 | Revision_786/jscript.c | U | 208 | 212 | 5 | 106406 | 27 | 100
786 | Revision_786/flex.c | U | 245 | 249 | 5 | 106407 | 27 | 100
786 | Revision_786/sql.c | U | 436 | 440 | 5 | 106408 | 27 | 100
786 | Revision_786/vhdl.c | U | 356 | 360 | 5 | 106409 | 27 | 100
786 | Revision_786/tex.c | U | 186 | 190 | 5 | 106410 | 27 | 100
786 | Revision_786/jscript.c | U | 219 | 233 | 12 | 106411 | 28 | 100
786 | Revision_786/flex.c | U | 256 | 270 | 12 | 106412 | 28 | 100
786 | Revision_786/jscript.c | U | 221 | 232 | 10 | 106413 | 29 | 100
786 | Revision_786/vhdl.c | U | 538 | 547 | 10 | 106414 | 29 | 100
786 | Revision_786/sql.c | U | 449 | 460 | 10 | 106415 | 29 | 100
786 | Revision_786/flex.c | U | 258 | 269 | 10 | 106416 | 29 | 100
786 | Revision_786/jscript.c | U | 240 | 256 | 12 | 106417 | 30 | 100
786 | Revision_786/sql.c | U | 468 | 484 | 12 | 106418 | 30 | 100
786 | Revision_786/jscript.c | U | 246 | 254 | 9 | 106419 | 31 | 100
786 | Revision_786/flex.c | U | 295 | 303 | 9 | 106420 | 31 | 100
786 | Revision_786/sql.c | U | 474 | 482 | 9 | 106421 | 31 | 100
786 | Revision_786/jscript.c | U | 260 | 284 | 20 | 106422 | 32 | 100
786 | Revision_786/jscript.c | U | 287 | 311 | 20 | 106423 | 32 | 100
786 | Revision_786/flex.c | U | 359 | 383 | 20 | 106424 | 32 | 100
786 | Revision_786/flex.c | U | 309 | 333 | 20 | 106425 | 32 | 100
786 | Revision_786/jscript.c | U | 267 | 271 | 5 | 106426 | 33 | 100
786 | Revision_786/flex.c | U | 1884 | 1888 | 5 | 106427 | 33 | 100
786 | Revision_786/jscript.c | U | 1474 | 1478 | 5 | 106428 | 33 | 100
786 | Revision_786/jscript.c | U | 1391 | 1395 | 5 | 106429 | 33 | 100
786 | Revision_786/flex.c | U | 343 | 347 | 5 | 106430 | 33 | 100
786 | Revision_786/jscript.c | U | 294 | 298 | 5 | 106431 | 33 | 100
786 | Revision_786/flex.c | U | 366 | 370 | 5 | 106432 | 33 | 100
786 | Revision_786/flex.c | U | 316 | 320 | 5 | 106433 | 33 | 100
786 | Revision_786/jscript.c | U | 318 | 336 | 17 | 106434 | 34 | 100
786 | Revision_786/vhdl.c | U | 368 | 386 | 17 | 106435 | 34 | 100
786 | Revision_786/flex.c | U | 390 | 408 | 17 | 106436 | 34 | 100
786 | Revision_786/jscript.c | U | 342 | 353 | 12 | 106437 | 35 | 100
786 | Revision_786/tex.c | U | 289 | 301 | 12 | 106438 | 35 | 100
786 | Revision_786/sql.c | U | 517 | 528 | 12 | 106439 | 35 | 100
786 | Revision_786/vhdl.c | U | 391 | 402 | 12 | 106440 | 35 | 100
786 | Revision_786/flex.c | U | 414 | 425 | 12 | 106441 | 35 | 100
786 | Revision_786/jscript.c | U | 365 | 369 | 5 | 106442 | 36 | 100
786 | Revision_786/vhdl.c | U | 414 | 418 | 5 | 106443 | 36 | 100
786 | Revision_786/tex.c | U | 313 | 317 | 5 | 106444 | 36 | 100
786 | Revision_786/flex.c | U | 437 | 441 | 5 | 106445 | 36 | 100
786 | Revision_786/sql.c | U | 540 | 553 | 5 | 106446 | 36 | 100
786 | Revision_786/jscript.c | U | 405 | 435 | 26 | 106447 | 37 | 100
786 | Revision_786/sql.c | U | 625 | 655 | 26 | 106448 | 37 | 100
786 | Revision_786/jscript.c | U | 416 | 427 | 12 | 106449 | 38 | 100
786 | Revision_786/flex.c | U | 492 | 503 | 12 | 106450 | 38 | 100
786 | Revision_786/sql.c | U | 636 | 647 | 12 | 106451 | 38 | 100
786 | Revision_786/jscript.c | U | 441 | 450 | 10 | 106452 | 39 | 100
786 | Revision_786/vhdl.c | U | 467 | 476 | 10 | 106453 | 39 | 100
786 | Revision_786/tex.c | U | 342 | 351 | 10 | 106454 | 39 | 100
786 | Revision_786/flex.c | U | 734 | 743 | 10 | 106455 | 39 | 100
786 | Revision_786/jscript.c | U | 471 | 501 | 18 | 106456 | 40 | 100
786 | Revision_786/jscript.c | U | 504 | 533 | 18 | 106457 | 40 | 100
786 | Revision_786/flex.c | U | 798 | 827 | 18 | 106458 | 40 | 100
786 | Revision_786/flex.c | U | 765 | 795 | 18 | 106459 | 40 | 100
786 | Revision_786/jscript.c | U | 482 | 500 | 15 | 106460 | 41 | 100
786 | Revision_786/vhdl.c | U | 514 | 532 | 15 | 106461 | 41 | 100
786 | Revision_786/sql.c | U | 765 | 783 | 15 | 106462 | 41 | 100
786 | Revision_786/jscript.c | U | 514 | 532 | 15 | 106463 | 41 | 100
786 | Revision_786/flex.c | U | 808 | 826 | 15 | 106464 | 41 | 100
786 | Revision_786/flex.c | U | 776 | 794 | 15 | 106465 | 41 | 100
786 | Revision_786/jscript.c | U | 536 | 543 | 7 | 106466 | 42 | 100
786 | Revision_786/flex.c | U | 830 | 837 | 7 | 106467 | 42 | 100
786 | Revision_786/jscript.c | U | 546 | 553 | 7 | 106468 | 43 | 100
786 | Revision_786/sql.c | U | 698 | 705 | 7 | 106469 | 43 | 100
786 | Revision_786/flex.c | U | 840 | 847 | 7 | 106470 | 43 | 100
786 | Revision_786/jscript.c | U | 560 | 582 | 13 | 106471 | 44 | 100
786 | Revision_786/flex.c | U | 854 | 876 | 13 | 106472 | 44 | 100
786 | Revision_786/jscript.c | U | 696 | 707 | 6 | 106473 | 45 | 100
786 | Revision_786/flex.c | U | 2250 | 2256 | 6 | 106474 | 45 | 100
786 | Revision_786/jscript.c | U | 1101 | 1107 | 6 | 106475 | 45 | 100
786 | Revision_786/sql.c | U | 937 | 944 | 6 | 106476 | 45 | 100
786 | Revision_786/sql.c | U | 1623 | 1629 | 6 | 106477 | 45 | 100
786 | Revision_786/flex.c | U | 2009 | 2015 | 6 | 106478 | 45 | 100
786 | Revision_786/sql.c | U | 1032 | 1052 | 6 | 106479 | 45 | 100
786 | Revision_786/flex.c | U | 986 | 997 | 6 | 106480 | 45 | 100
786 | Revision_786/jscript.c | U | 712 | 819 | 30 | 106481 | 46 | 100
786 | Revision_786/flex.c | U | 1002 | 1109 | 30 | 106482 | 46 | 100
786 | Revision_786/jscript.c | U | 1118 | 1223 | 45 | 106483 | 47 | 100
786 | Revision_786/flex.c | U | 1573 | 1678 | 45 | 106484 | 47 | 100
786 | Revision_786/jscript.c | U | 1251 | 1270 | 7 | 106485 | 48 | 100
786 | Revision_786/flex.c | U | 1710 | 1729 | 7 | 106486 | 48 | 100
786 | Revision_786/jscript.c | U | 1316 | 1321 | 6 | 106487 | 49 | 100
786 | Revision_786/flex.c | U | 1775 | 1780 | 6 | 106488 | 49 | 100
786 | Revision_786/jscript.c | U | 1341 | 1356 | 7 | 106489 | 50 | 100
786 | Revision_786/sql.c | U | 1809 | 1816 | 7 | 106490 | 50 | 100
786 | Revision_786/flex.c | U | 1797 | 1812 | 7 | 106491 | 50 | 100
786 | Revision_786/jscript.c | U | 1423 | 1451 | 20 | 106492 | 51 | 100
786 | Revision_786/flex.c | U | 1833 | 1861 | 20 | 106493 | 51 | 100
786 | Revision_786/jscript.c | U | 1453 | 1493 | 20 | 106494 | 52 | 100
786 | Revision_786/flex.c | U | 1863 | 1903 | 20 | 106495 | 52 | 100
786 | Revision_786/jscript.c | U | 1486 | 1490 | 5 | 106496 | 53 | 100
786 | Revision_786/fortran.c | U | 1899 | 1903 | 5 | 106497 | 53 | 100
786 | Revision_786/flex.c | U | 1896 | 1900 | 5 | 106498 | 53 | 100
786 | Revision_786/jscript.c | U | 1594 | 1598 | 5 | 106499 | 54 | 100
786 | Revision_786/sql.c | U | 2342 | 2346 | 5 | 106500 | 54 | 100
786 | Revision_786/flex.c | U | 2382 | 2386 | 5 | 106501 | 54 | 100
786 | Revision_786/jscript.c | U | 1601 | 1617 | 14 | 106502 | 55 | 100
786 | Revision_786/flex.c | U | 2389 | 2405 | 14 | 106503 | 55 | 100
786 | Revision_786/jscript.c | U | 1621 | 1634 | 10 | 106504 | 56 | 100
786 | Revision_786/tex.c | U | 570 | 583 | 10 | 106505 | 56 | 100
786 | Revision_786/gnu_regex/regcomp.c | U | 1277 | 1281 | 5 | 106506 | 57 | 100
786 | Revision_786/gnu_regex/regcomp.c | U | 1283 | 1287 | 5 | 106507 | 57 | 100
786 | Revision_786/gnu_regex/regcomp.c | U | 2292 | 2296 | 5 | 106508 | 58 | 100
786 | Revision_786/gnu_regex/regcomp.c | U | 2298 | 2302 | 5 | 106509 | 58 | 100
786 | Revision_786/gnu_regex/regex_internal.c | U | 1103 | 1108 | 5 | 106510 | 59 | 100
786 | Revision_786/gnu_regex/regex_internal.c | U | 1236 | 1241 | 5 | 106511 | 59 | 100
786 | Revision_786/vim.c | U | 99 | 103 | 5 | 106512 | 60 | 100
786 | Revision_786/vim.c | U | 105 | 109 | 5 | 106513 | 60 | 100
786 | Revision_786/python.c | U | 299 | 303 | 5 | 106514 | 61 | 100
786 | Revision_786/erlang.c | U | 58 | 62 | 5 | 106515 | 61 | 100
786 | Revision_786/sml.c | U | 84 | 88 | 5 | 106516 | 61 | 100
786 | Revision_786/python.c | U | 307 | 316 | 9 | 106517 | 62 | 100
786 | Revision_786/erlang.c | U | 66 | 75 | 9 | 106518 | 62 | 100
786 | Revision_786/perl.c | U | 372 | 380 | 9 | 106519 | 63 | 100
786 | Revision_786/erlang.c | U | 179 | 187 | 9 | 106520 | 63 | 100
786 | Revision_786/tcl.c | U | 106 | 114 | 9 | 106521 | 63 | 100
786 | Revision_786/lua.c | U | 123 | 131 | 9 | 106522 | 64 | 100
786 | Revision_786/beta.c | U | 311 | 319 | 9 | 106523 | 64 | 100
786 | Revision_786/sort.c | U | 118 | 123 | 5 | 106524 | 65 | 100
786 | Revision_786/sort.c | U | 126 | 131 | 5 | 106525 | 65 | 100
786 | Revision_786/pascal.c | U | 176 | 182 | 6 | 106526 | 66 | 100
786 | Revision_786/pascal.c | U | 184 | 190 | 6 | 106527 | 66 | 100
786 | Revision_786/ocaml.c | U | 182 | 191 | 7 | 106528 | 67 | 100
786 | Revision_786/objc.c | U | 154 | 163 | 7 | 106529 | 67 | 100
786 | Revision_786/ocaml.c | U | 251 | 257 | 6 | 106530 | 68 | 100
786 | Revision_786/objc.c | U | 199 | 205 | 6 | 106531 | 68 | 100
786 | Revision_786/ocaml.c | U | 260 | 280 | 15 | 106532 | 69 | 100
786 | Revision_786/objc.c | U | 208 | 228 | 15 | 106533 | 69 | 100
786 | Revision_786/ocaml.c | U | 293 | 301 | 6 | 106534 | 70 | 100
786 | Revision_786/objc.c | U | 241 | 249 | 6 | 106535 | 70 | 100
786 | Revision_786/ocaml.c | U | 344 | 359 | 10 | 106536 | 71 | 100
786 | Revision_786/objc.c | U | 264 | 279 | 10 | 106537 | 71 | 100
786 | Revision_786/ocaml.c | U | 419 | 431 | 10 | 106538 | 72 | 100
786 | Revision_786/objc.c | U | 332 | 344 | 10 | 106539 | 72 | 100
786 | Revision_786/objc.c | U | 318 | 330 | 10 | 106540 | 72 | 100
786 | Revision_786/ocaml.c | U | 908 | 912 | 5 | 106541 | 73 | 100
786 | Revision_786/objc.c | U | 484 | 488 | 5 | 106542 | 73 | 100
786 | Revision_786/ocaml.c | U | 1882 | 1892 | 10 | 106543 | 74 | 100
786 | Revision_786/objc.c | U | 1134 | 1144 | 10 | 106544 | 74 | 100
786 | Revision_786/vhdl.c | U | 824 | 833 | 10 | 106545 | 74 | 100
786 | Revision_786/routines.c | U | 288 | 295 | 8 | 106546 | 75 | 100
786 | Revision_786/readtags.c | U | 106 | 113 | 8 | 106547 | 75 | 100
786 | Revision_786/routines.c | U | 298 | 305 | 8 | 106548 | 76 | 100
786 | Revision_786/readtags.c | U | 116 | 123 | 8 | 106549 | 76 | 100
786 | Revision_786/routines.c | U | 329 | 335 | 6 | 106550 | 77 | 100
786 | Revision_786/routines.c | U | 338 | 344 | 6 | 106551 | 77 | 100
786 | Revision_786/routines.c | U | 349 | 356 | 8 | 106552 | 78 | 100
786 | Revision_786/routines.c | U | 361 | 368 | 8 | 106553 | 78 | 100
786 | Revision_786/flex.c | U | 599 | 606 | 8 | 106554 | 79 | 100
786 | Revision_786/flex.c | U | 664 | 671 | 8 | 106555 | 79 | 100
786 | Revision_786/flex.c | U | 703 | 710 | 8 | 106556 | 79 | 100
786 | Revision_786/flex.c | U | 652 | 659 | 8 | 106557 | 79 | 100
786 | Revision_786/flex.c | U | 638 | 645 | 8 | 106558 | 79 | 100
786 | Revision_786/flex.c | U | 610 | 629 | 18 | 106559 | 80 | 100
786 | Revision_786/flex.c | U | 675 | 694 | 18 | 106560 | 80 | 100
786 | Revision_786/flex.c | U | 623 | 628 | 6 | 106561 | 81 | 100
786 | Revision_786/flex.c | U | 696 | 701 | 6 | 106562 | 81 | 100
786 | Revision_786/flex.c | U | 631 | 636 | 6 | 106563 | 81 | 100
786 | Revision_786/flex.c | U | 688 | 693 | 6 | 106564 | 81 | 100
786 | Revision_786/vhdl.c | U | 342 | 351 | 10 | 106565 | 82 | 100
786 | Revision_786/tex.c | U | 172 | 183 | 10 | 106566 | 82 | 100
786 | Revision_786/vhdl.c | U | 536 | 548 | 12 | 106567 | 83 | 100
786 | Revision_786/sql.c | U | 447 | 461 | 12 | 106568 | 83 | 100
786 | Revision_786/vhdl.c | U | 611 | 615 | 5 | 106569 | 84 | 100
786 | Revision_786/vhdl.c | U | 620 | 624 | 5 | 106570 | 84 | 100
786 | Revision_786/vhdl.c | U | 724 | 741 | 15 | 106571 | 85 | 100
786 | Revision_786/vhdl.c | U | 743 | 760 | 15 | 106572 | 85 | 100
786 | Revision_786/vhdl.c | U | 813 | 821 | 7 | 106573 | 86 | 100
786 | Revision_786/sql.c | U | 2349 | 2357 | 7 | 106574 | 86 | 100
786 | Revision_786/beta.c | U | 152 | 156 | 5 | 106575 | 87 | 100
786 | Revision_786/beta.c | U | 277 | 281 | 5 | 106576 | 87 | 100
786 | Revision_786/beta.c | U | 158 | 162 | 5 | 106577 | 87 | 100
786 | Revision_786/beta.c | U | 165 | 169 | 5 | 106578 | 88 | 100
786 | Revision_786/beta.c | U | 271 | 275 | 5 | 106579 | 88 | 100
786 | Revision_786/erlang.c | U | 108 | 113 | 6 | 106580 | 89 | 100
786 | Revision_786/erlang.c | U | 116 | 121 | 6 | 106581 | 89 | 100
786 | Revision_786/sql.c | U | 787 | 794 | 8 | 106582 | 90 | 100
786 | Revision_786/tex.c | U | 374 | 381 | 8 | 106583 | 90 | 100
786 | Revision_786/sql.c | U | 1413 | 1424 | 5 | 106584 | 91 | 100
786 | Revision_786/sql.c | U | 1569 | 1574 | 5 | 106585 | 91 | 100
786 | Revision_786/sql.c | U | 1914 | 1920 | 5 | 106586 | 92 | 100
786 | Revision_786/sql.c | U | 1943 | 1949 | 5 | 106587 | 92 | 100
786 | Revision_786/sql.c | U | 2085 | 2143 | 34 | 106588 | 93 | 100
786 | Revision_786/sql.c | U | 2192 | 2253 | 34 | 106589 | 93 | 100
786 | Revision_786/sql.c | U | 2331 | 2338 | 7 | 106590 | 94 | 100
786 | Revision_786/fortran.c | U | 1308 | 1314 | 7 | 106591 | 94 | 100
786 | Revision_786/parse.c | U | 45 | 53 | 7 | 106592 | 95 | 100
786 | Revision_786/sml.c | U | 75 | 81 | 7 | 106593 | 95 | 100
786 | Revision_786/parse.c | U | 100 | 104 | 5 | 106594 | 96 | 100
786 | Revision_786/parse.c | U | 114 | 118 | 5 | 106595 | 96 | 100
786 | Revision_786/parse.c | U | 556 | 560 | 5 | 106596 | 97 | 100
786 | Revision_786/parse.c | U | 575 | 579 | 5 | 106597 | 97 | 100
786 | Revision_786/readtags.c | U | 541 | 547 | 6 | 106598 | 98 | 100
786 | Revision_786/readtags.c | U | 549 | 555 | 6 | 106599 | 98 | 100
786 | Revision_786/readtags.c | U | 740 | 745 | 6 | 106600 | 99 | 100
786 | Revision_786/readtags.c | U | 765 | 770 | 6 | 106601 | 99 | 100
786 | Revision_786/tex.c | U | 232 | 237 | 6 | 106602 | 100 | 100
786 | Revision_786/tex.c | U | 242 | 247 | 6 | 106603 | 100 | 100
786 | Revision_786/tex.c | U | 237 | 242 | 6 | 106604 | 100 | 100
786 | Revision_786/tex.c | U | 420 | 424 | 5 | 106605 | 101 | 100
786 | Revision_786/tex.c | U | 444 | 448 | 5 | 106606 | 101 | 100
786 | Revision_786/options.c | U | 369 | 375 | 6 | 106607 | 102 | 100
786 | Revision_786/options.c | U | 378 | 384 | 6 | 106608 | 102 | 100
786 | Revision_786/options.c | U | 543 | 549 | 7 | 106609 | 103 | 100
786 | Revision_786/options.c | U | 552 | 558 | 7 | 106610 | 103 | 100
786 | Revision_786/options.c | U | 561 | 567 | 7 | 106611 | 103 | 100
786 | Revision_786/options.c | U | 570 | 576 | 7 | 106612 | 103 | 100
786 | Revision_786/options.c | U | 1102 | 1106 | 5 | 106613 | 104 | 100
786 | Revision_786/options.c | U | 1108 | 1112 | 5 | 106614 | 104 | 100
786 | Revision_786/options.c | U | 1154 | 1166 | 12 | 106615 | 105 | 100
786 | Revision_786/options.c | U | 1171 | 1183 | 12 | 106616 | 105 | 100
786 | Revision_786/objc.c | U | 576 | 614 | 31 | 106617 | 106 | 100
786 | Revision_786/objc.c | U | 617 | 655 | 31 | 106618 | 106 | 100
786 | Revision_786/objc.c | U | 747 | 754 | 7 | 106619 | 107 | 100
786 | Revision_786/objc.c | U | 767 | 775 | 7 | 106620 | 107 | 100
786 | Revision_786/objc.c | U | 757 | 764 | 7 | 106621 | 107 | 100
786 | Revision_786/objc.c | U | 829 | 833 | 5 | 106622 | 108 | 100
786 | Revision_786/objc.c | U | 907 | 911 | 5 | 106623 | 108 | 100
786 | Revision_786/objc.c | U | 835 | 840 | 6 | 106624 | 109 | 100
786 | Revision_786/objc.c | U | 913 | 918 | 6 | 106625 | 109 | 100
