Revision | filePath | changeType | StartLine | EndLine | Nlines | cloneId | classId | Similarity
787 | Revision_787/lisp.c | U | 127 | 137 | 9 | 106626 | 1 | 100
787 | Revision_787/scheme.c | U | 99 | 109 | 9 | 106627 | 1 | 100
787 | Revision_787/sh.c | U | 103 | 113 | 9 | 106628 | 1 | 100
787 | Revision_787/matlab.c | U | 35 | 42 | 8 | 106629 | 2 | 100
787 | Revision_787/ant.c | U | 33 | 40 | 8 | 106630 | 2 | 100
787 | Revision_787/yacc.c | U | 31 | 38 | 8 | 106631 | 2 | 100
787 | Revision_787/slang.c | U | 34 | 41 | 8 | 106632 | 2 | 100
787 | Revision_787/asp.c | U | 72 | 91 | 15 | 106633 | 3 | 100
787 | Revision_787/asp.c | U | 95 | 114 | 15 | 106634 | 3 | 100
787 | Revision_787/asp.c | U | 118 | 163 | 40 | 106635 | 4 | 100
787 | Revision_787/asp.c | U | 165 | 210 | 40 | 106636 | 4 | 100
787 | Revision_787/asp.c | U | 125 | 137 | 12 | 106637 | 5 | 100
787 | Revision_787/asp.c | U | 139 | 151 | 12 | 106638 | 5 | 100
787 | Revision_787/asp.c | U | 172 | 184 | 12 | 106639 | 6 | 100
787 | Revision_787/asp.c | U | 186 | 198 | 12 | 106640 | 6 | 100
787 | Revision_787/asp.c | U | 214 | 230 | 14 | 106641 | 7 | 100
787 | Revision_787/asp.c | U | 272 | 287 | 14 | 106642 | 7 | 100
787 | Revision_787/asp.c | U | 234 | 249 | 14 | 106643 | 7 | 100
787 | Revision_787/asp.c | U | 253 | 268 | 14 | 106644 | 7 | 100
787 | Revision_787/asp.c | U | 291 | 306 | 14 | 106645 | 7 | 100
787 | Revision_787/asp.c | U | 317 | 325 | 9 | 106646 | 8 | 100
787 | Revision_787/vim.c | M | 731 | 739 | 9 | 106647 | 8 | 100
787 | Revision_787/ruby.c | U | 398 | 406 | 9 | 106648 | 8 | 100
787 | Revision_787/sml.c | U | 202 | 210 | 9 | 106649 | 8 | 100
787 | Revision_787/args.c | U | 85 | 92 | 8 | 106650 | 9 | 100
787 | Revision_787/args.c | U | 160 | 167 | 8 | 106651 | 9 | 100
787 | Revision_787/c.c | U | 667 | 678 | 13 | 106652 | 10 | 100
787 | Revision_787/c.c | U | 1171 | 1184 | 13 | 106653 | 10 | 100
787 | Revision_787/c.c | U | 686 | 697 | 13 | 106654 | 10 | 100
787 | Revision_787/c.c | U | 824 | 844 | 45 | 106655 | 11 | 100
787 | Revision_787/c.c | U | 865 | 885 | 45 | 106656 | 11 | 100
787 | Revision_787/c.c | U | 1411 | 1418 | 7 | 106657 | 12 | 100
787 | Revision_787/c.c | U | 1421 | 1428 | 7 | 106658 | 12 | 100
787 | Revision_787/c.c | U | 1781 | 1785 | 5 | 106659 | 13 | 100
787 | Revision_787/c.c | U | 1790 | 1794 | 5 | 106660 | 13 | 100
787 | Revision_787/c.c | U | 2254 | 2259 | 6 | 106661 | 14 | 100
787 | Revision_787/options.c | U | 533 | 538 | 6 | 106662 | 14 | 100
787 | Revision_787/c.c | U | 2507 | 2511 | 5 | 106663 | 15 | 100
787 | Revision_787/c.c | U | 2514 | 2518 | 5 | 106664 | 15 | 100
787 | Revision_787/c.c | U | 2870 | 2879 | 10 | 106665 | 16 | 100
787 | Revision_787/c.c | U | 2900 | 2909 | 10 | 106666 | 16 | 100
787 | Revision_787/sql.c | U | 2360 | 2369 | 10 | 106667 | 16 | 100
787 | Revision_787/eiffel.c | U | 1259 | 1268 | 10 | 106668 | 16 | 100
787 | Revision_787/c.c | U | 2912 | 2921 | 10 | 106669 | 16 | 100
787 | Revision_787/verilog.c | U | 330 | 339 | 10 | 106670 | 16 | 100
787 | Revision_787/eiffel.c | U | 222 | 231 | 8 | 106671 | 17 | 100
787 | Revision_787/fortran.c | U | 398 | 407 | 8 | 106672 | 17 | 100
787 | Revision_787/jscript.c | U | 180 | 189 | 8 | 106673 | 17 | 100
787 | Revision_787/tex.c | U | 160 | 169 | 8 | 106674 | 17 | 100
787 | Revision_787/flex.c | U | 216 | 225 | 8 | 106675 | 17 | 100
787 | Revision_787/sql.c | U | 409 | 418 | 8 | 106676 | 17 | 100
787 | Revision_787/eiffel.c | U | 374 | 383 | 8 | 106677 | 18 | 100
787 | Revision_787/read.c | U | 452 | 459 | 8 | 106678 | 18 | 100
787 | Revision_787/eiffel.c | U | 421 | 427 | 7 | 106679 | 19 | 100
787 | Revision_787/fortran.c | U | 805 | 811 | 7 | 106680 | 19 | 100
787 | Revision_787/eiffel.c | U | 429 | 434 | 6 | 106681 | 20 | 100
787 | Revision_787/fortran.c | U | 813 | 818 | 6 | 106682 | 20 | 100
787 | Revision_787/eiffel.c | U | 691 | 695 | 5 | 106683 | 21 | 100
787 | Revision_787/sql.c | U | 588 | 592 | 5 | 106684 | 21 | 100
787 | Revision_787/vhdl.c | U | 457 | 461 | 5 | 106685 | 21 | 100
787 | Revision_787/eiffel.c | U | 765 | 770 | 6 | 106686 | 22 | 100
787 | Revision_787/fortran.c | U | 1027 | 1032 | 6 | 106687 | 22 | 100
787 | Revision_787/eiffel.c | U | 1074 | 1078 | 5 | 106688 | 23 | 100
787 | Revision_787/fortran.c | U | 1326 | 1330 | 5 | 106689 | 23 | 100
787 | Revision_787/dosbatch.c | U | 33 | 40 | 8 | 106690 | 24 | 100
787 | Revision_787/html.c | U | 40 | 47 | 8 | 106691 | 24 | 100
787 | Revision_787/verilog.c | U | 108 | 118 | 9 | 106692 | 25 | 100
787 | Revision_787/vhdl.c | U | 573 | 583 | 9 | 106693 | 25 | 100
787 | Revision_787/verilog.c | U | 142 | 146 | 5 | 106694 | 26 | 100
787 | Revision_787/fortran.c | U | 969 | 973 | 5 | 106695 | 26 | 100
787 | Revision_787/jscript.c | U | 208 | 212 | 5 | 106696 | 27 | 100
787 | Revision_787/flex.c | U | 245 | 249 | 5 | 106697 | 27 | 100
787 | Revision_787/tex.c | U | 186 | 190 | 5 | 106698 | 27 | 100
787 | Revision_787/sql.c | U | 436 | 440 | 5 | 106699 | 27 | 100
787 | Revision_787/vhdl.c | U | 356 | 360 | 5 | 106700 | 27 | 100
787 | Revision_787/jscript.c | U | 219 | 233 | 12 | 106701 | 28 | 100
787 | Revision_787/flex.c | U | 256 | 270 | 12 | 106702 | 28 | 100
787 | Revision_787/jscript.c | U | 221 | 232 | 10 | 106703 | 29 | 100
787 | Revision_787/sql.c | U | 449 | 460 | 10 | 106704 | 29 | 100
787 | Revision_787/vhdl.c | U | 538 | 547 | 10 | 106705 | 29 | 100
787 | Revision_787/flex.c | U | 258 | 269 | 10 | 106706 | 29 | 100
787 | Revision_787/jscript.c | U | 240 | 256 | 12 | 106707 | 30 | 100
787 | Revision_787/sql.c | U | 468 | 484 | 12 | 106708 | 30 | 100
787 | Revision_787/jscript.c | U | 246 | 254 | 9 | 106709 | 31 | 100
787 | Revision_787/flex.c | U | 295 | 303 | 9 | 106710 | 31 | 100
787 | Revision_787/sql.c | U | 474 | 482 | 9 | 106711 | 31 | 100
787 | Revision_787/jscript.c | U | 260 | 284 | 20 | 106712 | 32 | 100
787 | Revision_787/jscript.c | U | 287 | 311 | 20 | 106713 | 32 | 100
787 | Revision_787/flex.c | U | 359 | 383 | 20 | 106714 | 32 | 100
787 | Revision_787/flex.c | U | 309 | 333 | 20 | 106715 | 32 | 100
787 | Revision_787/jscript.c | U | 267 | 271 | 5 | 106716 | 33 | 100
787 | Revision_787/flex.c | U | 343 | 347 | 5 | 106717 | 33 | 100
787 | Revision_787/flex.c | U | 1884 | 1888 | 5 | 106718 | 33 | 100
787 | Revision_787/jscript.c | U | 1391 | 1395 | 5 | 106719 | 33 | 100
787 | Revision_787/jscript.c | U | 1474 | 1478 | 5 | 106720 | 33 | 100
787 | Revision_787/flex.c | U | 316 | 320 | 5 | 106721 | 33 | 100
787 | Revision_787/flex.c | U | 366 | 370 | 5 | 106722 | 33 | 100
787 | Revision_787/jscript.c | U | 294 | 298 | 5 | 106723 | 33 | 100
787 | Revision_787/jscript.c | U | 318 | 336 | 17 | 106724 | 34 | 100
787 | Revision_787/flex.c | U | 390 | 408 | 17 | 106725 | 34 | 100
787 | Revision_787/vhdl.c | U | 368 | 386 | 17 | 106726 | 34 | 100
787 | Revision_787/jscript.c | U | 342 | 353 | 12 | 106727 | 35 | 100
787 | Revision_787/sql.c | U | 517 | 528 | 12 | 106728 | 35 | 100
787 | Revision_787/tex.c | U | 289 | 301 | 12 | 106729 | 35 | 100
787 | Revision_787/vhdl.c | U | 391 | 402 | 12 | 106730 | 35 | 100
787 | Revision_787/flex.c | U | 414 | 425 | 12 | 106731 | 35 | 100
787 | Revision_787/jscript.c | U | 365 | 369 | 5 | 106732 | 36 | 100
787 | Revision_787/tex.c | U | 313 | 317 | 5 | 106733 | 36 | 100
787 | Revision_787/sql.c | U | 540 | 553 | 5 | 106734 | 36 | 100
787 | Revision_787/vhdl.c | U | 414 | 418 | 5 | 106735 | 36 | 100
787 | Revision_787/flex.c | U | 437 | 441 | 5 | 106736 | 36 | 100
787 | Revision_787/jscript.c | U | 405 | 435 | 26 | 106737 | 37 | 100
787 | Revision_787/sql.c | U | 625 | 655 | 26 | 106738 | 37 | 100
787 | Revision_787/jscript.c | U | 416 | 427 | 12 | 106739 | 38 | 100
787 | Revision_787/flex.c | U | 492 | 503 | 12 | 106740 | 38 | 100
787 | Revision_787/sql.c | U | 636 | 647 | 12 | 106741 | 38 | 100
787 | Revision_787/jscript.c | U | 441 | 450 | 10 | 106742 | 39 | 100
787 | Revision_787/tex.c | U | 342 | 351 | 10 | 106743 | 39 | 100
787 | Revision_787/vhdl.c | U | 467 | 476 | 10 | 106744 | 39 | 100
787 | Revision_787/flex.c | U | 734 | 743 | 10 | 106745 | 39 | 100
787 | Revision_787/jscript.c | U | 471 | 501 | 18 | 106746 | 40 | 100
787 | Revision_787/flex.c | U | 798 | 827 | 18 | 106747 | 40 | 100
787 | Revision_787/flex.c | U | 765 | 795 | 18 | 106748 | 40 | 100
787 | Revision_787/jscript.c | U | 504 | 533 | 18 | 106749 | 40 | 100
787 | Revision_787/jscript.c | U | 482 | 500 | 15 | 106750 | 41 | 100
787 | Revision_787/vhdl.c | U | 514 | 532 | 15 | 106751 | 41 | 100
787 | Revision_787/sql.c | U | 765 | 783 | 15 | 106752 | 41 | 100
787 | Revision_787/flex.c | U | 776 | 794 | 15 | 106753 | 41 | 100
787 | Revision_787/flex.c | U | 808 | 826 | 15 | 106754 | 41 | 100
787 | Revision_787/jscript.c | U | 514 | 532 | 15 | 106755 | 41 | 100
787 | Revision_787/jscript.c | U | 536 | 543 | 7 | 106756 | 42 | 100
787 | Revision_787/flex.c | U | 830 | 837 | 7 | 106757 | 42 | 100
787 | Revision_787/jscript.c | U | 546 | 553 | 7 | 106758 | 43 | 100
787 | Revision_787/flex.c | U | 840 | 847 | 7 | 106759 | 43 | 100
787 | Revision_787/sql.c | U | 698 | 705 | 7 | 106760 | 43 | 100
787 | Revision_787/jscript.c | U | 560 | 582 | 13 | 106761 | 44 | 100
787 | Revision_787/flex.c | U | 854 | 876 | 13 | 106762 | 44 | 100
787 | Revision_787/jscript.c | U | 696 | 707 | 6 | 106763 | 45 | 100
787 | Revision_787/sql.c | U | 937 | 944 | 6 | 106764 | 45 | 100
787 | Revision_787/jscript.c | U | 1101 | 1107 | 6 | 106765 | 45 | 100
787 | Revision_787/flex.c | U | 986 | 997 | 6 | 106766 | 45 | 100
787 | Revision_787/sql.c | U | 1032 | 1052 | 6 | 106767 | 45 | 100
787 | Revision_787/sql.c | U | 1623 | 1629 | 6 | 106768 | 45 | 100
787 | Revision_787/flex.c | U | 2250 | 2256 | 6 | 106769 | 45 | 100
787 | Revision_787/flex.c | U | 2009 | 2015 | 6 | 106770 | 45 | 100
787 | Revision_787/jscript.c | U | 712 | 819 | 30 | 106771 | 46 | 100
787 | Revision_787/flex.c | U | 1002 | 1109 | 30 | 106772 | 46 | 100
787 | Revision_787/jscript.c | U | 1118 | 1223 | 45 | 106773 | 47 | 100
787 | Revision_787/flex.c | U | 1573 | 1678 | 45 | 106774 | 47 | 100
787 | Revision_787/jscript.c | U | 1251 | 1270 | 7 | 106775 | 48 | 100
787 | Revision_787/flex.c | U | 1710 | 1729 | 7 | 106776 | 48 | 100
787 | Revision_787/jscript.c | U | 1316 | 1321 | 6 | 106777 | 49 | 100
787 | Revision_787/flex.c | U | 1775 | 1780 | 6 | 106778 | 49 | 100
787 | Revision_787/jscript.c | U | 1341 | 1356 | 7 | 106779 | 50 | 100
787 | Revision_787/sql.c | U | 1809 | 1816 | 7 | 106780 | 50 | 100
787 | Revision_787/flex.c | U | 1797 | 1812 | 7 | 106781 | 50 | 100
787 | Revision_787/jscript.c | U | 1423 | 1451 | 20 | 106782 | 51 | 100
787 | Revision_787/flex.c | U | 1833 | 1861 | 20 | 106783 | 51 | 100
787 | Revision_787/jscript.c | U | 1453 | 1493 | 20 | 106784 | 52 | 100
787 | Revision_787/flex.c | U | 1863 | 1903 | 20 | 106785 | 52 | 100
787 | Revision_787/jscript.c | U | 1486 | 1490 | 5 | 106786 | 53 | 100
787 | Revision_787/fortran.c | U | 1899 | 1903 | 5 | 106787 | 53 | 100
787 | Revision_787/flex.c | U | 1896 | 1900 | 5 | 106788 | 53 | 100
787 | Revision_787/jscript.c | U | 1594 | 1598 | 5 | 106789 | 54 | 100
787 | Revision_787/flex.c | U | 2382 | 2386 | 5 | 106790 | 54 | 100
787 | Revision_787/sql.c | U | 2342 | 2346 | 5 | 106791 | 54 | 100
787 | Revision_787/jscript.c | U | 1601 | 1617 | 14 | 106792 | 55 | 100
787 | Revision_787/flex.c | U | 2389 | 2405 | 14 | 106793 | 55 | 100
787 | Revision_787/jscript.c | U | 1621 | 1634 | 10 | 106794 | 56 | 100
787 | Revision_787/tex.c | U | 570 | 583 | 10 | 106795 | 56 | 100
787 | Revision_787/gnu_regex/regcomp.c | U | 1277 | 1281 | 5 | 106796 | 57 | 100
787 | Revision_787/gnu_regex/regcomp.c | U | 1283 | 1287 | 5 | 106797 | 57 | 100
787 | Revision_787/gnu_regex/regcomp.c | U | 2292 | 2296 | 5 | 106798 | 58 | 100
787 | Revision_787/gnu_regex/regcomp.c | U | 2298 | 2302 | 5 | 106799 | 58 | 100
787 | Revision_787/gnu_regex/regex_internal.c | U | 1103 | 1108 | 5 | 106800 | 59 | 100
787 | Revision_787/gnu_regex/regex_internal.c | U | 1236 | 1241 | 5 | 106801 | 59 | 100
787 | Revision_787/vim.c | U | 99 | 103 | 5 | 106802 | 60 | 100
787 | Revision_787/vim.c | U | 105 | 109 | 5 | 106803 | 60 | 100
787 | Revision_787/python.c | U | 299 | 303 | 5 | 106804 | 61 | 100
787 | Revision_787/sml.c | U | 84 | 88 | 5 | 106805 | 61 | 100
787 | Revision_787/erlang.c | U | 58 | 62 | 5 | 106806 | 61 | 100
787 | Revision_787/python.c | U | 307 | 316 | 9 | 106807 | 62 | 100
787 | Revision_787/erlang.c | U | 66 | 75 | 9 | 106808 | 62 | 100
787 | Revision_787/perl.c | U | 372 | 380 | 9 | 106809 | 63 | 100
787 | Revision_787/erlang.c | U | 179 | 187 | 9 | 106810 | 63 | 100
787 | Revision_787/tcl.c | U | 106 | 114 | 9 | 106811 | 63 | 100
787 | Revision_787/lua.c | U | 123 | 131 | 9 | 106812 | 64 | 100
787 | Revision_787/beta.c | U | 311 | 319 | 9 | 106813 | 64 | 100
787 | Revision_787/sort.c | U | 118 | 123 | 5 | 106814 | 65 | 100
787 | Revision_787/sort.c | U | 126 | 131 | 5 | 106815 | 65 | 100
787 | Revision_787/pascal.c | U | 176 | 182 | 6 | 106816 | 66 | 100
787 | Revision_787/pascal.c | U | 184 | 190 | 6 | 106817 | 66 | 100
787 | Revision_787/ocaml.c | U | 182 | 191 | 7 | 106818 | 67 | 100
787 | Revision_787/objc.c | U | 154 | 163 | 7 | 106819 | 67 | 100
787 | Revision_787/ocaml.c | U | 251 | 257 | 6 | 106820 | 68 | 100
787 | Revision_787/objc.c | U | 199 | 205 | 6 | 106821 | 68 | 100
787 | Revision_787/ocaml.c | U | 260 | 280 | 15 | 106822 | 69 | 100
787 | Revision_787/objc.c | U | 208 | 228 | 15 | 106823 | 69 | 100
787 | Revision_787/ocaml.c | U | 293 | 301 | 6 | 106824 | 70 | 100
787 | Revision_787/objc.c | U | 241 | 249 | 6 | 106825 | 70 | 100
787 | Revision_787/ocaml.c | U | 344 | 359 | 10 | 106826 | 71 | 100
787 | Revision_787/objc.c | U | 264 | 279 | 10 | 106827 | 71 | 100
787 | Revision_787/ocaml.c | U | 419 | 431 | 10 | 106828 | 72 | 100
787 | Revision_787/objc.c | U | 332 | 344 | 10 | 106829 | 72 | 100
787 | Revision_787/objc.c | U | 318 | 330 | 10 | 106830 | 72 | 100
787 | Revision_787/ocaml.c | U | 908 | 912 | 5 | 106831 | 73 | 100
787 | Revision_787/objc.c | U | 484 | 488 | 5 | 106832 | 73 | 100
787 | Revision_787/ocaml.c | U | 1882 | 1892 | 10 | 106833 | 74 | 100
787 | Revision_787/vhdl.c | U | 824 | 833 | 10 | 106834 | 74 | 100
787 | Revision_787/objc.c | U | 1134 | 1144 | 10 | 106835 | 74 | 100
787 | Revision_787/routines.c | U | 288 | 295 | 8 | 106836 | 75 | 100
787 | Revision_787/readtags.c | U | 106 | 113 | 8 | 106837 | 75 | 100
787 | Revision_787/routines.c | U | 298 | 305 | 8 | 106838 | 76 | 100
787 | Revision_787/readtags.c | U | 116 | 123 | 8 | 106839 | 76 | 100
787 | Revision_787/routines.c | U | 329 | 335 | 6 | 106840 | 77 | 100
787 | Revision_787/routines.c | U | 338 | 344 | 6 | 106841 | 77 | 100
787 | Revision_787/routines.c | U | 349 | 356 | 8 | 106842 | 78 | 100
787 | Revision_787/routines.c | U | 361 | 368 | 8 | 106843 | 78 | 100
787 | Revision_787/flex.c | U | 599 | 606 | 8 | 106844 | 79 | 100
787 | Revision_787/flex.c | U | 652 | 659 | 8 | 106845 | 79 | 100
787 | Revision_787/flex.c | U | 638 | 645 | 8 | 106846 | 79 | 100
787 | Revision_787/flex.c | U | 664 | 671 | 8 | 106847 | 79 | 100
787 | Revision_787/flex.c | U | 703 | 710 | 8 | 106848 | 79 | 100
787 | Revision_787/flex.c | U | 610 | 629 | 18 | 106849 | 80 | 100
787 | Revision_787/flex.c | U | 675 | 694 | 18 | 106850 | 80 | 100
787 | Revision_787/flex.c | U | 623 | 628 | 6 | 106851 | 81 | 100
787 | Revision_787/flex.c | U | 696 | 701 | 6 | 106852 | 81 | 100
787 | Revision_787/flex.c | U | 631 | 636 | 6 | 106853 | 81 | 100
787 | Revision_787/flex.c | U | 688 | 693 | 6 | 106854 | 81 | 100
787 | Revision_787/vhdl.c | U | 342 | 351 | 10 | 106855 | 82 | 100
787 | Revision_787/tex.c | U | 172 | 183 | 10 | 106856 | 82 | 100
787 | Revision_787/vhdl.c | U | 536 | 548 | 12 | 106857 | 83 | 100
787 | Revision_787/sql.c | U | 447 | 461 | 12 | 106858 | 83 | 100
787 | Revision_787/vhdl.c | U | 611 | 615 | 5 | 106859 | 84 | 100
787 | Revision_787/vhdl.c | U | 620 | 624 | 5 | 106860 | 84 | 100
787 | Revision_787/vhdl.c | U | 724 | 741 | 15 | 106861 | 85 | 100
787 | Revision_787/vhdl.c | U | 743 | 760 | 15 | 106862 | 85 | 100
787 | Revision_787/vhdl.c | U | 813 | 821 | 7 | 106863 | 86 | 100
787 | Revision_787/sql.c | U | 2349 | 2357 | 7 | 106864 | 86 | 100
787 | Revision_787/beta.c | U | 152 | 156 | 5 | 106865 | 87 | 100
787 | Revision_787/beta.c | U | 158 | 162 | 5 | 106866 | 87 | 100
787 | Revision_787/beta.c | U | 277 | 281 | 5 | 106867 | 87 | 100
787 | Revision_787/beta.c | U | 165 | 169 | 5 | 106868 | 88 | 100
787 | Revision_787/beta.c | U | 271 | 275 | 5 | 106869 | 88 | 100
787 | Revision_787/erlang.c | U | 108 | 113 | 6 | 106870 | 89 | 100
787 | Revision_787/erlang.c | U | 116 | 121 | 6 | 106871 | 89 | 100
787 | Revision_787/sql.c | U | 787 | 794 | 8 | 106872 | 90 | 100
787 | Revision_787/tex.c | U | 374 | 381 | 8 | 106873 | 90 | 100
787 | Revision_787/sql.c | U | 1413 | 1424 | 5 | 106874 | 91 | 100
787 | Revision_787/sql.c | U | 1569 | 1574 | 5 | 106875 | 91 | 100
787 | Revision_787/sql.c | U | 1914 | 1920 | 5 | 106876 | 92 | 100
787 | Revision_787/sql.c | U | 1943 | 1949 | 5 | 106877 | 92 | 100
787 | Revision_787/sql.c | U | 2085 | 2143 | 34 | 106878 | 93 | 100
787 | Revision_787/sql.c | U | 2192 | 2253 | 34 | 106879 | 93 | 100
787 | Revision_787/sql.c | U | 2331 | 2338 | 7 | 106880 | 94 | 100
787 | Revision_787/fortran.c | U | 1308 | 1314 | 7 | 106881 | 94 | 100
787 | Revision_787/parse.c | U | 45 | 53 | 7 | 106882 | 95 | 100
787 | Revision_787/sml.c | U | 75 | 81 | 7 | 106883 | 95 | 100
787 | Revision_787/parse.c | U | 100 | 104 | 5 | 106884 | 96 | 100
787 | Revision_787/parse.c | U | 114 | 118 | 5 | 106885 | 96 | 100
787 | Revision_787/parse.c | U | 556 | 560 | 5 | 106886 | 97 | 100
787 | Revision_787/parse.c | U | 575 | 579 | 5 | 106887 | 97 | 100
787 | Revision_787/readtags.c | U | 541 | 547 | 6 | 106888 | 98 | 100
787 | Revision_787/readtags.c | U | 549 | 555 | 6 | 106889 | 98 | 100
787 | Revision_787/readtags.c | U | 740 | 745 | 6 | 106890 | 99 | 100
787 | Revision_787/readtags.c | U | 765 | 770 | 6 | 106891 | 99 | 100
787 | Revision_787/tex.c | U | 232 | 237 | 6 | 106892 | 100 | 100
787 | Revision_787/tex.c | U | 237 | 242 | 6 | 106893 | 100 | 100
787 | Revision_787/tex.c | U | 242 | 247 | 6 | 106894 | 100 | 100
787 | Revision_787/tex.c | U | 420 | 424 | 5 | 106895 | 101 | 100
787 | Revision_787/tex.c | U | 444 | 448 | 5 | 106896 | 101 | 100
787 | Revision_787/options.c | U | 369 | 375 | 6 | 106897 | 102 | 100
787 | Revision_787/options.c | U | 378 | 384 | 6 | 106898 | 102 | 100
787 | Revision_787/options.c | U | 543 | 549 | 7 | 106899 | 103 | 100
787 | Revision_787/options.c | U | 552 | 558 | 7 | 106900 | 103 | 100
787 | Revision_787/options.c | U | 570 | 576 | 7 | 106901 | 103 | 100
787 | Revision_787/options.c | U | 561 | 567 | 7 | 106902 | 103 | 100
787 | Revision_787/options.c | U | 1102 | 1106 | 5 | 106903 | 104 | 100
787 | Revision_787/options.c | U | 1108 | 1112 | 5 | 106904 | 104 | 100
787 | Revision_787/options.c | U | 1154 | 1166 | 12 | 106905 | 105 | 100
787 | Revision_787/options.c | U | 1171 | 1183 | 12 | 106906 | 105 | 100
787 | Revision_787/objc.c | U | 576 | 614 | 31 | 106907 | 106 | 100
787 | Revision_787/objc.c | U | 617 | 655 | 31 | 106908 | 106 | 100
787 | Revision_787/objc.c | U | 747 | 754 | 7 | 106909 | 107 | 100
787 | Revision_787/objc.c | U | 757 | 764 | 7 | 106910 | 107 | 100
787 | Revision_787/objc.c | U | 767 | 775 | 7 | 106911 | 107 | 100
787 | Revision_787/objc.c | U | 829 | 833 | 5 | 106912 | 108 | 100
787 | Revision_787/objc.c | U | 907 | 911 | 5 | 106913 | 108 | 100
787 | Revision_787/objc.c | U | 835 | 840 | 6 | 106914 | 109 | 100
787 | Revision_787/objc.c | U | 913 | 918 | 6 | 106915 | 109 | 100
