Revision | filePath | changeType | StartLine | EndLine | Nlines | cloneId | classId | Similarity
793 | Revision_793/lisp.c | U | 127 | 137 | 9 | 108353 | 1 | 100
793 | Revision_793/scheme.c | U | 99 | 109 | 9 | 108354 | 1 | 100
793 | Revision_793/sh.c | U | 103 | 113 | 9 | 108355 | 1 | 100
793 | Revision_793/matlab.c | U | 35 | 42 | 8 | 108356 | 2 | 100
793 | Revision_793/yacc.c | U | 31 | 38 | 8 | 108357 | 2 | 100
793 | Revision_793/ant.c | U | 33 | 40 | 8 | 108358 | 2 | 100
793 | Revision_793/slang.c | U | 34 | 41 | 8 | 108359 | 2 | 100
793 | Revision_793/asp.c | U | 72 | 91 | 15 | 108360 | 3 | 100
793 | Revision_793/asp.c | U | 95 | 114 | 15 | 108361 | 3 | 100
793 | Revision_793/asp.c | U | 118 | 163 | 40 | 108362 | 4 | 100
793 | Revision_793/asp.c | U | 165 | 210 | 40 | 108363 | 4 | 100
793 | Revision_793/asp.c | U | 125 | 137 | 12 | 108364 | 5 | 100
793 | Revision_793/asp.c | U | 139 | 151 | 12 | 108365 | 5 | 100
793 | Revision_793/asp.c | U | 172 | 184 | 12 | 108366 | 6 | 100
793 | Revision_793/asp.c | U | 186 | 198 | 12 | 108367 | 6 | 100
793 | Revision_793/asp.c | U | 214 | 230 | 14 | 108368 | 7 | 100
793 | Revision_793/asp.c | U | 234 | 249 | 14 | 108369 | 7 | 100
793 | Revision_793/asp.c | U | 272 | 287 | 14 | 108370 | 7 | 100
793 | Revision_793/asp.c | U | 291 | 306 | 14 | 108371 | 7 | 100
793 | Revision_793/asp.c | U | 253 | 268 | 14 | 108372 | 7 | 100
793 | Revision_793/asp.c | U | 317 | 325 | 9 | 108373 | 8 | 100
793 | Revision_793/vim.c | U | 731 | 739 | 9 | 108374 | 8 | 100
793 | Revision_793/ruby.c | U | 398 | 406 | 9 | 108375 | 8 | 100
793 | Revision_793/sml.c | U | 202 | 210 | 9 | 108376 | 8 | 100
793 | Revision_793/args.c | U | 85 | 92 | 8 | 108377 | 9 | 100
793 | Revision_793/args.c | U | 160 | 167 | 8 | 108378 | 9 | 100
793 | Revision_793/c.c | U | 667 | 678 | 13 | 108379 | 10 | 100
793 | Revision_793/c.c | U | 686 | 697 | 13 | 108380 | 10 | 100
793 | Revision_793/c.c | U | 1171 | 1184 | 13 | 108381 | 10 | 100
793 | Revision_793/c.c | U | 824 | 844 | 45 | 108382 | 11 | 100
793 | Revision_793/c.c | U | 865 | 885 | 45 | 108383 | 11 | 100
793 | Revision_793/c.c | U | 1411 | 1418 | 7 | 108384 | 12 | 100
793 | Revision_793/c.c | U | 1421 | 1428 | 7 | 108385 | 12 | 100
793 | Revision_793/c.c | U | 1781 | 1785 | 5 | 108386 | 13 | 100
793 | Revision_793/c.c | U | 1790 | 1794 | 5 | 108387 | 13 | 100
793 | Revision_793/c.c | U | 2254 | 2259 | 6 | 108388 | 14 | 100
793 | Revision_793/options.c | U | 533 | 538 | 6 | 108389 | 14 | 100
793 | Revision_793/c.c | U | 2507 | 2511 | 5 | 108390 | 15 | 100
793 | Revision_793/c.c | U | 2514 | 2518 | 5 | 108391 | 15 | 100
793 | Revision_793/c.c | U | 2870 | 2879 | 10 | 108392 | 16 | 100
793 | Revision_793/c.c | U | 2900 | 2909 | 10 | 108393 | 16 | 100
793 | Revision_793/verilog.c | U | 330 | 339 | 10 | 108394 | 16 | 100
793 | Revision_793/c.c | U | 2912 | 2921 | 10 | 108395 | 16 | 100
793 | Revision_793/eiffel.c | U | 1259 | 1268 | 10 | 108396 | 16 | 100
793 | Revision_793/sql.c | U | 2360 | 2369 | 10 | 108397 | 16 | 100
793 | Revision_793/eiffel.c | U | 222 | 231 | 8 | 108398 | 17 | 100
793 | Revision_793/fortran.c | U | 398 | 407 | 8 | 108399 | 17 | 100
793 | Revision_793/sql.c | U | 409 | 418 | 8 | 108400 | 17 | 100
793 | Revision_793/flex.c | U | 216 | 225 | 8 | 108401 | 17 | 100
793 | Revision_793/tex.c | U | 160 | 169 | 8 | 108402 | 17 | 100
793 | Revision_793/jscript.c | U | 180 | 189 | 8 | 108403 | 17 | 100
793 | Revision_793/eiffel.c | U | 374 | 383 | 8 | 108404 | 18 | 100
793 | Revision_793/read.c | U | 452 | 459 | 8 | 108405 | 18 | 100
793 | Revision_793/eiffel.c | U | 421 | 427 | 7 | 108406 | 19 | 100
793 | Revision_793/fortran.c | U | 805 | 811 | 7 | 108407 | 19 | 100
793 | Revision_793/eiffel.c | U | 429 | 434 | 6 | 108408 | 20 | 100
793 | Revision_793/fortran.c | U | 813 | 818 | 6 | 108409 | 20 | 100
793 | Revision_793/eiffel.c | U | 691 | 695 | 5 | 108410 | 21 | 100
793 | Revision_793/vhdl.c | U | 457 | 461 | 5 | 108411 | 21 | 100
793 | Revision_793/sql.c | U | 588 | 592 | 5 | 108412 | 21 | 100
793 | Revision_793/eiffel.c | U | 765 | 770 | 6 | 108413 | 22 | 100
793 | Revision_793/fortran.c | U | 1027 | 1032 | 6 | 108414 | 22 | 100
793 | Revision_793/eiffel.c | U | 1074 | 1078 | 5 | 108415 | 23 | 100
793 | Revision_793/fortran.c | U | 1326 | 1330 | 5 | 108416 | 23 | 100
793 | Revision_793/dosbatch.c | U | 33 | 40 | 8 | 108417 | 24 | 100
793 | Revision_793/html.c | U | 40 | 47 | 8 | 108418 | 24 | 100
793 | Revision_793/verilog.c | U | 108 | 118 | 9 | 108419 | 25 | 100
793 | Revision_793/vhdl.c | U | 573 | 583 | 9 | 108420 | 25 | 100
793 | Revision_793/verilog.c | U | 142 | 146 | 5 | 108421 | 26 | 100
793 | Revision_793/fortran.c | U | 969 | 973 | 5 | 108422 | 26 | 100
793 | Revision_793/jscript.c | U | 208 | 212 | 5 | 108423 | 27 | 100
793 | Revision_793/vhdl.c | U | 356 | 360 | 5 | 108424 | 27 | 100
793 | Revision_793/tex.c | U | 186 | 190 | 5 | 108425 | 27 | 100
793 | Revision_793/flex.c | U | 245 | 249 | 5 | 108426 | 27 | 100
793 | Revision_793/sql.c | U | 436 | 440 | 5 | 108427 | 27 | 100
793 | Revision_793/jscript.c | M | 262 | 286 | 20 | 108428 | 28 | 100
793 | Revision_793/flex.c | U | 309 | 333 | 20 | 108429 | 28 | 100
793 | Revision_793/flex.c | U | 359 | 383 | 20 | 108430 | 28 | 100
793 | Revision_793/jscript.c | U | 289 | 313 | 20 | 108431 | 28 | 100
793 | Revision_793/jscript.c | M | 269 | 273 | 5 | 108432 | 29 | 100
793 | Revision_793/jscript.c | M | 1394 | 1398 | 5 | 108433 | 29 | 100
793 | Revision_793/flex.c | U | 343 | 347 | 5 | 108434 | 29 | 100
793 | Revision_793/flex.c | U | 1884 | 1888 | 5 | 108435 | 29 | 100
793 | Revision_793/jscript.c | M | 1477 | 1481 | 5 | 108436 | 29 | 100
793 | Revision_793/flex.c | U | 316 | 320 | 5 | 108437 | 29 | 100
793 | Revision_793/flex.c | U | 366 | 370 | 5 | 108438 | 29 | 100
793 | Revision_793/jscript.c | M | 296 | 300 | 5 | 108439 | 29 | 100
793 | Revision_793/jscript.c | M | 320 | 338 | 17 | 108440 | 30 | 100
793 | Revision_793/vhdl.c | U | 368 | 386 | 17 | 108441 | 30 | 100
793 | Revision_793/flex.c | U | 390 | 408 | 17 | 108442 | 30 | 100
793 | Revision_793/jscript.c | M | 344 | 355 | 12 | 108443 | 31 | 100
793 | Revision_793/vhdl.c | U | 391 | 402 | 12 | 108444 | 31 | 100
793 | Revision_793/flex.c | U | 414 | 425 | 12 | 108445 | 31 | 100
793 | Revision_793/sql.c | U | 517 | 528 | 12 | 108446 | 31 | 100
793 | Revision_793/tex.c | U | 289 | 301 | 12 | 108447 | 31 | 100
793 | Revision_793/jscript.c | M | 408 | 438 | 26 | 108448 | 32 | 100
793 | Revision_793/sql.c | U | 625 | 655 | 26 | 108449 | 32 | 100
793 | Revision_793/jscript.c | M | 419 | 430 | 12 | 108450 | 33 | 100
793 | Revision_793/flex.c | U | 492 | 503 | 12 | 108451 | 33 | 100
793 | Revision_793/sql.c | U | 636 | 647 | 12 | 108452 | 33 | 100
793 | Revision_793/jscript.c | M | 444 | 453 | 10 | 108453 | 34 | 100
793 | Revision_793/vhdl.c | U | 467 | 476 | 10 | 108454 | 34 | 100
793 | Revision_793/flex.c | U | 734 | 743 | 10 | 108455 | 34 | 100
793 | Revision_793/tex.c | U | 342 | 351 | 10 | 108456 | 34 | 100
793 | Revision_793/jscript.c | M | 474 | 504 | 18 | 108457 | 35 | 100
793 | Revision_793/flex.c | U | 798 | 827 | 18 | 108458 | 35 | 100
793 | Revision_793/flex.c | U | 765 | 795 | 18 | 108459 | 35 | 100
793 | Revision_793/jscript.c | M | 507 | 536 | 18 | 108460 | 35 | 100
793 | Revision_793/jscript.c | M | 485 | 503 | 15 | 108461 | 36 | 100
793 | Revision_793/vhdl.c | U | 514 | 532 | 15 | 108462 | 36 | 100
793 | Revision_793/sql.c | U | 765 | 783 | 15 | 108463 | 36 | 100
793 | Revision_793/jscript.c | M | 517 | 535 | 15 | 108464 | 36 | 100
793 | Revision_793/flex.c | U | 776 | 794 | 15 | 108465 | 36 | 100
793 | Revision_793/flex.c | U | 808 | 826 | 15 | 108466 | 36 | 100
793 | Revision_793/jscript.c | M | 539 | 546 | 7 | 108467 | 37 | 100
793 | Revision_793/flex.c | U | 830 | 837 | 7 | 108468 | 37 | 100
793 | Revision_793/jscript.c | U | 549 | 556 | 7 | 108469 | 38 | 100
793 | Revision_793/flex.c | U | 840 | 847 | 7 | 108470 | 38 | 100
793 | Revision_793/sql.c | U | 698 | 705 | 7 | 108471 | 38 | 100
793 | Revision_793/jscript.c | M | 563 | 585 | 13 | 108472 | 39 | 100
793 | Revision_793/flex.c | U | 854 | 876 | 13 | 108473 | 39 | 100
793 | Revision_793/jscript.c | M | 699 | 710 | 6 | 108474 | 40 | 100
793 | Revision_793/jscript.c | M | 1104 | 1110 | 6 | 108475 | 40 | 100
793 | Revision_793/flex.c | U | 2250 | 2256 | 6 | 108476 | 40 | 100
793 | Revision_793/flex.c | U | 986 | 997 | 6 | 108477 | 40 | 100
793 | Revision_793/sql.c | U | 937 | 944 | 6 | 108478 | 40 | 100
793 | Revision_793/flex.c | U | 2009 | 2015 | 6 | 108479 | 40 | 100
793 | Revision_793/sql.c | U | 1623 | 1629 | 6 | 108480 | 40 | 100
793 | Revision_793/sql.c | U | 1032 | 1052 | 6 | 108481 | 40 | 100
793 | Revision_793/jscript.c | U | 715 | 822 | 30 | 108482 | 41 | 100
793 | Revision_793/flex.c | U | 1002 | 1109 | 30 | 108483 | 41 | 100
793 | Revision_793/jscript.c | U | 1121 | 1226 | 45 | 108484 | 42 | 100
793 | Revision_793/flex.c | U | 1573 | 1678 | 45 | 108485 | 42 | 100
793 | Revision_793/jscript.c | M | 1254 | 1273 | 7 | 108486 | 43 | 100
793 | Revision_793/flex.c | U | 1710 | 1729 | 7 | 108487 | 43 | 100
793 | Revision_793/jscript.c | M | 1319 | 1324 | 6 | 108488 | 44 | 100
793 | Revision_793/flex.c | U | 1775 | 1780 | 6 | 108489 | 44 | 100
793 | Revision_793/jscript.c | M | 1344 | 1359 | 7 | 108490 | 45 | 100
793 | Revision_793/flex.c | U | 1797 | 1812 | 7 | 108491 | 45 | 100
793 | Revision_793/sql.c | U | 1809 | 1816 | 7 | 108492 | 45 | 100
793 | Revision_793/jscript.c | M | 1426 | 1454 | 20 | 108493 | 46 | 100
793 | Revision_793/flex.c | U | 1833 | 1861 | 20 | 108494 | 46 | 100
793 | Revision_793/jscript.c | M | 1456 | 1496 | 20 | 108495 | 47 | 100
793 | Revision_793/flex.c | U | 1863 | 1903 | 20 | 108496 | 47 | 100
793 | Revision_793/jscript.c | M | 1489 | 1493 | 5 | 108497 | 48 | 100
793 | Revision_793/fortran.c | U | 1899 | 1903 | 5 | 108498 | 48 | 100
793 | Revision_793/flex.c | U | 1896 | 1900 | 5 | 108499 | 48 | 100
793 | Revision_793/jscript.c | M | 1597 | 1601 | 5 | 108500 | 49 | 100
793 | Revision_793/sql.c | U | 2342 | 2346 | 5 | 108501 | 49 | 100
793 | Revision_793/flex.c | U | 2382 | 2386 | 5 | 108502 | 49 | 100
793 | Revision_793/jscript.c | M | 1604 | 1620 | 14 | 108503 | 50 | 100
793 | Revision_793/flex.c | U | 2389 | 2405 | 14 | 108504 | 50 | 100
793 | Revision_793/jscript.c | M | 1624 | 1637 | 10 | 108505 | 51 | 100
793 | Revision_793/tex.c | U | 570 | 583 | 10 | 108506 | 51 | 100
793 | Revision_793/gnu_regex/regcomp.c | U | 1277 | 1281 | 5 | 108507 | 52 | 100
793 | Revision_793/gnu_regex/regcomp.c | U | 1283 | 1287 | 5 | 108508 | 52 | 100
793 | Revision_793/gnu_regex/regcomp.c | U | 2292 | 2296 | 5 | 108509 | 53 | 100
793 | Revision_793/gnu_regex/regcomp.c | U | 2298 | 2302 | 5 | 108510 | 53 | 100
793 | Revision_793/gnu_regex/regex_internal.c | U | 1103 | 1108 | 5 | 108511 | 54 | 100
793 | Revision_793/gnu_regex/regex_internal.c | U | 1236 | 1241 | 5 | 108512 | 54 | 100
793 | Revision_793/vim.c | U | 99 | 103 | 5 | 108513 | 55 | 100
793 | Revision_793/vim.c | U | 105 | 109 | 5 | 108514 | 55 | 100
793 | Revision_793/python.c | U | 299 | 303 | 5 | 108515 | 56 | 100
793 | Revision_793/erlang.c | U | 58 | 62 | 5 | 108516 | 56 | 100
793 | Revision_793/sml.c | U | 84 | 88 | 5 | 108517 | 56 | 100
793 | Revision_793/python.c | U | 307 | 316 | 9 | 108518 | 57 | 100
793 | Revision_793/erlang.c | U | 66 | 75 | 9 | 108519 | 57 | 100
793 | Revision_793/perl.c | U | 372 | 380 | 9 | 108520 | 58 | 100
793 | Revision_793/erlang.c | U | 179 | 187 | 9 | 108521 | 58 | 100
793 | Revision_793/tcl.c | U | 106 | 114 | 9 | 108522 | 58 | 100
793 | Revision_793/lua.c | U | 123 | 131 | 9 | 108523 | 59 | 100
793 | Revision_793/beta.c | U | 311 | 319 | 9 | 108524 | 59 | 100
793 | Revision_793/sort.c | U | 118 | 123 | 5 | 108525 | 60 | 100
793 | Revision_793/sort.c | U | 126 | 131 | 5 | 108526 | 60 | 100
793 | Revision_793/pascal.c | U | 176 | 182 | 6 | 108527 | 61 | 100
793 | Revision_793/pascal.c | U | 184 | 190 | 6 | 108528 | 61 | 100
793 | Revision_793/ocaml.c | U | 182 | 191 | 7 | 108529 | 62 | 100
793 | Revision_793/objc.c | U | 154 | 163 | 7 | 108530 | 62 | 100
793 | Revision_793/ocaml.c | U | 251 | 257 | 6 | 108531 | 63 | 100
793 | Revision_793/objc.c | U | 199 | 205 | 6 | 108532 | 63 | 100
793 | Revision_793/ocaml.c | U | 260 | 280 | 15 | 108533 | 64 | 100
793 | Revision_793/objc.c | U | 208 | 228 | 15 | 108534 | 64 | 100
793 | Revision_793/ocaml.c | U | 293 | 301 | 6 | 108535 | 65 | 100
793 | Revision_793/objc.c | U | 241 | 249 | 6 | 108536 | 65 | 100
793 | Revision_793/ocaml.c | U | 344 | 359 | 10 | 108537 | 66 | 100
793 | Revision_793/objc.c | U | 264 | 279 | 10 | 108538 | 66 | 100
793 | Revision_793/ocaml.c | U | 419 | 431 | 10 | 108539 | 67 | 100
793 | Revision_793/objc.c | U | 318 | 330 | 10 | 108540 | 67 | 100
793 | Revision_793/objc.c | U | 332 | 344 | 10 | 108541 | 67 | 100
793 | Revision_793/ocaml.c | U | 908 | 912 | 5 | 108542 | 68 | 100
793 | Revision_793/objc.c | U | 484 | 488 | 5 | 108543 | 68 | 100
793 | Revision_793/ocaml.c | U | 1882 | 1892 | 10 | 108544 | 69 | 100
793 | Revision_793/objc.c | U | 1141 | 1151 | 10 | 108545 | 69 | 100
793 | Revision_793/vhdl.c | U | 824 | 833 | 10 | 108546 | 69 | 100
793 | Revision_793/routines.c | U | 288 | 295 | 8 | 108547 | 70 | 100
793 | Revision_793/readtags.c | U | 106 | 113 | 8 | 108548 | 70 | 100
793 | Revision_793/routines.c | U | 298 | 305 | 8 | 108549 | 71 | 100
793 | Revision_793/readtags.c | U | 116 | 123 | 8 | 108550 | 71 | 100
793 | Revision_793/routines.c | U | 329 | 335 | 6 | 108551 | 72 | 100
793 | Revision_793/routines.c | U | 338 | 344 | 6 | 108552 | 72 | 100
793 | Revision_793/routines.c | U | 349 | 356 | 8 | 108553 | 73 | 100
793 | Revision_793/routines.c | U | 361 | 368 | 8 | 108554 | 73 | 100
793 | Revision_793/flex.c | U | 258 | 269 | 10 | 108555 | 74 | 100
793 | Revision_793/sql.c | U | 449 | 460 | 10 | 108556 | 74 | 100
793 | Revision_793/vhdl.c | U | 538 | 547 | 10 | 108557 | 74 | 100
793 | Revision_793/flex.c | U | 295 | 303 | 9 | 108558 | 75 | 100
793 | Revision_793/sql.c | U | 474 | 482 | 9 | 108559 | 75 | 100
793 | Revision_793/flex.c | U | 437 | 441 | 5 | 108560 | 76 | 100
793 | Revision_793/vhdl.c | U | 414 | 418 | 5 | 108561 | 76 | 100
793 | Revision_793/tex.c | U | 313 | 317 | 5 | 108562 | 76 | 100
793 | Revision_793/sql.c | U | 540 | 553 | 5 | 108563 | 76 | 100
793 | Revision_793/flex.c | U | 599 | 606 | 8 | 108564 | 77 | 100
793 | Revision_793/flex.c | U | 664 | 671 | 8 | 108565 | 77 | 100
793 | Revision_793/flex.c | U | 703 | 710 | 8 | 108566 | 77 | 100
793 | Revision_793/flex.c | U | 638 | 645 | 8 | 108567 | 77 | 100
793 | Revision_793/flex.c | U | 652 | 659 | 8 | 108568 | 77 | 100
793 | Revision_793/flex.c | U | 610 | 629 | 18 | 108569 | 78 | 100
793 | Revision_793/flex.c | U | 675 | 694 | 18 | 108570 | 78 | 100
793 | Revision_793/flex.c | U | 623 | 628 | 6 | 108571 | 79 | 100
793 | Revision_793/flex.c | U | 696 | 701 | 6 | 108572 | 79 | 100
793 | Revision_793/flex.c | U | 631 | 636 | 6 | 108573 | 79 | 100
793 | Revision_793/flex.c | U | 688 | 693 | 6 | 108574 | 79 | 100
793 | Revision_793/vhdl.c | U | 342 | 351 | 10 | 108575 | 80 | 100
793 | Revision_793/tex.c | U | 172 | 183 | 10 | 108576 | 80 | 100
793 | Revision_793/vhdl.c | U | 536 | 548 | 12 | 108577 | 81 | 100
793 | Revision_793/sql.c | U | 447 | 461 | 12 | 108578 | 81 | 100
793 | Revision_793/vhdl.c | U | 611 | 615 | 5 | 108579 | 82 | 100
793 | Revision_793/vhdl.c | U | 620 | 624 | 5 | 108580 | 82 | 100
793 | Revision_793/vhdl.c | U | 724 | 741 | 15 | 108581 | 83 | 100
793 | Revision_793/vhdl.c | U | 743 | 760 | 15 | 108582 | 83 | 100
793 | Revision_793/vhdl.c | U | 813 | 821 | 7 | 108583 | 84 | 100
793 | Revision_793/sql.c | U | 2349 | 2357 | 7 | 108584 | 84 | 100
793 | Revision_793/beta.c | U | 152 | 156 | 5 | 108585 | 85 | 100
793 | Revision_793/beta.c | U | 277 | 281 | 5 | 108586 | 85 | 100
793 | Revision_793/beta.c | U | 158 | 162 | 5 | 108587 | 85 | 100
793 | Revision_793/beta.c | U | 165 | 169 | 5 | 108588 | 86 | 100
793 | Revision_793/beta.c | U | 271 | 275 | 5 | 108589 | 86 | 100
793 | Revision_793/erlang.c | U | 108 | 113 | 6 | 108590 | 87 | 100
793 | Revision_793/erlang.c | U | 116 | 121 | 6 | 108591 | 87 | 100
793 | Revision_793/sql.c | U | 787 | 794 | 8 | 108592 | 88 | 100
793 | Revision_793/tex.c | U | 374 | 381 | 8 | 108593 | 88 | 100
793 | Revision_793/sql.c | U | 1413 | 1424 | 5 | 108594 | 89 | 100
793 | Revision_793/sql.c | U | 1569 | 1574 | 5 | 108595 | 89 | 100
793 | Revision_793/sql.c | U | 1914 | 1920 | 5 | 108596 | 90 | 100
793 | Revision_793/sql.c | U | 1943 | 1949 | 5 | 108597 | 90 | 100
793 | Revision_793/sql.c | U | 2085 | 2143 | 34 | 108598 | 91 | 100
793 | Revision_793/sql.c | U | 2192 | 2253 | 34 | 108599 | 91 | 100
793 | Revision_793/sql.c | U | 2331 | 2338 | 7 | 108600 | 92 | 100
793 | Revision_793/fortran.c | U | 1308 | 1314 | 7 | 108601 | 92 | 100
793 | Revision_793/parse.c | U | 45 | 53 | 7 | 108602 | 93 | 100
793 | Revision_793/sml.c | U | 75 | 81 | 7 | 108603 | 93 | 100
793 | Revision_793/parse.c | U | 100 | 104 | 5 | 108604 | 94 | 100
793 | Revision_793/parse.c | U | 114 | 118 | 5 | 108605 | 94 | 100
793 | Revision_793/parse.c | U | 556 | 560 | 5 | 108606 | 95 | 100
793 | Revision_793/parse.c | U | 575 | 579 | 5 | 108607 | 95 | 100
793 | Revision_793/readtags.c | U | 541 | 547 | 6 | 108608 | 96 | 100
793 | Revision_793/readtags.c | U | 549 | 555 | 6 | 108609 | 96 | 100
793 | Revision_793/readtags.c | U | 740 | 745 | 6 | 108610 | 97 | 100
793 | Revision_793/readtags.c | U | 765 | 770 | 6 | 108611 | 97 | 100
793 | Revision_793/tex.c | U | 232 | 237 | 6 | 108612 | 98 | 100
793 | Revision_793/tex.c | U | 237 | 242 | 6 | 108613 | 98 | 100
793 | Revision_793/tex.c | U | 242 | 247 | 6 | 108614 | 98 | 100
793 | Revision_793/tex.c | U | 420 | 424 | 5 | 108615 | 99 | 100
793 | Revision_793/tex.c | U | 444 | 448 | 5 | 108616 | 99 | 100
793 | Revision_793/options.c | U | 369 | 375 | 6 | 108617 | 100 | 100
793 | Revision_793/options.c | U | 378 | 384 | 6 | 108618 | 100 | 100
793 | Revision_793/options.c | U | 543 | 549 | 7 | 108619 | 101 | 100
793 | Revision_793/options.c | U | 570 | 576 | 7 | 108620 | 101 | 100
793 | Revision_793/options.c | U | 561 | 567 | 7 | 108621 | 101 | 100
793 | Revision_793/options.c | U | 552 | 558 | 7 | 108622 | 101 | 100
793 | Revision_793/options.c | U | 1102 | 1106 | 5 | 108623 | 102 | 100
793 | Revision_793/options.c | U | 1108 | 1112 | 5 | 108624 | 102 | 100
793 | Revision_793/options.c | U | 1154 | 1166 | 12 | 108625 | 103 | 100
793 | Revision_793/options.c | U | 1171 | 1183 | 12 | 108626 | 103 | 100
793 | Revision_793/objc.c | U | 576 | 614 | 31 | 108627 | 104 | 100
793 | Revision_793/objc.c | U | 617 | 655 | 31 | 108628 | 104 | 100
793 | Revision_793/objc.c | U | 747 | 754 | 7 | 108629 | 105 | 100
793 | Revision_793/objc.c | U | 757 | 764 | 7 | 108630 | 105 | 100
793 | Revision_793/objc.c | U | 767 | 775 | 7 | 108631 | 105 | 100
793 | Revision_793/objc.c | U | 828 | 832 | 5 | 108632 | 106 | 100
793 | Revision_793/objc.c | U | 904 | 908 | 5 | 108633 | 106 | 100
793 | Revision_793/objc.c | U | 834 | 839 | 6 | 108634 | 107 | 100
793 | Revision_793/objc.c | U | 910 | 915 | 6 | 108635 | 107 | 100
