Revision | filePath | changeType | StartLine | EndLine | Nlines | cloneId | classId | Similarity
803 | Revision_803/lisp.c | U | 127 | 137 | 9 | 111175 | 1 | 100
803 | Revision_803/scheme.c | U | 99 | 109 | 9 | 111176 | 1 | 100
803 | Revision_803/sh.c | U | 103 | 113 | 9 | 111177 | 1 | 100
803 | Revision_803/matlab.c | U | 35 | 42 | 8 | 111178 | 2 | 100
803 | Revision_803/slang.c | U | 34 | 41 | 8 | 111179 | 2 | 100
803 | Revision_803/ant.c | U | 33 | 40 | 8 | 111180 | 2 | 100
803 | Revision_803/yacc.c | U | 31 | 38 | 8 | 111181 | 2 | 100
803 | Revision_803/asp.c | U | 72 | 91 | 15 | 111182 | 3 | 100
803 | Revision_803/asp.c | U | 95 | 114 | 15 | 111183 | 3 | 100
803 | Revision_803/asp.c | U | 118 | 163 | 40 | 111184 | 4 | 100
803 | Revision_803/asp.c | U | 165 | 210 | 40 | 111185 | 4 | 100
803 | Revision_803/asp.c | U | 125 | 137 | 12 | 111186 | 5 | 100
803 | Revision_803/asp.c | U | 139 | 151 | 12 | 111187 | 5 | 100
803 | Revision_803/asp.c | U | 172 | 184 | 12 | 111188 | 6 | 100
803 | Revision_803/asp.c | U | 186 | 198 | 12 | 111189 | 6 | 100
803 | Revision_803/asp.c | U | 214 | 230 | 14 | 111190 | 7 | 100
803 | Revision_803/asp.c | U | 291 | 306 | 14 | 111191 | 7 | 100
803 | Revision_803/asp.c | U | 234 | 249 | 14 | 111192 | 7 | 100
803 | Revision_803/asp.c | U | 253 | 268 | 14 | 111193 | 7 | 100
803 | Revision_803/asp.c | U | 272 | 287 | 14 | 111194 | 7 | 100
803 | Revision_803/asp.c | U | 317 | 325 | 9 | 111195 | 8 | 100
803 | Revision_803/vim.c | U | 731 | 739 | 9 | 111196 | 8 | 100
803 | Revision_803/sml.c | U | 202 | 210 | 9 | 111197 | 8 | 100
803 | Revision_803/ruby.c | U | 398 | 406 | 9 | 111198 | 8 | 100
803 | Revision_803/args.c | U | 85 | 92 | 8 | 111199 | 9 | 100
803 | Revision_803/args.c | U | 160 | 167 | 8 | 111200 | 9 | 100
803 | Revision_803/c.c | U | 667 | 678 | 13 | 111201 | 10 | 100
803 | Revision_803/c.c | U | 1171 | 1184 | 13 | 111202 | 10 | 100
803 | Revision_803/c.c | U | 686 | 697 | 13 | 111203 | 10 | 100
803 | Revision_803/c.c | U | 824 | 844 | 45 | 111204 | 11 | 100
803 | Revision_803/c.c | U | 865 | 885 | 45 | 111205 | 11 | 100
803 | Revision_803/c.c | U | 1411 | 1418 | 7 | 111206 | 12 | 100
803 | Revision_803/c.c | U | 1421 | 1428 | 7 | 111207 | 12 | 100
803 | Revision_803/c.c | U | 1781 | 1785 | 5 | 111208 | 13 | 100
803 | Revision_803/c.c | U | 1790 | 1794 | 5 | 111209 | 13 | 100
803 | Revision_803/c.c | U | 2254 | 2259 | 6 | 111210 | 14 | 100
803 | Revision_803/options.c | U | 533 | 538 | 6 | 111211 | 14 | 100
803 | Revision_803/c.c | U | 2507 | 2511 | 5 | 111212 | 15 | 100
803 | Revision_803/c.c | U | 2514 | 2518 | 5 | 111213 | 15 | 100
803 | Revision_803/c.c | U | 2870 | 2879 | 10 | 111214 | 16 | 100
803 | Revision_803/c.c | U | 2912 | 2921 | 10 | 111215 | 16 | 100
803 | Revision_803/c.c | U | 2900 | 2909 | 10 | 111216 | 16 | 100
803 | Revision_803/sql.c | U | 2360 | 2369 | 10 | 111217 | 16 | 100
803 | Revision_803/eiffel.c | U | 1259 | 1268 | 10 | 111218 | 16 | 100
803 | Revision_803/verilog.c | U | 330 | 339 | 10 | 111219 | 16 | 100
803 | Revision_803/eiffel.c | U | 222 | 231 | 8 | 111220 | 17 | 100
803 | Revision_803/jscript.c | U | 182 | 191 | 8 | 111221 | 17 | 100
803 | Revision_803/fortran.c | U | 398 | 407 | 8 | 111222 | 17 | 100
803 | Revision_803/flex.c | U | 216 | 225 | 8 | 111223 | 17 | 100
803 | Revision_803/sql.c | U | 409 | 418 | 8 | 111224 | 17 | 100
803 | Revision_803/tex.c | U | 160 | 169 | 8 | 111225 | 17 | 100
803 | Revision_803/eiffel.c | U | 374 | 383 | 8 | 111226 | 18 | 100
803 | Revision_803/read.c | U | 452 | 459 | 8 | 111227 | 18 | 100
803 | Revision_803/eiffel.c | U | 421 | 427 | 7 | 111228 | 19 | 100
803 | Revision_803/fortran.c | U | 805 | 811 | 7 | 111229 | 19 | 100
803 | Revision_803/eiffel.c | U | 429 | 434 | 6 | 111230 | 20 | 100
803 | Revision_803/fortran.c | U | 813 | 818 | 6 | 111231 | 20 | 100
803 | Revision_803/eiffel.c | U | 691 | 695 | 5 | 111232 | 21 | 100
803 | Revision_803/vhdl.c | U | 457 | 461 | 5 | 111233 | 21 | 100
803 | Revision_803/sql.c | U | 588 | 592 | 5 | 111234 | 21 | 100
803 | Revision_803/eiffel.c | U | 765 | 770 | 6 | 111235 | 22 | 100
803 | Revision_803/fortran.c | U | 1027 | 1032 | 6 | 111236 | 22 | 100
803 | Revision_803/eiffel.c | U | 1014 | 1018 | 5 | 111237 | 23 | 100
803 | Revision_803/jscript.c | U | 1559 | 1576 | 5 | 111238 | 23 | 100
803 | Revision_803/eiffel.c | U | 1074 | 1078 | 5 | 111239 | 24 | 100
803 | Revision_803/fortran.c | U | 1326 | 1330 | 5 | 111240 | 24 | 100
803 | Revision_803/dosbatch.c | U | 33 | 40 | 8 | 111241 | 25 | 100
803 | Revision_803/html.c | U | 40 | 47 | 8 | 111242 | 25 | 100
803 | Revision_803/verilog.c | U | 108 | 118 | 9 | 111243 | 26 | 100
803 | Revision_803/vhdl.c | U | 573 | 583 | 9 | 111244 | 26 | 100
803 | Revision_803/verilog.c | U | 142 | 146 | 5 | 111245 | 27 | 100
803 | Revision_803/fortran.c | U | 969 | 973 | 5 | 111246 | 27 | 100
803 | Revision_803/jscript.c | U | 210 | 214 | 5 | 111247 | 28 | 100
803 | Revision_803/flex.c | U | 245 | 249 | 5 | 111248 | 28 | 100
803 | Revision_803/vhdl.c | U | 356 | 360 | 5 | 111249 | 28 | 100
803 | Revision_803/tex.c | U | 186 | 190 | 5 | 111250 | 28 | 100
803 | Revision_803/sql.c | U | 436 | 440 | 5 | 111251 | 28 | 100
803 | Revision_803/jscript.c | U | 265 | 289 | 20 | 111252 | 29 | 100
803 | Revision_803/jscript.c | U | 292 | 316 | 20 | 111253 | 29 | 100
803 | Revision_803/flex.c | U | 309 | 333 | 20 | 111254 | 29 | 100
803 | Revision_803/flex.c | U | 359 | 383 | 20 | 111255 | 29 | 100
803 | Revision_803/jscript.c | U | 272 | 276 | 5 | 111256 | 30 | 100
803 | Revision_803/jscript.c | U | 1534 | 1538 | 5 | 111257 | 30 | 100
803 | Revision_803/flex.c | U | 343 | 347 | 5 | 111258 | 30 | 100
803 | Revision_803/flex.c | U | 1884 | 1888 | 5 | 111259 | 30 | 100
803 | Revision_803/jscript.c | U | 1451 | 1455 | 5 | 111260 | 30 | 100
803 | Revision_803/jscript.c | U | 299 | 303 | 5 | 111261 | 30 | 100
803 | Revision_803/flex.c | U | 316 | 320 | 5 | 111262 | 30 | 100
803 | Revision_803/flex.c | U | 366 | 370 | 5 | 111263 | 30 | 100
803 | Revision_803/jscript.c | U | 323 | 342 | 17 | 111264 | 31 | 100
803 | Revision_803/flex.c | U | 390 | 408 | 17 | 111265 | 31 | 100
803 | Revision_803/vhdl.c | U | 368 | 386 | 17 | 111266 | 31 | 100
803 | Revision_803/jscript.c | U | 374 | 385 | 12 | 111267 | 32 | 100
803 | Revision_803/tex.c | U | 289 | 301 | 12 | 111268 | 32 | 100
803 | Revision_803/sql.c | U | 517 | 528 | 12 | 111269 | 32 | 100
803 | Revision_803/vhdl.c | U | 391 | 402 | 12 | 111270 | 32 | 100
803 | Revision_803/flex.c | U | 414 | 425 | 12 | 111271 | 32 | 100
803 | Revision_803/jscript.c | U | 466 | 485 | 18 | 111272 | 33 | 100
803 | Revision_803/sql.c | U | 634 | 653 | 18 | 111273 | 33 | 100
803 | Revision_803/jscript.c | U | 468 | 479 | 12 | 111274 | 34 | 100
803 | Revision_803/flex.c | U | 492 | 503 | 12 | 111275 | 34 | 100
803 | Revision_803/sql.c | U | 636 | 647 | 12 | 111276 | 34 | 100
803 | Revision_803/jscript.c | U | 493 | 502 | 10 | 111277 | 35 | 100
803 | Revision_803/flex.c | U | 734 | 743 | 10 | 111278 | 35 | 100
803 | Revision_803/tex.c | U | 342 | 351 | 10 | 111279 | 35 | 100
803 | Revision_803/vhdl.c | U | 467 | 476 | 10 | 111280 | 35 | 100
803 | Revision_803/jscript.c | U | 525 | 555 | 18 | 111281 | 36 | 100
803 | Revision_803/flex.c | U | 765 | 795 | 18 | 111282 | 36 | 100
803 | Revision_803/jscript.c | U | 558 | 587 | 18 | 111283 | 36 | 100
803 | Revision_803/flex.c | U | 798 | 827 | 18 | 111284 | 36 | 100
803 | Revision_803/jscript.c | U | 536 | 554 | 15 | 111285 | 37 | 100
803 | Revision_803/sql.c | U | 765 | 783 | 15 | 111286 | 37 | 100
803 | Revision_803/vhdl.c | U | 514 | 532 | 15 | 111287 | 37 | 100
803 | Revision_803/flex.c | U | 776 | 794 | 15 | 111288 | 37 | 100
803 | Revision_803/jscript.c | U | 568 | 586 | 15 | 111289 | 37 | 100
803 | Revision_803/flex.c | U | 808 | 826 | 15 | 111290 | 37 | 100
803 | Revision_803/jscript.c | U | 590 | 597 | 7 | 111291 | 38 | 100
803 | Revision_803/flex.c | U | 830 | 837 | 7 | 111292 | 38 | 100
803 | Revision_803/jscript.c | U | 600 | 607 | 7 | 111293 | 39 | 100
803 | Revision_803/sql.c | U | 698 | 705 | 7 | 111294 | 39 | 100
803 | Revision_803/flex.c | U | 840 | 847 | 7 | 111295 | 39 | 100
803 | Revision_803/jscript.c | U | 751 | 762 | 6 | 111296 | 40 | 100
803 | Revision_803/jscript.c | U | 1154 | 1160 | 6 | 111297 | 40 | 100
803 | Revision_803/sql.c | U | 1623 | 1629 | 6 | 111298 | 40 | 100
803 | Revision_803/flex.c | U | 2250 | 2256 | 6 | 111299 | 40 | 100
803 | Revision_803/sql.c | U | 1032 | 1052 | 6 | 111300 | 40 | 100
803 | Revision_803/sql.c | U | 937 | 944 | 6 | 111301 | 40 | 100
803 | Revision_803/flex.c | U | 986 | 997 | 6 | 111302 | 40 | 100
803 | Revision_803/flex.c | U | 2009 | 2015 | 6 | 111303 | 40 | 100
803 | Revision_803/jscript.c | U | 1180 | 1188 | 8 | 111304 | 41 | 100
803 | Revision_803/flex.c | U | 1582 | 1590 | 8 | 111305 | 41 | 100
803 | Revision_803/jscript.c | U | 1253 | 1275 | 10 | 111306 | 42 | 100
803 | Revision_803/flex.c | U | 1652 | 1674 | 10 | 111307 | 42 | 100
803 | Revision_803/jscript.c | U | 1307 | 1326 | 7 | 111308 | 43 | 100
803 | Revision_803/flex.c | U | 1710 | 1729 | 7 | 111309 | 43 | 100
803 | Revision_803/jscript.c | U | 1372 | 1377 | 6 | 111310 | 44 | 100
803 | Revision_803/flex.c | U | 1775 | 1780 | 6 | 111311 | 44 | 100
803 | Revision_803/jscript.c | U | 1497 | 1507 | 10 | 111312 | 45 | 100
803 | Revision_803/flex.c | U | 1849 | 1859 | 10 | 111313 | 45 | 100
803 | Revision_803/jscript.c | U | 1513 | 1553 | 20 | 111314 | 46 | 100
803 | Revision_803/flex.c | U | 1863 | 1903 | 20 | 111315 | 46 | 100
803 | Revision_803/jscript.c | U | 1546 | 1550 | 5 | 111316 | 47 | 100
803 | Revision_803/fortran.c | U | 1899 | 1903 | 5 | 111317 | 47 | 100
803 | Revision_803/flex.c | U | 1896 | 1900 | 5 | 111318 | 47 | 100
803 | Revision_803/jscript.c | U | 1652 | 1656 | 5 | 111319 | 48 | 100
803 | Revision_803/sql.c | U | 2342 | 2346 | 5 | 111320 | 48 | 100
803 | Revision_803/flex.c | U | 2382 | 2386 | 5 | 111321 | 48 | 100
803 | Revision_803/jscript.c | U | 1680 | 1693 | 10 | 111322 | 49 | 100
803 | Revision_803/tex.c | U | 570 | 583 | 10 | 111323 | 49 | 100
803 | Revision_803/gnu_regex/regcomp.c | U | 1277 | 1281 | 5 | 111324 | 50 | 100
803 | Revision_803/gnu_regex/regcomp.c | U | 1283 | 1287 | 5 | 111325 | 50 | 100
803 | Revision_803/gnu_regex/regcomp.c | U | 2292 | 2296 | 5 | 111326 | 51 | 100
803 | Revision_803/gnu_regex/regcomp.c | U | 2298 | 2302 | 5 | 111327 | 51 | 100
803 | Revision_803/gnu_regex/regex_internal.c | U | 1103 | 1108 | 5 | 111328 | 52 | 100
803 | Revision_803/gnu_regex/regex_internal.c | U | 1236 | 1241 | 5 | 111329 | 52 | 100
803 | Revision_803/vim.c | U | 99 | 103 | 5 | 111330 | 53 | 100
803 | Revision_803/vim.c | U | 105 | 109 | 5 | 111331 | 53 | 100
803 | Revision_803/python.c | U | 299 | 303 | 5 | 111332 | 54 | 100
803 | Revision_803/erlang.c | U | 58 | 62 | 5 | 111333 | 54 | 100
803 | Revision_803/sml.c | U | 84 | 88 | 5 | 111334 | 54 | 100
803 | Revision_803/python.c | U | 307 | 316 | 9 | 111335 | 55 | 100
803 | Revision_803/erlang.c | U | 66 | 75 | 9 | 111336 | 55 | 100
803 | Revision_803/perl.c | U | 372 | 380 | 9 | 111337 | 56 | 100
803 | Revision_803/erlang.c | U | 179 | 187 | 9 | 111338 | 56 | 100
803 | Revision_803/tcl.c | U | 106 | 114 | 9 | 111339 | 56 | 100
803 | Revision_803/lua.c | U | 123 | 131 | 9 | 111340 | 57 | 100
803 | Revision_803/beta.c | U | 311 | 319 | 9 | 111341 | 57 | 100
803 | Revision_803/sort.c | U | 118 | 123 | 5 | 111342 | 58 | 100
803 | Revision_803/sort.c | U | 126 | 131 | 5 | 111343 | 58 | 100
803 | Revision_803/pascal.c | U | 176 | 182 | 6 | 111344 | 59 | 100
803 | Revision_803/pascal.c | U | 184 | 190 | 6 | 111345 | 59 | 100
803 | Revision_803/ocaml.c | U | 182 | 191 | 7 | 111346 | 60 | 100
803 | Revision_803/objc.c | U | 154 | 163 | 7 | 111347 | 60 | 100
803 | Revision_803/ocaml.c | U | 251 | 257 | 6 | 111348 | 61 | 100
803 | Revision_803/objc.c | U | 199 | 205 | 6 | 111349 | 61 | 100
803 | Revision_803/ocaml.c | U | 260 | 280 | 15 | 111350 | 62 | 100
803 | Revision_803/objc.c | U | 208 | 228 | 15 | 111351 | 62 | 100
803 | Revision_803/ocaml.c | U | 293 | 301 | 6 | 111352 | 63 | 100
803 | Revision_803/objc.c | U | 241 | 249 | 6 | 111353 | 63 | 100
803 | Revision_803/ocaml.c | U | 344 | 359 | 10 | 111354 | 64 | 100
803 | Revision_803/objc.c | U | 264 | 279 | 10 | 111355 | 64 | 100
803 | Revision_803/ocaml.c | U | 419 | 431 | 10 | 111356 | 65 | 100
803 | Revision_803/objc.c | U | 332 | 344 | 10 | 111357 | 65 | 100
803 | Revision_803/objc.c | U | 318 | 330 | 10 | 111358 | 65 | 100
803 | Revision_803/ocaml.c | U | 908 | 912 | 5 | 111359 | 66 | 100
803 | Revision_803/objc.c | U | 484 | 488 | 5 | 111360 | 66 | 100
803 | Revision_803/ocaml.c | U | 1888 | 1898 | 10 | 111361 | 67 | 100
803 | Revision_803/vhdl.c | U | 824 | 833 | 10 | 111362 | 67 | 100
803 | Revision_803/objc.c | U | 1141 | 1151 | 10 | 111363 | 67 | 100
803 | Revision_803/routines.c | U | 288 | 295 | 8 | 111364 | 68 | 100
803 | Revision_803/readtags.c | U | 106 | 113 | 8 | 111365 | 68 | 100
803 | Revision_803/routines.c | U | 298 | 305 | 8 | 111366 | 69 | 100
803 | Revision_803/readtags.c | U | 116 | 123 | 8 | 111367 | 69 | 100
803 | Revision_803/routines.c | U | 329 | 335 | 6 | 111368 | 70 | 100
803 | Revision_803/routines.c | U | 338 | 344 | 6 | 111369 | 70 | 100
803 | Revision_803/routines.c | U | 349 | 356 | 8 | 111370 | 71 | 100
803 | Revision_803/routines.c | U | 361 | 368 | 8 | 111371 | 71 | 100
803 | Revision_803/flex.c | U | 258 | 269 | 10 | 111372 | 72 | 100
803 | Revision_803/sql.c | U | 449 | 460 | 10 | 111373 | 72 | 100
803 | Revision_803/vhdl.c | U | 538 | 547 | 10 | 111374 | 72 | 100
803 | Revision_803/flex.c | U | 295 | 303 | 9 | 111375 | 73 | 100
803 | Revision_803/sql.c | U | 474 | 482 | 9 | 111376 | 73 | 100
803 | Revision_803/flex.c | U | 437 | 441 | 5 | 111377 | 74 | 100
803 | Revision_803/sql.c | U | 540 | 553 | 5 | 111378 | 74 | 100
803 | Revision_803/tex.c | U | 313 | 317 | 5 | 111379 | 74 | 100
803 | Revision_803/vhdl.c | U | 414 | 418 | 5 | 111380 | 74 | 100
803 | Revision_803/flex.c | U | 599 | 606 | 8 | 111381 | 75 | 100
803 | Revision_803/flex.c | U | 652 | 659 | 8 | 111382 | 75 | 100
803 | Revision_803/flex.c | U | 638 | 645 | 8 | 111383 | 75 | 100
803 | Revision_803/flex.c | U | 664 | 671 | 8 | 111384 | 75 | 100
803 | Revision_803/flex.c | U | 703 | 710 | 8 | 111385 | 75 | 100
803 | Revision_803/flex.c | U | 610 | 629 | 18 | 111386 | 76 | 100
803 | Revision_803/flex.c | U | 675 | 694 | 18 | 111387 | 76 | 100
803 | Revision_803/flex.c | U | 623 | 628 | 6 | 111388 | 77 | 100
803 | Revision_803/flex.c | U | 631 | 636 | 6 | 111389 | 77 | 100
803 | Revision_803/flex.c | U | 696 | 701 | 6 | 111390 | 77 | 100
803 | Revision_803/flex.c | U | 688 | 693 | 6 | 111391 | 77 | 100
803 | Revision_803/flex.c | U | 1797 | 1812 | 7 | 111392 | 78 | 100
803 | Revision_803/sql.c | U | 1809 | 1816 | 7 | 111393 | 78 | 100
803 | Revision_803/vhdl.c | U | 342 | 351 | 10 | 111394 | 79 | 100
803 | Revision_803/tex.c | U | 172 | 183 | 10 | 111395 | 79 | 100
803 | Revision_803/vhdl.c | U | 536 | 548 | 12 | 111396 | 80 | 100
803 | Revision_803/sql.c | U | 447 | 461 | 12 | 111397 | 80 | 100
803 | Revision_803/vhdl.c | U | 611 | 615 | 5 | 111398 | 81 | 100
803 | Revision_803/vhdl.c | U | 620 | 624 | 5 | 111399 | 81 | 100
803 | Revision_803/vhdl.c | U | 724 | 741 | 15 | 111400 | 82 | 100
803 | Revision_803/vhdl.c | U | 743 | 760 | 15 | 111401 | 82 | 100
803 | Revision_803/vhdl.c | U | 813 | 821 | 7 | 111402 | 83 | 100
803 | Revision_803/sql.c | U | 2349 | 2357 | 7 | 111403 | 83 | 100
803 | Revision_803/beta.c | U | 152 | 156 | 5 | 111404 | 84 | 100
803 | Revision_803/beta.c | U | 277 | 281 | 5 | 111405 | 84 | 100
803 | Revision_803/beta.c | U | 158 | 162 | 5 | 111406 | 84 | 100
803 | Revision_803/beta.c | U | 165 | 169 | 5 | 111407 | 85 | 100
803 | Revision_803/beta.c | U | 271 | 275 | 5 | 111408 | 85 | 100
803 | Revision_803/erlang.c | U | 108 | 113 | 6 | 111409 | 86 | 100
803 | Revision_803/erlang.c | U | 116 | 121 | 6 | 111410 | 86 | 100
803 | Revision_803/sql.c | U | 787 | 794 | 8 | 111411 | 87 | 100
803 | Revision_803/tex.c | U | 374 | 381 | 8 | 111412 | 87 | 100
803 | Revision_803/sql.c | U | 1413 | 1424 | 5 | 111413 | 88 | 100
803 | Revision_803/sql.c | U | 1569 | 1574 | 5 | 111414 | 88 | 100
803 | Revision_803/sql.c | U | 1914 | 1920 | 5 | 111415 | 89 | 100
803 | Revision_803/sql.c | U | 1943 | 1949 | 5 | 111416 | 89 | 100
803 | Revision_803/sql.c | U | 2085 | 2143 | 34 | 111417 | 90 | 100
803 | Revision_803/sql.c | U | 2192 | 2253 | 34 | 111418 | 90 | 100
803 | Revision_803/sql.c | U | 2331 | 2338 | 7 | 111419 | 91 | 100
803 | Revision_803/fortran.c | U | 1308 | 1314 | 7 | 111420 | 91 | 100
803 | Revision_803/parse.c | U | 45 | 53 | 7 | 111421 | 92 | 100
803 | Revision_803/sml.c | U | 75 | 81 | 7 | 111422 | 92 | 100
803 | Revision_803/parse.c | U | 100 | 104 | 5 | 111423 | 93 | 100
803 | Revision_803/parse.c | U | 114 | 118 | 5 | 111424 | 93 | 100
803 | Revision_803/parse.c | U | 556 | 560 | 5 | 111425 | 94 | 100
803 | Revision_803/parse.c | U | 575 | 579 | 5 | 111426 | 94 | 100
803 | Revision_803/readtags.c | U | 541 | 547 | 6 | 111427 | 95 | 100
803 | Revision_803/readtags.c | U | 549 | 555 | 6 | 111428 | 95 | 100
803 | Revision_803/readtags.c | U | 740 | 745 | 6 | 111429 | 96 | 100
803 | Revision_803/readtags.c | U | 765 | 770 | 6 | 111430 | 96 | 100
803 | Revision_803/tex.c | U | 232 | 237 | 6 | 111431 | 97 | 100
803 | Revision_803/tex.c | U | 237 | 242 | 6 | 111432 | 97 | 100
803 | Revision_803/tex.c | U | 242 | 247 | 6 | 111433 | 97 | 100
803 | Revision_803/tex.c | U | 420 | 424 | 5 | 111434 | 98 | 100
803 | Revision_803/tex.c | U | 444 | 448 | 5 | 111435 | 98 | 100
803 | Revision_803/options.c | U | 369 | 375 | 6 | 111436 | 99 | 100
803 | Revision_803/options.c | U | 378 | 384 | 6 | 111437 | 99 | 100
803 | Revision_803/options.c | U | 543 | 549 | 7 | 111438 | 100 | 100
803 | Revision_803/options.c | U | 561 | 567 | 7 | 111439 | 100 | 100
803 | Revision_803/options.c | U | 552 | 558 | 7 | 111440 | 100 | 100
803 | Revision_803/options.c | U | 570 | 576 | 7 | 111441 | 100 | 100
803 | Revision_803/options.c | U | 1102 | 1106 | 5 | 111442 | 101 | 100
803 | Revision_803/options.c | U | 1108 | 1112 | 5 | 111443 | 101 | 100
803 | Revision_803/options.c | U | 1154 | 1166 | 12 | 111444 | 102 | 100
803 | Revision_803/options.c | U | 1171 | 1183 | 12 | 111445 | 102 | 100
803 | Revision_803/objc.c | U | 576 | 614 | 31 | 111446 | 103 | 100
803 | Revision_803/objc.c | U | 617 | 655 | 31 | 111447 | 103 | 100
803 | Revision_803/objc.c | U | 747 | 754 | 7 | 111448 | 104 | 100
803 | Revision_803/objc.c | U | 767 | 775 | 7 | 111449 | 104 | 100
803 | Revision_803/objc.c | U | 757 | 764 | 7 | 111450 | 104 | 100
803 | Revision_803/objc.c | U | 828 | 832 | 5 | 111451 | 105 | 100
803 | Revision_803/objc.c | U | 904 | 908 | 5 | 111452 | 105 | 100
803 | Revision_803/objc.c | U | 834 | 839 | 6 | 111453 | 106 | 100
803 | Revision_803/objc.c | U | 910 | 915 | 6 | 111454 | 106 | 100
