Revision | filePath | changeType | StartLine | EndLine | Nlines | cloneId | classId | Similarity
814 | Revision_814/lisp.c | U | 127 | 137 | 9 | 114308 | 1 | 100
814 | Revision_814/scheme.c | U | 99 | 109 | 9 | 114309 | 1 | 100
814 | Revision_814/sh.c | U | 103 | 113 | 9 | 114310 | 1 | 100
814 | Revision_814/matlab.c | U | 35 | 42 | 8 | 114311 | 2 | 100
814 | Revision_814/yacc.c | U | 31 | 38 | 8 | 114312 | 2 | 100
814 | Revision_814/slang.c | U | 34 | 41 | 8 | 114313 | 2 | 100
814 | Revision_814/ant.c | U | 33 | 40 | 8 | 114314 | 2 | 100
814 | Revision_814/asp.c | U | 72 | 91 | 15 | 114315 | 3 | 100
814 | Revision_814/asp.c | U | 95 | 114 | 15 | 114316 | 3 | 100
814 | Revision_814/asp.c | U | 118 | 163 | 40 | 114317 | 4 | 100
814 | Revision_814/asp.c | U | 165 | 210 | 40 | 114318 | 4 | 100
814 | Revision_814/asp.c | U | 125 | 137 | 12 | 114319 | 5 | 100
814 | Revision_814/asp.c | U | 139 | 151 | 12 | 114320 | 5 | 100
814 | Revision_814/asp.c | U | 172 | 184 | 12 | 114321 | 6 | 100
814 | Revision_814/asp.c | U | 186 | 198 | 12 | 114322 | 6 | 100
814 | Revision_814/asp.c | U | 214 | 230 | 14 | 114323 | 7 | 100
814 | Revision_814/asp.c | U | 291 | 306 | 14 | 114324 | 7 | 100
814 | Revision_814/asp.c | U | 272 | 287 | 14 | 114325 | 7 | 100
814 | Revision_814/asp.c | U | 234 | 249 | 14 | 114326 | 7 | 100
814 | Revision_814/asp.c | U | 253 | 268 | 14 | 114327 | 7 | 100
814 | Revision_814/asp.c | U | 317 | 325 | 9 | 114328 | 8 | 100
814 | Revision_814/vim.c | U | 740 | 748 | 9 | 114329 | 8 | 100
814 | Revision_814/sml.c | U | 202 | 210 | 9 | 114330 | 8 | 100
814 | Revision_814/ruby.c | U | 398 | 406 | 9 | 114331 | 8 | 100
814 | Revision_814/args.c | U | 85 | 92 | 8 | 114332 | 9 | 100
814 | Revision_814/args.c | U | 160 | 167 | 8 | 114333 | 9 | 100
814 | Revision_814/c.c | U | 667 | 678 | 13 | 114334 | 10 | 100
814 | Revision_814/c.c | U | 686 | 697 | 13 | 114335 | 10 | 100
814 | Revision_814/c.c | U | 1171 | 1184 | 13 | 114336 | 10 | 100
814 | Revision_814/c.c | U | 824 | 844 | 45 | 114337 | 11 | 100
814 | Revision_814/c.c | U | 865 | 885 | 45 | 114338 | 11 | 100
814 | Revision_814/c.c | U | 1411 | 1418 | 7 | 114339 | 12 | 100
814 | Revision_814/c.c | U | 1421 | 1428 | 7 | 114340 | 12 | 100
814 | Revision_814/c.c | U | 1781 | 1785 | 5 | 114341 | 13 | 100
814 | Revision_814/c.c | U | 1790 | 1794 | 5 | 114342 | 13 | 100
814 | Revision_814/c.c | U | 2254 | 2259 | 6 | 114343 | 14 | 100
814 | Revision_814/options.c | U | 533 | 538 | 6 | 114344 | 14 | 100
814 | Revision_814/c.c | U | 2507 | 2511 | 5 | 114345 | 15 | 100
814 | Revision_814/c.c | U | 2514 | 2518 | 5 | 114346 | 15 | 100
814 | Revision_814/c.c | U | 2870 | 2879 | 10 | 114347 | 16 | 100
814 | Revision_814/verilog.c | U | 330 | 339 | 10 | 114348 | 16 | 100
814 | Revision_814/eiffel.c | U | 1259 | 1268 | 10 | 114349 | 16 | 100
814 | Revision_814/c.c | U | 2912 | 2921 | 10 | 114350 | 16 | 100
814 | Revision_814/sql.c | U | 2360 | 2369 | 10 | 114351 | 16 | 100
814 | Revision_814/c.c | U | 2900 | 2909 | 10 | 114352 | 16 | 100
814 | Revision_814/eiffel.c | U | 222 | 231 | 8 | 114353 | 17 | 100
814 | Revision_814/sql.c | U | 409 | 418 | 8 | 114354 | 17 | 100
814 | Revision_814/flex.c | U | 216 | 225 | 8 | 114355 | 17 | 100
814 | Revision_814/fortran.c | U | 398 | 407 | 8 | 114356 | 17 | 100
814 | Revision_814/jscript.c | U | 185 | 194 | 8 | 114357 | 17 | 100
814 | Revision_814/tex.c | U | 160 | 169 | 8 | 114358 | 17 | 100
814 | Revision_814/eiffel.c | U | 374 | 383 | 8 | 114359 | 18 | 100
814 | Revision_814/read.c | U | 452 | 459 | 8 | 114360 | 18 | 100
814 | Revision_814/eiffel.c | U | 421 | 427 | 7 | 114361 | 19 | 100
814 | Revision_814/fortran.c | U | 805 | 811 | 7 | 114362 | 19 | 100
814 | Revision_814/eiffel.c | U | 429 | 434 | 6 | 114363 | 20 | 100
814 | Revision_814/fortran.c | U | 813 | 818 | 6 | 114364 | 20 | 100
814 | Revision_814/eiffel.c | U | 691 | 695 | 5 | 114365 | 21 | 100
814 | Revision_814/sql.c | U | 588 | 592 | 5 | 114366 | 21 | 100
814 | Revision_814/vhdl.c | U | 457 | 461 | 5 | 114367 | 21 | 100
814 | Revision_814/eiffel.c | U | 765 | 770 | 6 | 114368 | 22 | 100
814 | Revision_814/fortran.c | U | 1027 | 1032 | 6 | 114369 | 22 | 100
814 | Revision_814/eiffel.c | U | 1014 | 1018 | 5 | 114370 | 23 | 100
814 | Revision_814/jscript.c | U | 1580 | 1597 | 5 | 114371 | 23 | 100
814 | Revision_814/eiffel.c | U | 1074 | 1078 | 5 | 114372 | 24 | 100
814 | Revision_814/fortran.c | U | 1326 | 1330 | 5 | 114373 | 24 | 100
814 | Revision_814/dosbatch.c | U | 33 | 40 | 8 | 114374 | 25 | 100
814 | Revision_814/html.c | U | 40 | 47 | 8 | 114375 | 25 | 100
814 | Revision_814/verilog.c | U | 108 | 118 | 9 | 114376 | 26 | 100
814 | Revision_814/vhdl.c | U | 573 | 583 | 9 | 114377 | 26 | 100
814 | Revision_814/verilog.c | U | 142 | 146 | 5 | 114378 | 27 | 100
814 | Revision_814/fortran.c | U | 969 | 973 | 5 | 114379 | 27 | 100
814 | Revision_814/jscript.c | U | 213 | 217 | 5 | 114380 | 28 | 100
814 | Revision_814/tex.c | U | 186 | 190 | 5 | 114381 | 28 | 100
814 | Revision_814/flex.c | U | 245 | 249 | 5 | 114382 | 28 | 100
814 | Revision_814/vhdl.c | U | 356 | 360 | 5 | 114383 | 28 | 100
814 | Revision_814/sql.c | U | 436 | 440 | 5 | 114384 | 28 | 100
814 | Revision_814/jscript.c | U | 268 | 292 | 20 | 114385 | 29 | 100
814 | Revision_814/jscript.c | U | 295 | 319 | 20 | 114386 | 29 | 100
814 | Revision_814/flex.c | U | 359 | 383 | 20 | 114387 | 29 | 100
814 | Revision_814/flex.c | U | 309 | 333 | 20 | 114388 | 29 | 100
814 | Revision_814/jscript.c | U | 275 | 279 | 5 | 114389 | 30 | 100
814 | Revision_814/flex.c | U | 343 | 347 | 5 | 114390 | 30 | 100
814 | Revision_814/jscript.c | U | 1555 | 1559 | 5 | 114391 | 30 | 100
814 | Revision_814/jscript.c | U | 1472 | 1476 | 5 | 114392 | 30 | 100
814 | Revision_814/flex.c | U | 1884 | 1888 | 5 | 114393 | 30 | 100
814 | Revision_814/flex.c | U | 316 | 320 | 5 | 114394 | 30 | 100
814 | Revision_814/flex.c | U | 366 | 370 | 5 | 114395 | 30 | 100
814 | Revision_814/jscript.c | U | 302 | 306 | 5 | 114396 | 30 | 100
814 | Revision_814/jscript.c | U | 326 | 345 | 17 | 114397 | 31 | 100
814 | Revision_814/vhdl.c | U | 368 | 386 | 17 | 114398 | 31 | 100
814 | Revision_814/flex.c | U | 390 | 408 | 17 | 114399 | 31 | 100
814 | Revision_814/jscript.c | U | 377 | 388 | 12 | 114400 | 32 | 100
814 | Revision_814/tex.c | U | 289 | 301 | 12 | 114401 | 32 | 100
814 | Revision_814/flex.c | U | 414 | 425 | 12 | 114402 | 32 | 100
814 | Revision_814/vhdl.c | U | 391 | 402 | 12 | 114403 | 32 | 100
814 | Revision_814/sql.c | U | 517 | 528 | 12 | 114404 | 32 | 100
814 | Revision_814/jscript.c | U | 468 | 487 | 18 | 114405 | 33 | 100
814 | Revision_814/sql.c | U | 634 | 653 | 18 | 114406 | 33 | 100
814 | Revision_814/jscript.c | U | 470 | 481 | 12 | 114407 | 34 | 100
814 | Revision_814/flex.c | U | 492 | 503 | 12 | 114408 | 34 | 100
814 | Revision_814/sql.c | U | 636 | 647 | 12 | 114409 | 34 | 100
814 | Revision_814/jscript.c | U | 495 | 504 | 10 | 114410 | 35 | 100
814 | Revision_814/vhdl.c | U | 467 | 476 | 10 | 114411 | 35 | 100
814 | Revision_814/tex.c | U | 342 | 351 | 10 | 114412 | 35 | 100
814 | Revision_814/flex.c | U | 734 | 743 | 10 | 114413 | 35 | 100
814 | Revision_814/jscript.c | U | 527 | 557 | 18 | 114414 | 36 | 100
814 | Revision_814/jscript.c | U | 560 | 589 | 18 | 114415 | 36 | 100
814 | Revision_814/flex.c | U | 765 | 795 | 18 | 114416 | 36 | 100
814 | Revision_814/flex.c | U | 798 | 827 | 18 | 114417 | 36 | 100
814 | Revision_814/jscript.c | U | 538 | 556 | 15 | 114418 | 37 | 100
814 | Revision_814/sql.c | U | 765 | 783 | 15 | 114419 | 37 | 100
814 | Revision_814/vhdl.c | U | 514 | 532 | 15 | 114420 | 37 | 100
814 | Revision_814/jscript.c | U | 570 | 588 | 15 | 114421 | 37 | 100
814 | Revision_814/flex.c | U | 776 | 794 | 15 | 114422 | 37 | 100
814 | Revision_814/flex.c | U | 808 | 826 | 15 | 114423 | 37 | 100
814 | Revision_814/jscript.c | U | 541 | 554 | 11 | 114424 | 38 | 100
814 | Revision_814/jscript.c | U | 649 | 662 | 11 | 114425 | 38 | 100
814 | Revision_814/flex.c | U | 811 | 824 | 11 | 114426 | 38 | 100
814 | Revision_814/jscript.c | U | 573 | 586 | 11 | 114427 | 38 | 100
814 | Revision_814/flex.c | U | 779 | 792 | 11 | 114428 | 38 | 100
814 | Revision_814/sql.c | U | 768 | 781 | 11 | 114429 | 38 | 100
814 | Revision_814/vhdl.c | U | 517 | 530 | 11 | 114430 | 38 | 100
814 | Revision_814/jscript.c | U | 592 | 599 | 7 | 114431 | 39 | 100
814 | Revision_814/flex.c | U | 830 | 837 | 7 | 114432 | 39 | 100
814 | Revision_814/jscript.c | U | 602 | 609 | 7 | 114433 | 40 | 100
814 | Revision_814/sql.c | U | 698 | 705 | 7 | 114434 | 40 | 100
814 | Revision_814/flex.c | U | 840 | 847 | 7 | 114435 | 40 | 100
814 | Revision_814/jscript.c | U | 772 | 783 | 6 | 114436 | 41 | 100
814 | Revision_814/flex.c | U | 2009 | 2015 | 6 | 114437 | 41 | 100
814 | Revision_814/jscript.c | U | 1175 | 1181 | 6 | 114438 | 41 | 100
814 | Revision_814/flex.c | U | 2250 | 2256 | 6 | 114439 | 41 | 100
814 | Revision_814/sql.c | U | 1032 | 1052 | 6 | 114440 | 41 | 100
814 | Revision_814/flex.c | U | 986 | 997 | 6 | 114441 | 41 | 100
814 | Revision_814/sql.c | U | 937 | 944 | 6 | 114442 | 41 | 100
814 | Revision_814/sql.c | U | 1623 | 1629 | 6 | 114443 | 41 | 100
814 | Revision_814/jscript.c | U | 1201 | 1209 | 8 | 114444 | 42 | 100
814 | Revision_814/flex.c | U | 1582 | 1590 | 8 | 114445 | 42 | 100
814 | Revision_814/jscript.c | U | 1274 | 1296 | 10 | 114446 | 43 | 100
814 | Revision_814/flex.c | U | 1652 | 1674 | 10 | 114447 | 43 | 100
814 | Revision_814/jscript.c | U | 1328 | 1347 | 7 | 114448 | 44 | 100
814 | Revision_814/flex.c | U | 1710 | 1729 | 7 | 114449 | 44 | 100
814 | Revision_814/jscript.c | U | 1393 | 1398 | 6 | 114450 | 45 | 100
814 | Revision_814/flex.c | U | 1775 | 1780 | 6 | 114451 | 45 | 100
814 | Revision_814/jscript.c | U | 1518 | 1528 | 10 | 114452 | 46 | 100
814 | Revision_814/flex.c | U | 1849 | 1859 | 10 | 114453 | 46 | 100
814 | Revision_814/jscript.c | U | 1534 | 1574 | 20 | 114454 | 47 | 100
814 | Revision_814/flex.c | U | 1863 | 1903 | 20 | 114455 | 47 | 100
814 | Revision_814/jscript.c | U | 1567 | 1571 | 5 | 114456 | 48 | 100
814 | Revision_814/fortran.c | U | 1899 | 1903 | 5 | 114457 | 48 | 100
814 | Revision_814/flex.c | U | 1896 | 1900 | 5 | 114458 | 48 | 100
814 | Revision_814/jscript.c | U | 1725 | 1729 | 5 | 114459 | 49 | 100
814 | Revision_814/sql.c | U | 2342 | 2346 | 5 | 114460 | 49 | 100
814 | Revision_814/flex.c | U | 2382 | 2386 | 5 | 114461 | 49 | 100
814 | Revision_814/jscript.c | U | 1753 | 1766 | 10 | 114462 | 50 | 100
814 | Revision_814/tex.c | U | 570 | 583 | 10 | 114463 | 50 | 100
814 | Revision_814/gnu_regex/regcomp.c | U | 1277 | 1281 | 5 | 114464 | 51 | 100
814 | Revision_814/gnu_regex/regcomp.c | U | 1283 | 1287 | 5 | 114465 | 51 | 100
814 | Revision_814/gnu_regex/regcomp.c | U | 2292 | 2296 | 5 | 114466 | 52 | 100
814 | Revision_814/gnu_regex/regcomp.c | U | 2298 | 2302 | 5 | 114467 | 52 | 100
814 | Revision_814/gnu_regex/regex_internal.c | U | 1103 | 1108 | 5 | 114468 | 53 | 100
814 | Revision_814/gnu_regex/regex_internal.c | U | 1236 | 1241 | 5 | 114469 | 53 | 100
814 | Revision_814/vim.c | U | 99 | 103 | 5 | 114470 | 54 | 100
814 | Revision_814/vim.c | U | 105 | 109 | 5 | 114471 | 54 | 100
814 | Revision_814/python.c | U | 299 | 303 | 5 | 114472 | 55 | 100
814 | Revision_814/sml.c | U | 84 | 88 | 5 | 114473 | 55 | 100
814 | Revision_814/erlang.c | U | 58 | 62 | 5 | 114474 | 55 | 100
814 | Revision_814/python.c | U | 307 | 316 | 9 | 114475 | 56 | 100
814 | Revision_814/erlang.c | U | 66 | 75 | 9 | 114476 | 56 | 100
814 | Revision_814/perl.c | U | 329 | 335 | 7 | 114477 | 57 | 100
814 | Revision_814/perl.c | U | 402 | 409 | 7 | 114478 | 57 | 100
814 | Revision_814/perl.c | U | 491 | 499 | 9 | 114479 | 58 | 100
814 | Revision_814/tcl.c | U | 106 | 114 | 9 | 114480 | 58 | 100
814 | Revision_814/erlang.c | U | 179 | 187 | 9 | 114481 | 58 | 100
814 | Revision_814/lua.c | U | 123 | 131 | 9 | 114482 | 59 | 100
814 | Revision_814/beta.c | U | 311 | 319 | 9 | 114483 | 59 | 100
814 | Revision_814/sort.c | U | 118 | 123 | 5 | 114484 | 60 | 100
814 | Revision_814/sort.c | U | 126 | 131 | 5 | 114485 | 60 | 100
814 | Revision_814/pascal.c | U | 176 | 182 | 6 | 114486 | 61 | 100
814 | Revision_814/pascal.c | U | 184 | 190 | 6 | 114487 | 61 | 100
814 | Revision_814/ocaml.c | U | 182 | 191 | 7 | 114488 | 62 | 100
814 | Revision_814/objc.c | U | 154 | 163 | 7 | 114489 | 62 | 100
814 | Revision_814/ocaml.c | U | 251 | 257 | 6 | 114490 | 63 | 100
814 | Revision_814/objc.c | U | 199 | 205 | 6 | 114491 | 63 | 100
814 | Revision_814/ocaml.c | U | 260 | 280 | 15 | 114492 | 64 | 100
814 | Revision_814/objc.c | U | 208 | 228 | 15 | 114493 | 64 | 100
814 | Revision_814/ocaml.c | U | 293 | 301 | 6 | 114494 | 65 | 100
814 | Revision_814/objc.c | U | 241 | 249 | 6 | 114495 | 65 | 100
814 | Revision_814/ocaml.c | U | 344 | 359 | 10 | 114496 | 66 | 100
814 | Revision_814/objc.c | U | 264 | 279 | 10 | 114497 | 66 | 100
814 | Revision_814/ocaml.c | U | 419 | 431 | 10 | 114498 | 67 | 100
814 | Revision_814/objc.c | U | 318 | 330 | 10 | 114499 | 67 | 100
814 | Revision_814/objc.c | U | 332 | 344 | 10 | 114500 | 67 | 100
814 | Revision_814/ocaml.c | U | 908 | 912 | 5 | 114501 | 68 | 100
814 | Revision_814/objc.c | U | 484 | 488 | 5 | 114502 | 68 | 100
814 | Revision_814/ocaml.c | U | 1888 | 1898 | 10 | 114503 | 69 | 100
814 | Revision_814/vhdl.c | U | 824 | 833 | 10 | 114504 | 69 | 100
814 | Revision_814/objc.c | U | 1141 | 1151 | 10 | 114505 | 69 | 100
814 | Revision_814/routines.c | U | 288 | 295 | 8 | 114506 | 70 | 100
814 | Revision_814/readtags.c | U | 106 | 113 | 8 | 114507 | 70 | 100
814 | Revision_814/routines.c | U | 298 | 305 | 8 | 114508 | 71 | 100
814 | Revision_814/readtags.c | U | 116 | 123 | 8 | 114509 | 71 | 100
814 | Revision_814/routines.c | U | 329 | 335 | 6 | 114510 | 72 | 100
814 | Revision_814/routines.c | U | 338 | 344 | 6 | 114511 | 72 | 100
814 | Revision_814/routines.c | U | 349 | 356 | 8 | 114512 | 73 | 100
814 | Revision_814/routines.c | U | 361 | 368 | 8 | 114513 | 73 | 100
814 | Revision_814/flex.c | U | 258 | 269 | 10 | 114514 | 74 | 100
814 | Revision_814/vhdl.c | U | 538 | 547 | 10 | 114515 | 74 | 100
814 | Revision_814/sql.c | U | 449 | 460 | 10 | 114516 | 74 | 100
814 | Revision_814/flex.c | U | 295 | 303 | 9 | 114517 | 75 | 100
814 | Revision_814/sql.c | U | 474 | 482 | 9 | 114518 | 75 | 100
814 | Revision_814/flex.c | U | 437 | 441 | 5 | 114519 | 76 | 100
814 | Revision_814/vhdl.c | U | 414 | 418 | 5 | 114520 | 76 | 100
814 | Revision_814/tex.c | U | 313 | 317 | 5 | 114521 | 76 | 100
814 | Revision_814/sql.c | U | 540 | 553 | 5 | 114522 | 76 | 100
814 | Revision_814/flex.c | U | 599 | 606 | 8 | 114523 | 77 | 100
814 | Revision_814/flex.c | U | 638 | 645 | 8 | 114524 | 77 | 100
814 | Revision_814/flex.c | U | 703 | 710 | 8 | 114525 | 77 | 100
814 | Revision_814/flex.c | U | 664 | 671 | 8 | 114526 | 77 | 100
814 | Revision_814/flex.c | U | 652 | 659 | 8 | 114527 | 77 | 100
814 | Revision_814/flex.c | U | 610 | 629 | 18 | 114528 | 78 | 100
814 | Revision_814/flex.c | U | 675 | 694 | 18 | 114529 | 78 | 100
814 | Revision_814/flex.c | U | 623 | 628 | 6 | 114530 | 79 | 100
814 | Revision_814/flex.c | U | 631 | 636 | 6 | 114531 | 79 | 100
814 | Revision_814/flex.c | U | 696 | 701 | 6 | 114532 | 79 | 100
814 | Revision_814/flex.c | U | 688 | 693 | 6 | 114533 | 79 | 100
814 | Revision_814/flex.c | U | 1797 | 1812 | 7 | 114534 | 80 | 100
814 | Revision_814/sql.c | U | 1809 | 1816 | 7 | 114535 | 80 | 100
814 | Revision_814/vhdl.c | U | 342 | 351 | 10 | 114536 | 81 | 100
814 | Revision_814/tex.c | U | 172 | 183 | 10 | 114537 | 81 | 100
814 | Revision_814/vhdl.c | U | 536 | 548 | 12 | 114538 | 82 | 100
814 | Revision_814/sql.c | U | 447 | 461 | 12 | 114539 | 82 | 100
814 | Revision_814/vhdl.c | U | 611 | 615 | 5 | 114540 | 83 | 100
814 | Revision_814/vhdl.c | U | 620 | 624 | 5 | 114541 | 83 | 100
814 | Revision_814/vhdl.c | U | 724 | 741 | 15 | 114542 | 84 | 100
814 | Revision_814/vhdl.c | U | 743 | 760 | 15 | 114543 | 84 | 100
814 | Revision_814/vhdl.c | U | 813 | 821 | 7 | 114544 | 85 | 100
814 | Revision_814/sql.c | U | 2349 | 2357 | 7 | 114545 | 85 | 100
814 | Revision_814/beta.c | U | 152 | 156 | 5 | 114546 | 86 | 100
814 | Revision_814/beta.c | U | 158 | 162 | 5 | 114547 | 86 | 100
814 | Revision_814/beta.c | U | 277 | 281 | 5 | 114548 | 86 | 100
814 | Revision_814/beta.c | U | 165 | 169 | 5 | 114549 | 87 | 100
814 | Revision_814/beta.c | U | 271 | 275 | 5 | 114550 | 87 | 100
814 | Revision_814/erlang.c | U | 108 | 113 | 6 | 114551 | 88 | 100
814 | Revision_814/erlang.c | U | 116 | 121 | 6 | 114552 | 88 | 100
814 | Revision_814/sql.c | U | 787 | 794 | 8 | 114553 | 89 | 100
814 | Revision_814/tex.c | U | 374 | 381 | 8 | 114554 | 89 | 100
814 | Revision_814/sql.c | U | 1413 | 1424 | 5 | 114555 | 90 | 100
814 | Revision_814/sql.c | U | 1569 | 1574 | 5 | 114556 | 90 | 100
814 | Revision_814/sql.c | U | 1914 | 1920 | 5 | 114557 | 91 | 100
814 | Revision_814/sql.c | U | 1943 | 1949 | 5 | 114558 | 91 | 100
814 | Revision_814/sql.c | U | 2085 | 2143 | 34 | 114559 | 92 | 100
814 | Revision_814/sql.c | U | 2192 | 2253 | 34 | 114560 | 92 | 100
814 | Revision_814/sql.c | U | 2331 | 2338 | 7 | 114561 | 93 | 100
814 | Revision_814/fortran.c | U | 1308 | 1314 | 7 | 114562 | 93 | 100
814 | Revision_814/parse.c | U | 45 | 53 | 7 | 114563 | 94 | 100
814 | Revision_814/sml.c | U | 75 | 81 | 7 | 114564 | 94 | 100
814 | Revision_814/parse.c | U | 100 | 104 | 5 | 114565 | 95 | 100
814 | Revision_814/parse.c | U | 114 | 118 | 5 | 114566 | 95 | 100
814 | Revision_814/parse.c | U | 556 | 560 | 5 | 114567 | 96 | 100
814 | Revision_814/parse.c | U | 575 | 579 | 5 | 114568 | 96 | 100
814 | Revision_814/readtags.c | U | 541 | 547 | 6 | 114569 | 97 | 100
814 | Revision_814/readtags.c | U | 549 | 555 | 6 | 114570 | 97 | 100
814 | Revision_814/readtags.c | U | 740 | 745 | 6 | 114571 | 98 | 100
814 | Revision_814/readtags.c | U | 765 | 770 | 6 | 114572 | 98 | 100
814 | Revision_814/tex.c | U | 232 | 237 | 6 | 114573 | 99 | 100
814 | Revision_814/tex.c | U | 242 | 247 | 6 | 114574 | 99 | 100
814 | Revision_814/tex.c | U | 237 | 242 | 6 | 114575 | 99 | 100
814 | Revision_814/tex.c | U | 420 | 424 | 5 | 114576 | 100 | 100
814 | Revision_814/tex.c | U | 444 | 448 | 5 | 114577 | 100 | 100
814 | Revision_814/options.c | U | 369 | 375 | 6 | 114578 | 101 | 100
814 | Revision_814/options.c | U | 378 | 384 | 6 | 114579 | 101 | 100
814 | Revision_814/options.c | U | 543 | 549 | 7 | 114580 | 102 | 100
814 | Revision_814/options.c | U | 570 | 576 | 7 | 114581 | 102 | 100
814 | Revision_814/options.c | U | 552 | 558 | 7 | 114582 | 102 | 100
814 | Revision_814/options.c | U | 561 | 567 | 7 | 114583 | 102 | 100
814 | Revision_814/options.c | U | 1102 | 1106 | 5 | 114584 | 103 | 100
814 | Revision_814/options.c | U | 1108 | 1112 | 5 | 114585 | 103 | 100
814 | Revision_814/options.c | U | 1154 | 1166 | 12 | 114586 | 104 | 100
814 | Revision_814/options.c | U | 1171 | 1183 | 12 | 114587 | 104 | 100
814 | Revision_814/objc.c | U | 576 | 614 | 31 | 114588 | 105 | 100
814 | Revision_814/objc.c | U | 617 | 655 | 31 | 114589 | 105 | 100
814 | Revision_814/objc.c | U | 747 | 754 | 7 | 114590 | 106 | 100
814 | Revision_814/objc.c | U | 767 | 775 | 7 | 114591 | 106 | 100
814 | Revision_814/objc.c | U | 757 | 764 | 7 | 114592 | 106 | 100
814 | Revision_814/objc.c | U | 828 | 832 | 5 | 114593 | 107 | 100
814 | Revision_814/objc.c | U | 904 | 908 | 5 | 114594 | 107 | 100
814 | Revision_814/objc.c | U | 834 | 839 | 6 | 114595 | 108 | 100
814 | Revision_814/objc.c | U | 910 | 915 | 6 | 114596 | 108 | 100
